,lapgyn4_anatomical_structures,lapgyn4_surgical_actions,lapgyn4_instrument_count,lapgyn4_anatomical_actions,sklin2_skin_lesions,identify_nbi_infframes,laryngeal_tissues,nerthus_bowel_cleansing_quality,stanford_dogs_image_categorization,svhn,caltech101_object_classification,caltech256_object_classification,cifar10_object_classification,cifar100_object_classification,mnist_digit_classification,emnist_digit_classification,hyperkvasir_anatomical-landmarks,hyperkvasir_pathological-findings,hyperkvasir_quality-of-mucosal-views,hyperkvasir_therapeutic-interventions,cholec80_grasper_presence,cholec80_bipolar_presence,cholec80_hook_presence,cholec80_scissors_presence,cholec80_clipper_presence,cholec80_irrigator_presence,cholec80_specimenbag_presence,derm7pt_skin_lesions,idle_action_recognition,barretts_esophagus_diagnosis,brain_tumor_classification,mednode_melanoma_classification,brain_tumor_type_classification,chexpert_enlarged_cardiomediastinum,chexpert_cardiomegaly,chexpert_lung_opacity,chexpert_lung_lesion,chexpert_edema,chexpert_consolidation,chexpert_pneumonia,chexpert_atelectasis,chexpert_pneumothorax,chexpert_pleural_effusion,chexpert_pleural_other,chexpert_fracture,chexpert_support_devices,pneumonia_classification,ph2-melanocytic-lesions-classification,covid_xray_classification,isic20_melanoma_classification,deep_drid_dr_level,shenzen_chest_xray_tuberculosis,crawled_covid_ct_classification,deep_drid_quality,deep_drid_clarity,deep_drid_field,deep_drid_artifact,kvasir_capsule_anatomy,kvasir_capsule_content,kvasir_capsule_pathologies,breast_cancer_classification_v2,eye_condition_classification,mura_xr_wrist,mura_xr_shoulder,mura_xr_humerus,mura_xr_hand,mura_xr_forearm,mura_xr_finger,mura_xr_elbow,bean_plant_disease_classification,aptos19_blindness_detection,lapgyn4_anatomical_structures --shrink_train 800,lapgyn4_surgical_actions --shrink_train 800,lapgyn4_instrument_count --shrink_train 800,lapgyn4_anatomical_actions --shrink_train 800,laryngeal_tissues --shrink_train 800,nerthus_bowel_cleansing_quality --shrink_train 800,svhn --shrink_train 800,cifar10_object_classification --shrink_train 800,mnist_digit_classification --shrink_train 800,hyperkvasir_anatomical-landmarks --shrink_train 800,hyperkvasir_pathological-findings --shrink_train 800,hyperkvasir_quality-of-mucosal-views --shrink_train 800,hyperkvasir_therapeutic-interventions --shrink_train 800,cholec80_grasper_presence --shrink_train 800,cholec80_bipolar_presence --shrink_train 800,cholec80_hook_presence --shrink_train 800,cholec80_scissors_presence --shrink_train 800,cholec80_clipper_presence --shrink_train 800,cholec80_irrigator_presence --shrink_train 800,cholec80_specimenbag_presence --shrink_train 800,idle_action_recognition --shrink_train 800,brain_tumor_classification --shrink_train 800,brain_tumor_type_classification --shrink_train 800,chexpert_enlarged_cardiomediastinum --shrink_train 800,chexpert_cardiomegaly --shrink_train 800,chexpert_lung_opacity --shrink_train 800,chexpert_lung_lesion --shrink_train 800,chexpert_edema --shrink_train 800,chexpert_consolidation --shrink_train 800,chexpert_pneumonia --shrink_train 800,chexpert_atelectasis --shrink_train 800,chexpert_pneumothorax --shrink_train 800,chexpert_pleural_effusion --shrink_train 800,chexpert_pleural_other --shrink_train 800,chexpert_fracture --shrink_train 800,chexpert_support_devices --shrink_train 800,pneumonia_classification --shrink_train 800,covid_xray_classification --shrink_train 800,isic20_melanoma_classification --shrink_train 800,deep_drid_dr_level --shrink_train 800,deep_drid_quality --shrink_train 800,deep_drid_clarity --shrink_train 800,deep_drid_field --shrink_train 800,deep_drid_artifact --shrink_train 800,kvasir_capsule_anatomy --shrink_train 800,kvasir_capsule_content --shrink_train 800,kvasir_capsule_pathologies --shrink_train 800,mura_xr_wrist --shrink_train 800,mura_xr_shoulder --shrink_train 800,mura_xr_humerus --shrink_train 800,mura_xr_hand --shrink_train 800,mura_xr_forearm --shrink_train 800,mura_xr_finger --shrink_train 800,mura_xr_elbow --shrink_train 800,bean_plant_disease_classification --shrink_train 800,aptos19_blindness_detection --shrink_train 800
lapgyn4_anatomical_structures,0.0,0.046970827256546874,0.05053302474561299,0.0933759272887481,0.16960673338395782,0.1766653535113312,0.26071785133792813,0.1816543956366239,0.20692382085988378,0.26953732346866976,0.16863943283357563,0.16500286452689233,0.21086846218084437,0.1890913612740644,0.29651883606031004,0.295027637556956,0.09791394571364923,0.0977834558925306,0.15549000538208838,0.14472225755846124,0.08607686689132406,0.08756205833628655,0.08685913805419429,0.08630398586269311,0.08608268373002877,0.08648641808076192,0.0862130359591283,0.17048624196361395,0.1898234769384304,0.17571129678485614,0.22908079932997574,0.19554368417303442,0.2498120586647149,0.19907945051200718,0.19941493423081477,0.20431051588131058,0.19762867905900777,0.20475583156045807,0.19721219369911092,0.19679999791506378,0.2058694392026174,0.20516099650482522,0.2010210855385576,0.19519920738156926,0.19617000833466813,0.20767223704520008,0.2166016678610324,0.18621950037317092,0.21985743217256107,0.19245409297854105,0.2663792418192038,0.2614224347569285,0.22720538788894779,0.26669783913633094,0.2670061933600983,0.26749014661869774,0.2675284498518656,0.22774918447050702,0.22195525867895372,0.22114727277802287,0.23413302526142094,0.3239565669185752,0.23487397763713708,0.19976690888090343,0.21308420652700572,0.2365060478034018,0.2154480539200737,0.21485616528318757,0.2268696033820386,0.20840616375534607,0.24838989159629643,0.0005244178550987608,0.05491699264247721,0.05070651286388923,0.09480167819359797,0.2614374226022966,0.18152902933813136,0.2696883054766224,0.2117355727966814,0.29558601583748406,0.09630914448816198,0.09716059057605943,0.15678685007781232,0.14384080606931487,0.08700995958832826,0.08630348928604997,0.08856051431800695,0.09008162617885657,0.08904955857073774,0.08406963256397265,0.08805097256942625,0.19338540560659584,0.2297716720345229,0.24862844762776118,0.20071895772398382,0.20153504639360298,0.20402751082873422,0.20058129273313824,0.20283400586599376,0.19729103943747986,0.19402198013584745,0.2041313499752898,0.20656360345542588,0.20111159419059896,0.19592350042323337,0.19778617656138234,0.20900328031641624,0.2181436286170022,0.21915215139432392,0.1907380459203009,0.2665789466932179,0.2667429402939708,0.2677373754958663,0.2672127026439421,0.26687984475549736,0.22707505784860627,0.22346476045200991,0.22027373047359283,0.2347172110352167,0.19948761928440628,0.21385352792807918,0.23534676884444136,0.21511214075792456,0.21545847917466177,0.22547958213312752,0.20870018962298392,0.24783563042995377
lapgyn4_surgical_actions,0.046970827256546874,0.0,0.01603121758588567,0.025314581006203294,0.2156777709857199,0.22393972394288353,0.31881898914854556,0.19081293854700537,0.24195416816530202,0.30098605912255516,0.1923859441220397,0.183236521704981,0.22604389838260514,0.21236810888663715,0.3194227841026303,0.3258230180822175,0.13028751426370805,0.13191560425752413,0.1654782240958395,0.14455915341456313,0.06451109004604855,0.06586215242173597,0.06456679506761949,0.06460871320004949,0.06435930471902902,0.06497633556532906,0.0642856310072262,0.21116288767809524,0.17536049316335697,0.2105916932907216,0.2758133569949326,0.2550446395669135,0.2743892696738153,0.19706073160750656,0.1969196833544874,0.2007016122383496,0.1957592544533013,0.20171524046019296,0.19498461828375635,0.19523056676491019,0.20360617354657418,0.20092623678904173,0.19809901018502168,0.19343358896986623,0.19552548659590074,0.20393549783234433,0.22434098753619736,0.22763804576551128,0.22497241666515527,0.2524225355354234,0.31103659143035034,0.24303424485927008,0.226582848338024,0.31132390289031664,0.3114136391543889,0.3116620998465245,0.3118087854405146,0.23258014887221504,0.2341708321108893,0.23442619503574885,0.26373688289046426,0.36337326142976095,0.21734532694069944,0.19278357554016987,0.21498621712325294,0.21739444698019836,0.20250990354364584,0.20279539383550932,0.2140911045895956,0.2277645825124011,0.28294201536490965,0.047928671760125274,0.007740542226377175,0.01492880305695197,0.025347070114714952,0.31961062239688504,0.19094517504019606,0.30039581439084373,0.2276128569615103,0.3184015497792509,0.1296036087064687,0.1308757576524046,0.16645040608186534,0.14438670066443765,0.06584480545700702,0.06495506961761961,0.06554809656759958,0.06748725306033927,0.06402660529774522,0.06312103732235257,0.06729110888301211,0.17658297009301757,0.27603479859524327,0.27342308556544936,0.19789191275270782,0.19769097358051263,0.20028561582548007,0.19734779950145703,0.20096540785488526,0.19544370390729549,0.19348597213751922,0.201688409323279,0.20168985310486903,0.19863273000174797,0.19397658633415216,0.1957766768348035,0.20454455027752738,0.22468007537602436,0.22504880526301196,0.25053100395696154,0.3111470481013282,0.31114358414882315,0.3122777967472674,0.31160047255881496,0.31151546622039883,0.23179830571227505,0.23544902269788126,0.23376424290423506,0.21738341047891171,0.19180028959106865,0.21450856424089493,0.21688883371579012,0.20277798965132626,0.2044535152417242,0.2136784639322761,0.22784276890719646,0.28184411242524243
lapgyn4_instrument_count,0.05053302474561299,0.01603121758588567,0.0,0.019744478238705405,0.19527686980042291,0.19855909185571857,0.28721612591314066,0.19431872759606839,0.21385858241203504,0.2762543951160322,0.17094074686550265,0.16277601631886846,0.2096795244915943,0.19471273173354517,0.2962903587430674,0.29939530643987433,0.12346244524474344,0.12672727637333225,0.17316966368150705,0.16440465077297445,0.05546477417682275,0.05717768893214262,0.05572969666652687,0.05552794756224841,0.05558909812835222,0.05604655530431565,0.05534315236930299,0.19175211952441182,0.19024497377189226,0.20926748701678582,0.2508904980748702,0.22289514898294252,0.26043987924196454,0.2069886827343509,0.20801849652901744,0.21207301071826462,0.20594204355653706,0.21279674696204903,0.20524830869224422,0.20551668494062433,0.21449452073007197,0.21244685459272314,0.20885161105691036,0.20341538503220621,0.20545561853326597,0.2150392094294053,0.22583570660639057,0.20931643570405262,0.22882661063442067,0.2286386974005719,0.28643516327850105,0.2560754471885246,0.2330247434501725,0.2865761035932489,0.2868520253645478,0.28709104897511606,0.2871711401145591,0.22436929453527585,0.22997336327376308,0.2305662884848929,0.2523228135862307,0.3396547638403717,0.21140343076099022,0.19126246013164172,0.1989751427359304,0.2212399129547983,0.19153769849372818,0.19762159495890172,0.20522407901899395,0.21721145413325071,0.2652347486982319,0.0511972032175971,0.016903698372044678,0.000619190834598008,0.02149648745138969,0.28788423306170885,0.19428794652996534,0.27596619421251234,0.2108087624803456,0.29501949909734504,0.12270568311602084,0.12511515747606708,0.1745231751295456,0.16407831443696747,0.057155238344279234,0.05585255116816438,0.05775141341356631,0.058135783366541,0.05544874345956018,0.053589909705667335,0.057184846101110604,0.19287853356619997,0.2512158532371471,0.25957829429117585,0.208662997901906,0.2092593510290876,0.21142174500653627,0.20846619784145645,0.2111977811090916,0.20572023433395015,0.2033193933336866,0.21271539808490741,0.2136879946589751,0.20938705736572477,0.20397576923126692,0.20658548952469724,0.2159892316028008,0.22734657004877704,0.2288503784499858,0.22700654278457089,0.2865089246176355,0.2865276842177176,0.2875979076703856,0.2869567340980439,0.28674512185145545,0.22407602141743627,0.2310406095427171,0.2298057562722456,0.2114507043647742,0.19019429853440428,0.1987300221295671,0.22046312072493904,0.1915694166249514,0.19855185923877453,0.2043045405746195,0.2173633506770035,0.26453070021750785
lapgyn4_anatomical_actions,0.0933759272887481,0.025314581006203294,0.019744478238705405,0.0,0.24893686035452325,0.24718948128200466,0.3353361747312817,0.23553277595823166,0.2542016286078108,0.3146595377434873,0.20964376900311013,0.20038243011960466,0.24907039059075747,0.23700414223067234,0.332559111005111,0.33865089388453334,0.1768716362533206,0.18000969046431814,0.2113916549581082,0.20137896910229175,0.09425269550341356,0.09588089932594515,0.09396023934503384,0.09408645141282887,0.09411103800136156,0.09479032081409591,0.09384982436747498,0.24174837848736358,0.20965292279790468,0.25575091056546295,0.30568450417095366,0.27704086510594317,0.30066225616605063,0.2376232384666075,0.23762924885607747,0.23981226156460295,0.23740439698651955,0.24040431409106447,0.23584860325626267,0.2373535392480408,0.2425999106540007,0.24009880433788178,0.23745158105860256,0.23513364015717242,0.23551258937244848,0.24129671704581035,0.26183274434043324,0.2565231504074201,0.26391417532506395,0.28230102220915204,0.33784940804714947,0.2747422677900456,0.26825864051196935,0.33815647500895457,0.33824375905277915,0.33825299934949676,0.3385890939588573,0.2668552577981252,0.27394012201881923,0.2749400406312033,0.2967130276007709,0.38607391129393587,0.23871197060327254,0.22603509512427494,0.23475627765535168,0.24323708163304084,0.22045648458800365,0.22394454053624485,0.23593280583126386,0.25242718382541973,0.3131797821225897,0.09418757407504777,0.02655145274585071,0.01933139857243526,0.0007583844035580249,0.3360759582496755,0.2355291991745903,0.3144858174357206,0.2505113162213564,0.33115350072745886,0.17635486352063118,0.1787535535724737,0.2124301942744778,0.20119338774418014,0.0964119638267844,0.09474140976947101,0.09621877139766509,0.0970665926412082,0.09223859162989556,0.09270679737648596,0.09632892898891998,0.21118134066642733,0.3059326466560802,0.3001315660821161,0.23858486600957485,0.23820969302811057,0.23912529302846464,0.23921624201126435,0.23947658355985862,0.23636872539344847,0.23527075622813098,0.24095631570904832,0.24062349364718078,0.23815980367475714,0.23616289901719395,0.23601292192957513,0.2421679345761752,0.2630383205193483,0.26392122192840695,0.2808627151604564,0.3378121268324047,0.33800959696319166,0.33910060791274776,0.3381522913034092,0.3382838725356276,0.26650068711408625,0.27484669815864027,0.2739618534985538,0.23887241950273436,0.22459184260810416,0.23404882548955008,0.24266314219046092,0.22082311869733126,0.22531059933407183,0.23538871647796875,0.252455992834398,0.3124928956344313
sklin2_skin_lesions,0.16960673338395782,0.2156777709857199,0.19527686980042291,0.24893686035452325,0.0,0.15078639089619233,0.19961378862457754,0.22804516012036574,0.1653336630366746,0.22137292847417228,0.14094362383413556,0.1387854682411077,0.18756940165823363,0.16031996131212467,0.24838919180291558,0.24209346347508504,0.1239207069155318,0.1385985875499567,0.22459861185721222,0.23675165807156395,0.20305886573076842,0.2051015288901028,0.2050615645233763,0.203171551389339,0.20382929965321406,0.20385362324649448,0.20431784002584719,0.06278053920158343,0.23221708804852026,0.1405549894730934,0.19117444875484743,0.10039587912696263,0.23474879294144718,0.23545670122732593,0.23815400679359158,0.243462087363147,0.23447077948462441,0.24407642439865876,0.23378558354181217,0.23314010314231107,0.24550516806428732,0.24612777549533169,0.23862057328917996,0.22857528677061667,0.23699959656330716,0.24608054920490968,0.2520736843991454,0.05652236984397558,0.2596936807304766,0.08618021333560127,0.19102634805740593,0.3113245193413323,0.23877462383943432,0.19155225494662054,0.19216090196905672,0.19246823328580354,0.19277319139877142,0.17019309186991124,0.15978215393529993,0.1609189920814068,0.18801662053994295,0.2608006540990603,0.26022002063309146,0.22838975073267126,0.22258721645137283,0.2839422067998956,0.23590935621630557,0.24528576213947037,0.23661176499856665,0.18586766635182697,0.17527568457126555,0.16790869714900003,0.21297135019176985,0.19922612405233248,0.25220007266653033,0.19992752858976914,0.2266546244992415,0.22143090793549847,0.18729612797168074,0.24749603677223775,0.12388062416291659,0.13576024080418791,0.2255801285336908,0.23763148713192422,0.20186886057192066,0.2034690983375923,0.20781317501642352,0.20719099149576428,0.20897613085492914,0.2019321659942541,0.2005513120738136,0.23846579892788383,0.19133744274861006,0.23347457025980406,0.23915141444499743,0.2418562714093463,0.24286088725982447,0.23885241849811822,0.24009444421122278,0.23399596678864878,0.22896413108948335,0.24366326893841062,0.2475535932710414,0.2390838980871202,0.22901610414129092,0.24050338049311099,0.24854811010049818,0.2549328687828143,0.2586902553728667,0.08590873583051839,0.19138631761936503,0.19139724495915977,0.1928286994449901,0.19185556755931843,0.19191875011416498,0.16897049466837327,0.15973667228117866,0.16012883882458534,0.26066713465048064,0.22731065517780116,0.22376595842828367,0.2823514409433504,0.2352711174731599,0.24448801816173915,0.2335908743119907,0.18607326471454638,0.17428226578125564
identify_nbi_infframes,0.1766653535113312,0.22393972394288353,0.19855909185571857,0.24718948128200466,0.15078639089619233,0.0,0.08143429432652319,0.27854493383436896,0.10884435690300182,0.1263343016088217,0.09781059163573771,0.09820874445351048,0.1504680259946271,0.1172201357913683,0.17313911282738845,0.1643502651103005,0.1623406146887261,0.17678731629675565,0.25971661585943884,0.27180248162502496,0.22877851991398765,0.2317049112864788,0.23037769559669202,0.22819020073388024,0.22980562947691136,0.2299737811291295,0.2311760560408024,0.11393551397460916,0.22125473539164842,0.13795736775369666,0.13444486846625756,0.11598953945885158,0.21524753912594208,0.25562425453218285,0.25080644064231017,0.2520407055112559,0.2569652019184614,0.2499285388302917,0.253470775821501,0.254492003873236,0.2514076417789821,0.2581937749949704,0.2500474304318646,0.25433380656046223,0.24776709271732256,0.25087485469302684,0.23862532720678387,0.12011093174757434,0.2505371683573911,0.09163227940072896,0.21370676292192206,0.3405344986503248,0.2587695287743439,0.21385334510005863,0.21450525148342972,0.21465328435547099,0.21523137693750444,0.2546938579548329,0.2519454431517735,0.2528173992817569,0.13032544666068507,0.26735928215159027,0.24167373566274375,0.23720679080936885,0.19644587907629774,0.29836490853248326,0.21081715373459192,0.23021423175122221,0.22549798578652028,0.18195211064395092,0.22435532595156882,0.1754630690059077,0.2142730323861649,0.20195074642294056,0.2514952228520875,0.08113022505934622,0.27641733356970966,0.12832243736332627,0.1498232642861082,0.17155614772349542,0.16042580849866217,0.17304204496707337,0.26185896296944644,0.2717544785649257,0.2277823970263726,0.2273279581958418,0.23454670291596336,0.23363500952376576,0.23441246638647506,0.22767010874952753,0.22486580991261282,0.22872268766407575,0.13573309904496775,0.21437437837537715,0.2578209780691533,0.2546379050292875,0.2518747029749848,0.26441188097334367,0.2447048449091482,0.2521494908276373,0.24956598439466546,0.249636016462787,0.259237694126313,0.24991555228311887,0.2565579717326118,0.25153533851096266,0.2546110812014253,0.24279925287790155,0.24934764428686584,0.09118958533280146,0.21376825266106414,0.2144316392614489,0.2145450924425889,0.21398653320240923,0.21457141131262708,0.25584242859914563,0.25274064230178916,0.25033653498333686,0.24153568402810868,0.236086866536886,0.19815341403874887,0.2964643176830418,0.210277092575145,0.22802711209155196,0.22223377615441875,0.1829305793434583,0.2246412621942002
laryngeal_tissues,0.26071785133792813,0.31881898914854556,0.28721612591314066,0.3353361747312817,0.19961378862457754,0.08143429432652319,0.0,0.357133693244908,0.1217316248985057,0.12696094784235287,0.12069585812061696,0.12571910631510913,0.15828376400248134,0.12612664171753132,0.195183151668625,0.18251755601492295,0.2513136904897715,0.2653998604743004,0.3447143376802567,0.37774795930270166,0.3325694381266706,0.33562386396703625,0.3342597401921224,0.3319542176678343,0.33352150448627993,0.33377323229063655,0.3348184444002936,0.1549931972145399,0.3028731142488206,0.20725463627035168,0.17795311415588178,0.147997935939824,0.27478933189019666,0.3449988312637304,0.3420846479303606,0.3407692557973357,0.34779291188005435,0.33851316809448445,0.3438114967118385,0.34594619611756017,0.33989409192541303,0.347341651448572,0.33936203353929617,0.3452771555269387,0.3365800290706202,0.33787253612017726,0.314621877112246,0.1717272714321712,0.328989282875384,0.11734998243185021,0.2531764764230218,0.42253621932864704,0.34326882799503156,0.2534171468689958,0.2539335924748697,0.25396408150368777,0.25481073103897955,0.3085199874362311,0.3043919297169174,0.3058995605643913,0.17830246706370573,0.3032651129328862,0.30380335611635645,0.3165654694875358,0.26805329795370836,0.3688590878285789,0.28089068194885086,0.3016107763857796,0.2952219320090318,0.23416250512114076,0.27529749137041876,0.2592455097037173,0.31378436637959106,0.2911720576633832,0.33951305510318996,0.00010461390377327338,0.35476953179777276,0.1299030280477067,0.15732152302969749,0.19310565548206596,0.2497839211678511,0.2626670731838715,0.34682500799070104,0.37771282889779373,0.33166931414158796,0.33135585163043757,0.3390964003189826,0.3378201474047431,0.3381985892364641,0.3308356998327816,0.32837806851368767,0.31175984360253994,0.17890194517268176,0.2742831516317531,0.3473324690337251,0.3463684594992086,0.34033034261126005,0.3554360952854444,0.33312358291218436,0.34263173597088364,0.3406587039639805,0.3391145653232655,0.3480837569854933,0.338641580495341,0.3478217385024537,0.34063832529587446,0.34238023593391553,0.31950831534978485,0.3274487178406611,0.11784306260781663,0.25320060433344194,0.25404406845999306,0.2537697674557092,0.25327840772172483,0.254265803213346,0.309497195517353,0.3051363792590555,0.303409081704454,0.30397942128647415,0.31503831946020183,0.26952497743597215,0.36720550909656324,0.28017209191448966,0.29955525969427954,0.2920293197889831,0.235539620809633,0.275897068046362
nerthus_bowel_cleansing_quality,0.1816543956366239,0.19081293854700537,0.19431872759606839,0.23553277595823166,0.22804516012036574,0.27854493383436896,0.357133693244908,0.0,0.29680389170894916,0.30886068501871433,0.23193712370485609,0.21970699751895634,0.24272883795197858,0.2298300530469255,0.34379628448212307,0.3489619341065277,0.10430090727539248,0.08722088221819937,0.03151211170688803,0.08302099592489144,0.15173552276350424,0.1517517059691854,0.15166399478241027,0.1518613819390674,0.1519248408890307,0.15174282202255995,0.152240917473808,0.23572491102727836,0.15811641935824475,0.25839812556459085,0.3089915680395866,0.29673432250178056,0.26911150767368375,0.23500571937690998,0.22915229322397862,0.2343188650500634,0.23137236300833008,0.23366691677926188,0.230902619647919,0.22880357678325364,0.23652165359967864,0.2383495547572751,0.23165336316280172,0.22852842455672245,0.23562705306717996,0.23797969279328451,0.2772500834921444,0.24788453764192145,0.27910718217224695,0.28336523947941594,0.2996913606049406,0.30829700903120827,0.21154652447763594,0.29976431292123584,0.30012526364776404,0.3008519076301287,0.3003086918648869,0.16092196155743888,0.15790520702609254,0.15630124283634206,0.30126408750428424,0.35010119424470426,0.25809777692096136,0.19879499712239804,0.22478399941290172,0.2526625168535188,0.23793868341160065,0.2198880695803206,0.2264927554093991,0.28668058470050695,0.2594510211067912,0.18135670247036106,0.1980287648128542,0.19516469976919099,0.23532879404125648,0.3578182698380549,0.00047096513902467876,0.3064160315054049,0.24193190773308487,0.3437357471378953,0.10437920932783137,0.09063851445369378,0.03163379651340932,0.08255878649749482,0.15028480306537617,0.15303099148652965,0.15376492104240758,0.15300784155740227,0.15428750115839934,0.15126048298545341,0.15100774434138378,0.15884352822301223,0.30962350408142625,0.26775333471563867,0.23743656681075206,0.23110029022746498,0.23376274507301523,0.23363151860649756,0.2325271263564349,0.23114615580900144,0.22709921889903478,0.2350157903888414,0.24033798197646186,0.23288095022959415,0.22789010565369172,0.23613776022119198,0.23923178802026282,0.2775845327038381,0.2795599268041755,0.28215059889671396,0.3003805683796877,0.2996240715663795,0.3006252465133824,0.30077397087075025,0.2996391945470338,0.15995185059216874,0.15950554119364796,0.15509109713485894,0.25883066118427267,0.19736837081357156,0.22468854820867565,0.25218143201583015,0.23735411252756144,0.22130846922941655,0.22574879184150096,0.2868801571991708,0.25780006107565195
stanford_dogs_image_categorization,0.20692382085988378,0.24195416816530202,0.21385858241203504,0.2542016286078108,0.1653336630366746,0.10884435690300182,0.1217316248985057,0.29680389170894916,0.0,0.1569161376196633,0.04427843596989357,0.04515250351062179,0.10030749036320202,0.08734062677571267,0.17725141059911112,0.1729605166036552,0.19725915362288352,0.21425087290838213,0.28052495169797337,0.2995080382582972,0.26590866342689634,0.2685990892126074,0.2673116933244282,0.26537909480192495,0.26660996429127143,0.2672248740829698,0.26760948638936827,0.12959462696622387,0.25715306427009654,0.16553773471711858,0.15851795098906715,0.11940048865672187,0.21548721240121282,0.27816580368249455,0.27378963169622916,0.2739648796617942,0.28012108455578677,0.27224845677686327,0.27667922697010744,0.2775198641699638,0.27355282718029017,0.2795654630978889,0.2728871982116565,0.2791357007994799,0.2708906670445832,0.27291452329745136,0.2692632605366278,0.14670772793660114,0.28036368851854154,0.12656053811638301,0.21622439653175762,0.3450032958201926,0.250220903068505,0.21663382154105634,0.2170992320271113,0.21690444313907653,0.21772727208837345,0.24937095548692162,0.2424539118484833,0.24397078821665152,0.16868401077496603,0.26056334884186405,0.23272902083902994,0.2506082709288041,0.20294869023706696,0.29291245070071265,0.20251080370448427,0.22527394711498044,0.21931122901229655,0.17586436192201432,0.22609578095725236,0.204921975512104,0.23328330158537716,0.21722821025353142,0.25844318395157934,0.12146283394915797,0.29498285987775763,0.15775104116896943,0.10156737634563485,0.175944030495748,0.19569434278752618,0.21176812684131519,0.28203224902005886,0.29993420007832966,0.26591040325728704,0.2659899784347678,0.2723981271947192,0.27014484800950256,0.27117860753496426,0.2651994475220347,0.262294334408122,0.2640909593975792,0.1592650042949577,0.21544085838699203,0.2806364282569195,0.2775749118944684,0.2740508032056457,0.28659314407079384,0.26791596871419077,0.27669004636297256,0.2734367617892189,0.27238878636639163,0.2802062519919962,0.2729271287176892,0.2803164911395002,0.2732367126805584,0.2764925224874071,0.27308841802166683,0.27928019204092913,0.12673360783594184,0.21612673120870535,0.21716086397240408,0.21728168826781447,0.2163593053441626,0.21721653245131278,0.24956670279942855,0.2434874662320137,0.24165944483376242,0.23280183504971175,0.2484266783007918,0.20409489565601183,0.2913269917458604,0.20179647596886768,0.22381594163515417,0.21676983047333878,0.17640072673881363,0.22635158666770444
svhn,0.26953732346866976,0.30098605912255516,0.2762543951160322,0.3146595377434873,0.22137292847417228,0.1263343016088217,0.12696094784235287,0.30886068501871433,0.1569161376196633,0.0,0.13142160039039352,0.1298057409246255,0.09410785205827676,0.0708898244291105,0.13527848800609732,0.12630974131805722,0.24425566877981636,0.2536089420923102,0.29927674224693057,0.32589208295719674,0.30651359021618274,0.309238419442653,0.3078988685278704,0.30621120836107596,0.3074651068611408,0.30775194717462323,0.30891537325671714,0.1924863365448637,0.2748918261657208,0.21208456384994837,0.1997037617933354,0.20337205534811037,0.271854451003884,0.3002136220268914,0.293624440805877,0.29289089842461663,0.30098384631541253,0.2905068524808561,0.29782074315631957,0.29875380823452574,0.29239943192955886,0.29961267525733865,0.2920173934230486,0.29871780858282526,0.2905095802216758,0.2912961871731621,0.29065454864849805,0.20584904464229165,0.3021510114270989,0.1766072817081476,0.2756228866550877,0.37917098467434246,0.301987138357972,0.27556876557779,0.2763818869047103,0.2762967838217213,0.27667957715575064,0.28199939713122524,0.278161205620405,0.2798374922977794,0.20528817304428087,0.3246956520438682,0.2509775738628841,0.2722720513466828,0.23124883082910472,0.3101074447266151,0.23693853613085783,0.23829431471145213,0.2439613732970372,0.24211922041654954,0.28473695106871727,0.26893609534670354,0.29667822887324014,0.27910309480716133,0.3175486799658289,0.1269882363349729,0.30672048876060304,0.0004052570132353989,0.09266567674886962,0.1344133249622645,0.24300386810659974,0.25143868152857407,0.30067596560285714,0.3265893641169186,0.30541627167960284,0.3057584142536208,0.3122592397796746,0.3117543843176627,0.311312875725619,0.3062405399674131,0.30320206138187833,0.28210676286210506,0.2001817346348835,0.27134386173121944,0.30256940983565,0.2972156700543165,0.2923428169044846,0.30764439085237594,0.28571685368195177,0.2971660605154552,0.29463112133657765,0.2917525852201299,0.3004174006130945,0.2919952643452874,0.30142017706937974,0.2935152243136041,0.2945712604908835,0.2948743803242774,0.30106417336401287,0.1769959401748571,0.27573883184652237,0.2760303272861738,0.27625726046360766,0.27563802772724,0.27617521556031893,0.28255057380378906,0.27805933213313644,0.2775505786875645,0.2515343274765983,0.2710515161861988,0.2324842336026441,0.3091725301760497,0.23635632750938765,0.23680289547387448,0.24142558888020216,0.2428980052269026,0.284876820298435
caltech101_object_classification,0.16863943283357563,0.1923859441220397,0.17094074686550265,0.20964376900311013,0.14094362383413556,0.09781059163573771,0.12069585812061696,0.23193712370485609,0.04427843596989357,0.13142160039039352,0.0,0.005444394892945347,0.07035061271992263,0.053783575080672524,0.14880473288231721,0.14576192209873245,0.15211876837131305,0.16226176112713928,0.2180727080510763,0.23325843998540055,0.20740373306148435,0.20981958551718283,0.20849937447494865,0.20687419617240863,0.20804204318035924,0.2085303554671465,0.208992745993755,0.11216729288448338,0.19674034563963005,0.14798604743077892,0.13781149304793844,0.12167805422847454,0.17492290811157732,0.226182985100331,0.22303715902574472,0.2243756268064087,0.2280858347182157,0.22284323161314187,0.22475425451305603,0.22609331820463893,0.22439179957984834,0.22851916280206946,0.2222934409300944,0.22728505868076768,0.22143612755781206,0.2237862566759318,0.22190704487201335,0.1328403493666519,0.2306228583498467,0.11543775307591696,0.18388315641806913,0.29166757201578114,0.1902019923580323,0.18442010541835258,0.18470544358710614,0.18460325899332303,0.1854364771999834,0.18755490385666068,0.18152938300400157,0.18314064338725922,0.15042814803063076,0.23025941918498377,0.17357962173245084,0.18933187888067585,0.14929720270011732,0.22548710622766843,0.14516745256355618,0.1567330514406246,0.1584858989856583,0.14252685298547588,0.1899566510237864,0.16729002677682425,0.1876800215620037,0.1744670855193593,0.21309860881183765,0.1204884045021673,0.23024041366840686,0.13140240973701117,0.07106329269455644,0.14763441908167374,0.15128097204090035,0.16054928763363463,0.21913582636302906,0.23371267055359254,0.2070408494113679,0.2075703489375677,0.21346950278439789,0.21158965036362884,0.21199079772500085,0.20732061876671348,0.20446899275071564,0.20286276703644318,0.1383739433425849,0.1747168500158438,0.2285690365545125,0.22663327437249298,0.2240374127702447,0.2341547411344086,0.21937709667587096,0.22496251682878865,0.22257188517030005,0.22352051784265264,0.22928834325968656,0.2226254683853536,0.22864419996041718,0.22344060348494132,0.2270018970352181,0.224914878652214,0.22980008841306965,0.11542035068245368,0.1840254752646121,0.18464623968855112,0.18486117614501862,0.18410741881766712,0.18498149784922463,0.18764798389494197,0.18240633888105293,0.18127608173596943,0.1742061435100196,0.18655875384083004,0.1500143631950956,0.22415296850491373,0.1447494100475259,0.15599646828399116,0.15602751686227917,0.1431631906773826,0.19038568694996608
caltech256_object_classification,0.16500286452689233,0.183236521704981,0.16277601631886846,0.20038243011960466,0.1387854682411077,0.09820874445351048,0.12571910631510913,0.21970699751895634,0.04515250351062179,0.1298057409246255,0.005444394892945347,0.0,0.06882420688797036,0.05144066642456987,0.14988863131850136,0.14811986858602855,0.144787786875507,0.15538634523238368,0.2090666316217333,0.22078525266220356,0.19592703213850132,0.19833250739334257,0.19690423533027251,0.1954670044972493,0.19651394178701453,0.19700332790153946,0.1974881236790021,0.10979979625784897,0.18537498176883765,0.14620191915703618,0.13845518266232448,0.12251714933198656,0.16991798623118196,0.21551959515287356,0.212944243436461,0.21504275252401453,0.21750430862901998,0.21367048854800352,0.21419681645415098,0.21552601415744546,0.21530721673749048,0.21869072590271427,0.21263775993336184,0.2165932131020893,0.2118207272529814,0.21488102788933405,0.21281129162253004,0.1313448835954658,0.22127974914598625,0.1172448511864461,0.17557885405674273,0.28083195503069,0.17911543147578168,0.17604527806053324,0.17636804428260552,0.1762434330783423,0.177085774497897,0.1780181161119994,0.1727514407096082,0.17457323660855828,0.14830966182691366,0.22069527809160705,0.1607931067139859,0.17482808224700602,0.136479459729209,0.2145779373474896,0.13107145979097176,0.14300699358133603,0.14480675828920886,0.13868309305954302,0.18029296298946146,0.16384357923490042,0.17698839216595807,0.16612875845629368,0.20344305730931833,0.12549190940259825,0.21814215478833124,0.12954300570908842,0.06952266100638733,0.14882938637030294,0.14422276404601736,0.1537411127682773,0.2100120373639424,0.22136319253773085,0.19542143071942006,0.19615835438308363,0.2016635125323113,0.20010105988195248,0.2004991539548297,0.19600598679177078,0.19298104296207774,0.19141677872757135,0.13905890696425938,0.16950579802971658,0.2181829710873617,0.21649176900521805,0.21462261730842552,0.22319796819279458,0.21046269265182566,0.21449350715083743,0.21213813438431725,0.21430503954074512,0.2195260578803026,0.21310335647739953,0.21779073106194302,0.213631170502681,0.21802441040040876,0.2158346338378423,0.22046258360869717,0.11710158673790494,0.17579885921472305,0.17636938184180523,0.17648127452907378,0.1758066237633757,0.17667704687315963,0.17801558312104854,0.17366128707478803,0.17281270507632632,0.16152413067157878,0.17194375967287523,0.13708052196637371,0.21340090144512164,0.13069000919370374,0.14254574464284012,0.14245347363178903,0.13928717781889494,0.18070106098705896
cifar10_object_classification,0.21086846218084437,0.22604389838260514,0.2096795244915943,0.24907039059075747,0.18756940165823363,0.1504680259946271,0.15828376400248134,0.24272883795197858,0.10030749036320202,0.09410785205827676,0.07035061271992263,0.06882420688797036,0.0,0.01084940688879384,0.15478762968372312,0.1539311907473599,0.1900450916777403,0.19611915873585126,0.23524255292997054,0.24507546164065205,0.23113305491468553,0.23322462723592566,0.23220200751729642,0.23121879705392884,0.2318291369073141,0.23228907633537532,0.23273116385384168,0.15981887603158385,0.21559143874989228,0.17513911315268907,0.1995122716516507,0.18309308274235264,0.2402566041365129,0.2469239165677205,0.2417902220164544,0.24377803995177075,0.24698278683888408,0.24227392160837177,0.24449862779858592,0.24443859760712125,0.24487944791019445,0.24928846048279735,0.2425992148835685,0.24580433171572877,0.2413300300162334,0.24506085149657314,0.25750233681669465,0.17685496462545428,0.26526036171400097,0.18011897623671438,0.24159341542218943,0.3179781629205439,0.22831980993193002,0.24192634256023823,0.24207087041469924,0.24213770509746665,0.2426877797401479,0.21576086166680858,0.21448347864810619,0.21622974149659424,0.18063611270335755,0.2908617699777637,0.21710402002012985,0.22190478483613765,0.19766471412085118,0.25576804624639726,0.195739143945623,0.19865211840517688,0.2017463227665116,0.19494293724111,0.2390144193609339,0.2099643091736128,0.22609620971430083,0.21207409466907495,0.2512882789118999,0.15836293857759434,0.24118920382128797,0.09297348122422891,0.0006320340793105829,0.15440206345636065,0.18874250699287065,0.1947400898817894,0.23612839105940336,0.24587229463245303,0.23039861732643613,0.23124496085756494,0.23632360054132193,0.23486445044750462,0.23539052002535968,0.23139556214395973,0.22870351004593198,0.2206870168048196,0.1999028737688236,0.24018616834622247,0.24907727425835405,0.24488577246732926,0.24381644721663243,0.25188786190908763,0.2390322120197385,0.2445631053119164,0.2419513593065693,0.24383015731186083,0.2499787647265395,0.24315412651711954,0.24665325100922153,0.24264401706248795,0.24802986799864052,0.2601210945558736,0.2647472109887741,0.17967314889826544,0.24190711342716276,0.2419565632902419,0.24245875136953615,0.24189066794492362,0.24251740584920353,0.2157224353921786,0.21487000744639423,0.21470475674691453,0.2177721665083731,0.2197351097343157,0.19824231001265355,0.25500788632059346,0.1955347223388642,0.19798039244118415,0.20004885537060718,0.19556158535039286,0.23858815394099395
cifar100_object_classification,0.1890913612740644,0.21236810888663715,0.19471273173354517,0.23700414223067234,0.16031996131212467,0.1172201357913683,0.12612664171753132,0.2298300530469255,0.08734062677571267,0.0708898244291105,0.053783575080672524,0.05144066642456987,0.01084940688879384,0.0,0.1343217075455511,0.13138178710567794,0.1688847744470201,0.17579519367277124,0.2202515628826973,0.23345299794394417,0.21708664197694338,0.2192956630758145,0.21830981284275303,0.21706799536088134,0.2178391313178163,0.21829016328065298,0.21879496458168884,0.13200404980783031,0.20131392032812995,0.15136132572544903,0.1630638054624479,0.15318440034735678,0.21507781299157036,0.22918186959699535,0.2250620603478738,0.22708310642463014,0.22974670818146958,0.22559131664570728,0.22712345955484006,0.22741294484116786,0.227679957055198,0.23207534313419387,0.22550605795331044,0.22834978091516112,0.22291149352783568,0.2279696607515621,0.23557407702399324,0.1503316107201501,0.24337469819191968,0.1473698067301604,0.2158768072852967,0.30306680679888887,0.21160027207075496,0.2161956003559255,0.2164326373151244,0.2166017148646696,0.21709786982882615,0.1992906266799097,0.19650514830827406,0.19826590646527076,0.15921120274551714,0.2691789315701208,0.1990491386936945,0.2070004662281268,0.18338878956693183,0.24224932890438314,0.1810731907324376,0.18410972936853812,0.1881172231844328,0.170940366985281,0.216476309163475,0.18806105478158547,0.21217040152109523,0.19724423802231658,0.23958841772723025,0.12629847139013944,0.22826244835997112,0.06992710880273284,0.011516411387892505,0.13370782825894,0.16771410307501172,0.17430150230968702,0.22116470379406677,0.23424198935683482,0.21621319669168787,0.21714898726053317,0.22249215568615435,0.22132222284312625,0.22190636310877915,0.21701739193311537,0.21434999834074003,0.20713908519490143,0.16341075357419999,0.21457426787489664,0.23129661236750054,0.22853818224209488,0.22691832073124726,0.23493702807087258,0.22201879808156794,0.22719244761854918,0.2245960635823302,0.22681126973409355,0.23288498661134627,0.22585597806449126,0.22952432256642158,0.22475381846441,0.23097441539638158,0.2384079677178355,0.24266121211951644,0.14685852071535235,0.21629201767482664,0.21631469863169156,0.21671348058975157,0.2162544416970471,0.21680033596239484,0.19929944845468817,0.19689629544602177,0.19665821764921262,0.19963074887110924,0.2050098399358846,0.18425279951412754,0.24131318982356403,0.1808527314255338,0.18344521673332947,0.18607466513617538,0.17159450105711457,0.21623108836650407
