,lapgyn4_anatomical_structures,lapgyn4_surgical_actions,lapgyn4_instrument_count,lapgyn4_anatomical_actions,sklin2_skin_lesions,identify_nbi_infframes,laryngeal_tissues,nerthus_bowel_cleansing_quality,stanford_dogs_image_categorization,svhn,caltech101_object_classification,caltech256_object_classification,cifar10_object_classification,cifar100_object_classification,mnist_digit_classification,emnist_digit_classification,hyperkvasir_anatomical-landmarks,hyperkvasir_pathological-findings,hyperkvasir_quality-of-mucosal-views,hyperkvasir_therapeutic-interventions,cholec80_grasper_presence,cholec80_bipolar_presence,cholec80_hook_presence,cholec80_scissors_presence,cholec80_clipper_presence,cholec80_irrigator_presence,cholec80_specimenbag_presence,derm7pt_skin_lesions,idle_action_recognition,barretts_esophagus_diagnosis,brain_tumor_classification,mednode_melanoma_classification,brain_tumor_type_classification,chexpert_enlarged_cardiomediastinum,chexpert_cardiomegaly,chexpert_lung_opacity,chexpert_lung_lesion,chexpert_edema,chexpert_consolidation,chexpert_pneumonia,chexpert_atelectasis,chexpert_pneumothorax,chexpert_pleural_effusion,chexpert_pleural_other,chexpert_fracture,chexpert_support_devices,pneumonia_classification,ph2-melanocytic-lesions-classification,covid_xray_classification,isic20_melanoma_classification,deep_drid_dr_level,shenzen_chest_xray_tuberculosis,crawled_covid_ct_classification,deep_drid_quality,deep_drid_clarity,deep_drid_field,deep_drid_artifact,kvasir_capsule_anatomy,kvasir_capsule_content,kvasir_capsule_pathologies,breast_cancer_classification_v2,eye_condition_classification,mura_xr_wrist,mura_xr_shoulder,mura_xr_humerus,mura_xr_hand,mura_xr_forearm,mura_xr_finger,mura_xr_elbow,bean_plant_disease_classification,aptos19_blindness_detection,lapgyn4_anatomical_structures --shrink_train 800,lapgyn4_surgical_actions --shrink_train 800,lapgyn4_instrument_count --shrink_train 800,lapgyn4_anatomical_actions --shrink_train 800,laryngeal_tissues --shrink_train 800,nerthus_bowel_cleansing_quality --shrink_train 800,svhn --shrink_train 800,cifar10_object_classification --shrink_train 800,mnist_digit_classification --shrink_train 800,hyperkvasir_anatomical-landmarks --shrink_train 800,hyperkvasir_pathological-findings --shrink_train 800,hyperkvasir_quality-of-mucosal-views --shrink_train 800,hyperkvasir_therapeutic-interventions --shrink_train 800,cholec80_grasper_presence --shrink_train 800,cholec80_bipolar_presence --shrink_train 800,cholec80_hook_presence --shrink_train 800,cholec80_scissors_presence --shrink_train 800,cholec80_clipper_presence --shrink_train 800,cholec80_irrigator_presence --shrink_train 800,cholec80_specimenbag_presence --shrink_train 800,idle_action_recognition --shrink_train 800,brain_tumor_classification --shrink_train 800,brain_tumor_type_classification --shrink_train 800,chexpert_enlarged_cardiomediastinum --shrink_train 800,chexpert_cardiomegaly --shrink_train 800,chexpert_lung_opacity --shrink_train 800,chexpert_lung_lesion --shrink_train 800,chexpert_edema --shrink_train 800,chexpert_consolidation --shrink_train 800,chexpert_pneumonia --shrink_train 800,chexpert_atelectasis --shrink_train 800,chexpert_pneumothorax --shrink_train 800,chexpert_pleural_effusion --shrink_train 800,chexpert_pleural_other --shrink_train 800,chexpert_fracture --shrink_train 800,chexpert_support_devices --shrink_train 800,pneumonia_classification --shrink_train 800,covid_xray_classification --shrink_train 800,isic20_melanoma_classification --shrink_train 800,deep_drid_dr_level --shrink_train 800,deep_drid_quality --shrink_train 800,deep_drid_clarity --shrink_train 800,deep_drid_field --shrink_train 800,deep_drid_artifact --shrink_train 800,kvasir_capsule_anatomy --shrink_train 800,kvasir_capsule_content --shrink_train 800,kvasir_capsule_pathologies --shrink_train 800,mura_xr_wrist --shrink_train 800,mura_xr_shoulder --shrink_train 800,mura_xr_humerus --shrink_train 800,mura_xr_hand --shrink_train 800,mura_xr_forearm --shrink_train 800,mura_xr_finger --shrink_train 800,mura_xr_elbow --shrink_train 800,bean_plant_disease_classification --shrink_train 800,aptos19_blindness_detection --shrink_train 800
lapgyn4_anatomical_structures,0.0,0.00369861162141516,0.003953380808742605,0.007570598816862563,0.018964326579183823,0.021618191012671845,0.04399501458983114,0.01629077625762549,0.023823745398879367,0.03975111596861092,0.017012136984809578,0.015987029142100664,0.022581657015306594,0.02017650291833423,0.046049168372667586,0.04698044983908397,0.008478669048501853,0.008464954118987303,0.013489156699606635,0.01222742009563045,0.00706366154569931,0.007190526421309646,0.007141461937969631,0.007083241488535277,0.007072000580112983,0.0070978657794180024,0.007079963338329575,0.019366322682774273,0.017403652140912326,0.020397452337011297,0.034262978041771794,0.027841309536764912,0.032360444464744606,0.019341999443729194,0.01960034730603665,0.02044005040116343,0.019130020251834988,0.02061438158884342,0.01907709598274125,0.019032281951945514,0.02078341565169025,0.02036013373963249,0.01986311480225306,0.018762147800834968,0.01926432850924225,0.021101752382541875,0.02525196184866151,0.02179142951416823,0.025490910112930858,0.027169938462939604,0.036237459300314204,0.02806965103776058,0.02362263223598266,0.036339074557386754,0.036335068345458604,0.0364207923304302,0.03641334271128863,0.02266273450744824,0.021953607181095333,0.02184992542797052,0.030463805481598612,0.04946705562108701,0.026346655396099664,0.019716779351106696,0.023422441820836176,0.024297656529673854,0.022845562975660656,0.0219561909843728,0.023796332359879827,0.02441202641085178,0.03093830518043133,,0.004305183155365504,0.003975769607233683,0.007706148325809126,0.04420610859365419,0.01628922319606769,0.03936664993146424,0.02274119801541018,0.04587910386376902,0.008384601091688409,0.00835424037438038,0.013614151664418907,0.012167790244110261,0.007137694003826519,0.007086857832381284,0.007246621647637788,0.007377830877653968,0.00728341341297697,0.006921105433086765,0.007231266677856213,0.017686888126077625,0.03428069555262621,0.03217795719404842,0.019576218893653574,0.019745505636671504,0.020391769965630767,0.019338024549399785,0.020440495224384746,0.01913974030389098,0.01877535901879565,0.020486772676582526,0.0205819962460169,0.01995134552760266,0.01879465599151737,0.01932474557786299,0.021198303724199286,0.02535704652608017,0.02544285568387766,0.02674678287595311,0.036343221469524574,0.036231416268724365,0.036540943057763356,0.03640351710618259,0.03632309790621168,0.022535247615029255,0.022099359150927984,0.021782514395868265,0.026376587365563465,0.019627685569321672,0.02344189754172603,0.02415992326915569,0.02279700440136456,0.022110244524006624,0.023688324179649205,0.024492372427556044,0.03073903546873547
lapgyn4_surgical_actions,0.00369861162141516,0.0,0.0012144262802894666,0.002119678202258034,0.02418561032986704,0.027446290704908168,0.05217210479835139,0.01602925301333219,0.027431966267843912,0.04336847441177002,0.01861764828425959,0.016975849917939816,0.023115244020826625,0.021691449394097558,0.04898950264064936,0.05077025718344863,0.01076652852833919,0.010731184751795981,0.013373404379746209,0.011160888864706306,0.004836305221978513,0.0049393867245340235,0.004846732084467379,0.00484718299566788,0.004821680669837804,0.004873020901774235,0.00481968110582929,0.02391139237798137,0.015453232282269368,0.024509896849998575,0.04109879186100272,0.03612347773214496,0.035326449659773725,0.01885412694320425,0.019025741275888366,0.019785165527058158,0.01865060304264884,0.019999979300241423,0.018553217237601654,0.018555293518396403,0.020279050982001924,0.01966362502922068,0.01927907119008046,0.018292945759302123,0.01888839714398271,0.020446437967762607,0.025781744613204184,0.026651537839551976,0.02574520242733016,0.03495677984440204,0.04221516690474699,0.026340074851297246,0.022884945373239218,0.04230666387608549,0.04227677218979711,0.04234585824775702,0.04233526369749571,0.022425760866789914,0.02245296495964058,0.02244687146435128,0.0337678170627464,0.055007371923849864,0.024260025169868908,0.01863646833080472,0.023366498200456685,0.022003006100261284,0.021090106624895535,0.020339331032382203,0.022089881424716882,0.026658278434998333,0.03530553112939701,0.003833456767095171,,0.0011340446737329137,0.002108138575332134,0.052396001212046225,0.01605414945404125,0.04287969653865209,0.023336964378655536,0.04880670012688933,0.010750391567570171,0.010594209162911244,0.01345431670279208,0.011152803882284682,0.00493224150509866,0.004880224298547755,0.004897064724583571,0.005061110556795166,0.004797357002852157,0.004748350918812235,0.005055736369235884,0.015517559160819979,0.04105404021242762,0.03516763649027929,0.019029562345168918,0.019058114709878414,0.01971030403190244,0.0187189263815868,0.019944709404814104,0.01866326820442176,0.018423781587124974,0.019957132525474867,0.019829152464581563,0.019431213845030486,0.018301628041316714,0.018800491468730023,0.020472068071615578,0.025785428036884994,0.025785067454902007,0.034485771700153524,0.04233122768356888,0.042167831859924225,0.04250215425024133,0.04235751048642143,0.042288513982729814,0.02228994394378818,0.02256821415467042,0.022404993622056366,0.024308460163441743,0.018485495822450522,0.02326824374620358,0.021927037528399862,0.021105875394206906,0.020599145356290035,0.022082588517600865,0.026734879627065583,0.03505380567689793
lapgyn4_instrument_count,0.003953380808742605,0.0012144262802894666,0.0,0.0016013146506114477,0.02207707096549888,0.02496887116801432,0.04814952630171668,0.016336760339915837,0.02480188327955822,0.0404442259509527,0.01691954118609018,0.015417207724330736,0.02180131860433559,0.020257767247508725,0.0459940336994101,0.047478626677075496,0.010210495196386473,0.010250582044531241,0.014072063172623028,0.012783782899130552,0.0040995033345580635,0.0042242924472593885,0.004121554997725758,0.004104854917541848,0.004106183199994629,0.004145568247710386,0.004091981610507678,0.022072928603179394,0.016705250749403194,0.02442233433230938,0.037959946320224154,0.032342304736150185,0.0338028324905576,0.019747329625027676,0.020051718903309,0.020857505271196123,0.019552609106066002,0.0210599541653858,0.01947509592585066,0.019478674144005947,0.021307142096620876,0.02073264755128376,0.0202789939898192,0.019151462437870435,0.019798184610902575,0.02151392536577021,0.025799852460909857,0.024946474757376283,0.02599205904256492,0.032331282233428946,0.0390928161501401,0.02747797892664605,0.0234969479331013,0.03916529407309692,0.03915279623040337,0.03922500930668743,0.039204840193792195,0.021540382588399125,0.021975240052220745,0.02200227572621546,0.032821279988117256,0.05166580665962783,0.02364667091585914,0.018591778746579926,0.021952274666296324,0.02246488627937461,0.02014870077871521,0.01993260234329875,0.021410872879464016,0.02603498073475181,0.0332606279215412,0.0040603534809865735,0.0013008595296453488,,0.001737494410914103,0.04835129851083434,0.01636092461322442,0.04001239715543734,0.021982948019158517,0.04578129658788356,0.010191818048623333,0.010070351768222742,0.014189749935219424,0.012763030437955361,0.004224285446825206,0.0041282291082994325,0.004250402528186714,0.00428930749995293,0.004083245859967223,0.003968825935832945,0.004244054061376805,0.016888710889150338,0.037932399087750666,0.03365549415212914,0.019993278481792186,0.020126634588089658,0.020761188634651467,0.019703040607882204,0.020933742726622937,0.01958910135103456,0.019298892637415223,0.02099958304111146,0.020943401059389535,0.020433056685554386,0.019154036346028712,0.01978633702167918,0.021566285045376873,0.025906954841923145,0.02602935674862457,0.03189386785745663,0.039197439030750465,0.03904601387536723,0.03936304011965101,0.039228065200473526,0.039146907322489925,0.021449972352582367,0.02206280748469807,0.0219601224590781,0.023683015402846647,0.018429190220773984,0.021883865151917203,0.022365667649566268,0.020144332905003413,0.020123536495730395,0.021358324021740958,0.02611800951757821,0.03305954943290243
lapgyn4_anatomical_actions,0.007570598816862563,0.002119678202258034,0.0016013146506114477,0.0,0.027996902453525985,0.030012524261380322,0.05357768654290443,0.020812993380062646,0.02884349286246645,0.044786728789309005,0.02062403856955211,0.01899866154681534,0.02577000832000935,0.024526830344344323,0.0500675128440366,0.05181203947084227,0.01559355711082386,0.01559656606912002,0.018232136223351146,0.016668063853749856,0.007698270869505541,0.007830277814938634,0.007678327502046546,0.007684942612572479,0.007684664030215529,0.007746544955609041,0.0076682530474169765,0.027461794960415974,0.019199565243736692,0.029354222516481652,0.044595582775193265,0.03873468877102658,0.0383850519007463,0.023228840566477477,0.023477383281270428,0.024119563686733184,0.023111534624200424,0.024315507361469743,0.022955924917522526,0.023070139073765393,0.024623464632372537,0.023970322906689198,0.023609508610759597,0.022722457445571373,0.023192390974512735,0.02464372227002501,0.029642017555295167,0.030248755252572833,0.02974395751280879,0.03842516836631441,0.04550862901343565,0.02990365722798344,0.027611644366707294,0.045600681777951124,0.04557162194321254,0.045618446347205466,0.04562283180846405,0.026542387129413085,0.027136994245790323,0.027208781549678374,0.03740311458067888,0.057747954394262994,0.02669876879628939,0.022462323614963437,0.025933963139457984,0.025264275760309735,0.023312413420953214,0.02292064122816852,0.02481905759089571,0.029656363542413293,0.039244448413959736,0.007697412216582373,0.002220493311518478,0.0015676511974109623,,0.05378592356540324,0.02083257861176381,0.04438130112062447,0.025983381215831904,0.049836064189869286,0.015585402404489605,0.01542601826091969,0.01832380358577256,0.01665333732398279,0.00786540840457067,0.007736564843326104,0.007832782310775948,0.007920111729231431,0.007530274433004334,0.007583198217602676,0.007869928301955216,0.019301259976872105,0.04455559734661645,0.03828141438020305,0.023416703456571313,0.023508567514533965,0.024016351236282554,0.023205083065913557,0.024233267664697765,0.023078845333476542,0.022900338537752158,0.024319932951116386,0.02412023127331231,0.023786154109425132,0.022767083658533437,0.023118390076298737,0.02468845276293591,0.029731966850457262,0.02977924413859947,0.03801253729539933,0.04560623177400565,0.04547505522806172,0.045797222445879276,0.045628850927533236,0.04557971890590584,0.026445579462779017,0.0272242339529826,0.027138106535835666,0.02674291034423154,0.022260668363459364,0.02581889314348831,0.025186791703606878,0.02334204805334733,0.02314976288204908,0.02479994898599083,0.02974267685904782,0.03904551483142042
sklin2_skin_lesions,0.018964326579183823,0.02418561032986704,0.02207707096549888,0.027996902453525985,0.0,0.019619653035492186,0.03293260750075379,0.024578780870387222,0.020765566819555294,0.03289154349579389,0.016626673607518835,0.016321241840627915,0.022417694069705146,0.01931599678586615,0.03984425222030778,0.039713290129124626,0.014094629461995408,0.01557104903017824,0.023774917111974624,0.025508218079497047,0.022348096062477008,0.022543607219313318,0.022547486268003892,0.022378833533098844,0.02243020838399982,0.022419542894416482,0.02246843374111262,0.007102610702960452,0.026522103878234046,0.016758418138312036,0.028613708253821202,0.013678772969736921,0.031508457323552,0.026726500960221517,0.027183308034217937,0.028098057960992875,0.02652391192594252,0.02823571843430906,0.026476874383429664,0.02636436441961905,0.02843513540437067,0.028318907086629812,0.027345833068047408,0.02569850151212849,0.027048563098652553,0.028676695252459746,0.03206035909525257,0.006475037609829936,0.03284750797358621,0.011609012960722177,0.02591839328368701,0.0374995542332552,0.028900578914824233,0.026037153227566112,0.026089707907378693,0.026144629987768134,0.02618268864363965,0.019403959306209674,0.018081354918078038,0.018205859961567053,0.02446057884059684,0.03918267937617952,0.03336669150094793,0.02660912267459673,0.02808070067614178,0.034326799970194305,0.029431548369295058,0.029521003414899077,0.029239836527714672,0.023812931885328084,0.021593513343029107,0.01878033329524876,0.02416399346950765,0.022497775716539894,0.02834937293691124,0.03310057952468211,0.024442426239206862,0.03260919560927665,0.022440553266738994,0.03967242676753915,0.014094859759190018,0.015320202632879969,0.023881972671210623,0.025600598714702535,0.022240483407863477,0.02239653008412458,0.02277162294668223,0.02272376963827429,0.02289838720712151,0.022221837422482193,0.022159065605597106,0.027179412590799926,0.02862207634632328,0.03130254195637857,0.027206532215867562,0.027522866945808768,0.027991785449355707,0.02693950468852594,0.02781681804393506,0.026503689258787162,0.025939528552514985,0.02812461611374101,0.028545881796085196,0.027449955476300282,0.02573945733168479,0.02738297533641917,0.028948403146672137,0.03232664070035038,0.032749071765610815,0.011460546640822316,0.026033576218880188,0.025927239319217407,0.026246337780425663,0.02605929581225103,0.026041568277135503,0.019262509652264694,0.01807785410304594,0.018141641286822094,0.0334420715646402,0.026447877723124093,0.028212796296774964,0.0341289257924125,0.029337006511468096,0.029482886636236494,0.028927055080514907,0.023841444920521197,0.02142527701901964
identify_nbi_infframes,0.021618191012671845,0.027446290704908168,0.02496887116801432,0.030012524261380322,0.019619653035492186,0.0,0.014741942091423087,0.032995271716573196,0.016021095935177497,0.02007273118735111,0.015082844026088948,0.015289923682243675,0.022079654358067486,0.017921705363788516,0.02889985984401286,0.028144974983616608,0.020603270168750548,0.022065865624262965,0.030589571920254854,0.031615312616897324,0.027535528865124524,0.02778964984969024,0.027697511862374465,0.027478351342736483,0.027639924787136488,0.02762711204981469,0.02776900590424243,0.015457030632874147,0.02705846307746364,0.016755855600644555,0.02079107443378917,0.01782642637654115,0.03032063734451826,0.03067050377763511,0.02989349083323984,0.030100789982631916,0.030735387386348484,0.029833762809447932,0.03034742097019772,0.030432597814279417,0.03004467049352614,0.030880593697392395,0.02985775375260886,0.030315360558548034,0.02956386798315626,0.030022263219830266,0.030982614731214785,0.015924127718636077,0.03238995037026526,0.013683657529390714,0.030783642986058336,0.042662130888868985,0.033020323022106474,0.030825941728541268,0.030916865478561303,0.030942895559295476,0.03101605735050222,0.032422236064682544,0.0319732857333294,0.032010857119676266,0.016849456380089473,0.04139541016284385,0.0331988230251804,0.029874633218114427,0.02666241063289323,0.03775723099903871,0.028519368348178295,0.030345945965475296,0.030012510699183495,0.024461415345588294,0.030217016629856597,0.021426665313443047,0.026623364497301995,0.02532525068880255,0.030573938723532486,0.014771909403544465,0.03280940604144496,0.020189112680817245,0.022017738963908608,0.02865235136472699,0.020403294231827254,0.02168321163379438,0.030837678263804996,0.0315914169943095,0.02744374086676811,0.02739077060987804,0.028021729152387008,0.027973351902949303,0.028079080760508305,0.027367770893877243,0.02717368152953919,0.027835015436613007,0.02093240491834578,0.03015324013860253,0.030877434317878732,0.030263288503174644,0.030086070840704058,0.03153296918100279,0.029218288492622445,0.03013965154981974,0.029883834721459536,0.029831346700133383,0.031012141256869376,0.02983461446116698,0.03067013801970378,0.029996316801235438,0.030445910782150788,0.031435511882729736,0.03225122845740111,0.013514158798859432,0.030831467888295862,0.030880788033564015,0.030950970778889773,0.030858015511417557,0.030903009682048163,0.03253303326498612,0.03206217317090845,0.031730302351765646,0.03318734369286673,0.02981586831079163,0.02687378149961056,0.0374759414640869,0.028469368536483106,0.030105992549291978,0.02961955105271654,0.024582413278085986,0.030190200727635723
laryngeal_tissues,0.04399501458983114,0.05217210479835139,0.04814952630171668,0.05357768654290443,0.03293260750075379,0.014741942091423087,0.0,0.05572563830642687,0.022427803864960193,0.019215793768260887,0.024117729522189706,0.025690555322526377,0.029241313453589896,0.024682770796650426,0.032003203985829676,0.030118051913377325,0.043231760529938636,0.044705595680324936,0.05400566568457081,0.05865503075568372,0.05365408059433084,0.05398779670560927,0.053870662526213635,0.053595655415365685,0.05376300248530597,0.053773824962433506,0.05391252530590808,0.02664533986471429,0.0498211666957475,0.03538096703291367,0.03112179491885774,0.025440366910358878,0.04543602183474872,0.055361772232009,0.05477467845776077,0.054550363497659266,0.05569479538444408,0.05417935671916506,0.05515453401790958,0.05543509641127863,0.0544192623382484,0.05555958831919541,0.05438428074108565,0.05527184769327215,0.05391787926821795,0.05413151032563396,0.05280103515439951,0.028745346001913086,0.054784159791302134,0.01983395772964084,0.04191278870342397,0.06698637166320726,0.05584760546006374,0.04199937248917633,0.042076547906302726,0.042057341146705465,0.04219745802078258,0.04992705155358945,0.049312957092732805,0.049493942067079265,0.02959930504919486,0.05131038382494614,0.05040488026870178,0.05196337369643445,0.045684563602813456,0.058349906562166765,0.047413918578127684,0.049443261028901286,0.04893527451250644,0.03963133296145957,0.04529742443523629,0.04376425551632174,0.05175150412050081,0.04865695679544711,0.05419449149695553,,0.055453439680087896,0.019659543633670923,0.028999398814378286,0.03168487981384464,0.04303527488735368,0.044400311244076854,0.054281663754318796,0.05864432079632355,0.053565262583679066,0.053530551542039305,0.05435078544609835,0.05423854592310624,0.05427386181313795,0.05341342827414515,0.05318562878520153,0.05098751409329012,0.03125052547869943,0.04533167879445346,0.055632084756299716,0.055306637227121924,0.054478136017437055,0.056680232698722854,0.05343641483658659,0.05494301354601896,0.05473506264462316,0.054327915794896986,0.055620117182377055,0.05425573063124761,0.055722455996993596,0.054460425869858636,0.0547654519298494,0.05345339551495682,0.05457849044927958,0.01991957885803427,0.04195576029541319,0.042080212415942966,0.04205372913651741,0.04193047070606634,0.042087556214340675,0.05007145804510815,0.0493782568294789,0.04917086984607146,0.05042135739446048,0.05179691254017953,0.045896357121337154,0.05808343624160776,0.04734729544627147,0.049125235076757354,0.048523937014789374,0.03984125993940192,0.04540212027979612
nerthus_bowel_cleansing_quality,0.01629077625762549,0.01602925301333219,0.016336760339915837,0.020812993380062646,0.024578780870387222,0.032995271716573196,0.05572563830642687,0.0,0.032635867016819115,0.04300524570156592,0.021493207594064846,0.019738131258540206,0.02387338634862201,0.022406883205026408,0.05087583274158508,0.05267181220686856,0.008552065803507744,0.007009871795620832,0.0026521179143260895,0.0065087930196150445,0.012241678944380965,0.012247165247077488,0.012228854983904075,0.012265755203430987,0.012255433372050196,0.012239867353064482,0.012277797008081237,0.025749976662736825,0.014105785596457044,0.029478419398258637,0.043640321452167896,0.04038948597933624,0.03375493507801536,0.022389664942827587,0.02188768733451172,0.02281694249424835,0.021939477361713276,0.022858411750766725,0.021840200898365535,0.021589876988492362,0.02323957323295013,0.023105763654858235,0.022296396140139278,0.02147595563210395,0.022534254696906203,0.023579978105007705,0.03146354620114977,0.027611983286944954,0.031481593197843716,0.037659014351642095,0.0402564637928773,0.03353023860825461,0.020890556821244397,0.04031354487030469,0.04027524113399627,0.040422759406394865,0.040351634343619276,0.015548472821043888,0.014981586888821414,0.014804489678765277,0.03766885018050028,0.05282870144770288,0.027840019494979624,0.01856993723193592,0.023339676023082283,0.025067802818166684,0.023997104955727558,0.02148062377332289,0.022864144525398707,0.03393476741032303,0.032168090494838944,0.016319411950885095,0.016861298289701905,0.016415131164640488,0.02074302179429855,0.05595387583988577,,0.0423452497563748,0.02391719409483579,0.050799844969215975,0.008550233933764528,0.007252324239706841,0.0026586292497405694,0.006476167771313431,0.012114742069476492,0.012367615195287233,0.01237729709373673,0.012361471874506265,0.012443437194497333,0.012211819322733086,0.012195201323682344,0.014180873094254868,0.04368440846654042,0.033541628154815095,0.02273310845133544,0.022009270598626243,0.022720880321040974,0.022067736170067135,0.02278030832497446,0.021916549679457605,0.021449829919777112,0.022940184516059378,0.023386860046253656,0.022544184232247577,0.021414724340847797,0.022476512015501476,0.023647464586643754,0.031451950205367625,0.03156268451233588,0.0372085927102171,0.040426617129640297,0.04015742190279686,0.04045090507629591,0.04042498185748314,0.04024845822508685,0.0153970284087279,0.015120866223143705,0.014704999663257709,0.027965383697681916,0.018387634708457258,0.023287900672689987,0.024994495656363046,0.023929264542649008,0.02168383098878554,0.022801200105684934,0.034002441024516245,0.03184972819622024
stanford_dogs_image_categorization,0.023823745398879367,0.027431966267843912,0.02480188327955822,0.02884349286246645,0.020765566819555294,0.016021095935177497,0.022427803864960193,0.032635867016819115,0.0,0.02302089811318446,0.006104742024660702,0.006542943208869617,0.01250887480496459,0.011312308105987004,0.027319482972886507,0.02722161263499724,0.023227408183106743,0.02470311114577122,0.030520391253211866,0.0325837903180367,0.029328309093130455,0.02954358315954698,0.029450414490281046,0.02929071760962113,0.029391647911560986,0.029444338840806075,0.02946452356306901,0.01705698674642394,0.02988349276516747,0.021044610260804963,0.024593792662347617,0.018944951044437965,0.027993931454654578,0.03239169452805678,0.03190617187970117,0.0320466818474578,0.03253130913348639,0.03187829864272689,0.03216909360187049,0.03225407597381585,0.03206557301364805,0.032611368197618354,0.03184637187013488,0.032381868922574865,0.03150628344788236,0.032057058049778875,0.033702396692071854,0.018986158378399228,0.03490015045186336,0.019442845143998348,0.030737335914898824,0.0412933646239341,0.02990989896012889,0.030810504369025358,0.030869664691691834,0.030845647568386182,0.030941338548174734,0.029154286089413617,0.028235733367490086,0.02836657282494757,0.0229822348323132,0.039806151083842584,0.028972396107640207,0.029436857380737785,0.025560436636205674,0.034392769716050986,0.024943617375247605,0.026681698740352262,0.02674244325474276,0.023022285851224226,0.030153214952112845,0.02361874071556433,0.02676891553676477,0.02513687441817309,0.029265794844026048,0.022473528071405728,0.032477900407647135,0.02291140133017964,0.012677782497923295,0.027113730464060543,0.02308899037555917,0.024473699199865563,0.03067778707674154,0.03260650200779183,0.02932153004216669,0.029339000669542273,0.029855440917932075,0.029708856805369954,0.02979117496662846,0.029238114283410284,0.029031344735279824,0.030576530948032893,0.024635316284621858,0.0279846962104782,0.03268167431255865,0.032242604443789354,0.03204961456657236,0.03318451321734697,0.0314289086157388,0.03221608858585152,0.031825148981635076,0.03191522493707039,0.03271078354589187,0.03184003637214932,0.03255828103718589,0.03169914682051028,0.0324683542222379,0.0340766500484473,0.034814892653333214,0.019351554883336723,0.030765444607936718,0.030832599444920172,0.03094565188321556,0.0307763737912176,0.03085730712248222,0.02912173797793847,0.02833352495239174,0.028120541545133958,0.028956685177943975,0.02916931149320575,0.025655467229240732,0.03417990588969429,0.0248840764410954,0.026550239808601828,0.026480059996457906,0.023096777795417946,0.030177168930317702
svhn,0.03975111596861092,0.04336847441177002,0.0404442259509527,0.044786728789309005,0.03289154349579389,0.02007273118735111,0.019215793768260887,0.04300524570156592,0.02302089811318446,0.0,0.019669777782799658,0.019997239274023863,0.01429506844815167,0.011510452899624473,0.019395099135787082,0.01859637533165486,0.03621572683666842,0.037144775958184204,0.04160795215850106,0.04477840928919122,0.043193068841971494,0.043451622634074955,0.04332164119031258,0.043164247018270194,0.04328785360396474,0.04330239216474239,0.04341681946210949,0.029145232569188526,0.03929209019119593,0.03204483790238908,0.031756298313573766,0.03283035869787282,0.04097444038058092,0.043540751957468884,0.042749540798063944,0.04273709571621012,0.04359719813022428,0.04242563269401391,0.043226408426523345,0.043333936776468476,0.04266450044950304,0.04351125283857537,0.04255108226133794,0.043245084279114956,0.04215665868062825,0.04254512660187108,0.04399840383387676,0.0310245506545738,0.045419727214478414,0.02783302886176737,0.043196271400916794,0.055009265739310004,0.04298290727397086,0.04322594436834315,0.04333950368997963,0.04333092825807716,0.04338853676569482,0.040695099019779496,0.040109561921274,0.04033678693843651,0.031308467267367336,0.05319695528203562,0.037702151752295715,0.039805539404222434,0.03489688758681268,0.04425587385953138,0.035500840347837286,0.0349040177307266,0.03625980274762387,0.03738451399329164,0.04372461763829972,0.03970162152220586,0.04311349202335037,0.04077542695902827,0.04514682989865246,0.01932075316463408,0.04276878500963256,,0.01407050807859072,0.01929793266869579,0.03606208125343779,0.03695332661643973,0.04178426115257282,0.044851329604570195,0.043066921358004134,0.043101355077110236,0.043732402338480275,0.04368440287675329,0.043640731045136466,0.04312807164245042,0.042824142642583746,0.040161648834752026,0.03178653716585584,0.04085873229269673,0.043846347886870585,0.043119213250919726,0.04261844050762841,0.04437017156054325,0.04186350370937246,0.04310202555550305,0.04283416732473509,0.04258121901860898,0.043613577700259,0.04256824668485221,0.04365487305427154,0.04248656956310908,0.04299217992298505,0.04452839411024491,0.045265036397921496,0.027845875645601217,0.043263210702081924,0.0432583445996129,0.04331883700905415,0.04320976775602672,0.04329624038526701,0.0407373975962598,0.04010704984929436,0.040066395458207074,0.037752825913192005,0.03970603209885268,0.03504223846538896,0.044095907739204195,0.03547679455933729,0.03468988130105287,0.03595751316985189,0.03752446520571352,0.04374180948219141
caltech101_object_classification,0.017012136984809578,0.01861764828425959,0.01691954118609018,0.02062403856955211,0.016626673607518835,0.015082844026088948,0.024117729522189706,0.021493207594064846,0.006104742024660702,0.019669777782799658,0.0,0.000614342740441341,0.00735242618321903,0.005764480470741247,0.023460813133877573,0.024034439148327816,0.015080608990336905,0.015767530198473136,0.019937471994879656,0.021374393067998605,0.019314186983639237,0.019486565573079623,0.01939699346303559,0.019277630885611883,0.019366039388178095,0.019397756174856305,0.019434656173161063,0.014078411242115167,0.01963486481931856,0.018246753580668722,0.022113839300836304,0.02025076437330782,0.022196388815224677,0.02364039543117801,0.02335372748644916,0.023669446917258058,0.023736589614868263,0.023569433451958548,0.023414437234615143,0.02351499853571437,0.023791763758041554,0.024028138887043676,0.023330267003368273,0.023542032940408728,0.023151852069604115,0.0237962384793662,0.025802430482806425,0.016816495875549134,0.026566337603878443,0.018722441650728894,0.026169194388537972,0.03216604380444739,0.019884715857643114,0.02627185551602404,0.02628190889679028,0.026283674714275927,0.02637116591569686,0.01904781805911295,0.018333390913212597,0.018478359998749284,0.020854355462313647,0.035629527843323676,0.01938454536552864,0.01923712718376217,0.01665830666890989,0.023005455533499614,0.015624589090867466,0.01588530008263347,0.016810246207658787,0.017887593467602436,0.024405308552273287,0.01692798599167226,0.018446003175005055,0.017239589266575865,0.020904346123372594,0.024208482994628674,0.021361125380628284,0.019353000371783596,0.007459173346314413,0.023295011704378712,0.015040269099566265,0.015636595243192646,0.02004393531476812,0.02141147497366557,0.01926659328678738,0.019339608461978894,0.019763359600026384,0.01967304611960395,0.019669500469051096,0.019296916814489046,0.01910522681394214,0.020174884797496365,0.02212925016081006,0.022139165153124647,0.02391672222844708,0.023633697388918466,0.023601400048251054,0.024258303044615983,0.0232553956135069,0.023465544467791345,0.02319451254022508,0.023649760273961117,0.024141209169679368,0.02342335957112146,0.023702577525629695,0.02328024536150323,0.02412266347911608,0.026037697635864214,0.026523913504205975,0.018576552548752012,0.026261373121176473,0.026232227719205727,0.02636346884994377,0.026237620978512698,0.026299988917243184,0.01899657402354579,0.018419393993866322,0.01831226860010593,0.01942092156853968,0.018914942577580796,0.016675313732761574,0.02283395386239672,0.015608280480875973,0.015878782029326383,0.016580195950948923,0.017981769026634738,0.024413638113119373
caltech256_object_classification,0.015987029142100664,0.016975849917939816,0.015417207724330736,0.01899866154681534,0.016321241840627915,0.015289923682243675,0.025690555322526377,0.019738131258540206,0.006542943208869617,0.019997239274023863,0.000614342740441341,0.0,0.007260490130942958,0.005649591335360731,0.02423717144282215,0.025018511558993962,0.013779233860815393,0.014503773754238202,0.018432490187943604,0.019411621992729434,0.01734736574485464,0.017515732577516065,0.017414851574364294,0.017317447784749366,0.017390701329010924,0.017425014439367364,0.01746156368538266,0.01382327424675529,0.017797835226777362,0.01804073534322184,0.02269717337038766,0.020734401913208654,0.02139919301216044,0.021852756991609507,0.02166150433291155,0.022067365660022986,0.021958692459733576,0.021998222760828474,0.021647091186246192,0.021749960096272544,0.02222076797218389,0.02234317671418181,0.021685527456804844,0.021767566547402927,0.021503968872620217,0.022250240679680386,0.02424927572844731,0.01666965554555111,0.02495412514895655,0.01927858308958081,0.025225675197084033,0.0303190169888969,0.018298873113472388,0.025313431310574504,0.025325101837503798,0.02533210864134232,0.025413684246030015,0.017648241772461413,0.01706211238449474,0.017225771084991015,0.02070658256127223,0.03455562787271469,0.017533361068560165,0.01714630691341157,0.014818641215660244,0.021316169387790643,0.013623798000110689,0.013959073432267634,0.01490846159239479,0.017341681165434074,0.023300525471888364,0.015936246304571213,0.016672021964463678,0.015710213799483494,0.01921916596423659,0.025779238085483342,0.0196170498044869,0.019650413674565097,0.007374892139177631,0.02408084666813209,0.013769150999178564,0.014375064497326522,0.018524071700802728,0.01945574300430237,0.017295187795936917,0.017373011832818083,0.017757452479866397,0.01769718732990222,0.017687167601529007,0.01735756480225988,0.01714289160399941,0.018313130067310564,0.02271597174111691,0.02132449961203043,0.022154174505475258,0.021923137318379533,0.021990936111589827,0.02243233305762366,0.02171643632036325,0.021706231401685608,0.0214499722463788,0.022057166990734924,0.022465255497632848,0.021796036991041517,0.021912334034657,0.021599432991930137,0.022558651964528064,0.02447576486387922,0.02491502238967557,0.019105312670534166,0.025326900959429587,0.02528096169033916,0.025405867990508597,0.025294003221355374,0.025354253074295667,0.01758550543859102,0.01713815622431983,0.017075719295694233,0.017582429945978077,0.016825284191043254,0.014818184278439235,0.02116268405835888,0.013610776850389366,0.013982893780284254,0.014696728145450179,0.017430269794131592,0.023302820126284905
cifar10_object_classification,0.022581657015306594,0.023115244020826625,0.02180131860433559,0.02577000832000935,0.022417694069705146,0.022079654358067486,0.029241313453589896,0.02387338634862201,0.01250887480496459,0.01429506844815167,0.00735242618321903,0.007260490130942958,0.0,0.0010019205519068448,0.024011616769045604,0.024824633598408797,0.019828378081555936,0.020138528576149062,0.022766917888372484,0.023731139330888055,0.02272056892757045,0.02287024311422603,0.022801014403663222,0.022749373233637647,0.02277185031066042,0.022809957833555262,0.02283521371369856,0.02022739840853678,0.022503060243527627,0.022548363702233468,0.031049771013135073,0.02862608395400284,0.03171585963782433,0.02723382724982375,0.026763318616475268,0.027201762082178726,0.027141356368541997,0.027102361444005293,0.026887300787992653,0.02686004309253964,0.02742508938212132,0.027670390762557305,0.02692834920225632,0.026894945018660646,0.026676385023897374,0.027548384428545934,0.03222722477519842,0.022314045001348336,0.03289874800048549,0.027100753955193468,0.034822452944995405,0.03706559185187997,0.02528710854168119,0.03490123955553284,0.03490558447031057,0.03494194345128934,0.03498069131628803,0.023221811892301332,0.022931783193070036,0.023124121630822135,0.025383678964527714,0.04554356509058961,0.02580527453300194,0.024334608049728246,0.023599763357408408,0.02783551570378191,0.022529837014328508,0.021621905234513884,0.023012528508228686,0.025145046353552226,0.0321517945355963,0.022568380247018113,0.023442147065717317,0.022024357613066096,0.025912354660114878,0.029418893145944654,0.023731467572613442,0.013914364608532053,,0.023952330389003185,0.019715445677625995,0.02004392536604724,0.02284495605695044,0.023803067013184673,0.0226416421965697,0.02274213501756489,0.023079669960257107,0.02301917647841964,0.02305014770593631,0.022751389741062066,0.022559087388463888,0.022964498139633294,0.031050752710200413,0.03166826899018249,0.027487876906441232,0.02699658240332896,0.02716577112190113,0.02755369755178757,0.026823007156609187,0.026928741798608394,0.026627200186295465,0.027257338748666284,0.027782167409412088,0.027035693147061376,0.027003496899236923,0.026702834896868765,0.027831609428251303,0.03243952397202598,0.032893134569527166,0.026868225248681214,0.03494911746960403,0.03483702332524466,0.03500204701991137,0.03489792502129418,0.03494616001873972,0.023150909435727507,0.022972933080755445,0.022991988260011087,0.02585391076518956,0.024070726383328488,0.023589084914457808,0.027730803349511862,0.0225285904006022,0.021606383746838806,0.022871840308064842,0.025235801454144485,0.032059684141530126
