,lapgyn4_anatomical_structures,lapgyn4_surgical_actions,lapgyn4_instrument_count,lapgyn4_anatomical_actions,sklin2_skin_lesions,identify_nbi_infframes,laryngeal_tissues,nerthus_bowel_cleansing_quality,stanford_dogs_image_categorization,svhn,caltech101_object_classification,caltech256_object_classification,cifar10_object_classification,cifar100_object_classification,mnist_digit_classification,emnist_digit_classification,hyperkvasir_anatomical-landmarks,hyperkvasir_pathological-findings,hyperkvasir_quality-of-mucosal-views,hyperkvasir_therapeutic-interventions,cholec80_grasper_presence,cholec80_bipolar_presence,cholec80_hook_presence,cholec80_scissors_presence,cholec80_clipper_presence,cholec80_irrigator_presence,cholec80_specimenbag_presence,derm7pt_skin_lesions,idle_action_recognition,barretts_esophagus_diagnosis,brain_tumor_classification,mednode_melanoma_classification,brain_tumor_type_classification,chexpert_enlarged_cardiomediastinum,chexpert_cardiomegaly,chexpert_lung_opacity,chexpert_lung_lesion,chexpert_edema,chexpert_consolidation,chexpert_pneumonia,chexpert_atelectasis,chexpert_pneumothorax,chexpert_pleural_effusion,chexpert_pleural_other,chexpert_fracture,chexpert_support_devices,pneumonia_classification,ph2-melanocytic-lesions-classification,covid_xray_classification,isic20_melanoma_classification,deep_drid_dr_level,shenzen_chest_xray_tuberculosis,crawled_covid_ct_classification,deep_drid_quality,deep_drid_clarity,deep_drid_field,deep_drid_artifact,kvasir_capsule_anatomy,kvasir_capsule_content,kvasir_capsule_pathologies,breast_cancer_classification_v2,eye_condition_classification,mura_xr_wrist,mura_xr_shoulder,mura_xr_humerus,mura_xr_hand,mura_xr_forearm,mura_xr_finger,mura_xr_elbow,bean_plant_disease_classification,aptos19_blindness_detection,lapgyn4_anatomical_structures --shrink_train 800,lapgyn4_surgical_actions --shrink_train 800,lapgyn4_instrument_count --shrink_train 800,lapgyn4_anatomical_actions --shrink_train 800,laryngeal_tissues --shrink_train 800,nerthus_bowel_cleansing_quality --shrink_train 800,svhn --shrink_train 800,cifar10_object_classification --shrink_train 800,mnist_digit_classification --shrink_train 800,hyperkvasir_anatomical-landmarks --shrink_train 800,hyperkvasir_pathological-findings --shrink_train 800,hyperkvasir_quality-of-mucosal-views --shrink_train 800,hyperkvasir_therapeutic-interventions --shrink_train 800,cholec80_grasper_presence --shrink_train 800,cholec80_bipolar_presence --shrink_train 800,cholec80_hook_presence --shrink_train 800,cholec80_scissors_presence --shrink_train 800,cholec80_clipper_presence --shrink_train 800,cholec80_irrigator_presence --shrink_train 800,cholec80_specimenbag_presence --shrink_train 800,idle_action_recognition --shrink_train 800,brain_tumor_classification --shrink_train 800,brain_tumor_type_classification --shrink_train 800,chexpert_enlarged_cardiomediastinum --shrink_train 800,chexpert_cardiomegaly --shrink_train 800,chexpert_lung_opacity --shrink_train 800,chexpert_lung_lesion --shrink_train 800,chexpert_edema --shrink_train 800,chexpert_consolidation --shrink_train 800,chexpert_pneumonia --shrink_train 800,chexpert_atelectasis --shrink_train 800,chexpert_pneumothorax --shrink_train 800,chexpert_pleural_effusion --shrink_train 800,chexpert_pleural_other --shrink_train 800,chexpert_fracture --shrink_train 800,chexpert_support_devices --shrink_train 800,pneumonia_classification --shrink_train 800,covid_xray_classification --shrink_train 800,isic20_melanoma_classification --shrink_train 800,deep_drid_dr_level --shrink_train 800,deep_drid_quality --shrink_train 800,deep_drid_clarity --shrink_train 800,deep_drid_field --shrink_train 800,deep_drid_artifact --shrink_train 800,kvasir_capsule_anatomy --shrink_train 800,kvasir_capsule_content --shrink_train 800,kvasir_capsule_pathologies --shrink_train 800,mura_xr_wrist --shrink_train 800,mura_xr_shoulder --shrink_train 800,mura_xr_humerus --shrink_train 800,mura_xr_hand --shrink_train 800,mura_xr_forearm --shrink_train 800,mura_xr_finger --shrink_train 800,mura_xr_elbow --shrink_train 800,bean_plant_disease_classification --shrink_train 800,aptos19_blindness_detection --shrink_train 800
lapgyn4_anatomical_structures,0.0,0.10323488512103057,0.10874691309743778,0.16434953668107036,0.30664656026463755,0.3643706649973302,0.4190438266251663,0.30742433019776166,0.39535166865921617,0.4454647604799514,0.35464727327563506,0.34762873882691886,0.39559927775040277,0.3717853001746386,0.4670331778130936,0.47091599166716486,0.21281712768496466,0.21165029965423393,0.2810013775517103,0.2707033000922804,0.18211715211105595,0.18359703503713207,0.18185312251556937,0.18072772816938476,0.18019325516315512,0.18085717668793794,0.1805883286516473,0.3145554653906749,0.3174633672346683,0.30946068235298685,0.4002955718128868,0.3603728836658774,0.39015327421655344,0.32274841306531465,0.3227788348914086,0.3253189361563988,0.32086395335715967,0.32623799721487556,0.32095304978782724,0.3205049383907714,0.32814041446231906,0.3259164466844346,0.32418396229234353,0.3200879568351482,0.3204679969368346,0.32782561666993904,0.33497714116260013,0.3356392494339533,0.3370439047845705,0.3422299804611869,0.41227481700684715,0.37901309537784567,0.3518542101771761,0.41259669534835985,0.4130675474113885,0.41311445225062793,0.41363314016533903,0.36554165094612545,0.3537896456624451,0.3537931431168154,0.3769010331452385,0.4636789950231761,0.358551463965039,0.31975512103681314,0.338613574145983,0.3571182209131567,0.3533751409765912,0.35084732995026524,0.3662541232548445,0.3385991500196167,0.39257653167631357,,0.11623738346442045,0.10846631265390781,0.1644891716755874,0.420240196427488,0.3066184510795289,0.44614571146546367,0.398904443598205,0.4657514870571573,0.21085114126064738,0.2109433219435775,0.28335000857121656,0.2697989330017746,0.18415786412687601,0.18100400595559393,0.1836903011817308,0.18603554977449818,0.18550442571907091,0.1795533098830478,0.18408417105853644,0.32055120257484876,0.40066068840990265,0.3892191364886576,0.3229840500174277,0.3255900940925671,0.3257702197015224,0.32413304203684945,0.32546466774690896,0.32016907979720277,0.3174366824613859,0.3258798548679628,0.32759577385002436,0.32477841108878697,0.3205210172471983,0.3206470584728287,0.3297080555981489,0.3365278620762818,0.3374644686366681,0.3384947051941579,0.4125561859108706,0.41273006485677177,0.41342567857677615,0.4132112109429159,0.4123821755944387,0.36572591487723705,0.3562455517524141,0.3524307043497914,0.35935036434860645,0.3208706464882756,0.33909028657968365,0.3577161410193765,0.35327909426501014,0.3518910637865398,0.3654252522817417,0.33965709776282815,0.3916875292911765
lapgyn4_surgical_actions,0.10323488512103057,0.0,0.05015909068011344,0.06043248350622349,0.36968746410910525,0.43077394141782077,0.4979424663409493,0.33293726572820204,0.4393607575436087,0.48374252249519,0.38398216101412896,0.36612637559697253,0.41036396704227535,0.39562511632817643,0.5046518710448632,0.5170823485308027,0.26579271344357525,0.2700625201264025,0.3059440806886209,0.2670804880557403,0.14182322549001278,0.1430110397987877,0.14122543298703333,0.14069117907808282,0.14014787281285568,0.14140711124836997,0.14085081784111333,0.37242358730800507,0.3012363609566946,0.3506760489041839,0.46237367162805154,0.43620417803958617,0.43620793361825294,0.31712474619495107,0.31573180083355923,0.31745370948760837,0.3141386987255262,0.3193630878733582,0.314014955791361,0.31391059478639055,0.32193197143166086,0.3170565579465945,0.31647021839637846,0.31214729071060093,0.3158301775848952,0.3200578109014758,0.3501103392029871,0.39772782274015883,0.3484261647842015,0.42422437738422475,0.47853877410058365,0.35819900044201536,0.3566012427954556,0.47900055038576744,0.47933289271555213,0.4790662540777061,0.4794338315757475,0.3790732596730475,0.37582421597879445,0.37664632458218683,0.4169188204938611,0.5222418322115785,0.34587039036004696,0.3061880728122668,0.3448232974193991,0.33939122078222145,0.340555398555736,0.3434642250690104,0.35447920971572894,0.37210854845203106,0.4432420813902451,0.10581735587733176,,0.04879372167255588,0.05933046811116467,0.4990199527490133,0.3320697851064964,0.4841468184421665,0.4138922318305816,0.5029685733723034,0.2651778540212839,0.2692470285124319,0.3079064193964982,0.26679842812392085,0.14424916988800757,0.1425296948384403,0.142108702839812,0.14529341664945875,0.13986497327141365,0.13874747130651252,0.14516608800513478,0.30047070435438905,0.46280364424700016,0.4361014367836703,0.3170297367658532,0.3163681248466187,0.3168906610671012,0.3150368367137695,0.3202845314843544,0.3147873707918454,0.3134529843531598,0.3195677415866449,0.3179628113714578,0.31846048824482526,0.31231180615812326,0.31373885386601674,0.3211932764306309,0.34955915856543357,0.3505562913185487,0.4205181240982282,0.47864499333719895,0.4791697990708661,0.47957486789433523,0.47940146761650065,0.4789736552039487,0.37886372129478807,0.37742281823305335,0.37749605191417807,0.3462374365940226,0.3057201507309424,0.3440438064994843,0.34007323433563275,0.34179714614403167,0.3448802054512674,0.35432871219102957,0.3726358655816617,0.44129585831542945
lapgyn4_instrument_count,0.10874691309743778,0.05015909068011344,0.0,0.0501945599547661,0.34130384344506104,0.3920661433847877,0.4573407509685913,0.3409556504147869,0.39866161400650163,0.4559586377072036,0.3544814836960348,0.3391570649962168,0.39469130959537924,0.37798238544589424,0.4802607461513404,0.48663887883914575,0.2580593529828683,0.2637571178593868,0.3200063805250529,0.3013338018804689,0.1255276638943993,0.12772202784827336,0.12488583075288599,0.1242331705984922,0.12440013571056446,0.1252668981163787,0.12464634927289547,0.3421127484866043,0.32277580856033594,0.3554754845493938,0.4258299514689262,0.386058973450947,0.4142656445983123,0.3402342661413835,0.34077018313808527,0.34330832699137837,0.3376492290878459,0.34470573342526223,0.3378948273674063,0.33773191384927354,0.34682454203594965,0.3430263432651426,0.34120437975620044,0.335749878578094,0.33894247194287597,0.34511143945607226,0.35620789141485754,0.3697207057730556,0.35764035389220916,0.3883542249467495,0.4445690944011513,0.38310365463272444,0.3684358152880728,0.4445476128582315,0.4455934963611254,0.44505014266959464,0.44525126193992626,0.3738650475258303,0.3775636396310674,0.37910336562476,0.40580203126966563,0.49067623074546374,0.33244361916289356,0.30648718003731007,0.319255422601753,0.3412021218808271,0.3231943999442273,0.33290898641003425,0.3389789107362946,0.35490299439665923,0.4175109915467511,0.11034228829742895,0.05126983566932183,,0.05187934807420974,0.45793112943590375,0.33997972915994834,0.45671181374055975,0.3978367240067726,0.4782603370997151,0.2571832933792845,0.2618718934916503,0.3229558977896182,0.3010203232246522,0.12829441919883805,0.12530414848681748,0.12731005517883767,0.1285097604888853,0.1245305897457025,0.12103541942182303,0.12742502435299324,0.32448059548391917,0.4268254053559848,0.41399547149921256,0.34163806351669723,0.3424832223835801,0.34259174260808395,0.3404782709268115,0.34429891676631075,0.3384183161543622,0.33645965209575346,0.3443391193283293,0.344784109354208,0.34260387303026146,0.33612985719789057,0.3383038980149574,0.34684364398064493,0.3573945562984809,0.35965597497389934,0.38496851346675875,0.4447563801792242,0.44529123691003214,0.44556721293638674,0.44512815714925613,0.44454715751916307,0.3746134408127417,0.37858346980348956,0.37959028252776267,0.33298355251823253,0.30665864565108303,0.31891962320929684,0.34158268214089216,0.32367443747966285,0.33380110108834365,0.3379198952434347,0.3554160640294344,0.4161699241000425
lapgyn4_anatomical_actions,0.16434953668107036,0.06043248350622349,0.0501945599547661,0.0,0.39919145878266615,0.43919473631683603,0.502490540834235,0.388561354487947,0.43563332748896344,0.48426802278369907,0.3920653173207834,0.3766965272738143,0.4309723892220707,0.41822962601512453,0.5055483894464201,0.5165584299407402,0.32391256146821923,0.33257505343018023,0.3620546573815393,0.3470959214955429,0.18521599673833913,0.18754771324926417,0.1842350014568382,0.18380264626335474,0.18440886790179375,0.18530561358139946,0.18482454806686235,0.39560189878706686,0.34326568987457984,0.40328807474147654,0.4809586298909556,0.443997595207362,0.4507195136043407,0.3693503620004207,0.36881276749455527,0.36865568401726384,0.3682961477201009,0.3696211035348236,0.3671552096332156,0.3686944196804901,0.3720705205380582,0.36833944788184936,0.36777250797432764,0.36642765701632385,0.36738361683773224,0.3678743838600699,0.3901195178876312,0.41568644109835634,0.3908435207537022,0.4426618817748061,0.4992695739521294,0.3983215538793019,0.40255926694936983,0.49911345887863867,0.4997200602965641,0.4991249163019811,0.49961918542088685,0.4183688688023576,0.42458240992732094,0.42609963624247366,0.4435489805129585,0.5364702966698417,0.36715742672988727,0.34575774174332097,0.35831820464611314,0.36585603300220837,0.35622954337748414,0.36266327792313036,0.37220496319044943,0.3921749692495192,0.469608420042475,0.16587050102232642,0.059154647373832484,0.05052850780676994,,0.5032455947979811,0.38750135271725805,0.4856354084003199,0.4346618253189414,0.5034309934053396,0.3226865307390657,0.33149786664036335,0.36447391469454715,0.34674243633032775,0.18885479684109918,0.1856164755722432,0.18726462144428946,0.18935807546261188,0.18142709207148555,0.18109466007831587,0.18689882007219227,0.3434232930540062,0.482176451241255,0.45115305710449544,0.3701249955204794,0.3693976367885575,0.36787917943510023,0.370265920987219,0.36918121582083124,0.3677199703390269,0.3676732438656821,0.3701626700226945,0.36839769919935683,0.3692820338012579,0.36730564135968446,0.3658816571043031,0.36956366135867247,0.3906463943923555,0.3930883395988177,0.43930584910957443,0.49905908736225246,0.4996353140743049,0.5000709307178927,0.4993351529634468,0.49905030550721236,0.4195179352445729,0.4252681184579967,0.4269487029876094,0.3670601333404144,0.3451100656724775,0.35772703074595447,0.366909218362822,0.3575144907933192,0.3643645576740535,0.3713819935629049,0.392496863127736,0.4684785441122169
sklin2_skin_lesions,0.30664656026463755,0.36968746410910525,0.34130384344506104,0.39919145878266615,0.0,0.3168361844123715,0.339645903107643,0.3733787799108986,0.3287782054338876,0.3879480438567634,0.3036668831172507,0.3006327943308734,0.3610273544921182,0.32013192209903374,0.41318846343574345,0.4062325540716463,0.25873950692251346,0.27139172459136107,0.38005710162292894,0.39338985943518323,0.3567000392875824,0.3597735618436636,0.35803724719905383,0.35499336716641344,0.35712843922380433,0.35671434140149655,0.35851596119428375,0.135602627773503,0.3581715303723493,0.25050626021998873,0.34441748862638516,0.2090769395510006,0.3655106092176386,0.3689435955954536,0.3716889677565236,0.37559871267158207,0.36898710588989997,0.3768608346320018,0.3683658523087604,0.36760052825189415,0.37803902423796765,0.37970394406528785,0.3720689094560361,0.3630066199283001,0.3740244681312136,0.37813830640963764,0.40168428837900044,0.12959206343992924,0.4104891731706902,0.17665430176989022,0.3098695492069778,0.45112053943966557,0.3673645968667494,0.311172100263145,0.31158644853053513,0.3114097145129707,0.31170293827661477,0.29956862041680693,0.2821938080680372,0.28559110104816954,0.31253197778892494,0.3809128012469143,0.38751229269239124,0.3619127829889523,0.35554460263860943,0.4141399992730959,0.37794597672398017,0.3820686623706585,0.37369063941584696,0.30282994890260206,0.2868642065830618,0.30392717236253625,0.36708849797999854,0.34743471328421194,0.40160179108552496,0.33927731618037854,0.37133449290167875,0.3876866480593659,0.3616729551694098,0.4117798068416383,0.2588214526603625,0.26913250925931714,0.38271857481692056,0.395997795656839,0.3555145742559643,0.35488120443149584,0.3603344904643993,0.36070907897452487,0.3660375253994584,0.3548508534353846,0.35523083761176055,0.3686585513830899,0.3444229311203011,0.3636235176608875,0.3738957070414318,0.3776730557821304,0.37739118583637626,0.3739484732218377,0.37252854704686467,0.3668050818779407,0.363256877322634,0.377244265579635,0.38161344164517497,0.37202157801035707,0.3621053190911352,0.3769303019820537,0.3811014401765897,0.40554801846029154,0.4106276604116607,0.1756740208309208,0.3101766645507401,0.3109798162058608,0.31232371920934665,0.31124316444131317,0.31063250889689487,0.29997848998906745,0.28213880428730465,0.282063823874865,0.38986470841061477,0.362938311583929,0.35831052756636095,0.4137812493711052,0.37558343447142206,0.3812708375004394,0.3713756257078507,0.3038529712737071,0.2866704341741914
identify_nbi_infframes,0.3643706649973302,0.43077394141782077,0.3920661433847877,0.43919473631683603,0.3168361844123715,0.0,0.15424685830244708,0.5027960863498468,0.18748216625708525,0.2497238255978467,0.19149999387460953,0.194482427541593,0.297183911847273,0.25071050340434237,0.3006209731100471,0.29280179787241023,0.3685984588713943,0.39227287835592217,0.493696179193022,0.5109664530624985,0.4462562205722735,0.45182677902087726,0.4471291638126292,0.4431852679571802,0.4481769061949367,0.4453974720487298,0.4503484179030927,0.2386698027056049,0.3825651700775992,0.2714772420595726,0.2355240020824876,0.22655089716011173,0.35302117481608847,0.4664281631516254,0.4598389537271666,0.45757370170278067,0.4707475613836357,0.45549424428531865,0.4657335037518658,0.46709565013589405,0.45752552520523243,0.4687132794795721,0.4589428519987143,0.46967708447750395,0.4606169518375527,0.4541421313230127,0.4301974944096231,0.24672481355124526,0.4440432522030832,0.19659732710156277,0.36405561632751454,0.5578378520731594,0.4477642590481915,0.36344437236542054,0.36545536690776387,0.3649202353059241,0.36644311776881755,0.49553535724443365,0.48832788998523463,0.49087923907599584,0.256646941778936,0.4066501007037728,0.3819594156478382,0.42703317676884905,0.35594653078762184,0.47747626949228006,0.3638910812506199,0.38485784823454905,0.38543512559355064,0.315481945408146,0.3823387875244414,0.36123165190695516,0.410818766857057,0.3993595509824725,0.44387427163250814,0.15299928533165377,0.5004511679782908,0.2533617332748949,0.29779575026424576,0.29923603726474424,0.3664816718540044,0.3860977471198137,0.4971915868218853,0.5093321795874555,0.44677287424577294,0.43833304202919277,0.45108867599113234,0.4521184158140823,0.4544060286004789,0.4482715600109634,0.44422475656358995,0.3950422785629263,0.23698424182900107,0.35329614247788743,0.4702708172863734,0.4658192040520971,0.46029367795824283,0.4817584618459698,0.44966541189125564,0.46215803810224887,0.4611063819961332,0.45481999063039624,0.47161366917240616,0.4579274339217009,0.470147154473626,0.4626938120022086,0.4583550125939069,0.43674546190785546,0.4439859948222773,0.19784725144809928,0.3628623629673864,0.3653398907227455,0.3654432987048133,0.3633648948762995,0.3654804055302636,0.5009081150208278,0.4901476990474899,0.48352169249596855,0.3848131563159287,0.4272650755126212,0.35818199447083876,0.47953875528960843,0.36258394679913464,0.3829660260725721,0.3845442123291448,0.3156620508452657,0.3822877555330372
laryngeal_tissues,0.4190438266251663,0.4979424663409493,0.4573407509685913,0.502490540834235,0.339645903107643,0.15424685830244708,0.0,0.5417133923652767,0.21390136471560875,0.23678575276461467,0.20987176481744862,0.2183296879486082,0.279069118257853,0.2340146111808435,0.32019417684547746,0.3010335926080281,0.4369555469409975,0.4575835247765179,0.5401745078835867,0.5862359985818396,0.5201032225492904,0.5258103080415436,0.5209239183733259,0.5173205909033542,0.521083641092972,0.519366739263063,0.5230954622878732,0.2637422874299727,0.4351753308832744,0.33015489931825925,0.2764932006819937,0.2593025235134254,0.3922561434977816,0.5258751061991624,0.5222608099351498,0.5177566460809618,0.530457339260396,0.5153490931306469,0.5258806465733978,0.5281962801519497,0.5174420205435519,0.5289834150108242,0.5197595276478457,0.5289058385134983,0.519553933609848,0.5121720659445087,0.48013762591463216,0.28877749913178846,0.4961800456960733,0.21220053143613543,0.38300925307665856,0.605677673407887,0.5040922621957629,0.3827666261590603,0.3843514247748657,0.383935430456832,0.38494701244443197,0.5126038355478584,0.5051935366508213,0.5078790522111423,0.30344560254711356,0.4265016694377709,0.41913570994664384,0.4763368490911089,0.4085227201107804,0.5125481649298729,0.4169112364031481,0.4298167642045061,0.4326166967624151,0.36106023276286936,0.40880428733154417,0.4159238211612365,0.48887351981703164,0.46513144468681394,0.5063538450001566,,0.539777932840691,0.2415766931961325,0.27964549977184017,0.31827799492560427,0.4343897876883827,0.45329375411606526,0.5439538837254202,0.5845028071280364,0.5193988415149839,0.5115676155081534,0.5240594926347696,0.5249485287524389,0.5269792479646709,0.5202079097477612,0.5184026293075393,0.4494518323429377,0.2774816011752753,0.3922186397960237,0.5293054968678154,0.5284647255476445,0.5195567077018848,0.5404881661461916,0.5089477401667952,0.5232288780870022,0.5218846931345527,0.5150633717570712,0.5312788672323492,0.5181785553836342,0.5296752955540438,0.5208353900632711,0.5176401531205175,0.4868668877951665,0.4953951880817942,0.21420183159571513,0.38237791110946207,0.3846236201484624,0.3844994008659971,0.3829791312720323,0.38446346322556546,0.5181071167569036,0.5073095766564408,0.5008147905634626,0.42204140570583737,0.47750974767482446,0.41036028022782245,0.514976802432705,0.4149618839085746,0.42874349826978086,0.4318763471801123,0.3620729216746794,0.40878225217109493
nerthus_bowel_cleansing_quality,0.30742433019776166,0.33293726572820204,0.3409556504147869,0.388561354487947,0.3733787799108986,0.5027960863498468,0.5417133923652767,0.0,0.5227903719787865,0.48141014297228607,0.4474521622237958,0.4252530786522005,0.4311281337444747,0.4149523014718213,0.5304788817049791,0.5394257536326283,0.19172351527235718,0.15933589916071839,0.07527455741237468,0.16270933974611482,0.27312168371364565,0.2722415781321893,0.2716669590759051,0.27290268885595415,0.2725404414471968,0.27265612719198234,0.27338177679685904,0.40440562188948803,0.26982827117468294,0.41813202480459966,0.5021345659646616,0.4884984993649255,0.42187397609477806,0.3574908375427988,0.3507482880569196,0.35385936240421656,0.3524447248854654,0.35336699070414684,0.35301727818014794,0.3491922014089495,0.35640132630792587,0.3586879149336589,0.35236051102802535,0.3488894653491482,0.3578049406585485,0.3574093409285164,0.40851380698828343,0.4117453207788925,0.40906918679657,0.4547490079558292,0.455093742905747,0.4312682972354315,0.3248804651005843,0.4551527445158593,0.4564711319648803,0.45627851271967446,0.4552593791765688,0.25750706332145656,0.2481827614462769,0.246698476221034,0.45700312862393,0.4956029696095563,0.39683484191814644,0.31793097549301874,0.36325335125005814,0.3783245326285291,0.38306124393295904,0.3574746809316308,0.3607736585254765,0.44044218086468634,0.40826110213096767,0.305812079870173,0.34686235859498904,0.34156136093565614,0.38665847328482517,0.5425864553482858,,0.4796889493473957,0.43272014548693166,0.5307110280863718,0.19055837883426668,0.16592806036188293,0.07628504405022105,0.162792351280228,0.2720887903448601,0.2735756302035506,0.27429407940773015,0.2751905046677085,0.27752805111719037,0.27168670438414944,0.27114355616826524,0.2701203617224345,0.502143578204556,0.4195575073026428,0.3594852764567048,0.35244608702193614,0.3536905029695527,0.3538375285344095,0.3530948103639377,0.352982057695465,0.3483133133461349,0.3556983608271023,0.3610095423290596,0.3536857958472547,0.34816403445024374,0.35761794806816405,0.359000026936091,0.4078991915852086,0.40968429128608796,0.4530036084883501,0.4563322085508741,0.45491155416269796,0.45635422641082923,0.4564871187397931,0.45448359763704826,0.25683222351582125,0.25227892209533553,0.24526472792762993,0.3983819503802897,0.3168077685340114,0.3640508165963534,0.3788753404457459,0.3824878618748122,0.35922178327206356,0.3602353987606439,0.4409893808835511,0.40684381049848994
stanford_dogs_image_categorization,0.39535166865921617,0.4393607575436087,0.39866161400650163,0.43563332748896344,0.3287782054338876,0.18748216625708525,0.21390136471560875,0.5227903719787865,0.0,0.281035801885156,0.07303003902114402,0.07353883523532702,0.19658532276285978,0.17260462912164956,0.29741354443562745,0.2848778418808595,0.41420332770771673,0.44100198831322107,0.5183621980332225,0.5342417911837528,0.48860089402387724,0.49301538176020815,0.48977405777684474,0.4860835189877977,0.4889834410824951,0.4882985335408156,0.49138292401193917,0.2436183956380182,0.42334153865850654,0.30026874802785575,0.24807877938678485,0.2034723630678924,0.3456293624711504,0.4885165702999654,0.48187634091492454,0.4801270616359329,0.4929002258038836,0.478637324939238,0.48704242100250095,0.48732156380360636,0.4807767245171771,0.49103929361949716,0.4819185744548393,0.493026536055528,0.4839436708616036,0.4780492439671974,0.4800017247023949,0.2754126593509485,0.49240170601287636,0.22894263013675728,0.35360613125180046,0.573353641667481,0.4210344640543965,0.3531916229718251,0.35510784090863867,0.3540631908301871,0.35569129089724383,0.49341746163889494,0.4768282627038307,0.47999907071902703,0.31058588617939276,0.3914826292078879,0.3657161246705928,0.4403147741229654,0.35558376570405364,0.47031896764567704,0.3406539766432435,0.37186757645858226,0.37118884645336103,0.3036687406171684,0.3699054279075824,0.3927039380397214,0.4223962204370908,0.4057132883537672,0.4409573972635803,0.2126138230903924,0.5209008934051914,0.2836191014867905,0.2004269147444096,0.2950584444550969,0.4127725412269425,0.4361014123772413,0.5200132788321068,0.5346228032010303,0.48930710984950093,0.483516236522748,0.4953238806757405,0.49401135964551507,0.4958706574086971,0.4895205363518241,0.4855611385555862,0.4352607199320371,0.24974264392566195,0.3461132643547187,0.4930214901973936,0.4882174147279335,0.48290951644351426,0.5029575708899335,0.47406757193331994,0.4863878002034935,0.48233962989699775,0.4780406395378172,0.4939255365556279,0.48141107970660435,0.4920033758499499,0.48317255496228606,0.482602056926985,0.484982098327774,0.4932108891035494,0.23209487736585488,0.3522666607084304,0.35550207135082457,0.3551796411220645,0.35298491296697304,0.3550717183014725,0.49752398307428497,0.47999075961434023,0.4733172478759818,0.36921631729783677,0.4388059854078563,0.3568973116888434,0.47248741403701866,0.3387432988070822,0.37125040236470025,0.3695127678391836,0.30344974751752896,0.36967924571197175
svhn,0.4454647604799514,0.48374252249519,0.4559586377072036,0.48426802278369907,0.3879480438567634,0.2497238255978467,0.23678575276461467,0.48141014297228607,0.281035801885156,0.0,0.25117244122225063,0.24977586794732307,0.1845937174255678,0.14619774365773758,0.23718853712971297,0.23072660554439267,0.4363521867841278,0.4475368089423618,0.48659959165404865,0.5183181039135047,0.5000230300681533,0.5041209140405312,0.5000266819488666,0.4971736747182344,0.5009335105610803,0.4999174120096561,0.5031899681103991,0.3332558293607748,0.406872929359932,0.3586459281423411,0.32841216247673033,0.3447344316251241,0.40868759277846056,0.4736911877768635,0.46344839580743014,0.45950423724625417,0.47673805920584666,0.4565788773865473,0.47213709870942544,0.4732236750146368,0.4588371026053324,0.47045889872724417,0.4618701330609644,0.4752625475869805,0.46481899948177263,0.45501805483568325,0.4540696874542515,0.35213114038376203,0.4655723997113709,0.31259063428480627,0.42763988494472716,0.5513657286974805,0.45571794444597746,0.4272831963868983,0.4291787964630486,0.42888636469339836,0.4294380651426488,0.4701293075833789,0.4624555514710895,0.4651936037694273,0.3554163524739663,0.4611643552614637,0.3656880196309849,0.42644929652411606,0.374059580024164,0.44259992485178556,0.373581735536171,0.36875301070979793,0.3767175983595539,0.3752902731353543,0.43194661626284103,0.44336207079609613,0.4778582792840458,0.4612563278570855,0.487260771374353,0.2364746670957387,0.48009960869193224,,0.1820312518730714,0.23597490969018436,0.43573684596948525,0.4446880860920895,0.48819178128297236,0.5191919279204988,0.49920594600149415,0.49448690943359636,0.5040279056156985,0.5054501939633955,0.5075371446401673,0.5006668293194944,0.4981321513018182,0.4165455755977679,0.3294401772569059,0.4086918592328187,0.4778018408014315,0.4683603606006602,0.460498376232742,0.4850678620738994,0.45160096727851395,0.4699341392403327,0.4684524310239435,0.4586263659512786,0.4724172521566214,0.4611639626133679,0.4765958990341863,0.4655731145083518,0.4575272632597154,0.4591624605802807,0.4659214068725067,0.31617620600288276,0.42742897032005356,0.42870495203642844,0.4293698117166401,0.4281615090828102,0.42776561195276247,0.472948241028292,0.46356298641116345,0.45963314053980436,0.36903010976919065,0.4261085797780424,0.37567532875748116,0.4449028095493908,0.37220850049051646,0.36888877203693615,0.3769726373986499,0.3745564568901184,0.4315798064318096
caltech101_object_classification,0.35464727327563506,0.38398216101412896,0.3544814836960348,0.3920653173207834,0.3036668831172507,0.19149999387460953,0.20987176481744862,0.4474521622237958,0.07303003902114402,0.25117244122225063,0.0,0.014887583999838902,0.15596591193186593,0.12388929979772703,0.2644681639492936,0.2542429310732318,0.36428301436996546,0.3796573236229759,0.44944960895894426,0.456852337044756,0.4186214397118395,0.4223175336253632,0.4185063680335079,0.4154769867279512,0.4182627750633915,0.41791306628147173,0.420636788224243,0.2283951242700241,0.3498158227253031,0.28729273909206227,0.2282203935057168,0.21554310088082212,0.29692320455014987,0.42292706021024074,0.4172235018828556,0.4171494094770073,0.4269117900013878,0.41564703456975116,0.4209986667858573,0.42248197278856003,0.418536628000585,0.4257491462406665,0.41697405649393315,0.427610911022843,0.42045272804494993,0.4150649478838667,0.41890954424083293,0.26698885556510354,0.4290831332741626,0.22115988976872622,0.31823634285937685,0.510866668839712,0.34949885108815404,0.3184649756314928,0.32006997672781007,0.31905303602018004,0.3207060416471696,0.4156944264854382,0.39756917247129003,0.4010740469835109,0.28736417286890875,0.35731467549518364,0.2898028788797684,0.36266237666471046,0.2896841703773144,0.38865788839316634,0.2668540444448674,0.28601159686928646,0.29213339693276524,0.26059403183739416,0.32801408819483135,0.3528666773493799,0.3748448367007318,0.3629836442837443,0.3963623812613487,0.2083547166985955,0.4454066950537368,0.2522853208571464,0.15911441030315976,0.26268199781493007,0.3635418156099607,0.3757213120576963,0.45088772842747554,0.45759272931856565,0.4186290599844911,0.4143994562235983,0.42525472013763266,0.4243454974751115,0.42461279148467523,0.4209731445950442,0.4155839688232992,0.3613849518334669,0.22944882504458552,0.29764769958698617,0.4281016435200542,0.4240601960401892,0.41870766547446325,0.4368331631978667,0.41262851393703703,0.42058963528956766,0.41784165514127686,0.41623910105709094,0.4285887599793108,0.4169135640668298,0.42700411803518135,0.42007868997752207,0.42033169670221926,0.4229542762735788,0.4303413645333321,0.22390395901140847,0.31785883748114313,0.3203030402853051,0.3201745587946589,0.3181387516048418,0.3199923807392541,0.41918064888675877,0.4014343527743063,0.3947189610013602,0.29363899681533423,0.35991401818253943,0.29034287328805264,0.39046341221205527,0.2652156200651213,0.28746482103065873,0.2907723623304423,0.26090663818531434,0.3286464828219736
caltech256_object_classification,0.34762873882691886,0.36612637559697253,0.3391570649962168,0.3766965272738143,0.3006327943308734,0.194482427541593,0.2183296879486082,0.4252530786522005,0.07353883523532702,0.24977586794732307,0.014887583999838902,0.0,0.15014349834265567,0.11602830370625662,0.27233927178170797,0.26422670290939587,0.3500886467473222,0.366400219716733,0.43217457175230767,0.43233444104115565,0.3949615360071257,0.3984980391777101,0.3948662047712826,0.3921400574227979,0.3945160580697873,0.3943391868113833,0.39736799430660785,0.22490576281991992,0.3295584797594153,0.2836800897011845,0.23397839084505007,0.22034030159432866,0.2948877820265905,0.4053026980222467,0.3992976074903129,0.40022786794883247,0.4090364722953562,0.3989505331766302,0.4029318807370541,0.404277144984734,0.40227024301599557,0.4085809786190546,0.39975948521358984,0.4093448568480257,0.40405934948794997,0.39906433517241746,0.4061498314426081,0.26715305984467974,0.4157625425139181,0.2259111189152719,0.30923067355903744,0.4951364148239028,0.3308685559136353,0.3094135080618,0.31094464657748455,0.3100167689600739,0.3115064100034898,0.39879450457207594,0.38163681654077497,0.38549432994957433,0.283275749901603,0.3488408628784003,0.271180675733373,0.33542158267989264,0.26654382945321625,0.37192874873031806,0.24303565333351151,0.2629718642819636,0.2691796558192218,0.2567152215056963,0.3144858682295427,0.34617813465863495,0.3558590128572723,0.34741871505840255,0.3800438840943807,0.21681826284894584,0.4234456706105654,0.25032755350137725,0.15287492317216328,0.2705119295027115,0.34982694670745285,0.3627623665633136,0.43377732177005524,0.43326014720425743,0.3948532254273769,0.39116254439455156,0.40114916821490754,0.40094063333129176,0.40120183051963065,0.3975488830508665,0.39173859835227315,0.34126381474490874,0.2350657448140035,0.29519038651178386,0.4106114773169255,0.40607718720902336,0.4015570646035993,0.418463030269748,0.39642668421428484,0.40298226690670746,0.39978394953851615,0.4001214384548526,0.4116140802373635,0.3999275269132281,0.408520005388116,0.403388940720203,0.4041795090595033,0.41031455137937106,0.41696237252063695,0.2286055476903069,0.3088596077128209,0.31135008643267936,0.3109185076313537,0.30897901634391517,0.31097403167386883,0.4021399584214297,0.38544146049842387,0.3794765486621444,0.27567222320881296,0.3323344118838467,0.2668867149023602,0.37355904901111847,0.24161079340564645,0.26428890106052727,0.26808229801109684,0.2571431674775101,0.3148463725567309
cifar10_object_classification,0.39559927775040277,0.41036396704227535,0.39469130959537924,0.4309723892220707,0.3610273544921182,0.297183911847273,0.279069118257853,0.4311281337444747,0.19658532276285978,0.1845937174255678,0.15596591193186593,0.15014349834265567,0.0,0.030689622990720988,0.28052259267070634,0.27982438398025167,0.39908653269062405,0.4067587256455954,0.44070338728403136,0.43407587679674164,0.4277025277460038,0.43067929044898146,0.42771100206577856,0.4264965885234058,0.4274227245139893,0.42722530499013167,0.42958724836572176,0.3009640569565348,0.35854408279713545,0.32176466626718014,0.34188566339178994,0.32604660723555146,0.39320156403886364,0.41469736902581833,0.40524310833777566,0.40607256729859575,0.4159433546493647,0.40491122984770855,0.4113509432261473,0.4105556409308867,0.4087354925030309,0.41576269807455807,0.40706587463552474,0.41611740530534713,0.4109342501396532,0.4072970857992503,0.43600971309591036,0.33096630805983884,0.443778605837271,0.32145732814591566,0.4014598237817296,0.5031892138188641,0.37462267318764,0.40170953557030925,0.4024893034051728,0.4017705694640786,0.4033126055770546,0.40967748291207196,0.40364405724411984,0.40717643527620573,0.32475663161419,0.4416699457956835,0.3386533641352772,0.38122183829120776,0.3421553706834761,0.39947380937102384,0.3308101474061012,0.33350879653264154,0.33836927028081804,0.33166342240056246,0.3954109136659235,0.3938981382410397,0.4124937610416648,0.39948434816489764,0.43303936708397817,0.2787675215869994,0.4288844533844587,0.1829284979916222,,0.2796284085648042,0.39755806818496703,0.4047420072189595,0.44124795375771747,0.43602326661514407,0.4265298303853948,0.4247473280618119,0.4329241779852144,0.43167864886858764,0.4339209225790561,0.43015293195968696,0.42447465479401925,0.3664838562639777,0.34197714151080394,0.3935030983040453,0.4189848668562226,0.4103529085575832,0.40771983846754234,0.4226962825818557,0.4020731885559182,0.4111267021821907,0.40700424356836495,0.4065485747622708,0.41842640362334316,0.4077151204418827,0.4150633310468609,0.4085944283989068,0.4113399517975505,0.43912646734892197,0.444993375430877,0.32351055289609637,0.40151653682257865,0.40301786634305214,0.4028244463546003,0.40124015611815755,0.40275313539787316,0.4119117026190218,0.4053459436464834,0.4027726895579008,0.3422419544126414,0.37839576259840957,0.3424388615965514,0.40069891948070196,0.33003860756568854,0.33470419244457383,0.3387024059806557,0.33167452083938953,0.3945361479481275
cifar100_object_classification,0.3717853001746386,0.39562511632817643,0.37798238544589424,0.41822962601512453,0.32013192209903374,0.25071050340434237,0.2340146111808435,0.4149523014718213,0.17260462912164956,0.14619774365773758,0.12388929979772703,0.11602830370625662,0.030689622990720988,0.0,0.24703034615657876,0.24202494103903177,0.373489991291335,0.3817604238581247,0.42288019675190835,0.4193433859230623,0.41131977585410795,0.4144092602980722,0.41139605030205484,0.4097484002204562,0.4112524940667233,0.4110216124448162,0.4135726506416169,0.25990612894235676,0.336488752793512,0.28562960439425067,0.2861997201914975,0.2842347725703327,0.35343851450896807,0.39377100347710847,0.3851720651320626,0.38613595953253976,0.39566960024409137,0.38463654916652573,0.3907798432287635,0.390785952106526,0.38801031954508064,0.3953837941178673,0.3868148606099294,0.3956817927973197,0.3892959953264316,0.3865545108310417,0.4095996420985461,0.29481939719054495,0.4171679639634104,0.27738559050405265,0.36364675781505273,0.4876506313891361,0.35087677351201313,0.3639547125026762,0.3648907184724996,0.36425339892696634,0.36547178243968537,0.39219110456251405,0.38201421801926255,0.3857441095244686,0.29809126534310043,0.4083993452128717,0.31095723832287636,0.3626626702917979,0.3278229908983716,0.38308722929863825,0.3109413716917111,0.31220040233980006,0.3200580050067551,0.29586800401222146,0.35893406011004736,0.3697723458195443,0.3986153263888203,0.3836172440855775,0.42098114524449604,0.23381547407906506,0.4128223007868195,0.14443600355800623,0.03282610804748913,0.24589538619592177,0.37285157793228674,0.3796325275341027,0.42372488074305337,0.42121225980619703,0.4100398340507929,0.40830770952297857,0.4160196101798259,0.41618208325102163,0.41845444572999796,0.41320945415216936,0.40785715276026524,0.3460244929080194,0.2861884575697517,0.3533977470097591,0.3980965288602229,0.39099572244092584,0.3878581448276718,0.40307067510614925,0.3814627194593997,0.3903304390934858,0.38655188591101364,0.38650901543856275,0.39839753969849057,0.387269822847896,0.3952501789082015,0.38782973963852596,0.3907122130493612,0.4127623383744162,0.4178640872736764,0.27951157696102247,0.363817303741922,0.3653527916308672,0.36519391446313615,0.3634998639174471,0.3648637973220268,0.39414718681847727,0.3840599926307145,0.38103446376490246,0.31525626041538063,0.3603095623167698,0.3286884339502364,0.38424701892795476,0.31015774868797075,0.31382033747160737,0.3204341340466104,0.29598919554827674,0.35821542109538806
