,lapgyn4_anatomical_structures,lapgyn4_surgical_actions,lapgyn4_instrument_count,lapgyn4_anatomical_actions,sklin2_skin_lesions,identify_nbi_infframes,laryngeal_tissues,nerthus_bowel_cleansing_quality,stanford_dogs_image_categorization,svhn,caltech101_object_classification,caltech256_object_classification,cifar10_object_classification,cifar100_object_classification,mnist_digit_classification,emnist_digit_classification,hyperkvasir_anatomical-landmarks,hyperkvasir_pathological-findings,hyperkvasir_quality-of-mucosal-views,hyperkvasir_therapeutic-interventions,cholec80_grasper_presence,cholec80_bipolar_presence,cholec80_hook_presence,cholec80_scissors_presence,cholec80_clipper_presence,cholec80_irrigator_presence,cholec80_specimenbag_presence,derm7pt_skin_lesions,idle_action_recognition,barretts_esophagus_diagnosis,brain_tumor_classification,mednode_melanoma_classification,brain_tumor_type_classification,chexpert_enlarged_cardiomediastinum,chexpert_cardiomegaly,chexpert_lung_opacity,chexpert_lung_lesion,chexpert_edema,chexpert_consolidation,chexpert_pneumonia,chexpert_atelectasis,chexpert_pneumothorax,chexpert_pleural_effusion,chexpert_pleural_other,chexpert_fracture,chexpert_support_devices,pneumonia_classification,ph2-melanocytic-lesions-classification,covid_xray_classification,isic20_melanoma_classification,deep_drid_dr_level,shenzen_chest_xray_tuberculosis,crawled_covid_ct_classification,deep_drid_quality,deep_drid_clarity,deep_drid_field,deep_drid_artifact,kvasir_capsule_anatomy,kvasir_capsule_content,kvasir_capsule_pathologies,breast_cancer_classification_v2,eye_condition_classification,mura_xr_wrist,mura_xr_shoulder,mura_xr_humerus,mura_xr_hand,mura_xr_forearm,mura_xr_finger,mura_xr_elbow,bean_plant_disease_classification,aptos19_blindness_detection,lapgyn4_anatomical_structures --shrink_train 800,lapgyn4_surgical_actions --shrink_train 800,lapgyn4_instrument_count --shrink_train 800,lapgyn4_anatomical_actions --shrink_train 800,laryngeal_tissues --shrink_train 800,nerthus_bowel_cleansing_quality --shrink_train 800,svhn --shrink_train 800,cifar10_object_classification --shrink_train 800,mnist_digit_classification --shrink_train 800,hyperkvasir_anatomical-landmarks --shrink_train 800,hyperkvasir_pathological-findings --shrink_train 800,hyperkvasir_quality-of-mucosal-views --shrink_train 800,hyperkvasir_therapeutic-interventions --shrink_train 800,cholec80_grasper_presence --shrink_train 800,cholec80_bipolar_presence --shrink_train 800,cholec80_hook_presence --shrink_train 800,cholec80_scissors_presence --shrink_train 800,cholec80_clipper_presence --shrink_train 800,cholec80_irrigator_presence --shrink_train 800,cholec80_specimenbag_presence --shrink_train 800,idle_action_recognition --shrink_train 800,brain_tumor_classification --shrink_train 800,brain_tumor_type_classification --shrink_train 800,chexpert_enlarged_cardiomediastinum --shrink_train 800,chexpert_cardiomegaly --shrink_train 800,chexpert_lung_opacity --shrink_train 800,chexpert_lung_lesion --shrink_train 800,chexpert_edema --shrink_train 800,chexpert_consolidation --shrink_train 800,chexpert_pneumonia --shrink_train 800,chexpert_atelectasis --shrink_train 800,chexpert_pneumothorax --shrink_train 800,chexpert_pleural_effusion --shrink_train 800,chexpert_pleural_other --shrink_train 800,chexpert_fracture --shrink_train 800,chexpert_support_devices --shrink_train 800,pneumonia_classification --shrink_train 800,covid_xray_classification --shrink_train 800,isic20_melanoma_classification --shrink_train 800,deep_drid_dr_level --shrink_train 800,deep_drid_quality --shrink_train 800,deep_drid_clarity --shrink_train 800,deep_drid_field --shrink_train 800,deep_drid_artifact --shrink_train 800,kvasir_capsule_anatomy --shrink_train 800,kvasir_capsule_content --shrink_train 800,kvasir_capsule_pathologies --shrink_train 800,mura_xr_wrist --shrink_train 800,mura_xr_shoulder --shrink_train 800,mura_xr_humerus --shrink_train 800,mura_xr_hand --shrink_train 800,mura_xr_forearm --shrink_train 800,mura_xr_finger --shrink_train 800,mura_xr_elbow --shrink_train 800,bean_plant_disease_classification --shrink_train 800,aptos19_blindness_detection --shrink_train 800
lapgyn4_anatomical_structures,0.0,0.07562916738886788,0.07986167790134596,0.13522940204648953,0.2510490458698156,0.3341171948313655,0.3976469858517183,0.24839912459634123,0.3897413517769616,0.39348524445066274,0.3233277193445245,0.31835313209494365,0.3300000154747209,0.3063445630764685,0.41773163136151836,0.42660406842570725,0.15440879878784391,0.15041762932204814,0.2212044486931215,0.21509877681383133,0.1330603587828783,0.13475005010097582,0.13387232201457666,0.1327459469138066,0.1325894013735029,0.13279740831805548,0.1325878543817642,0.2634880818557508,0.2595769230521495,0.26517382496142083,0.3657988197173805,0.32995657766633946,0.34437572445810294,0.2703336126507018,0.270647567616937,0.27497870814046815,0.26894437821589284,0.2755477803063176,0.26900001789733347,0.26879790740678555,0.2765594602600444,0.27546573477206104,0.2720451397252366,0.2674021457711655,0.2663214057329736,0.27801953621799136,0.2882130155153531,0.2786318403254475,0.2908642851746195,0.3058544506543108,0.3689851788912721,0.3347660456340872,0.29984862818708785,0.3694337675791266,0.3699510385030703,0.3699976439532857,0.3701130684443329,0.299725728700659,0.2915538209333798,0.29040891552409087,0.329093350789354,0.43468370591116084,0.3193272530166918,0.26978563498015035,0.29251611827957125,0.31025022844142064,0.30421854171715496,0.2981498009703797,0.31354644002530824,0.29288852896298456,0.3432759411615024,,0.0860394369244826,0.07960584938362986,0.13668115760235677,0.3987773149013623,0.2480967260403445,0.39271019274923186,0.33162757284977373,0.4168621372067898,0.1521788209991714,0.1499531329594514,0.22343633222345766,0.2136049624393111,0.13441221422010585,0.1331665850805333,0.13552513415305684,0.1381034127808096,0.137210800256637,0.1308109148923439,0.13509829449333555,0.2635220015511213,0.3660293685485798,0.342777044045237,0.2719082389808555,0.2736964150092689,0.2749002544434358,0.2724734429614214,0.2737780068269049,0.26833024974913766,0.26543677037390945,0.2745151499932887,0.2777338635399792,0.2726073722437026,0.2680945331163327,0.26780008238304115,0.27974437774016814,0.2894598872633781,0.2905187792007963,0.30192644931056783,0.3699861123993683,0.36924222958192854,0.37005257516032863,0.3705282026774113,0.3690621294062753,0.29937945352566925,0.29399597851206205,0.2890337542558342,0.31920810767532315,0.270735521266092,0.29363141790619574,0.30960507684677446,0.3038307336297904,0.29935929940284,0.3130089757733048,0.293516501349974,0.34223296057871144
lapgyn4_surgical_actions,0.07562916738886788,0.0,0.03121516883274247,0.04146751781935949,0.30290473416172997,0.39075771681742,0.4631717551263249,0.26459887795879594,0.43173068442306406,0.4276304634126912,0.35439116696605044,0.341838883298936,0.35071165698871143,0.33507703194098226,0.4451649328381353,0.4621034394668385,0.19783762679073585,0.19760679152118674,0.23672119997318097,0.21451571582569395,0.10449139934409443,0.10584325500126185,0.10453110497251958,0.1041844466054217,0.10377183869079296,0.10464449126298617,0.10384462936131768,0.31321980438997954,0.24387917297163453,0.30472073205351546,0.4179813607799173,0.39506511648144527,0.37857569958116355,0.2670631185714796,0.266456849274302,0.2695140249713336,0.26530290122250966,0.27083671571208,0.26505395849240576,0.26545699116636323,0.2726389715321812,0.26920419912980115,0.2673397976438597,0.2636439589697752,0.26480962770066,0.27246440128492333,0.2971328750073542,0.32688598586845374,0.2963092657962644,0.374087862160788,0.4209009756277283,0.3129205345305965,0.3043816206612723,0.4213404591593543,0.42169640171996076,0.42150818503394566,0.42147085835106884,0.3056192034004087,0.30594915673197454,0.306085109790314,0.36487575476114026,0.4780089161212137,0.30273896798569877,0.2605600390735421,0.29665291472900046,0.28925699908896607,0.2912973502742028,0.28748541210464584,0.30118308727892945,0.3203416335372785,0.38421232797915117,0.07698029108690863,,0.02951353883505021,0.04135845562545119,0.4643348949306735,0.2639773665365542,0.426265395153082,0.3529761411315471,0.4441310144348092,0.19703316309256916,0.1969355656732536,0.2383970975801794,0.2138469085988427,0.10637540321074199,0.10515659963778051,0.10517663155740178,0.10885877392644691,0.10317670346928325,0.10229983613956284,0.1076997134308488,0.24435933196116436,0.418133210873581,0.3772531412217004,0.26783803920143573,0.26754203564883317,0.26875054234053103,0.2669703775343611,0.27037923396480357,0.2654125303363305,0.26406305679509456,0.27063508693989125,0.2703841603220689,0.2684460485594712,0.2641297854714584,0.2642464072231121,0.27326374010886045,0.2968742213584238,0.2970557405729407,0.37011620796742745,0.4217890242060821,0.4209046937000828,0.4219204808290183,0.42213415978974483,0.42101684817704493,0.30490741295853285,0.30802789952137466,0.30562882683388165,0.3024151139846434,0.26043469036312994,0.2963133480160106,0.28916052591523855,0.2921265955494676,0.2894448036080844,0.3015478433129567,0.32084792326572154,0.38249796310020445
lapgyn4_instrument_count,0.07986167790134596,0.03121516883274247,0.0,0.0331799450611837,0.275894073387976,0.3506804514880809,0.42029077555599,0.2714716066888848,0.3882070054226765,0.3969066002630036,0.3198588305468135,0.3090372826136224,0.32824662942065785,0.3109026302896497,0.41858772610149025,0.43055640385129307,0.1919271919606066,0.19359230141653888,0.24980562232915207,0.24526959763144784,0.09414385605802285,0.09620076078772412,0.09426506878909935,0.09359151514065647,0.09379893469363719,0.09432538833108953,0.0935436019315348,0.28405400737972025,0.26315334177172245,0.301937135366942,0.38330491690911106,0.3481740122644834,0.35655645211539544,0.28483291689350443,0.28523442346322847,0.28839781926043806,0.2834182573437142,0.2891472780136046,0.283239268964159,0.28360755240856905,0.2907846447871321,0.2886347136023393,0.2855262064021322,0.2815311666838677,0.28231843134887447,0.29045483720139165,0.3016042573665745,0.3003119136342405,0.30409141653905614,0.3371141597775917,0.3890430025637991,0.33444810342810805,0.3128892929723771,0.38929824192802814,0.3900009977267794,0.38965845543324656,0.38963383292721426,0.3012573021953794,0.3062345059884558,0.30702057064863636,0.347674729656422,0.4491297369086128,0.29391088350877614,0.2607540037969528,0.27594046377021464,0.295390956052106,0.2765830212424767,0.2795962418561016,0.2888757133286233,0.3039709432589669,0.3609068851177416,0.08050669967243412,0.03211391264786678,,0.03573150975065441,0.42115631048543,0.27085265396441616,0.395969449254697,0.33019230802396216,0.41728172740261127,0.19094154291188306,0.19217200718180275,0.25228513957062537,0.24441355375750157,0.09652679524992223,0.09452428427354015,0.09648505035687496,0.0979211508521079,0.09376459425801718,0.09093796602579936,0.09633780987471387,0.265998374578572,0.3837134452711964,0.35539020449768527,0.2867808117539553,0.2871435240387874,0.2874019098104753,0.28673677551223997,0.28748281370752626,0.2833266679902517,0.28152417080907005,0.2887191981604003,0.290541107392207,0.28626927091337745,0.28219034463839054,0.28303552491151474,0.29197941143742373,0.3031074987721677,0.3048570054041244,0.3335985440249003,0.389916079536224,0.3891311147391745,0.39013158583444196,0.3901265546746882,0.3890444788634486,0.3013703401244726,0.30794611051384135,0.3062681138328165,0.29380080563661054,0.260866657446406,0.27589531839257364,0.2950468658710879,0.27662517717789514,0.28083889217745267,0.28847879222175477,0.3045134219624076,0.35959592477696195
lapgyn4_anatomical_actions,0.13522940204648953,0.04146751781935949,0.0331799450611837,0.0,0.3363169429340276,0.4077913765974925,0.4745543403718391,0.31576982256843716,0.4365689337776819,0.43733713844764044,0.36650515730059663,0.3546185907038739,0.37323375477268605,0.35931771436511195,0.4572791468452,0.4729554043535735,0.2523783671303877,0.2548858407496397,0.2899000280047439,0.2842139350370531,0.14267068608175004,0.1445453154079699,0.14227659279202862,0.1420504971323637,0.14212332934563152,0.14298705430928954,0.1419987286790638,0.34224316621332995,0.2824939115546345,0.3552949258928512,0.4442168220139624,0.41139682886910733,0.4024998677228022,0.3163491155050444,0.31562640744790005,0.31670712879992635,0.31601315157311965,0.31726868558253357,0.31463098009205526,0.31650751228177165,0.3194290784070388,0.31691627649951054,0.31485375991757397,0.3144276854173328,0.313391364957962,0.3171322874143084,0.34088462504992956,0.35308184399197634,0.3423207812418785,0.39917909362841386,0.448797514839937,0.3535119486031051,0.3511970441485159,0.4491536891494357,0.44960666945821515,0.4490916260445864,0.4492596902143836,0.3456075310023371,0.35237160548505964,0.353281947458091,0.39917341368465015,0.5009629639645835,0.32783372295904517,0.2988748115166988,0.3163031998210829,0.3180393861348631,0.3094212909951229,0.30977195538563773,0.32420003607085013,0.34860011840117056,0.41522592760687194,0.13611003075610836,0.04271283162807443,0.032784316925046464,,0.4756368305068922,0.3149899757902349,0.4365611443358297,0.375586263433258,0.45585949174521034,0.2514230416206322,0.25388993931005066,0.2919392745467776,0.28358031801839656,0.1457414271242913,0.1434702986299205,0.14470373986970825,0.14720236944356996,0.13941492463715244,0.1397282360679505,0.14481945801018492,0.2836150785345276,0.4446315843273989,0.4017336408396005,0.31748663701346413,0.31655981013471096,0.3155792027868617,0.3184301039594951,0.3161422977088471,0.31494775316116147,0.3147633177676098,0.31777950484077955,0.31756966890480004,0.31583941443291763,0.3155328145026471,0.3132241034097961,0.3185883317038871,0.34189259060156696,0.3430669287709389,0.39589996474470457,0.44951808609563604,0.4488312031297744,0.4499198747254948,0.4496059818878409,0.44876490822171505,0.3456112450017709,0.35380702681855053,0.3527284959759355,0.3275416958934043,0.2981251028112306,0.31569768190096714,0.3179399164796428,0.31020844623970784,0.3116302983287829,0.32414778913077646,0.3489665444301754,0.41411983921354145
sklin2_skin_lesions,0.2510490458698156,0.30290473416172997,0.275894073387976,0.3363169429340276,0.0,0.2847423512160775,0.32352491196228483,0.3247535621963037,0.31436201832111976,0.35020455146558865,0.2682673425092044,0.2641977525206337,0.2992208876586757,0.26407554859442967,0.3728192630573328,0.3716618808001758,0.2036675283468014,0.21950563884592134,0.32418480528646065,0.3383551030895622,0.2891734464123511,0.2920662108732405,0.29087668138165423,0.2886160325479218,0.2899099777303099,0.2898087710458938,0.2912216442297465,0.1144756703418878,0.31243155290615665,0.21880131826515295,0.3154199290800481,0.19608758832370926,0.3344087884924813,0.3242311795581042,0.32703720810791037,0.3317815065775531,0.323970947757533,0.3328166394467557,0.3229656680519886,0.3224602906706403,0.3344341360202217,0.33520610675292994,0.3267490629869388,0.3178304766289687,0.3272878558047589,0.3345438179781547,0.3510909476667561,0.10064898959585608,0.3592815077124673,0.1583234409501765,0.28349041397816055,0.41015122701995865,0.3263606256977161,0.28469206953370635,0.28520721379669584,0.2852181651937856,0.2854445352413919,0.25575417400475065,0.24004849975300685,0.241850622418897,0.2817122796952179,0.3672523815708965,0.3508412856558104,0.3151109489524796,0.3095943616138379,0.37861089466004183,0.32992458519690815,0.3356880902204227,0.3282470940174919,0.26902112930726274,0.26015421961809115,0.2488963526594624,0.2989469431390275,0.2810158255345795,0.3396802062528301,0.32360347373699255,0.32293968957859387,0.349622144563563,0.2996817383044289,0.37170564209705215,0.20366534954210264,0.21691052878514072,0.3266351882005988,0.3395593220051315,0.28764616930055154,0.28936204236077134,0.2939188756879492,0.29397295570904136,0.29737863941895887,0.28768763624299076,0.2873675076299045,0.32204654383778886,0.3153532597684199,0.3320227366032305,0.32889650469376513,0.33221258323547753,0.3314137277232008,0.3292934393821576,0.328742905110308,0.3219057219228101,0.3180951956969327,0.3326514726550659,0.3379491369936288,0.32756844531067464,0.3177292425955449,0.33105073011638386,0.3378793540426527,0.3543788031461511,0.35863226545455645,0.1573552428512086,0.2842441912152258,0.28412091033438447,0.28583163974246173,0.2849621439133223,0.28433257616094276,0.25512100171701374,0.24029415157111156,0.23922140031497058,0.35232468736864675,0.31510112149239244,0.3117836528780003,0.3770896931687598,0.3283804465792642,0.3355255539372721,0.3257936764027541,0.2694349459443449,0.2588702969411625
identify_nbi_infframes,0.3341171948313655,0.39075771681742,0.3506804514880809,0.4077913765974925,0.2847423512160775,0.0,0.13461706758963748,0.46370563481804905,0.17486822046154127,0.2220255969518179,0.1647082323632066,0.16581722925993148,0.2577396454446633,0.21131013797054166,0.27718026826078446,0.2713339936281276,0.33147774422465964,0.3527785882928086,0.45177019495641574,0.46631901383816887,0.40156372428217746,0.40611081792211373,0.40275193126859504,0.3994626155195464,0.4026916954567647,0.4014037037288443,0.40520073587779115,0.21193271678709985,0.3643306249969344,0.24816569789932513,0.21880841357234376,0.20501153734413877,0.3337418842680771,0.43130384625387874,0.42543762250713857,0.4247330242158136,0.43428044058655746,0.42252257640063967,0.42987052856819535,0.4308538207750307,0.4246666526674722,0.433914107843539,0.42380459049371205,0.4324029581267051,0.42461865607940474,0.42251540851329644,0.40430301974300414,0.22568205090711738,0.41829720651585717,0.175323047312641,0.340889375751801,0.5241380344265183,0.4177268779002937,0.340882957647167,0.34222140416421065,0.3421034736068561,0.34338317604572705,0.4477869103138938,0.44208432220757976,0.4446115188553397,0.23565554990648518,0.39235209005956273,0.36413579308664723,0.3983143297420553,0.3290691144316861,0.45472805192967414,0.3371322319526715,0.36079124365800874,0.36177500090495274,0.2972917683116385,0.357783423322384,0.33185086456740887,0.37347247036076225,0.35723413076665,0.41238546988676184,0.13386162996917095,0.4614960907206604,0.22540623300013762,0.2582439207182745,0.27508139055393,0.32981207129742424,0.3475469302160651,0.4553071870247709,0.4656682408437881,0.40070559034218284,0.3971694117978499,0.4072014566646004,0.40702924715131605,0.409013259245657,0.4014780618841983,0.398119739890077,0.37707178108648415,0.22046932516469575,0.33336233423685346,0.43481098066097945,0.430970354536914,0.4253809371676561,0.4446146926665937,0.416408822143823,0.42688587909614784,0.4247143774535011,0.4220468460720691,0.4368238620652064,0.4238445768385164,0.4328558633477573,0.42776488659170486,0.42630861684490007,0.4103975411531864,0.4176050220405389,0.17569930547063425,0.3400363868638583,0.3421236134934517,0.34242243482105605,0.3406791526455705,0.34232350744053214,0.450748083253669,0.4438584122462992,0.4383381235133269,0.36579368721064637,0.39726783371213537,0.331197271302634,0.4551545804034563,0.33527150495443003,0.3589491022057595,0.3598539238192063,0.2971550574472198,0.3574546361746621
laryngeal_tissues,0.3976469858517183,0.4631717551263249,0.42029077555599,0.4745543403718391,0.32352491196228483,0.13461706758963748,0.0,0.5179115138728265,0.1985317975068763,0.21837563432082685,0.18747498351348463,0.19288832844376433,0.2521974827127751,0.2067999245474164,0.30453147259193936,0.28826689958201457,0.4060198811543786,0.4245548743602933,0.5118415734519882,0.5459246845294574,0.4771632444395284,0.4819946707220475,0.47832442649645673,0.47524378194651407,0.47784518523079095,0.4770091420919586,0.4802628041923966,0.2510330886518106,0.4256203112175815,0.3097232943945784,0.2632461228378874,0.24599067479406989,0.38519583173160143,0.5030939817637349,0.49857759617997,0.49587961149379306,0.5063781972268468,0.49369802471938695,0.5020725358027944,0.5038824937329459,0.4956568368883283,0.5052751473604691,0.4958200030914655,0.5047518125427625,0.49535967079838733,0.49195222248974135,0.46490429579037096,0.27718842136308386,0.480740929896424,0.19936498825715843,0.3713097036050832,0.5865944695639169,0.4810655692039235,0.3713301330844901,0.3723532353108643,0.37220756459969,0.3734263539555637,0.48608340716224707,0.478298528154304,0.48072872424664703,0.2877612377416793,0.4225292709854736,0.4121518314351412,0.45694844743842217,0.38997407513073556,0.5031541211225685,0.397726061991249,0.4172275746590324,0.4194948793631137,0.3503175935255842,0.3960567666677864,0.3952019949173938,0.4522030773670698,0.427057468397566,0.47835147604738215,,0.5158327387264587,0.2228796389604814,0.2520483468914808,0.3020807198295584,0.404320151282596,0.4209244093548279,0.5155609210635193,0.5452264362823334,0.47617576072381745,0.47290223646955276,0.482619827418153,0.4823106161497499,0.48394191957435095,0.4764393101490242,0.4740357514094527,0.43933338827829377,0.26425385197752005,0.3844468135895528,0.5059649568425102,0.504570908204123,0.49598720947687824,0.5163654473543544,0.4877717341457317,0.4999169807473228,0.4980419084168143,0.4934214128524298,0.5077249543724657,0.4952264057248767,0.5054241151784612,0.49804098221735027,0.49681954378510584,0.47114077032786916,0.4795048261386836,0.2015778441170436,0.37066907645191405,0.37237923135454365,0.37252651257190245,0.371300194719869,0.37278714077914843,0.4887355235757369,0.47999722860523364,0.4747737775211913,0.41402926224173264,0.45614400739263644,0.3919428971923619,0.503745049527168,0.39531716344163637,0.4159161851001667,0.41745777074255974,0.35065729807126783,0.395717872893892
nerthus_bowel_cleansing_quality,0.24839912459634123,0.26459887795879594,0.2714716066888848,0.31576982256843716,0.3247535621963037,0.46370563481804905,0.5179115138728265,0.0,0.5119337313990016,0.4491986360101711,0.422058103336113,0.4035922043842824,0.38446577785018154,0.37013227449986247,0.48693610538434684,0.5023363938137421,0.1554986576689142,0.12859973221264015,0.050359778121627605,0.1298935556512739,0.21064711527693347,0.21064529286661732,0.21047682936293985,0.2111918824392442,0.2111905779717585,0.2106545400462484,0.21122434753605085,0.35710315310655494,0.22074716687320822,0.37219984623867086,0.4731960549398171,0.45377076293961865,0.3844826644307626,0.3113413831239523,0.3050413241023493,0.30906262214375413,0.3074536059550076,0.3082543794822128,0.307676545547603,0.30542295508224654,0.3109193979882426,0.3126931698717096,0.3071891308449986,0.30451398776579464,0.31012398241591216,0.3121299743746161,0.355969529498933,0.35803724884374083,0.3564931992820326,0.4193006224106929,0.42279468183432833,0.38302148275623715,0.2898029166834103,0.423059049458097,0.4237884778237658,0.4239218139896537,0.4229754478262864,0.2210861239794425,0.21646097415921284,0.21426557349674444,0.41799514003008037,0.4797794562075083,0.35850954927698664,0.2744006526861648,0.3165048906243251,0.33165494644559207,0.3402938482197456,0.31556219538976416,0.3213984327589279,0.39388478685657724,0.37360848442630923,0.2475516494261939,0.2758826757339914,0.2724047675945217,0.31517702935971154,0.5190444670210055,,0.4462698389928687,0.38418597237943386,0.4873243135394008,0.15438491091143844,0.13430496538289682,0.05076146288081339,0.12876963537803998,0.20997321828691426,0.2124592560642697,0.21241143551135835,0.2130895428955364,0.21414976191485996,0.20997758988205295,0.21000508957791836,0.22105432947473003,0.47318482161038344,0.38200250893505094,0.3136885446857483,0.3070395525888622,0.3082779225695307,0.3090368032102958,0.30737306374537054,0.3074513831713902,0.3036521811703479,0.30969355804508814,0.31491430298420786,0.30829383758574064,0.30432917614189975,0.3107205716691682,0.3133369261038971,0.35534813020030787,0.3569587805841199,0.4166510984181132,0.42430231548072994,0.42220047832116103,0.42380598684098614,0.4244450362931105,0.4221447365954195,0.21985940606750154,0.21972333463863547,0.21281295659488306,0.358825876716321,0.2732262062389128,0.317099820151442,0.33164180731613907,0.33999098197795796,0.31776958617432494,0.32078695114533917,0.3943850364479352,0.3718892418802752
stanford_dogs_image_categorization,0.3897413517769616,0.43173068442306406,0.3882070054226765,0.4365689337776819,0.31436201832111976,0.17486822046154127,0.1985317975068763,0.5119337313990016,0.0,0.2682023286860298,0.06964315726741406,0.06917272913201608,0.1913915213138612,0.1680117995780874,0.2854614859629101,0.27512378488343886,0.3966954070377628,0.4214861624034836,0.5033210900008627,0.5192815118721898,0.468933027725906,0.47289138467194136,0.4701721286520316,0.4672793522981992,0.469289647305702,0.4688771513969876,0.4716907483256807,0.2398472655908503,0.4231605661468109,0.2882208343599698,0.2365111079613716,0.1962598997313981,0.33810160210560347,0.47465832430004945,0.46867141031641646,0.46790096240551926,0.47812535516632215,0.46601438872555756,0.4731679972433588,0.47351944646622934,0.4680716148572936,0.47699465562191656,0.4677818179707344,0.47837097688008334,0.4688778760208048,0.4663765641312858,0.4592637101122371,0.27074856028318806,0.47195542703497223,0.22093967868567732,0.3425799232622312,0.5526543167784063,0.4175368456903953,0.34266627094608415,0.3439622993234156,0.34330006652429934,0.3449725301485027,0.4712818943157848,0.45734468100507564,0.4603733995329447,0.29328793475093456,0.3835686840657022,0.3674182226502747,0.43206478153274364,0.34888825026818926,0.4687652850448355,0.3379439005787638,0.37072792772228486,0.3695634036982356,0.29941966670785064,0.36341843706327337,0.387631031557422,0.41434055794805563,0.3948126112237071,0.4418295969639865,0.1973928084954889,0.5103393560140159,0.2702427566584076,0.19453021575291815,0.28310685906131305,0.3953922361448334,0.4170662018883426,0.505978989726148,0.5198135395352769,0.46876299135058364,0.46663713775706,0.47551717976324914,0.47382799398036135,0.4758766904794112,0.4686031699991297,0.4653420538492351,0.4355328509386083,0.2377162569669571,0.3383972735393057,0.47823707099567475,0.4744823397611677,0.4687190819715299,0.48782121785747223,0.4611837892646409,0.4722995439463066,0.4685878295123237,0.4656457403282439,0.47957362685094784,0.4677820369598007,0.47747117410077644,0.469648576001913,0.4705678826638573,0.4644284653845382,0.4717472376329547,0.22382393161901648,0.3414811992920904,0.3439465536815472,0.3441955684615226,0.3423009585990215,0.3438674871629934,0.47359982350791485,0.4594281839924511,0.4550814222743849,0.3697015047790767,0.4297943561352973,0.35030233550603773,0.4689805074159133,0.3355196684983764,0.36991443455660317,0.3674863599576792,0.29898557087917443,0.36317939163117763
svhn,0.39348524445066274,0.4276304634126912,0.3969066002630036,0.43733713844764044,0.35020455146558865,0.2220255969518179,0.21837563432082685,0.4491986360101711,0.2682023286860298,0.0,0.22717961378031742,0.22485950017519254,0.16317439858328453,0.12728590862708555,0.21126494056583447,0.2057064587286227,0.384439492207306,0.3917121948384916,0.4449845335749317,0.4711346514166829,0.43666239050715666,0.4403761921215478,0.4374154081238028,0.43498022658798097,0.4376045490428342,0.4372131815047942,0.43984607517093444,0.30087944129237676,0.38765730042258273,0.3229796972771735,0.3037434535116567,0.3127947079451845,0.38328548661628536,0.4405854227650574,0.4312206530124984,0.42923140364523577,0.44228025959291706,0.42626081265641746,0.4386814452301397,0.43918130944887723,0.4288293181183211,0.4383641323991486,0.4293058855422581,0.44094678209982,0.43139449986807743,0.42612967336090746,0.42709650506660307,0.317747772109082,0.43848108814217973,0.2831414299970004,0.4013726283558079,0.5202425127717583,0.427363426920899,0.4013217609815215,0.40254986104701596,0.40263267601076713,0.4030530191297815,0.4312085826038174,0.4249125258479377,0.42751217933296254,0.3267766306813342,0.4468425662289376,0.35237839348920424,0.3968417941409812,0.3475341275622811,0.42512857287761496,0.35011538669950926,0.3474417577391116,0.35784898342873295,0.3538321732051939,0.40564024621953293,0.392289488676437,0.4211860316022254,0.4012240559492666,0.4397744507047384,0.21829727590076148,0.44733511637071466,,0.1612613603634924,0.2105038554451807,0.38358751550570575,0.3888680453463505,0.4473102488364189,0.47242945239881345,0.43582338498455386,0.43394882781939226,0.4413400531241548,0.44260425594536795,0.44316097407186816,0.4366459435843387,0.4343561981791557,0.3980838472404612,0.30434721445713453,0.38270237916480576,0.44383680415032256,0.4357468845445799,0.42890006818087445,0.45036281107816434,0.42117035017142246,0.4370068115809137,0.43484452773653015,0.4278401368706737,0.44005858702754413,0.4293688843856853,0.4422217468551215,0.43328340383461195,0.42870322681978607,0.431807368796216,0.43794051972204834,0.28503601586889954,0.40146369775301416,0.4020789715946028,0.4026632455978573,0.4018202734283398,0.40199957490448535,0.43240945686923515,0.4257178053920006,0.42288074276909426,0.35429424781607105,0.39657346124548254,0.3493273517773309,0.42565412080824433,0.3485328816781239,0.34743736186634494,0.3567484981170617,0.3531535747517739,0.4053832988712058
caltech101_object_classification,0.3233277193445245,0.35439116696605044,0.3198588305468135,0.36650515730059663,0.2682673425092044,0.1647082323632066,0.18747498351348463,0.422058103336113,0.06964315726741406,0.22717961378031742,0.0,0.011448961857666553,0.13793303873521695,0.10897291178639423,0.23948593497669718,0.2322177788134103,0.3237375859561196,0.3392733346538569,0.41562627320997414,0.42480246034116653,0.381315447096288,0.3848720304819723,0.3819784126035996,0.37953030021860823,0.3815593535826663,0.3813413826702738,0.38383007084208587,0.20332166700581072,0.33389901319111953,0.25337198947572004,0.20676136174579438,0.19097246302179022,0.2771713315104578,0.38986986843884214,0.38528368727619805,0.3860955976919937,0.3934552517091962,0.3843085365753107,0.38857101612346945,0.38997295800112364,0.38676359694371243,0.39307828512738713,0.3842312034695705,0.3941158442014413,0.3864460662918416,0.3847644945132416,0.3826412648020265,0.23669587059420993,0.3926331477510123,0.19543508196847867,0.2930534205610472,0.47139811405154564,0.3290759902887564,0.2935942072322706,0.29445279589581264,0.2939086608452778,0.29545982820293887,0.3752099045458255,0.36218544634766425,0.36542763929983113,0.2520684702844659,0.3390615250960185,0.27999030584364804,0.33946224339926095,0.26789461893538447,0.3720984358706317,0.2525713819130405,0.2714163415266617,0.27883438985282666,0.24203160939152565,0.30745931663391435,0.32181129222937144,0.34352877263275994,0.3268890095306224,0.37093515792795545,0.1863311108146594,0.4201083629005061,0.22801103632480063,0.140343031415931,0.23782456379792524,0.32284310190827614,0.33590126991720115,0.41787265098031756,0.4257236424410666,0.38074798651777053,0.37954142154636317,0.3882394122101529,0.38654463820924156,0.3876720860379117,0.382027780172518,0.3776827931490533,0.34545789721710257,0.207717175618539,0.27724397589106126,0.39394066021080154,0.39139111717117925,0.38610252771478343,0.40267541747163416,0.38070550053832447,0.3880119867303321,0.3852333913058107,0.38450866578343534,0.3956129798911473,0.3845940008136556,0.393533268309855,0.38732582432460116,0.38918684510606555,0.3866535414907553,0.3927195947961446,0.19734719191570946,0.2928123215560767,0.29449268911705356,0.294723971736463,0.2932573312881597,0.2945515374246025,0.37690000942654234,0.3645550135092109,0.3606108823408477,0.282653028009993,0.3362047287415716,0.2687843550555421,0.37229591721862887,0.25071054419174454,0.2718002663767022,0.27717162505341003,0.24188472499932817,0.30784792190823096
caltech256_object_classification,0.31835313209494365,0.341838883298936,0.3090372826136224,0.3546185907038739,0.2641977525206337,0.16581722925993148,0.19288832844376433,0.4035922043842824,0.06917272913201608,0.22485950017519254,0.011448961857666553,0.0,0.13371612579543338,0.10285900301319051,0.24299220043733702,0.23793836170495464,0.31367960695561614,0.32924196818107826,0.401788588548339,0.4061852520550231,0.3660396872314336,0.36958097171029275,0.366684604212561,0.36442329998149914,0.3662457235250774,0.3660829793653449,0.3687144642359955,0.19956551662945976,0.3182142182623593,0.24977519496025635,0.20930501676117305,0.19295481421256255,0.27229962915449557,0.37539988817221714,0.37095654334660794,0.37252772556073194,0.37896716884099513,0.3708788680125728,0.3739811108361031,0.3752836379830334,0.3737016196719535,0.3792566671551879,0.3704586834010263,0.3793532181531356,0.37302364423696277,0.3716775219402953,0.3702627800031853,0.2351963052729077,0.3800760282463409,0.19718455914691016,0.283041687031621,0.45745929363218135,0.31439208224742454,0.2835402901712458,0.2844296693856322,0.2838663102927386,0.2854191465745314,0.3602907846301953,0.34803782003973555,0.3516641608054813,0.2484435991764854,0.32897104214790723,0.26342417785240735,0.3175020153820901,0.24752873122416824,0.35811069539265344,0.2312686551646988,0.2512640099416392,0.2580190011304979,0.23695984459579655,0.29439683001176853,0.31702354346081085,0.32941245806061414,0.31605193883788263,0.3585106126402369,0.19172284454898408,0.40190333088593627,0.22537529672972645,0.13574184418550334,0.24137271609308258,0.3130866723954253,0.32600025655519044,0.40401449754726104,0.4072514991075305,0.3652366496960584,0.36452774075261485,0.3725668496715089,0.37132915782927034,0.37250756765731474,0.3668037773433575,0.362377156228767,0.3298152514353989,0.2102621496751408,0.2720888422938393,0.37964724075098555,0.37708355661124937,0.3724052730348378,0.38787917657155013,0.3674715017128899,0.37364105721587265,0.3706787653743783,0.37137590445504,0.381816951672481,0.3710037166916855,0.3786550983146071,0.37369035894912006,0.37614621832722805,0.3743830096108779,0.38007943383519094,0.19901971189081047,0.28289692325246796,0.28451021542336197,0.284586626816319,0.2831829256344327,0.2844961753753821,0.3619723938700822,0.35033200755041827,0.3469660385463301,0.2664212577248798,0.31393445107364104,0.24819294841693923,0.35825373416706346,0.22947598643456824,0.25174809993604397,0.2564515792121941,0.23688841013338413,0.29454250119448044
cifar10_object_classification,0.3300000154747209,0.35071165698871143,0.32824662942065785,0.37323375477268605,0.2992208876586757,0.2577396454446633,0.2521974827127751,0.38446577785018154,0.1913915213138612,0.16317439858328453,0.13793303873521695,0.13371612579543338,0.0,0.02227288942797205,0.2455618725240803,0.24731704781755875,0.3255641673834162,0.33211119145038404,0.38277629770622623,0.38458841974314895,0.36242709944842116,0.3654045704838481,0.3631694754546254,0.3620095706487433,0.3627160489453467,0.3628618137470968,0.3646658085545931,0.25246207543025856,0.3205785817662069,0.27003719756984257,0.30439825931991193,0.2866143898506871,0.3460534777095417,0.3672106082095844,0.35964955923835107,0.36150556997074224,0.3677708501425924,0.35966957613931183,0.36453170441751703,0.3638575063116607,0.36337356174632907,0.36925583997479766,0.36084403892558503,0.3676264181054671,0.36229582712277547,0.36227203779563555,0.38162540711972104,0.2754150602455542,0.3896118923375948,0.27770264703423203,0.35243449589593606,0.4510562614218492,0.33723443051165103,0.35312905563509256,0.35348217659794623,0.35323491662800977,0.35428098430186333,0.3508987932261201,0.3464002886000411,0.34941601692313234,0.2765023811004197,0.4047044871541521,0.3111950289964144,0.33480473399577926,0.29645381681763183,0.36631029938518683,0.2934602175065849,0.29765887504437416,0.3034304326838968,0.28948307130554984,0.34878679380445127,0.32864865745435246,0.3493772275228989,0.3328272156460356,0.37542619566828683,0.2520803851919848,0.3826264286504557,0.16145647219309867,,0.245398210064662,0.32387592194554315,0.3299581628300365,0.3845602865573884,0.385941693958677,0.3614580024910323,0.3613687561113147,0.36816011503528456,0.3670027756738833,0.36852952855163273,0.363403939700803,0.3594654409068472,0.32919624197240555,0.3045314599893549,0.3454739656118709,0.37045756046035305,0.3641358177481452,0.3618958650732479,0.37449884249540955,0.35612007535967904,0.364040327341959,0.36070367127129876,0.36123341195372205,0.3711745239175219,0.36135457221225753,0.3670559645732351,0.36183234320044094,0.36593170433942723,0.38496477746559377,0.3898428017948766,0.27803583774460794,0.35289598511003306,0.35350143010615287,0.3536508269161466,0.3531337479354111,0.35381263234971577,0.35174001003936445,0.34754317101011645,0.34601002964211736,0.3135202447755936,0.33277359015962904,0.29718081085566106,0.3663374703245353,0.29259824943039414,0.29873169006660316,0.3023868853348596,0.28940386556871134,0.3479481081941033
cifar100_object_classification,0.3063445630764685,0.33507703194098226,0.3109026302896497,0.35931771436511195,0.26407554859442967,0.21131013797054166,0.2067999245474164,0.37013227449986247,0.1680117995780874,0.12728590862708555,0.10897291178639423,0.10285900301319051,0.02227288942797205,0.0,0.21585171918109106,0.21360350810941073,0.30229161004728705,0.30962635319978504,0.3666353677118646,0.3719887316582341,0.3460779367022935,0.34915565308883223,0.34694005580707044,0.3453999137992282,0.34652686628599033,0.34664063926025274,0.34864966273314024,0.21446828706494686,0.3019377190527295,0.23721531238055626,0.2531564060726771,0.24543605191218493,0.31172675794172544,0.3479176789413907,0.34120130069539967,0.34290005279821045,0.3491036979101929,0.34085338952424393,0.3455906303577244,0.3455150460728608,0.34411320005545354,0.35025313323726365,0.34185322163512166,0.34869229904702204,0.3419127276649303,0.3430108360446868,0.35775111087202993,0.24109314680583938,0.36572589647057135,0.23397168932445903,0.3216034752638302,0.4360172894645427,0.3181304380603495,0.3223596331121586,0.3228691077740949,0.32262505771285677,0.3235940229217184,0.33211050574857165,0.32528925277629944,0.32840635489096826,0.24907216863047243,0.3777842440136751,0.2852300831486425,0.3174942474969301,0.27991814724110364,0.349983975847799,0.2736775436064267,0.2779024919218027,0.28468709066929265,0.2577831433824562,0.31941167117731284,0.3048229512082803,0.3331566615460759,0.3157732626931135,0.3621780127474592,0.20664726302516834,0.3682884301594216,0.12592418666000788,0.02411320231836768,0.2152797647929642,0.3011368468944211,0.3074500317035326,0.3685501995449552,0.37337659696637054,0.3448917784075068,0.3447718113098814,0.35163846911790325,0.3512883460594095,0.35290451090518415,0.346355868244856,0.34277975698427,0.3117995766114674,0.2531790673639495,0.3107211142204202,0.35114236165320867,0.3464277935564818,0.34323269630686015,0.35638367191352566,0.3369103257960665,0.3449465371720565,0.34171857202361133,0.34231206614968124,0.3525007109585093,0.3421983148960343,0.3485163070604414,0.3423320111433009,0.3467022143822564,0.36111148065397736,0.3655532797566483,0.23429039451485406,0.3221765467473224,0.32285659710782155,0.3230427768456551,0.3223690021182681,0.322945757053389,0.3329301124132995,0.32661831069246816,0.32460885374540027,0.28769601449307103,0.31566199366020126,0.2811274151016374,0.349982193270997,0.2728358063783983,0.2788382683588262,0.2836621256399694,0.25788398434765747,0.31869400980521345
