,lapgyn4_anatomical_structures,lapgyn4_surgical_actions,lapgyn4_instrument_count,lapgyn4_anatomical_actions,sklin2_skin_lesions,identify_nbi_infframes,laryngeal_tissues,nerthus_bowel_cleansing_quality,stanford_dogs_image_categorization,svhn,caltech101_object_classification,caltech256_object_classification,cifar10_object_classification,cifar100_object_classification,mnist_digit_classification,emnist_digit_classification,hyperkvasir_anatomical-landmarks,hyperkvasir_pathological-findings,hyperkvasir_quality-of-mucosal-views,hyperkvasir_therapeutic-interventions,cholec80_grasper_presence,cholec80_bipolar_presence,cholec80_hook_presence,cholec80_scissors_presence,cholec80_clipper_presence,cholec80_irrigator_presence,cholec80_specimenbag_presence,derm7pt_skin_lesions,idle_action_recognition,barretts_esophagus_diagnosis,brain_tumor_classification,mednode_melanoma_classification,brain_tumor_type_classification,chexpert_enlarged_cardiomediastinum,chexpert_cardiomegaly,chexpert_lung_opacity,chexpert_lung_lesion,chexpert_edema,chexpert_consolidation,chexpert_pneumonia,chexpert_atelectasis,chexpert_pneumothorax,chexpert_pleural_effusion,chexpert_pleural_other,chexpert_fracture,chexpert_support_devices,pneumonia_classification,ph2-melanocytic-lesions-classification,covid_xray_classification,isic20_melanoma_classification,deep_drid_dr_level,shenzen_chest_xray_tuberculosis,crawled_covid_ct_classification,deep_drid_quality,deep_drid_clarity,deep_drid_field,deep_drid_artifact,kvasir_capsule_anatomy,kvasir_capsule_content,kvasir_capsule_pathologies,breast_cancer_classification_v2,eye_condition_classification,mura_xr_wrist,mura_xr_shoulder,mura_xr_humerus,mura_xr_hand,mura_xr_forearm,mura_xr_finger,mura_xr_elbow,bean_plant_disease_classification,aptos19_blindness_detection,lapgyn4_anatomical_structures --shrink_train 800,lapgyn4_surgical_actions --shrink_train 800,lapgyn4_instrument_count --shrink_train 800,lapgyn4_anatomical_actions --shrink_train 800,laryngeal_tissues --shrink_train 800,nerthus_bowel_cleansing_quality --shrink_train 800,svhn --shrink_train 800,cifar10_object_classification --shrink_train 800,mnist_digit_classification --shrink_train 800,hyperkvasir_anatomical-landmarks --shrink_train 800,hyperkvasir_pathological-findings --shrink_train 800,hyperkvasir_quality-of-mucosal-views --shrink_train 800,hyperkvasir_therapeutic-interventions --shrink_train 800,cholec80_grasper_presence --shrink_train 800,cholec80_bipolar_presence --shrink_train 800,cholec80_hook_presence --shrink_train 800,cholec80_scissors_presence --shrink_train 800,cholec80_clipper_presence --shrink_train 800,cholec80_irrigator_presence --shrink_train 800,cholec80_specimenbag_presence --shrink_train 800,idle_action_recognition --shrink_train 800,brain_tumor_classification --shrink_train 800,brain_tumor_type_classification --shrink_train 800,chexpert_enlarged_cardiomediastinum --shrink_train 800,chexpert_cardiomegaly --shrink_train 800,chexpert_lung_opacity --shrink_train 800,chexpert_lung_lesion --shrink_train 800,chexpert_edema --shrink_train 800,chexpert_consolidation --shrink_train 800,chexpert_pneumonia --shrink_train 800,chexpert_atelectasis --shrink_train 800,chexpert_pneumothorax --shrink_train 800,chexpert_pleural_effusion --shrink_train 800,chexpert_pleural_other --shrink_train 800,chexpert_fracture --shrink_train 800,chexpert_support_devices --shrink_train 800,pneumonia_classification --shrink_train 800,covid_xray_classification --shrink_train 800,isic20_melanoma_classification --shrink_train 800,deep_drid_dr_level --shrink_train 800,deep_drid_quality --shrink_train 800,deep_drid_clarity --shrink_train 800,deep_drid_field --shrink_train 800,deep_drid_artifact --shrink_train 800,kvasir_capsule_anatomy --shrink_train 800,kvasir_capsule_content --shrink_train 800,kvasir_capsule_pathologies --shrink_train 800,mura_xr_wrist --shrink_train 800,mura_xr_shoulder --shrink_train 800,mura_xr_humerus --shrink_train 800,mura_xr_hand --shrink_train 800,mura_xr_forearm --shrink_train 800,mura_xr_finger --shrink_train 800,mura_xr_elbow --shrink_train 800,bean_plant_disease_classification --shrink_train 800,aptos19_blindness_detection --shrink_train 800
lapgyn4_anatomical_structures,0.0,3.068569316099206e-06,3.025904678539146e-06,6.278401380311769e-06,1.673343061774817e-05,4.572892121330104e-05,0.00010598608017507445,1.1454321463078313e-05,4.409472662137933e-05,7.404659940727569e-05,1.9892189162814622e-05,1.800948253394795e-05,2.2222023014202216e-05,1.7957353501611532e-05,9.397257346148414e-05,0.00010598514714230253,6.330479863353401e-06,5.482963338715669e-06,9.277679616089994e-06,1.062769608935264e-05,4.683257054561131e-06,4.741880300484147e-06,4.728111601892725e-06,4.670658994196256e-06,4.698300203009615e-06,4.6748928282324374e-06,4.685877695272947e-06,2.0037804341873364e-05,1.690473925815522e-05,2.969654147484701e-05,9.746662382630468e-05,6.573115373823208e-05,6.256640919142273e-05,3.174874349547727e-05,3.118970713245181e-05,3.3014048568606215e-05,3.07928467923053e-05,3.307476743858134e-05,3.071623070738101e-05,3.0196340209322214e-05,3.353909672271205e-05,3.3506651144736424e-05,3.174215123634308e-05,2.924673570425828e-05,3.07550324931368e-05,3.424534096134035e-05,5.593055512811843e-05,2.316676291243898e-05,5.7320583049831316e-05,4.493721035338672e-05,8.44018164784324e-05,5.89932352455815e-05,3.340104820881776e-05,8.481803243309523e-05,8.486685462966333e-05,8.517706808224153e-05,8.506156535225328e-05,2.452255649961453e-05,2.4208940984848156e-05,2.4067238585531335e-05,5.105646328803213e-05,0.00018077422104392825,4.2997782648962046e-05,2.6054578440564075e-05,3.1946146123870743e-05,3.564273421197725e-05,3.0855131409573966e-05,2.708732611257799e-05,3.257037745871922e-05,4.2453868055501416e-05,6.004553003725074e-05,,3.475333790480461e-06,3.033024064801092e-06,6.4569190718890765e-06,0.00010648664238265188,1.1385135040070963e-05,7.188643915607409e-05,2.260001441974557e-05,9.315164163586171e-05,6.263833764785787e-06,5.388855472182293e-06,9.410587815779836e-06,1.0509625521533568e-05,4.704666982224132e-06,4.696756158268809e-06,4.813121917386989e-06,4.873478466071741e-06,4.803291605696893e-06,4.628410058410632e-06,4.765607911666209e-06,1.7366954702971405e-05,9.745846667841328e-05,6.104398213209786e-05,3.2470819330843344e-05,3.133502575018688e-05,3.274006075418127e-05,3.126553439992291e-05,3.2665494074593385e-05,3.083575361637536e-05,2.948274321013574e-05,3.3164964380470036e-05,3.421056509147016e-05,3.234280042704028e-05,2.9266198390398958e-05,3.113066377364638e-05,3.457603770720772e-05,5.662876158542469e-05,5.6935335063886504e-05,4.2592753867464915e-05,8.561929249608431e-05,8.400995064418416e-05,8.516565817638568e-05,8.542794250795786e-05,8.454360072478575e-05,2.4376273898958634e-05,2.4474721276205235e-05,2.3947382155819433e-05,4.285716934675243e-05,2.5649247208202027e-05,3.19408007254851e-05,3.516089097717009e-05,3.107405959823528e-05,2.715447158717745e-05,3.2200646391854996e-05,4.2725395147640054e-05,5.904655631404354e-05
lapgyn4_surgical_actions,3.068569316099206e-06,0.0,1.2111679993998588e-06,2.244215677246449e-06,1.8966976630506536e-05,5.167183047037724e-05,0.00011574818465418142,1.0670538757113308e-05,4.737651513133929e-05,7.871268731794137e-05,2.131864656734956e-05,1.8822839336995025e-05,2.242165982236548e-05,1.8796140177769092e-05,9.697486457172985e-05,0.00010961925297196307,7.175424237816641e-06,6.140764642225804e-06,8.37131575144221e-06,8.910510294381398e-06,3.2253019267910066e-06,3.2282019880719697e-06,3.213752337300705e-06,3.20890333111736e-06,3.2031806232850086e-06,3.219664416751703e-06,3.185420208155331e-06,2.234336253181552e-05,1.5168206593866012e-05,3.149047463478602e-05,0.00010582009719753123,7.376755268329472e-05,6.40237970262773e-05,3.064207780692084e-05,3.005007634878927e-05,3.176869963637048e-05,2.9744104671595778e-05,3.186070790702064e-05,2.95987439958591e-05,2.91141750174194e-05,3.2399203665899046e-05,3.222726512524111e-05,3.0532532804823046e-05,2.8203663489800943e-05,2.967730788957677e-05,3.297440001936254e-05,5.5145794589454063e-05,2.5493508881132025e-05,5.625818035210825e-05,5.143790574478721e-05,8.980187780437522e-05,5.6793910197208914e-05,3.2193370329326254e-05,9.021998440889001e-05,9.024685299999832e-05,9.050355472588179e-05,9.038772608376965e-05,2.3101618189336507e-05,2.3243291041836296e-05,2.318862269677256e-05,5.267636470652798e-05,0.00018736178356179166,4.0581529704134325e-05,2.44597274823542e-05,3.135855783346214e-05,3.3166562622953706e-05,2.870379099990071e-05,2.5568533993032203e-05,3.0469523566715572e-05,4.423630231950755e-05,6.388932089909844e-05,3.101361231948145e-06,,1.1515626165690181e-06,2.2578906662101394e-06,0.00011625497541981706,1.0610675304377828e-05,7.63723794341897e-05,2.2855506906343734e-05,9.611875523578349e-05,7.153466322777895e-06,6.06691236039892e-06,8.440196621190867e-06,8.828090779855642e-06,3.2713302529443523e-06,3.254629577914602e-06,3.2324990307927483e-06,3.3712999843664004e-06,3.1754693500701033e-06,3.166332190282419e-06,3.3208516390498787e-06,1.5496585656759026e-05,0.00010583059976103848,6.245914094571295e-05,3.132578786121162e-05,3.0113329287592434e-05,3.1459134526332306e-05,3.0073850003558894e-05,3.1517182092524656e-05,2.9783867073074387e-05,2.852064558899977e-05,3.199664732566015e-05,3.2844284344642205e-05,3.122532094330249e-05,2.8232260708493202e-05,2.995894325407409e-05,3.327734446790663e-05,5.574102388072226e-05,5.595882565743418e-05,4.892311055247427e-05,9.106654079043077e-05,8.936149598630545e-05,9.056229802787276e-05,9.081750126415191e-05,8.990764522244466e-05,2.2929942674300473e-05,2.347346331023196e-05,2.3090100139394523e-05,4.0437730567389725e-05,2.403439827896995e-05,3.1270683992548056e-05,3.271686004674987e-05,2.8970013291599282e-05,2.5685416795823016e-05,3.0187955624373783e-05,4.450179080850978e-05,6.27830106423484e-05
lapgyn4_instrument_count,3.025904678539146e-06,1.2111679993998588e-06,0.0,1.7278172104809048e-06,1.808763325993382e-05,4.921545769271123e-05,0.00011133281729073228,1.089469233432421e-05,4.523647679967758e-05,7.546627765540729e-05,2.000062253871269e-05,1.7733107209905044e-05,2.1525882630685656e-05,1.7864424527741334e-05,9.435294078005956e-05,0.00010647359638491817,7.172906902003966e-06,6.063796523142744e-06,9.001920139083651e-06,1.0172620678970592e-05,2.912437152910105e-06,2.939065292770519e-06,2.8982855144825924e-06,2.893482320178928e-06,2.8978339356939067e-06,2.9058867677626138e-06,2.872480349044946e-06,2.158255138322144e-05,1.63562471393406e-05,3.2284689166988496e-05,0.00010215283762494759,6.99869184922822e-05,6.306027405208288e-05,3.2081532674416505e-05,3.152746958772043e-05,3.32852990842015e-05,3.1170956271514734e-05,3.333950442747425e-05,3.104139730971452e-05,3.056448240546612e-05,3.384009094361553e-05,3.374844922603452e-05,3.199591553278971e-05,2.9594591932381557e-05,3.1072014242632074e-05,3.445971720878859e-05,5.5803265276135145e-05,2.5071553159274887e-05,5.708079468906796e-05,4.9254993130214446e-05,8.675672854973997e-05,5.87720261007005e-05,3.3294715411725205e-05,8.715194054228592e-05,8.721148718160822e-05,8.747332752196985e-05,8.733352592469354e-05,2.306212998874884e-05,2.3476769967120583e-05,2.3439253777834132e-05,5.333444806320843e-05,0.000183001367940976,4.097493745839763e-05,2.5236537108322974e-05,3.1144751143272024e-05,3.4252794263358666e-05,2.8857411542095295e-05,2.5900287945382957e-05,3.079982098167433e-05,4.416311326898843e-05,6.207983886293705e-05,3.046490865026832e-06,1.3189871081468931e-06,,1.9157676514022e-06,0.00011184017389397278,1.0846964549968228e-05,7.3232006343422e-05,2.192393929211422e-05,9.352518523544624e-05,7.138222237782713e-06,5.96065586494195e-06,9.116498779935525e-06,1.0073818440009541e-05,2.9688869981935387e-06,2.9375855985947375e-06,2.988664316742667e-06,3.019835894565743e-06,2.881691630039632e-06,2.8051476595510744e-06,2.988712184137394e-06,1.675971531034555e-05,0.00010215677865707605,6.152398756566527e-05,3.2811443566634155e-05,3.161408390801954e-05,3.2966207306183446e-05,3.1566306026034824e-05,3.2965339781959114e-05,3.1215539550221794e-05,2.9916361116566178e-05,3.345816421197051e-05,3.441741111739308e-05,3.266791088840236e-05,2.962731356173187e-05,3.1415938448376e-05,3.477162672174141e-05,5.645649325494262e-05,5.6761951968187447e-05,4.68287551836095e-05,8.798772273143946e-05,8.632871795436164e-05,8.752100593488596e-05,8.77567800153336e-05,8.685787094983273e-05,2.292859014522736e-05,2.368411316990308e-05,2.3343982024987692e-05,4.080534228336299e-05,2.481350090639302e-05,3.107934685654722e-05,3.380539929545936e-05,2.9094612405995614e-05,2.597121773239685e-05,3.048445964280201e-05,4.4425993013400954e-05,6.1037164888388e-05
lapgyn4_anatomical_actions,6.278401380311769e-06,2.244215677246449e-06,1.7278172104809048e-06,0.0,2.2783009889304614e-05,5.4637956495161896e-05,0.00011770142644035417,1.43081410047131e-05,4.935772575648083e-05,8.044403193194368e-05,2.3671953060044578e-05,2.1221401361662525e-05,2.5378392945599832e-05,2.188555208659489e-05,9.879734596318483e-05,0.00011118752096185244,1.1265869452141896e-05,1.0018152377000216e-05,1.2282452302456084e-05,1.3252171823472606e-05,5.807268263686473e-06,5.8355822899166295e-06,5.779890973018698e-06,5.79107485095009e-06,5.787590584685693e-06,5.803908858089237e-06,5.760678605860577e-06,2.600097039361679e-05,1.8559409300985055e-05,3.669863894465472e-05,0.00010884212989471375,7.683427070715658e-05,6.680563867596354e-05,3.5181319846331075e-05,3.4643604605366207e-05,3.634690477477163e-05,3.436956297928973e-05,3.63934569780264e-05,3.41453229572282e-05,3.3755770120347164e-05,3.697175889252587e-05,3.678178529565538e-05,3.507815557354278e-05,3.2773284538797735e-05,3.4156471076661e-05,3.745970081087645e-05,5.9701912656333e-05,2.9465667939249486e-05,6.087697098696365e-05,5.5119970070205545e-05,9.30843443490263e-05,6.132101626439438e-05,3.723713938588204e-05,9.350459836303935e-05,9.354230533353673e-05,9.380352837454653e-05,9.367230587532566e-05,2.6766394892045395e-05,2.7290411659083684e-05,2.7270495113991934e-05,5.770961163565616e-05,0.00018962914563359196,4.389634658545291e-05,2.843473403242613e-05,3.466866667460101e-05,3.672245575088548e-05,3.1650762416933226e-05,2.8600588833014402e-05,3.3789494885368794e-05,4.760638594434479e-05,6.786028222161488e-05,6.315783605865969e-06,2.32317712514727e-06,1.6829716265609213e-06,,0.00011822761306704618,1.4257726642353651e-05,7.822830970275157e-05,2.5812359199278885e-05,9.796356149101683e-05,1.123204298815331e-05,9.915702941856947e-06,1.2369727685714342e-05,1.3161885198732922e-05,5.893682848209705e-06,5.864095537527064e-06,5.853002191152099e-06,5.970358556825397e-06,5.668842873551893e-06,5.702714392509132e-06,5.885949932085861e-06,1.8897729745618675e-05,0.00010884318001216009,6.528764567475978e-05,3.5880426973241555e-05,3.472591524009312e-05,3.603700269302337e-05,3.472690817775577e-05,3.602275476885281e-05,3.432917828214972e-05,3.31159728780056e-05,3.658577394846261e-05,3.739183141574431e-05,3.579546825177148e-05,3.281828648282552e-05,3.4436066451887064e-05,3.777248195322271e-05,6.0343748989712294e-05,6.056166986116501e-05,5.262303600266083e-05,9.434482312131449e-05,9.266257746272225e-05,9.386179165252174e-05,9.40990782629231e-05,9.319622617971843e-05,2.6612280646383596e-05,2.7495901571237148e-05,2.7165074658045373e-05,4.3728237643012946e-05,2.7969601529820613e-05,3.457733021706424e-05,3.6285736633756864e-05,3.194603351017373e-05,2.8697236588354647e-05,3.348872911417564e-05,4.786929087309305e-05,6.679224889544633e-05
sklin2_skin_lesions,1.673343061774817e-05,1.8966976630506536e-05,1.808763325993382e-05,2.2783009889304614e-05,0.0,4.4128460462405884e-05,0.00010150018297854402,2.0666668278362683e-05,4.633801023661401e-05,7.522422782754636e-05,2.510528227375481e-05,2.3482260692401493e-05,2.9001903566177895e-05,2.444444061979606e-05,9.823552800827438e-05,0.00010885710720668447,1.233493469210054e-05,1.3493347218725181e-05,1.879342120299091e-05,2.1030888818698986e-05,1.6391426875740633e-05,1.6462288210687378e-05,1.6443208480714346e-05,1.6370661660147822e-05,1.6446244272651624e-05,1.6405101683482533e-05,1.6494326071917658e-05,1.1370421176551014e-05,2.570259236328045e-05,2.609570276354946e-05,9.511451119272214e-05,4.9570214906215736e-05,6.52836280770942e-05,3.743742114652366e-05,3.671933249081651e-05,3.854272693173738e-05,3.632579734467859e-05,3.872340215577445e-05,3.630236459049689e-05,3.558837545059924e-05,3.9409443386210575e-05,3.9584581041812814e-05,3.725077975844809e-05,3.4206166906619335e-05,3.706307630956603e-05,3.997786916719358e-05,6.281050440188089e-05,9.433320200637587e-06,6.450899862522896e-05,2.9586622744695286e-05,7.21884948300458e-05,6.525070485829628e-05,4.012773007377557e-05,7.26089149507645e-05,7.271694986176022e-05,7.295234306678206e-05,7.286777343701594e-05,2.789859193820998e-05,2.6632447453015786e-05,2.6673786439922144e-05,4.839348688997027e-05,0.0001656299656241935,5.157449789265959e-05,3.237844654061916e-05,3.729883488640595e-05,4.726030454211237e-05,3.8515013532832874e-05,3.617911155152096e-05,3.929826448895125e-05,4.634625765685143e-05,4.78050170953342e-05,1.6738751773233158e-05,1.859697152737424e-05,1.8331033001474286e-05,2.298387811548383e-05,0.00010200300756993126,2.0572525958353644e-05,7.308277450170575e-05,2.9216131022236557e-05,9.744914620693468e-05,1.2353639363955763e-05,1.3300830625932129e-05,1.9008550961615352e-05,2.108323097799636e-05,1.6325891917791987e-05,1.6390281610505772e-05,1.6543367587911655e-05,1.661905853373065e-05,1.6742133094673232e-05,1.6400857286698626e-05,1.6408724667591433e-05,2.6300070412249316e-05,9.523327999722562e-05,6.3802375355236e-05,3.822123715095226e-05,3.6976901745118876e-05,3.826963069298271e-05,3.684762858813359e-05,3.815112714604992e-05,3.632087049018585e-05,3.497653899946587e-05,3.895552691535534e-05,4.030501296007488e-05,3.791405634663331e-05,3.413086496244005e-05,3.7630812579579447e-05,4.041519298202795e-05,6.359426138906766e-05,6.426622628210774e-05,2.8040481329435303e-05,7.320551407240749e-05,7.183278885647707e-05,7.306373812046899e-05,7.307670701859085e-05,7.231820520368416e-05,2.7784851846107206e-05,2.68476874292602e-05,2.6541690594482576e-05,5.153684017071146e-05,3.2079112354276235e-05,3.735628406104628e-05,4.672421494560097e-05,3.859521986291671e-05,3.612218263723561e-05,3.883201618151569e-05,4.651766990007664e-05,4.6854441082228504e-05
identify_nbi_infframes,4.572892121330104e-05,5.167183047037724e-05,4.921545769271123e-05,5.4637956495161896e-05,4.4128460462405884e-05,0.0,4.884580829857569e-05,5.5918440660186796e-05,4.104808002846445e-05,5.4191953855482105e-05,3.3204649136709665e-05,3.380381639466975e-05,4.782825030918698e-05,4.057505757649538e-05,8.310481382215406e-05,8.793315567948352e-05,4.621843519084625e-05,4.722977901799202e-05,5.41379665470426e-05,5.700483040387179e-05,5.026758710006138e-05,5.0530429385446055e-05,5.0441303601231205e-05,5.0117747331486755e-05,5.038611720898029e-05,5.0247540971848706e-05,5.056853571003424e-05,3.7314651524465335e-05,5.3155796173486774e-05,4.2768205871643403e-05,7.664373818951032e-05,5.762772918347357e-05,7.872190820199096e-05,6.875809103011892e-05,6.624029411247999e-05,6.743508710572348e-05,6.795160271597014e-05,6.703689579395065e-05,6.754948588448247e-05,6.699794053654498e-05,6.783140595988048e-05,6.957478000827627e-05,6.680209222986993e-05,6.611643314669317e-05,6.6954084910451e-05,6.807679160961773e-05,9.061590428439958e-05,3.919708726952574e-05,9.342449668728065e-05,3.6570111523015524e-05,8.993352877763056e-05,0.00010078371630341362,7.189586899800332e-05,9.012576036053141e-05,9.045630250554453e-05,9.071100190840274e-05,9.075341903043628e-05,6.758757324021227e-05,6.625769028418887e-05,6.609362224605322e-05,4.817324720342189e-05,0.0001688173955039507,7.299490388565171e-05,6.217777340207834e-05,5.8360095693103754e-05,7.533548453140864e-05,6.0825988655057155e-05,6.109864708799787e-05,6.366303764338672e-05,6.302942087967945e-05,7.426784786924902e-05,4.5532870679660786e-05,5.056855397615485e-05,4.969464292099951e-05,5.527568849710116e-05,4.892146397159742e-05,5.576095279158735e-05,5.370760385212006e-05,4.762065312328219e-05,8.207709284362846e-05,4.582668390552217e-05,4.6994339651186155e-05,5.45336519120602e-05,5.683098028418012e-05,5.0144269645443574e-05,5.003259207071319e-05,5.056616499399887e-05,5.064775154173446e-05,5.073114556717749e-05,5.021179838426916e-05,5.007372940514184e-05,5.398696168134047e-05,7.704277979144435e-05,7.7816458965353e-05,6.934036756398075e-05,6.683239578062525e-05,6.732423622343069e-05,6.944258193913953e-05,6.604280954446043e-05,6.712416573647164e-05,6.603063773831476e-05,6.750824684816255e-05,7.021266484925665e-05,6.718207064192942e-05,6.637663098517702e-05,6.763379087617216e-05,6.862855316588598e-05,9.168852653652156e-05,9.308616670047659e-05,3.579247652783649e-05,9.066454836849738e-05,8.984469923349137e-05,9.061438003523737e-05,9.051653670351335e-05,9.018010313099597e-05,6.776023521001297e-05,6.652431605962822e-05,6.578398472434897e-05,7.308216184088437e-05,6.199793872477418e-05,5.856650138154557e-05,7.47876676632502e-05,6.07827587787537e-05,6.0597208201693424e-05,6.297035109333396e-05,6.325971350615886e-05,7.371934157903858e-05
laryngeal_tissues,0.00010598608017507445,0.00011574818465418142,0.00011133281729073228,0.00011770142644035417,0.00010150018297854402,4.884580829857569e-05,0.0,0.00011873911058409622,7.959693760216553e-05,6.691802511506152e-05,7.759143097713214e-05,8.069365364860655e-05,9.143107965709028e-05,8.214047811278729e-05,0.00010964166792186468,0.0001095629806540546,0.00011093421078997448,0.00011117686293888522,0.00011878686007812901,0.00012490680742241098,0.00011533245851311127,0.00011573648351423079,0.0001155881667750274,0.00011518281747321143,0.00011549938587609586,0.00011527579612922003,0.0001156425825625917,8.67959528251768e-05,0.00011554945849558216,0.00010498765305721482,0.00011138368073787216,9.75263864956815e-05,0.00013055466922658751,0.0001374618369879058,0.00013520070364161463,0.00013595280338298639,0.000136909799187127,0.0001354059992544109,0.0001363036268507802,0.00013602938544422642,0.00013607065296283665,0.00013814775602726198,0.0001353886678696159,0.00013525259555622606,0.0001345144350402526,0.0001362044061952452,0.00015433492258735818,9.627003989626064e-05,0.0001575833167325514,7.014935780139944e-05,0.0001314716302904422,0.00017174929378466664,0.0001358374852942928,0.00013166672894452075,0.00013200746197148468,0.00013228197080195027,0.00013232461795981013,0.00012876983742917954,0.00012662866085770075,0.00012641763590678012,0.0001028469334854714,0.00019670803997466385,0.00013049392546132191,0.00012549164985648908,0.00011982975377548919,0.00013958259077779633,0.000123224372798741,0.00012178749887450848,0.0001261002533451364,0.00011593366362009456,0.0001262850557984664,0.00010570207073450446,0.0001159497853103666,0.0001120361593715132,0.00011850993691241499,,0.00011857283402979873,6.779814105348811e-05,9.066964473682516e-05,0.00010881891671931146,0.0001106492568128622,0.00011086568274745095,0.0001192502426522479,0.00012456942481177814,0.00011505928116968328,0.00011507142315502145,0.00011587851642483739,0.00011578503863582629,0.00011584766975871537,0.00011509370408478801,0.00011507342589131119,0.0001169123393189159,0.00011171333149186764,0.00012996331687448051,0.00013801377711364186,0.00013595002613810483,0.00013573051733934945,0.00013853464658782977,0.00013460492892741738,0.0001359615794017425,0.0001348002246524308,0.00013596078138316875,0.00013896054466985852,0.00013571293690539665,0.00013559590363062418,0.00013541787876268662,0.00013693712679425864,0.00015561925019435402,0.0001571176099797874,7.027098025635904e-05,0.0001320747327720785,0.00013152771063945612,0.0001321587313311745,0.00013188196936751977,0.00013167802338507153,0.00012903996686476605,0.0001268954596378212,0.0001259541430107189,0.000130692195251605,0.0001254015601958921,0.00012016336080248441,0.00013910443560810224,0.0001229202651794755,0.0001211011484456054,0.00012550902335910913,0.00011632201349765772,0.00012573416724878357
nerthus_bowel_cleansing_quality,1.1454321463078313e-05,1.0670538757113308e-05,1.089469233432421e-05,1.43081410047131e-05,2.0666668278362683e-05,5.5918440660186796e-05,0.00011873911058409622,0.0,5.2514546419045243e-05,7.973180885410651e-05,2.4166607038075567e-05,2.130777712029599e-05,2.3659223096607904e-05,2.019346200413997e-05,0.00010041489921141632,0.00011356903732146926,7.1899223143751575e-06,5.8292327645126894e-06,2.991006181462608e-06,7.061467211128989e-06,8.00439743662857e-06,7.964577015072936e-06,7.951896382224054e-06,8.000049423657635e-06,8.013253395006007e-06,7.9729406450668e-06,8.006032935132992e-06,2.411838788484019e-05,1.428373250239221e-05,3.5858238479714e-05,0.00011171739345633945,7.743874579060417e-05,6.415335578922356e-05,3.3656306319141674e-05,3.228055621028723e-05,3.393745744610004e-05,3.2465133669668184e-05,3.384576608252187e-05,3.236118227119408e-05,3.167905298056498e-05,3.4564385069208456e-05,3.486462564613788e-05,3.2806890451866346e-05,3.082949549475093e-05,3.2543943564444355e-05,3.51687008453476e-05,5.890086966101179e-05,2.720202685462989e-05,6.002711579124187e-05,5.3757652823370645e-05,8.893576960819082e-05,6.226193025022221e-05,3.0930835824443705e-05,8.930258313492954e-05,8.937285865170562e-05,8.967228920967818e-05,8.94663174779175e-05,1.918845021556064e-05,1.8831818701457942e-05,1.8646461468348977e-05,5.6822071511511115e-05,0.0001856356246762844,4.177234012899857e-05,2.381070301973095e-05,2.9634675878191692e-05,3.447560936875116e-05,2.9424469756114766e-05,2.587931463438769e-05,3.028331303672315e-05,5.0593243089588425e-05,6.334206292779652e-05,1.1463907886570795e-05,1.1343308083654321e-05,1.0994375435805556e-05,1.4281266128329112e-05,0.00011925790334245553,,7.726024634116578e-05,2.3954652561615714e-05,9.971159856519778e-05,7.1053347781686e-06,6.046154180246481e-06,2.9954051882154394e-06,7.003199480327439e-06,7.92122151480881e-06,8.018877535011714e-06,8.016191092344218e-06,8.119739291225468e-06,8.106503694544102e-06,7.932557965739358e-06,8.00331085326145e-06,1.4672061061324479e-05,0.0001117700826705093,6.252477552191665e-05,3.434941526681153e-05,3.242081858717918e-05,3.364605779063363e-05,3.283925119366765e-05,3.351663580194379e-05,3.249693608473785e-05,3.100859946259297e-05,3.419195788542705e-05,3.5588189530233764e-05,3.350661152967541e-05,3.082749142736623e-05,3.286323419769959e-05,3.547860167198765e-05,5.94706953892792e-05,5.969221057034553e-05,5.121974806139855e-05,9.031626258127791e-05,8.841717879824523e-05,8.95968642329846e-05,8.996399311325199e-05,8.904085587390395e-05,1.9069212436222506e-05,1.9066463465763255e-05,1.8546214530035807e-05,4.16065548554073e-05,2.334330701147494e-05,2.9636246061204817e-05,3.409552891471784e-05,2.9649916318529382e-05,2.5916913740929234e-05,2.9888123397262727e-05,5.08641116445537e-05,6.218147842937242e-05
stanford_dogs_image_categorization,4.409472662137933e-05,4.737651513133929e-05,4.523647679967758e-05,4.935772575648083e-05,4.633801023661401e-05,4.104808002846445e-05,7.959693760216553e-05,5.2514546419045243e-05,0.0,6.739115949175702e-05,1.688916210150493e-05,1.7482385810268803e-05,3.264433162566667e-05,3.086018424727733e-05,8.360703161025313e-05,8.967534945475246e-05,4.573692557001234e-05,4.64866483922612e-05,5.058210706464748e-05,5.312330367654265e-05,4.8266345160892206e-05,4.844734386015505e-05,4.833877329028617e-05,4.8183329584798075e-05,4.829681211071632e-05,4.825797407561564e-05,4.838239169491221e-05,3.964913613893834e-05,5.286943419381099e-05,5.072670052606431e-05,8.135170958903913e-05,5.751270088972084e-05,7.24513947183889e-05,6.958678239379749e-05,6.7980851118305e-05,6.91819396175554e-05,6.878616385811755e-05,6.896589157519696e-05,6.847196789912659e-05,6.787975507391753e-05,6.961540292632021e-05,7.049235895562772e-05,6.847422769061572e-05,6.742494023233487e-05,6.77911434390833e-05,6.999236544647804e-05,8.805890829617223e-05,4.523124924464702e-05,9.001025703751016e-05,4.827650863019968e-05,9.046831010979506e-05,9.609731555796199e-05,6.33139103788558e-05,9.083006454042994e-05,9.097585303682117e-05,9.118729746929806e-05,9.124720794576676e-05,6.1646221707337e-05,6.010827203029056e-05,6.000950718757078e-05,6.24290707554381e-05,0.00016202872880640568,6.708914692556871e-05,6.040125406371133e-05,5.750227415204207e-05,7.023842101651703e-05,5.663526980864025e-05,5.637806749683293e-05,5.9883841448787976e-05,5.836562787653039e-05,7.551859248967159e-05,4.394965584325009e-05,4.69210331102074e-05,4.5629482215219517e-05,4.981028394874013e-05,7.977299155417393e-05,5.23861942194068e-05,6.632640617669711e-05,3.2887287025422634e-05,8.277399797829437e-05,4.559720782309367e-05,4.626463142659728e-05,5.0772390372852676e-05,5.303474277981637e-05,4.822809085056707e-05,4.818113792350617e-05,4.85867559580082e-05,4.854245672887428e-05,4.857586753505717e-05,4.8278065154516454e-05,4.811837284637377e-05,5.377384737321458e-05,8.154323365095286e-05,7.18224607202866e-05,7.028219999860889e-05,6.828495140167624e-05,6.908368525335444e-05,6.965312342669598e-05,6.848827494163197e-05,6.859735630519682e-05,6.707960937058768e-05,6.933956794717309e-05,7.119027833930825e-05,6.894344056836772e-05,6.75226595718021e-05,6.809642137882107e-05,7.048269668145815e-05,8.887977635855474e-05,8.977252569664258e-05,4.743960426132764e-05,9.107121743990774e-05,9.040135787199565e-05,9.127770245500244e-05,9.112377458039052e-05,9.074197341758707e-05,6.166642101189715e-05,6.0482388594136844e-05,5.972847806993845e-05,6.704951434727247e-05,6.001060430170838e-05,5.7560687787156124e-05,6.987397524311806e-05,5.6636329994015286e-05,5.618256131350663e-05,5.937788069086832e-05,5.855105424400816e-05,7.500373069828608e-05
svhn,7.404659940727569e-05,7.871268731794137e-05,7.546627765540729e-05,8.044403193194368e-05,7.522422782754636e-05,5.4191953855482105e-05,6.691802511506152e-05,7.973180885410651e-05,6.739115949175702e-05,0.0,5.221467039051662e-05,5.310576685626871e-05,4.197502739853166e-05,3.7998520614864395e-05,5.016850751078422e-05,5.182018325345381e-05,7.480861334275613e-05,7.424577833154366e-05,7.911636142428238e-05,8.257865309560606e-05,7.693920379049125e-05,7.713159156874411e-05,7.701577317954615e-05,7.681278256326603e-05,7.702726821287391e-05,7.69294070209535e-05,7.713469036631508e-05,6.634008962057899e-05,8.03538968090513e-05,8.040966222187091e-05,0.00010637720178806299,8.749957107274053e-05,0.00010570995421809153,0.00010105885549545161,9.916439005921117e-05,0.00010047576030086137,0.00010007983434503088,0.00010005123552539485,9.985457621873865e-05,9.935154469067984e-05,0.00010061212879070437,0.00010179963069634245,9.963491868342613e-05,9.849434285922514e-05,9.833740415106655e-05,0.00010116446568985381,0.00012111046173144714,7.336602076004456e-05,0.00012360570209444329,6.945108509866737e-05,0.00011713342727568917,0.00013242223574138723,9.613675172378492e-05,0.00011743931245850351,0.00011754992900972353,0.00011793444247762907,0.00011788386836529617,8.895979872635545e-05,8.773292105642523e-05,8.779205251839952e-05,8.952189728951804e-05,0.00019391829699178399,9.532013258473668e-05,9.043335536755657e-05,8.594708299340171e-05,9.973217174763819e-05,8.764983272058517e-05,8.354421882533921e-05,8.974250082166872e-05,9.491951410527588e-05,0.0001085294991762728,7.387768657706644e-05,7.893036261433358e-05,7.588005212263646e-05,8.09039538695812e-05,6.729164653874499e-05,7.949428406505885e-05,,4.1141156762837484e-05,5.000505757107583e-05,7.464009491365002e-05,7.41353860957228e-05,7.943434799471917e-05,8.249989207856964e-05,7.675996193342205e-05,7.667541882195499e-05,7.733701980386387e-05,7.723827557205333e-05,7.722724417692371e-05,7.676113267410874e-05,7.678871857771659e-05,8.132558840301851e-05,0.00010661098625147484,0.00010502199479441878,0.0001017697363666064,9.947214411451543e-05,0.00010008860907400946,0.00010120542403744821,9.937081620841714e-05,9.961881068680837e-05,9.852874546683438e-05,0.00010047775157659097,0.00010259143298933446,0.00010014884172518846,9.876477332457939e-05,9.892573630419289e-05,0.00010157990860141164,0.0001221307386936243,0.00012329782353534698,6.864884909095936e-05,0.0001179334559954213,0.00011702255446793537,0.00011768284194722876,0.00011779832601814186,0.00011736216168129745,8.904073912478251e-05,8.801688017002281e-05,8.748747344282425e-05,9.540200709231227e-05,9.024815777374244e-05,8.624568816684381e-05,9.931586778356722e-05,8.755775687390496e-05,8.328910655395648e-05,8.912529660511288e-05,9.528251941488515e-05,0.00010813451801489895
caltech101_object_classification,1.9892189162814622e-05,2.131864656734956e-05,2.000062253871269e-05,2.3671953060044578e-05,2.510528227375481e-05,3.3204649136709665e-05,7.759143097713214e-05,2.4166607038075567e-05,1.688916210150493e-05,5.221467039051662e-05,0.0,1.330476367149844e-06,1.378287757162317e-05,1.0919858402437532e-05,6.709372592114638e-05,7.522275411826177e-05,2.012801459611935e-05,2.003346004626023e-05,2.2914243882855064e-05,2.5083080493804727e-05,2.090275877646001e-05,2.0998986488158893e-05,2.091207238544778e-05,2.083115784314699e-05,2.0905764712117946e-05,2.0881305980489364e-05,2.096407083688242e-05,2.108775923271829e-05,2.6484568869497094e-05,3.405911761104321e-05,7.453480742401048e-05,5.118706189351295e-05,5.486061163601733e-05,4.4008793693785285e-05,4.299648153916055e-05,4.4499510277073995e-05,4.324362641964846e-05,4.434360882886348e-05,4.296196264364817e-05,4.25123824471527e-05,4.4950170470376945e-05,4.538370892431028e-05,4.342932154643487e-05,4.180170976554923e-05,4.280401277541681e-05,4.5411035028360396e-05,6.44139711338523e-05,2.685033952503084e-05,6.593902002368897e-05,3.649620721678172e-05,7.393593421377688e-05,7.05144167018302e-05,3.756463661026203e-05,7.43270734814359e-05,7.440847677011447e-05,7.458413256283781e-05,7.464892164990968e-05,3.285753165349647e-05,3.190580088752843e-05,3.18718792060458e-05,4.7754906280336696e-05,0.0001524676401197971,4.082315563141525e-05,3.37107252591591e-05,3.2479880224119476e-05,4.0786733927640354e-05,3.069527434337166e-05,2.86616936664623e-05,3.322616961198149e-05,4.031280344104094e-05,5.777287248122571e-05,1.982332481192191e-05,2.1434180812594577e-05,2.0322116343773726e-05,2.395272725804463e-05,7.785918282592476e-05,2.4039959020937104e-05,5.067694131123896e-05,1.4037790176036312e-05,6.637029361471571e-05,2.006377096212082e-05,1.9959513992816574e-05,2.3051235861507252e-05,2.500761212325276e-05,2.0841080880834974e-05,2.0818556129135937e-05,2.114342609929815e-05,2.1118317808554738e-05,2.1109134235390006e-05,2.0909980024423755e-05,2.0805886992763785e-05,2.72660080653667e-05,7.466571543837284e-05,5.3858278729189846e-05,4.4757322274911705e-05,4.329240376537585e-05,4.4268242257291786e-05,4.394229893728632e-05,4.4005920612700394e-05,4.307921233777791e-05,4.175265938744584e-05,4.468882713731391e-05,4.607575312282975e-05,4.402304417930303e-05,4.1838220134444515e-05,4.309644980807995e-05,4.5851266210538604e-05,6.512350510040035e-05,6.56358397267832e-05,3.5137068904467173e-05,7.483363213599162e-05,7.373695229152149e-05,7.462148908615241e-05,7.471278650130852e-05,7.416006649068056e-05,3.2835767772798185e-05,3.220692990964767e-05,3.1655921617684086e-05,4.0796720963277855e-05,3.318871532457558e-05,3.2435985078194075e-05,4.0435199601822173e-05,3.079936318983105e-05,2.859162222453959e-05,3.282067735277004e-05,4.054531706457654e-05,5.717749989807481e-05
caltech256_object_classification,1.800948253394795e-05,1.8822839336995025e-05,1.7733107209905044e-05,2.1221401361662525e-05,2.3482260692401493e-05,3.380381639466975e-05,8.069365364860655e-05,2.130777712029599e-05,1.7482385810268803e-05,5.310576685626871e-05,1.330476367149844e-06,0.0,1.264831133482888e-05,9.634626499926057e-06,6.78793853460904e-05,7.697349049596994e-05,1.7852746602840374e-05,1.7786814424451377e-05,2.0323011327968554e-05,2.2044983161297526e-05,1.8303717744746345e-05,1.8400332152717237e-05,1.8324159638066556e-05,1.824055833120645e-05,1.8312392195919116e-05,1.829346193766841e-05,1.838430695339996e-05,1.971200348174513e-05,2.3614212183049703e-05,3.294891226712001e-05,7.663773955940661e-05,5.196978700178776e-05,5.257950741596458e-05,4.0850222253327115e-05,3.9933149556007144e-05,4.1487041804409534e-05,4.009458596986753e-05,4.13769023292303e-05,3.983043020501617e-05,3.9381578769522117e-05,4.196840653888337e-05,4.227185914539781e-05,4.039151513513385e-05,3.8670346352962784e-05,3.980200418826326e-05,4.243466346656754e-05,6.097620898126515e-05,2.5579641639929523e-05,6.252836760856214e-05,3.707881353542876e-05,7.252421545885152e-05,6.713748583897267e-05,3.485052213088075e-05,7.290724181085702e-05,7.298952295678256e-05,7.316129072045051e-05,7.320902352539178e-05,2.9877728886436002e-05,2.9078517943956477e-05,2.9093683905061273e-05,4.686814776036735e-05,0.00015173055684679164,3.754856868512231e-05,3.0204669981031412e-05,2.8886779322633655e-05,3.820474539162539e-05,2.7088201530670606e-05,2.554629698729976e-05,2.9673746241545146e-05,3.9224004057472703e-05,5.5788825738313204e-05,1.796354050260878e-05,1.8799241041039675e-05,1.8032297800294047e-05,2.1411634851173844e-05,8.097132332628132e-05,2.119714845601325e-05,5.1497237194570366e-05,1.2868357972429991e-05,6.714703774508336e-05,1.7803829426382874e-05,1.773265097795851e-05,2.0420922104187004e-05,2.1995646142498578e-05,1.824936723944775e-05,1.824881993054057e-05,1.8526838423692498e-05,1.8520213286681887e-05,1.8512430108947415e-05,1.8338331448794747e-05,1.8213545776539627e-05,2.4379137710580506e-05,7.675350657382059e-05,5.153876361111689e-05,4.157894597619778e-05,4.018477031549083e-05,4.123241296258469e-05,4.074663227813147e-05,4.1020353638784824e-05,3.995277455386636e-05,3.865325213774258e-05,4.168350069449155e-05,4.295209983489444e-05,4.0985726170134334e-05,3.870242227484925e-05,4.005969309250532e-05,4.286995227920478e-05,6.167652253894753e-05,6.22166410006726e-05,3.559552602658191e-05,7.346998060400408e-05,7.23102917303247e-05,7.318764234715523e-05,7.332648471108537e-05,7.272021020758102e-05,2.9860008438202003e-05,2.936009128637622e-05,2.8901344852940054e-05,3.752035562423154e-05,2.9662400647747795e-05,2.882438213289368e-05,3.7849861500743745e-05,2.7198648272533507e-05,2.5492232501844606e-05,2.9261491579384447e-05,3.944746063425683e-05,5.513583812972534e-05
