,lapgyn4_anatomical_structures,lapgyn4_surgical_actions,lapgyn4_instrument_count,lapgyn4_anatomical_actions,sklin2_skin_lesions,identify_nbi_infframes,laryngeal_tissues,nerthus_bowel_cleansing_quality,stanford_dogs_image_categorization,svhn,caltech101_object_classification,caltech256_object_classification,cifar10_object_classification,cifar100_object_classification,mnist_digit_classification,emnist_digit_classification,hyperkvasir_anatomical-landmarks,hyperkvasir_pathological-findings,hyperkvasir_quality-of-mucosal-views,hyperkvasir_therapeutic-interventions,cholec80_grasper_presence,cholec80_bipolar_presence,cholec80_hook_presence,cholec80_scissors_presence,cholec80_clipper_presence,cholec80_irrigator_presence,cholec80_specimenbag_presence,derm7pt_skin_lesions,idle_action_recognition,barretts_esophagus_diagnosis,brain_tumor_classification,mednode_melanoma_classification,brain_tumor_type_classification,chexpert_enlarged_cardiomediastinum,chexpert_cardiomegaly,chexpert_lung_opacity,chexpert_lung_lesion,chexpert_edema,chexpert_consolidation,chexpert_pneumonia,chexpert_atelectasis,chexpert_pneumothorax,chexpert_pleural_effusion,chexpert_pleural_other,chexpert_fracture,chexpert_support_devices,pneumonia_classification,ph2-melanocytic-lesions-classification,covid_xray_classification,isic20_melanoma_classification,deep_drid_dr_level,shenzen_chest_xray_tuberculosis,crawled_covid_ct_classification,deep_drid_quality,deep_drid_clarity,deep_drid_field,deep_drid_artifact,kvasir_capsule_anatomy,kvasir_capsule_content,kvasir_capsule_pathologies,breast_cancer_classification_v2,eye_condition_classification,mura_xr_wrist,mura_xr_shoulder,mura_xr_humerus,mura_xr_hand,mura_xr_forearm,mura_xr_finger,mura_xr_elbow,bean_plant_disease_classification,aptos19_blindness_detection,lapgyn4_anatomical_structures --shrink_train 800,lapgyn4_surgical_actions --shrink_train 800,lapgyn4_instrument_count --shrink_train 800,lapgyn4_anatomical_actions --shrink_train 800,laryngeal_tissues --shrink_train 800,nerthus_bowel_cleansing_quality --shrink_train 800,svhn --shrink_train 800,cifar10_object_classification --shrink_train 800,mnist_digit_classification --shrink_train 800,hyperkvasir_anatomical-landmarks --shrink_train 800,hyperkvasir_pathological-findings --shrink_train 800,hyperkvasir_quality-of-mucosal-views --shrink_train 800,hyperkvasir_therapeutic-interventions --shrink_train 800,cholec80_grasper_presence --shrink_train 800,cholec80_bipolar_presence --shrink_train 800,cholec80_hook_presence --shrink_train 800,cholec80_scissors_presence --shrink_train 800,cholec80_clipper_presence --shrink_train 800,cholec80_irrigator_presence --shrink_train 800,cholec80_specimenbag_presence --shrink_train 800,idle_action_recognition --shrink_train 800,brain_tumor_classification --shrink_train 800,brain_tumor_type_classification --shrink_train 800,chexpert_enlarged_cardiomediastinum --shrink_train 800,chexpert_cardiomegaly --shrink_train 800,chexpert_lung_opacity --shrink_train 800,chexpert_lung_lesion --shrink_train 800,chexpert_edema --shrink_train 800,chexpert_consolidation --shrink_train 800,chexpert_pneumonia --shrink_train 800,chexpert_atelectasis --shrink_train 800,chexpert_pneumothorax --shrink_train 800,chexpert_pleural_effusion --shrink_train 800,chexpert_pleural_other --shrink_train 800,chexpert_fracture --shrink_train 800,chexpert_support_devices --shrink_train 800,pneumonia_classification --shrink_train 800,covid_xray_classification --shrink_train 800,isic20_melanoma_classification --shrink_train 800,deep_drid_dr_level --shrink_train 800,deep_drid_quality --shrink_train 800,deep_drid_clarity --shrink_train 800,deep_drid_field --shrink_train 800,deep_drid_artifact --shrink_train 800,kvasir_capsule_anatomy --shrink_train 800,kvasir_capsule_content --shrink_train 800,kvasir_capsule_pathologies --shrink_train 800,mura_xr_wrist --shrink_train 800,mura_xr_shoulder --shrink_train 800,mura_xr_humerus --shrink_train 800,mura_xr_hand --shrink_train 800,mura_xr_forearm --shrink_train 800,mura_xr_finger --shrink_train 800,mura_xr_elbow --shrink_train 800,bean_plant_disease_classification --shrink_train 800,aptos19_blindness_detection --shrink_train 800
lapgyn4_anatomical_structures,0.0,6.971211112388243,6.7897196672968825,6.814061455451171,125.00257085272561,76.30587908622482,54.048113707149795,33.88783434282989,105.26911653574817,240.9847893191108,119.05657187319956,121.51925760120957,139.84264904171846,132.22766104007866,187.9470735557083,188.65567452098213,11.431252758310471,10.387767282148964,26.61566643782835,130.44932104605994,31.376884852891337,32.38325373256061,32.113637624466094,31.65968389505417,31.956267481287135,32.2524470743018,32.012142605326275,47.59256101773903,47.33849202511543,215.7924583538958,187.85772948179482,38.562919162157996,305.13939493863654,201.4549434921505,203.89365650415766,204.51686280844,201.45397202433298,205.28209898644315,202.05877840228462,202.21933297088162,205.00453955065487,202.55416206053525,204.1220274608369,200.54836621008278,204.78201492345084,204.893311355653,212.94331345796837,29.119734869841967,210.52805334667931,30.246087244086688,34.455304909266395,211.81283175633746,188.24103131056302,34.1567502122295,34.06784709983079,34.00135037923212,34.443993078678886,69.7373952512295,72.57352346859474,71.43361446526112,198.7903237525441,34.20680289499246,216.26250118488252,238.39065607343258,225.9381786059673,224.6888880273317,220.5543928892072,216.4369785913314,226.4783078205872,135.56370042781697,47.833050124155385,,7.141430371598972,6.668768711014252,7.0142836705666465,56.70360273592466,34.16965315751094,239.9962173753023,134.84447219245422,188.09613516562138,11.341645519240455,10.22244191336376,27.087321996278668,127.6476661394515,31.5488232513055,34.140036526774765,32.91711706880673,34.14857186465444,30.742407255732676,31.146285320690826,33.19342733830763,48.265020586381766,187.91066490477587,305.28896297464405,201.57072826463627,203.90725530096682,204.5244032099558,201.03774596542,205.48764024695848,202.47641480915735,202.59102719168297,204.916801771537,202.16779050771362,204.42856025509852,200.98777692121013,204.26888830464532,204.72512472174776,212.39668117953988,210.4926722495044,29.93380410373736,34.75336518965996,34.50134674960792,34.1578386386398,34.29115747293042,34.05640671402228,71.50785241817113,71.9746602781017,70.33983984394675,215.27305006570552,238.402478583995,226.11368146775553,225.1489701098858,220.18015012324727,216.7828005406606,226.5145186548076,135.09197316011438,47.68845336947777
lapgyn4_surgical_actions,6.971211112388243,0.0,3.096796919911146,3.6878987063194373,173.82746900219604,56.67051080550917,45.678942338187824,39.32234167937941,79.20691258457691,177.10772662188893,85.68662764817351,87.45331896690226,104.94326181834072,101.21879084864838,144.65505045434708,144.93668100835367,20.975148457879513,24.538873568947388,38.97517308004605,96.57293066694328,14.372374081727902,15.21422828018628,15.132581257861442,14.847062765057672,14.9873427309848,15.142359049078841,15.045758382403218,42.344841790332126,30.274941189313168,159.84592526583833,139.80302995889303,68.71009224766681,226.85196196114555,148.31414531062754,150.2558831103765,150.83226576679286,148.3312425886975,151.45801346736843,148.79548660344798,148.92819846209676,151.23848720428902,149.26333310216253,150.47407164169147,147.58737532211202,151.01584644477165,151.15178680200242,157.340536027346,48.721419887605364,155.4181389297842,39.39728615632397,45.98861691023208,157.11815511571973,138.20124307807612,45.458236310344915,45.23581545481778,45.27043413854074,45.95558496826931,105.42653341984833,112.82268455154014,111.77722375614488,145.99607351593625,43.680896911711685,161.5344007486101,179.62600315085066,169.58517838826862,168.81425201911495,165.36131865989358,161.70009842795452,170.20189034599525,130.1089351568948,71.62989931777902,7.396735087826457,,3.1623832632251805,3.756489751933593,47.82372157416464,39.51128624844457,176.3513064964555,100.87237897321093,144.76083403528614,20.597196001430028,23.60507858558058,39.2443374777646,94.30532686223052,14.418419096754171,16.17371267171831,15.524710085896054,16.35687708596214,14.520033633301416,14.54085087708853,15.723494110187179,30.84543083891262,139.84651102950204,226.96184195865334,148.43756906289784,150.28449492193758,150.8392199593191,148.00274707433638,151.59758190912117,149.13604360813966,149.25516967231198,151.13889107936888,148.9662408595453,150.70744808868292,147.95512738307667,150.60170464525464,151.03519570187788,156.89163950680933,155.35848849420003,37.86105016173087,45.92193823778672,45.515253374223015,45.33177538129016,45.711875745757865,45.53192228931522,107.39923685318203,111.84818780317386,110.56684351442054,160.68839183001032,179.63305489242748,169.72855470513338,169.30106396102974,165.02261360779497,162.00891861113126,170.22542089401378,129.6130982615701,71.24238332529947
lapgyn4_instrument_count,6.7897196672968825,3.096796919911146,0.0,0.8957692252001941,150.5110983751761,45.66557483126052,36.70849714359704,25.164895713976776,67.98160453474944,176.34894203970146,77.72632589350327,79.54453951827924,95.01850332149188,89.86480990540437,136.08424815909828,136.67331254065942,14.286385267757495,17.388753747331183,25.797703639146278,84.8574531313946,10.085317095887401,10.45167780493913,10.305273122979152,10.054064857042508,10.216111361381103,10.38092834431015,10.245002889072339,34.67504990037436,21.57507105159781,156.37246485237495,133.28341332965962,55.80097920443211,238.40435237066012,146.5118996896283,148.52809343884758,149.1838186981669,146.55868595851805,149.78814270445952,147.0129796495921,147.14154348236863,149.58404844166563,147.57732145183067,148.77614928471823,145.7657707292635,149.71737645780695,149.4919672545019,156.51758212482136,40.20751438897004,154.70373035877245,39.886174821896596,29.301118778635423,158.10752678515098,137.5106833513487,28.86670265379358,28.685718844982592,28.72570917683086,29.29099821807871,85.05344064192607,93.45098968365568,92.69551787977912,144.4025013132403,28.143782145015514,157.06769548303043,175.49136362372136,164.45641998308102,164.216221169292,160.28528486970438,157.17360959789667,165.47405926600152,106.24665105429393,52.410481697568784,7.0550472947956635,3.0282360015742213,,0.9950396028850506,38.793931565666924,25.480452408761742,175.46844593002572,90.9156405189694,136.19612798257108,13.935061163124441,16.647881119873468,25.93385955761212,82.66890276184029,10.258868537275621,11.497587228265367,10.770897236413816,11.486064309698165,9.592351523506444,9.78380128334696,10.946371517134168,22.211044352797128,133.3387711650345,238.56263115222762,146.64737952965677,148.5800012024111,149.17241354657378,146.24132965867932,149.94137180174855,147.3049602142693,147.47727556942522,149.48308115860533,147.30142569349144,149.0324181279466,146.10732519645327,149.29119530296092,149.36355734114883,156.0953089537939,154.69026370786904,38.70530264162514,29.19735905356485,28.876582184993687,28.770052708909944,29.065096912521668,28.95871839745364,86.79149511599533,92.4281555333994,91.70832995932876,156.21407807187688,175.5137049720286,164.60175640105405,164.63893661780196,159.93367565094462,157.4968153228959,165.47455365432552,105.87954295362161,52.01150517596631
lapgyn4_anatomical_actions,6.814061455451171,3.6878987063194373,0.8957692252001941,0.0,145.5945853455928,50.26147494108054,39.55788734854637,22.290786238490742,67.31922040669548,179.7209598886419,78.06845995094389,80.10482111239133,97.36863765016645,93.27336296354835,132.60109785198478,133.20377042479404,13.44509739893525,16.746597835535525,22.73867628408871,85.14128897070998,12.103840414774151,12.424096649740846,12.27991592699637,11.946521583429274,12.235948156103653,12.418116472066302,12.226328668034395,33.66579491928766,22.30020361777016,154.40129357352023,130.1796968091242,54.791041710954254,239.41067831482323,142.24166755513295,144.29355392342043,144.8502899842017,142.2700572456378,145.48500607182075,142.74334813335153,142.87866760199347,145.26911370692304,143.2120310881902,144.49525252581594,141.466286649536,145.35626313541778,145.15234120581945,152.54317658347045,38.857667989275086,150.5647654537278,42.11018428607919,28.324157260314255,152.99904961320877,132.51485147890574,27.952581832275023,27.79659892067547,27.82426480427459,28.303225826371065,81.32154328399045,88.98645229922914,88.21207657051102,140.8418991369748,25.40609487354994,155.31687490107183,174.27084927406403,163.00201515333612,162.7346308948469,158.76991133274865,155.6062803888611,164.05602180145416,102.80683180686418,51.93007355249289,7.126318762798498,3.7506078873392887,0.7467978411530218,,41.78744565850788,22.373536395155153,178.69874136362566,93.4324785858218,132.72298052833443,13.047810655543621,16.075853584864277,22.923830999762732,82.73282783132888,12.669066727439166,13.661674401318514,12.800535420193231,13.535668288895465,11.199865506483853,11.610905154389723,13.179734346632909,22.663130016522324,130.22397897809,239.57889868820843,142.35376790896385,144.31935739300135,144.8472205202743,141.92939780402045,145.66180658708748,143.07385207092167,143.1997453771516,145.1771507370475,142.90747084255167,144.76738388996628,141.83902534488718,144.9266269543917,145.00287749773585,152.0888793005839,150.55250653699673,40.87434115219378,28.265334088555115,27.97454535354433,27.860656122117014,28.118881041704363,27.980045555351712,83.00335408930562,88.06377966157977,87.2594912373069,154.44901149431237,174.27342077255574,163.14786099325957,163.14014159181113,158.43870001880808,155.90024735926178,164.07911759961289,102.46712306656325,51.5946271487431
sklin2_skin_lesions,125.00257085272561,173.82746900219604,150.5110983751761,145.5945853455928,0.0,201.38251877044922,143.87824130710862,89.63441320079467,228.1668351025794,514.7989205001306,266.90278417436144,271.1722636050009,293.02772730903297,268.5254651017461,403.8163969351318,404.90906143768746,85.77674396307,74.565056151411,68.47754283012503,273.32009459700924,202.27366175091143,203.9103309577905,202.88775446170368,202.3985128607457,202.98971845302864,203.66257210724507,203.050483848491,116.57477644095223,190.35898728751397,469.49056985012845,417.3093900304694,30.05133354077141,688.4960447315947,430.4683529655768,434.8004256326646,435.1416860295234,430.2877410526085,436.60749890194126,431.5232768316859,431.93749112515866,436.1241695679177,431.5055686401734,434.85904044799895,428.64675526808605,434.8185401816227,435.5536168090901,449.42569359983094,49.376934849863865,444.2953305505017,110.82226773290232,78.28603292335595,438.69686208710624,396.3271568083768,78.72424248947412,79.11730498124558,78.73957706238355,78.06679942983672,16.95792017735206,13.967195961849102,14.401474487524258,435.3388490239845,89.3147011648315,471.8453268355225,508.90943769509147,489.5567754849596,488.43362741297034,480.7301362613829,473.33836532832623,489.7981703355837,142.27258243008347,42.21675048908901,123.34914615073237,173.63122112994563,150.07701054832057,146.1181475000908,146.23582275902083,90.39581695168363,513.9145153302053,286.5128500062623,404.1368169858364,86.44890120877213,76.48744597101673,68.60998622503962,270.0128322026695,202.56405668536982,207.48734981659814,205.15302594031985,206.3098843523751,200.420923760086,201.63781179615722,205.79204129935553,192.48661726800282,417.3408718891942,689.0194783233763,430.43928770872657,434.70679590665804,435.2258622041399,429.4563322973384,437.141641142173,432.4017987418334,432.50012396751396,436.14259611253226,430.53003281008915,435.4485547210371,429.52027980639764,433.8935072876182,435.2145201245996,448.4449531252772,444.2940681454606,114.20523321092169,79.47735359856995,79.67632285812613,78.87135290017747,78.61597359877732,78.49145471828857,16.408617055845852,13.971222255494132,14.62415243280946,469.8574261478103,508.8832792679636,489.87057575019764,489.4699085204792,479.9688162866136,473.94986398526805,490.00562563588767,141.99397387870965,43.21821319707418
identify_nbi_infframes,76.30587908622482,56.67051080550917,45.66557483126052,50.26147494108054,201.38251877044922,0.0,12.661352341025747,47.26712540617753,34.081224802734795,110.99281745490545,37.217070122398624,37.504019869373444,45.30227766446231,36.705049543729615,106.8194125916113,106.58376826294094,63.80121662096795,75.39065042889864,61.81575038056353,30.983723474905815,25.295381034014284,25.539220674583845,25.399615874163615,25.978793095570794,25.38288687703782,25.433199945001718,25.60270559209441,36.52962708947047,17.19190207140187,111.84977643193285,99.87206377294794,111.18868865658979,204.21259148733185,107.40974700351863,108.9351791246517,109.7129306113585,107.55270243562958,110.11148060526388,107.83899618963943,108.01812823046438,110.01083111947221,108.41327361726798,109.25307749992669,106.90986256483343,109.88970953829464,109.87485912953751,114.08322149104025,92.41351801891885,112.95229893031926,94.61357198343156,54.91712597366243,118.42474028923226,100.1087088206601,54.192159058062664,53.9092801939686,54.11957268796018,54.719190284439065,133.25119865555592,154.67644297445543,155.6791251120118,105.54848866319401,61.06924630370218,114.97669437779132,127.9721464172871,120.54936006360498,122.19812593116885,118.12062568197094,115.02889797966246,121.56944750616765,63.40849442087293,84.5707769206488,76.60724002633967,55.60430773470554,46.589251269480144,50.44411251414829,12.324736048056437,48.477157178837814,111.07951747282998,42.01610522253472,106.85463395454047,63.45775377918835,73.75154991518106,61.02058962441507,30.846299076770507,24.532060252750632,24.185638208695714,24.898128626150154,24.703733336125012,27.32747149646203,26.57360898517863,25.170936461739018,17.985875089514266,99.92949506265114,204.47626675447242,107.54221683789709,109.08979380842162,109.67702950933213,107.34221468328624,110.19018968779018,107.95791302874542,108.34443817786807,109.91533564654365,108.22067927273785,109.4095347590059,107.12504843113369,109.51427545743766,109.85599522313666,113.83975969406444,112.94513547969633,92.33826467032915,54.060419003904734,53.54929751932221,53.856250467969986,54.547617277852396,54.71855009214104,134.0643140629431,152.6173086444388,155.54245930609866,114.03909813707904,128.02731835928913,120.69355114134194,123.06882222155402,117.59231777848491,115.47776445204634,121.5502956535307,63.12703055561886,83.76981060729545
laryngeal_tissues,54.048113707149795,45.678942338187824,36.70849714359704,39.55788734854637,143.87824130710862,12.661352341025747,0.0,33.43080808741027,49.27358424317451,157.17174946522596,56.31803556570142,56.951618802920144,67.5373563677476,56.07928277900204,136.974202334568,136.5143616987137,39.95311330925023,48.12948830991264,39.40480265172025,56.23535346613305,31.379808706557228,32.36338382303734,32.09342963474478,32.446047390992305,32.01556959699609,32.22411704336932,32.28811911239252,21.879057181882317,24.824816006614547,155.78552477812696,137.03056963532686,70.60435836615818,259.5818169203489,142.17910302658072,144.17873340085526,144.75416670683714,142.19351201579858,145.3976554169089,142.71865092281283,142.95249786695436,145.20913314015436,143.04966201694526,144.39500834445462,141.40101334176697,144.6126606547338,144.98507901121383,149.8880960925973,56.8792061169445,147.91850401718023,61.63524243773574,39.03364740509982,148.96055580436263,126.25082166180985,38.50928509354301,38.32516722613918,38.4273660383119,38.75278818617732,89.4601948535886,105.59352218700218,106.4848786379986,141.08097906404416,46.039031279939756,157.52338073470102,174.60793314555863,166.097661295168,167.15467123852852,162.44842863775924,157.8606948397094,166.1308175880321,63.118964704739035,59.44542059766689,54.10901616157442,44.86258595054503,37.33938758130232,39.89128944930675,,34.40506016309242,157.21519068692402,63.4230121436308,137.0481947575533,39.99334011126109,47.21197769597382,38.99307685165256,55.35683966807487,30.796848372211265,31.669952958437342,31.859759400137918,32.246454500233355,33.20819676068329,32.82394372696214,32.546902467653794,25.87555572114293,137.040956014582,259.8869307569806,142.27755928476523,144.24278095242417,144.7521956871093,141.87330188654514,145.56967486964925,142.98895239150718,143.29973011874395,145.1284784969503,142.6987241032348,144.5955664428337,141.74718048177496,144.10367359074692,144.90553330947282,149.54645337951743,147.89394089255518,60.35671160004084,38.66064523626296,38.17259825528383,38.24795554216863,38.794230605570895,38.73374465798579,90.0435424414776,103.95357339040932,106.41388026830876,156.2972746113535,174.62748769262916,166.27224766327097,168.3315080887985,161.8758891404791,158.33827941491887,166.184907483894,62.69913930483369,59.087711161563234
nerthus_bowel_cleansing_quality,33.88783434282989,39.32234167937941,25.164895713976776,22.290786238490742,89.63441320079467,47.26712540617753,33.43080808741027,0.0,50.43258976762069,196.9500954248279,69.35596066828919,71.76897347590271,86.5739834779905,79.7701782142163,126.27111590080516,127.3507866166685,16.92397935340116,20.00537169190133,2.9321880589364344,68.2342379369507,32.04699781592198,32.1590220157359,31.822142896377688,31.558064728162478,32.035427546508195,32.25241864612924,31.919150352689428,24.663212901665524,23.708680515551727,160.51070264854602,128.7473096818938,38.631418907720985,293.7122279067191,145.19326624364678,147.65736822141463,148.21763859325029,145.21263006725542,148.93296121909367,145.81574511701191,145.99276132871898,148.65903125141423,146.24186169533766,147.8421159034979,144.2920149327725,148.77178859747352,148.51768832325624,157.7059885554147,31.351462447753306,155.30190626985973,64.83962623563397,5.787555358941095,157.1806115214657,132.73012635537913,5.727499448437392,5.704509449842117,5.71460739886359,5.735125852108748,39.25810746342491,49.509865325349026,49.7040232899427,144.27763998869335,4.972866814195869,159.7204704847979,181.8251157785774,169.3349440745666,168.55800096919899,164.080152370125,160.28677845705406,169.71519227059818,44.98145601789693,20.986487214559617,33.805525122431916,39.17758486771751,24.75218705782765,22.188529913228667,35.347794949131625,,195.6501245216785,83.15016318941151,126.4483090460391,16.52570168163659,19.848997391721504,2.716203532418728,65.90337532679804,33.287154892891884,33.816751457912474,32.6887717795269,32.89052176663138,30.312202341001253,31.253754001165817,33.267353958894624,23.92398428972147,128.78110508540027,294.0095815363646,145.25677556664164,147.66266719158446,148.21901973750943,144.79574893790743,149.17977226830337,146.20378534603913,146.3077876382307,148.6375884391973,145.85515005948537,148.17730465062814,144.68953848916846,148.26388906889255,148.34766658652066,157.17176896050947,155.36331009426414,64.15178810999126,5.680127843325886,5.63732204790379,5.638778843885932,5.759046385811114,5.784823872795933,40.00459693887146,48.53701829646492,49.425568546074004,158.66423399055176,181.83236771032384,169.53467538775388,169.02291552877534,163.67937560651416,160.63119669994822,169.79155769925143,44.98118613847867,20.79393802073111
stanford_dogs_image_categorization,105.26911653574817,79.20691258457691,67.98160453474944,67.31922040669548,228.1668351025794,34.081224802734795,49.27358424317451,50.43258976762069,0.0,70.58976729305617,4.618707852118462,5.040070779643152,13.839310849362654,14.770085955439612,63.326469595223166,62.91786560828889,81.27032674636058,96.41472078259964,72.18055897174676,9.464725151494157,38.770328235063,38.66513352446234,38.69929884928614,39.110431993846255,39.07793057927295,38.81459334667777,38.93231131858007,38.08175662316991,22.81593162003081,67.20578635463723,54.70959874829637,148.37409858616496,167.3771543700418,56.6909098249929,58.15232962423494,58.69487898318463,56.750485761115044,59.147199395671386,57.064966692169875,57.20491053409472,59.02304373103772,57.49483196120812,58.36011138836423,56.15040380808457,58.60203708933186,58.87587546826085,63.032695848259266,111.6820143094757,61.60770607559928,123.11539445896386,68.67951536238562,64.05437423054767,48.7742690416914,68.07991675367995,67.57821875790404,67.90032433009718,68.62718643432265,153.26509132719622,181.24529908421206,182.3491902491152,57.69042638324482,67.76607057837575,70.30417645465164,83.9106734584953,76.65675801067368,77.34400305806885,73.82014919537451,70.43402645103554,77.49581183254887,32.783098228099746,108.0002931565117,105.79354449582429,78.2471936230883,68.30555489144592,66.8576237143082,49.45512193514464,50.51527140697268,70.38946063479638,13.385060503392808,63.3981238022922,80.0327456560685,94.1101536846299,70.90584458266036,9.072214311593186,38.76271008452459,38.54018873969393,39.11275129213681,37.309680997207536,39.944902117889306,39.28996259589034,38.68637230525944,22.952654867038213,54.743518188891166,167.7614576973227,56.814055131449784,58.20506564970094,58.71895838983815,56.527704464518976,59.20987394969236,57.29836027485668,57.48677141056673,58.96535354496607,57.285591881548086,58.50724824846154,56.42092765908485,58.23782887668452,58.87736555058974,62.72521618260523,61.55662496238276,119.72979357289479,67.59213130308801,67.1493543101333,67.56187376584009,68.51213081664962,68.85182768458853,154.126666601384,178.63417080734004,181.66544252641907,69.45253999149091,83.90496886549023,76.79594607522158,78.1550148322695,73.38438132583602,70.80550455616478,77.50696575546837,32.70703551717432,107.31126674549569
svhn,240.9847893191108,177.10772662188893,176.34894203970146,179.7209598886419,514.7989205001306,110.99281745490545,157.17174946522596,196.9500954248279,70.58976729305617,0.0,50.42256503024025,48.196846366464705,43.232356732523215,56.624888131608685,53.21711352374413,51.78450651442768,234.2290673666173,261.1272134826419,237.242316931821,52.037447833699424,109.87730226671275,109.26221948624304,109.86496876952592,110.63531123337503,110.23636564619565,109.52934090589642,110.06107507995587,164.0710659798526,99.49049501690985,28.11714012545221,38.84723021710092,365.3111803054388,49.65520870405555,35.89714310902763,35.70200183137807,36.41609237538857,36.13246484788094,36.22981738569797,35.92245456307891,35.9029185749945,36.310127170190306,36.66204931536372,36.0230075352429,36.12238946736115,36.45625134786377,36.4677703882077,34.145223007241206,299.0545823920504,35.06551074137583,273.872291569983,227.691631052486,42.88415897764368,43.43944847335645,226.49838970915937,225.52690715990047,226.16100145155391,227.73393680484753,389.7640464879692,430.2799785665781,431.16280943810625,33.12996306026811,219.58356356369464,29.263895856681707,28.327843714660105,29.53615862576757,31.28800999614606,30.305293285441564,28.7110330822708,29.488614226788737,172.35257807800886,305.62801687154166,242.75376661588797,175.87970754869488,177.14003731313682,178.81278793445097,156.64068217118125,196.71637614481938,,45.33775377169768,53.12026840823602,232.1871672284002,256.70786049633057,235.5665574883178,52.89608396270499,109.39505231429632,107.31709582165917,109.26832899381806,106.28147021377242,112.92013010447482,111.16322964239173,108.13296706534486,98.6955302883764,38.87218982301314,49.84773271241252,36.11688446783157,35.85696946569021,36.39262239041257,36.2708753968332,36.00904710655347,35.71646322216268,35.988461548612605,36.174520662922326,36.911367092939365,35.895545007745476,36.00523936509343,36.42495520575836,36.66392607357268,34.298392676893485,34.99355923581523,267.0234266066603,225.52425728174526,224.73736128122914,225.6716138092256,227.18505820915584,227.6848215214637,391.79359832958176,426.6154612054608,429.7870912836008,29.017351909846077,28.366808580178112,29.58565769517509,32.082055354826196,30.06217798067634,28.954451794030092,29.43601113355593,172.32416239507194,303.97683178269824
caltech101_object_classification,119.05657187319956,85.68662764817351,77.72632589350327,78.06845995094389,266.90278417436144,37.217070122398624,56.31803556570142,69.35596066828919,4.618707852118462,50.42256503024025,0.0,0.47000961237064587,9.208818731407305,11.27418656783145,62.857948812151406,61.78715645466587,96.8047244140914,113.91762438961055,93.48115351683711,7.95015812458773,42.949149605900026,43.06695046657301,43.19245398175686,43.73051228085533,43.53128845114738,43.17450807498203,43.43819820909159,45.488948147305194,29.148033943145812,56.98568473880183,50.85214652204269,175.27710886003996,142.71089143399823,46.26814467719056,47.50137578617062,48.03000654055044,46.31416076216865,48.45228157399997,46.5841027571076,46.73067154558309,48.351544573667766,46.984162180102004,47.717470928603916,45.77823984781515,47.57463997282647,48.19490642343349,50.52615672425695,130.18010356766735,49.26704157557755,130.80859004933814,90.7081285057675,51.14347054224239,37.747537418997965,89.8865339268527,89.29065727958844,89.6432519465771,90.60902774330802,187.16796181520255,217.26147606440475,218.29076716970596,48.72120473734833,89.936893642891,61.79716294300229,72.72278724787589,67.4460806562059,68.8925757895918,65.47490481327034,62.008243964519096,68.28318167300212,49.38446682093517,134.93527221339633,119.78050197541299,84.60067767896,78.3104886139376,77.57331950680481,56.18193345417747,69.48885389321488,50.568136285822774,9.137702420377693,62.90486909719244,95.46761838664631,111.12326370573344,92.10622129755305,7.946368106467773,42.44778318878269,42.49247967647935,43.45083756323101,41.39562256394374,45.14611271121001,44.024911965080705,42.784676340188824,29.318147724853276,50.874469255723994,143.05753585315617,46.403742509741136,47.56286596756837,48.06122733141545,46.13794746592001,48.47618476917574,46.77547409072962,47.00147708671957,48.26909432984346,46.80717472013635,47.81490506859344,46.03116216463932,47.24398072677745,48.233305925289024,50.28108578839626,49.18085333268712,126.70202422535986,89.47212001438344,88.86882437363897,89.27284771202801,90.46031561977884,90.80556589905719,188.2399861020559,214.44188166469212,217.42917903830673,60.91896998109563,72.71428050536008,67.57171458592885,69.92332529386061,64.97817928707836,62.42453871325268,68.2869306232665,49.1918682576734,134.1818854053846
caltech256_object_classification,121.51925760120957,87.45331896690226,79.54453951827924,80.10482111239133,271.1722636050009,37.504019869373444,56.951618802920144,71.76897347590271,5.040070779643152,48.196846366464705,0.47000961237064587,0.0,8.513778654831356,10.494527717856428,62.880509041075285,61.748500906190905,98.90714998510455,116.41246940434624,96.22905009001049,8.075110455293569,44.107394620394565,44.17200976271628,44.306948334151855,44.86689188845956,44.64502042907627,44.277774788137904,44.55714937165177,46.40228561788449,30.293847999201027,56.42349125104751,51.01963803013701,178.62608020864872,140.79713446465755,46.18501948859228,47.38402859960385,47.91897622078412,46.23752163114082,48.33152469973378,46.492299583274296,46.639712195204176,48.24377896469291,46.90373427156369,47.60430904414794,45.706099679837635,47.4997798649773,48.081707511063414,50.21484860659327,132.78368488254273,49.01001887484507,132.15408825870526,93.1162576542159,51.03044172162003,37.67946300026888,92.28401659479994,91.6705478793663,92.02837861201817,93.01605267719015,190.80877303605843,221.43840202207252,222.50604606234737,48.43452203713116,92.59816011578637,61.267938260310046,71.84427408365039,66.66843378544894,68.4473615144154,64.8861076440268,61.421142972199476,67.58940651738125,50.49622711512396,137.9836624009296,122.24318033753227,86.33538793057801,80.1628666436416,79.62270653026317,56.766836515862366,71.91030895244904,48.40569843941396,8.492308881502268,62.916739261883144,97.57410910830079,113.56979182605762,94.83127781366973,8.122626514587452,43.53549532943241,43.559966561525286,44.55383616094183,42.46178064602346,46.34643047260315,45.17004673185235,43.85392442025364,30.51752362460303,51.042539087577254,141.15257076095952,46.33423272704388,47.454372379155295,47.951327205679426,46.076560432965366,48.35232855431592,46.66532602773282,46.91373440006344,48.152038511273915,46.73918102895482,47.694598920551535,45.94925332718541,47.172493135603666,48.12477739494142,49.992787675638986,48.92651218820271,128.01710038641812,91.86578850154147,91.24672146802578,91.66104545576371,92.86702826602865,93.21242626107392,191.89144553760144,218.55800942062532,221.64005541273576,60.38083615411463,71.83758112776867,66.79182523680862,69.51121712947648,64.3846052313069,61.8471096592628,67.58816973519643,50.2937251090941,137.22180051604607
cifar10_object_classification,139.84264904171846,104.94326181834072,95.01850332149188,97.36863765016645,293.02772730903297,45.30227766446231,67.5373563677476,86.5739834779905,13.839310849362654,43.232356732523215,9.208818731407305,8.513778654831356,0.0,1.9259345367083824,59.858303189400814,58.529221432102425,117.98833661046935,134.16764986439702,112.99713298114955,14.65358528054577,55.3180038027666,55.35300542303305,55.46220538611233,56.16548903105652,55.80736180833366,55.363776654516414,55.70139645180061,64.94144501690833,39.289987921473674,66.86529951785684,58.99427836710182,196.83281740051734,149.18798683270802,62.77943817608695,64.04142328126562,64.87801771004186,62.96498970513895,65.20030003451727,63.14422908440973,63.27172267734144,65.10549561313992,63.90238151082225,64.38711885943258,62.39108306413756,64.60791602749876,65.06722950091277,67.5408432578385,152.729522938748,66.60263085524235,151.96261334356086,105.86909510706937,71.1816149384873,57.43573697692296,105.04614167205784,104.35357051721414,104.77408469718236,105.90966199473706,206.8146676731521,240.74254487765822,241.9460207686956,61.43149005073159,106.8661235112333,68.49696858406233,79.20763185078806,73.40892305547521,74.24559152843078,71.01174400526521,67.59556748932054,73.56902579128977,60.70923961852252,148.9211585165348,140.41889426020975,103.52298613696573,95.93677022706176,96.861342783304,67.25662287584618,87.08011539711447,43.39796522978136,,59.87754804916615,116.48718228723422,131.14602782299218,111.34707807062091,15.121041514687207,54.08491740149163,54.55146227476767,55.874838849416115,53.3007018265878,58.14366914021555,56.51072990229534,54.473094581543286,39.955385065348935,59.066984612001846,149.56896415757583,62.973964427732135,64.15865504023547,64.91880539424417,62.80568178739583,65.12504189690061,63.27856850002478,63.563428824217205,64.99192902598463,63.81883921817301,64.46224224901812,62.61922933628239,64.27807104030244,65.1666990789505,67.32136984058286,66.47489140026988,148.01362711996407,104.45510076776907,103.9027588245667,104.4054817312922,105.63503135297557,106.1608604735927,208.00781000950735,237.52351719594407,240.88488701751183,67.80424249985346,79.23912610041435,73.55208535661745,75.05924947774876,70.59278467840466,68.00353695839229,73.50811032360983,60.57482967582801,147.91615573666786
cifar100_object_classification,132.22766104007866,101.21879084864838,89.86480990540437,93.27336296354835,268.5254651017461,36.705049543729615,56.07928277900204,79.7701782142163,14.770085955439612,56.624888131608685,11.27418656783145,10.494527717856428,1.9259345367083824,0.0,74.94814916018578,73.75844117738433,108.09792129375421,122.70134469043712,104.00032507014507,16.468020740107633,53.52575109072416,53.76106284104789,53.791460428377185,54.56641176535579,54.07418365696106,53.679670548457416,54.03895648083525,56.48914168557927,37.44119904721057,83.76553207565931,74.7470185013643,178.11168600196203,173.1604531157739,79.17857089577397,80.63739609432042,81.523872528356,79.36350605519164,81.90853423832151,79.5940044347864,79.74784248967093,81.80045224392202,80.36982846816898,80.99871247605086,78.70215836451428,81.1862145376308,81.72147836490771,84.4741295941148,138.12775632187427,83.34365184723184,137.8243201061511,95.81758705617523,87.95300683501019,71.75965742593773,94.98277525219709,94.32743050550191,94.71489540104736,95.82987897553627,188.8581801820404,222.01375964852534,223.3240498003581,77.7686018180135,100.12823351830662,85.97782742070227,98.00488514207746,91.54861952217844,92.44228678825831,88.83936972011959,85.04214772808494,91.71654949301706,53.75522960523163,132.8027702858456,132.58064358046815,99.65805624343903,90.97344149123296,92.94422944569504,55.601726607906215,80.61012820149897,56.99450540242103,1.4986235253977753,74.97796525905413,106.7868140120946,119.85919267156342,102.33095303227287,17.081939043232794,51.84683317077206,52.86439595997767,54.21361136745746,51.79294909316495,56.76458827423931,54.98033017757794,52.73980469679399,38.591958059628695,74.83340816038219,173.55310946180526,79.37912179024639,80.76737615511732,81.56294488026765,79.17198861467871,81.85239651577139,79.76181872394822,80.08216008714814,81.68330884975231,80.23586922200323,81.09912901972635,78.9693493019129,80.81318531954905,81.81576645745032,84.22233649310445,83.21049164224212,134.39137010615485,94.4955746919395,93.93399572384041,94.36578903680548,95.5912534558463,96.1214865126723,189.9061400383786,218.8207111896708,222.36188974031904,85.17971376506213,98.0520796782542,91.70481916989566,93.33021739858481,88.35766515730222,85.50874891940764,91.64889603813091,53.5545638281413,131.87126734097336
mnist_digit_classification,187.9470735557083,144.65505045434708,136.08424815909828,132.60109785198478,403.8163969351318,106.8194125916113,136.974202334568,126.27111590080516,63.326469595223166,53.21711352374413,62.857948812151406,62.880509041075285,59.858303189400814,74.94814916018578,0.0,0.5540368880513122,184.78461792620203,205.31198832026462,159.99737676006592,52.84454537760021,86.38689836057092,84.86374392143203,85.24209365890644,85.28028171260574,85.79608012081444,85.47184556518444,85.38148643576466,147.76395695975134,67.85506731382755,29.489072751210024,12.036775001834132,285.10660295842706,85.98850188209656,37.71725401212632,38.19681170050308,38.87025266797006,38.02480668371115,38.729803877821915,37.923661824101394,37.868940118872295,38.66762620233985,38.70279703546169,38.48026498533511,37.895983364982015,40.24617801087423,39.04142745433013,44.012386155409565,249.3086736229313,44.3650294224352,267.0133060938049,152.0283785531453,53.166862380197536,48.08485792038617,151.60638433461568,151.15255507585624,151.64568409616902,152.1461908394536,285.49393146759246,313.2751690016104,313.90190825365636,28.221188930024404,134.94197627325119,21.174847820521947,29.075392819992448,23.08950945518048,21.867642164550613,20.209675473402395,20.207876152813093,22.28418699892563,130.065587379218,224.56277861360292,189.5658580870984,144.54606865528672,135.42778424411355,131.53698604668978,138.19878648851807,125.14123007821517,51.02178395595776,60.90743405465685,,182.94815776129923,202.8749982224222,159.12850895776242,51.62037741314299,89.37789164893479,84.49961605976233,84.77678908001506,83.27926878023607,84.53750045795896,85.43836008386138,85.37509621801709,65.53122770609819,12.063797762045688,86.12557870226544,37.81956199366516,38.27861903666413,38.814066789380604,38.03122514962704,38.70800439976786,37.81840713559508,37.80799662793061,38.648948383373494,38.956797369607656,38.556548018520274,37.77680487131821,40.13331738895654,39.090910382302084,43.94949535572114,44.466935897424996,261.724505254223,150.3347831070973,150.1524782958947,151.2017747776275,151.71014041415535,152.01490790496493,286.9887226709359,311.0919840249936,313.4422075094326,21.2297859586541,29.083089610668765,23.17727801687672,21.65018513797524,20.315528268795077,20.1800212410012,22.270870294822096,130.61819646833143,223.1042509363383
