,lapgyn4_anatomical_structures,lapgyn4_surgical_actions,lapgyn4_instrument_count,lapgyn4_anatomical_actions,sklin2_skin_lesions,identify_nbi_infframes,laryngeal_tissues,nerthus_bowel_cleansing_quality,stanford_dogs_image_categorization,svhn,caltech101_object_classification,caltech256_object_classification,cifar10_object_classification,cifar100_object_classification,mnist_digit_classification,emnist_digit_classification,hyperkvasir_anatomical-landmarks,hyperkvasir_pathological-findings,hyperkvasir_quality-of-mucosal-views,hyperkvasir_therapeutic-interventions,cholec80_grasper_presence,cholec80_bipolar_presence,cholec80_hook_presence,cholec80_scissors_presence,cholec80_clipper_presence,cholec80_irrigator_presence,cholec80_specimenbag_presence,derm7pt_skin_lesions,idle_action_recognition,barretts_esophagus_diagnosis,brain_tumor_classification,mednode_melanoma_classification,brain_tumor_type_classification,chexpert_enlarged_cardiomediastinum,chexpert_cardiomegaly,chexpert_lung_opacity,chexpert_lung_lesion,chexpert_edema,chexpert_consolidation,chexpert_pneumonia,chexpert_atelectasis,chexpert_pneumothorax,chexpert_pleural_effusion,chexpert_pleural_other,chexpert_fracture,chexpert_support_devices,pneumonia_classification,ph2-melanocytic-lesions-classification,covid_xray_classification,isic20_melanoma_classification,deep_drid_dr_level,shenzen_chest_xray_tuberculosis,crawled_covid_ct_classification,deep_drid_quality,deep_drid_clarity,deep_drid_field,deep_drid_artifact,kvasir_capsule_anatomy,kvasir_capsule_content,kvasir_capsule_pathologies,breast_cancer_classification_v2,eye_condition_classification,mura_xr_wrist,mura_xr_shoulder,mura_xr_humerus,mura_xr_hand,mura_xr_forearm,mura_xr_finger,mura_xr_elbow,bean_plant_disease_classification,aptos19_blindness_detection,lapgyn4_anatomical_structures --shrink_train 800,lapgyn4_surgical_actions --shrink_train 800,lapgyn4_instrument_count --shrink_train 800,lapgyn4_anatomical_actions --shrink_train 800,laryngeal_tissues --shrink_train 800,nerthus_bowel_cleansing_quality --shrink_train 800,svhn --shrink_train 800,cifar10_object_classification --shrink_train 800,mnist_digit_classification --shrink_train 800,hyperkvasir_anatomical-landmarks --shrink_train 800,hyperkvasir_pathological-findings --shrink_train 800,hyperkvasir_quality-of-mucosal-views --shrink_train 800,hyperkvasir_therapeutic-interventions --shrink_train 800,cholec80_grasper_presence --shrink_train 800,cholec80_bipolar_presence --shrink_train 800,cholec80_hook_presence --shrink_train 800,cholec80_scissors_presence --shrink_train 800,cholec80_clipper_presence --shrink_train 800,cholec80_irrigator_presence --shrink_train 800,cholec80_specimenbag_presence --shrink_train 800,idle_action_recognition --shrink_train 800,brain_tumor_classification --shrink_train 800,brain_tumor_type_classification --shrink_train 800,chexpert_enlarged_cardiomediastinum --shrink_train 800,chexpert_cardiomegaly --shrink_train 800,chexpert_lung_opacity --shrink_train 800,chexpert_lung_lesion --shrink_train 800,chexpert_edema --shrink_train 800,chexpert_consolidation --shrink_train 800,chexpert_pneumonia --shrink_train 800,chexpert_atelectasis --shrink_train 800,chexpert_pneumothorax --shrink_train 800,chexpert_pleural_effusion --shrink_train 800,chexpert_pleural_other --shrink_train 800,chexpert_fracture --shrink_train 800,chexpert_support_devices --shrink_train 800,pneumonia_classification --shrink_train 800,covid_xray_classification --shrink_train 800,isic20_melanoma_classification --shrink_train 800,deep_drid_dr_level --shrink_train 800,deep_drid_quality --shrink_train 800,deep_drid_clarity --shrink_train 800,deep_drid_field --shrink_train 800,deep_drid_artifact --shrink_train 800,kvasir_capsule_anatomy --shrink_train 800,kvasir_capsule_content --shrink_train 800,kvasir_capsule_pathologies --shrink_train 800,mura_xr_wrist --shrink_train 800,mura_xr_shoulder --shrink_train 800,mura_xr_humerus --shrink_train 800,mura_xr_hand --shrink_train 800,mura_xr_forearm --shrink_train 800,mura_xr_finger --shrink_train 800,mura_xr_elbow --shrink_train 800,bean_plant_disease_classification --shrink_train 800,aptos19_blindness_detection --shrink_train 800
lapgyn4_anatomical_structures,0.0,4.2124513349249,5.016426336200418,8.278540158441505,25.92841032949536,22.894076655157964,38.32265341066513,19.270350042243745,37.491887684313774,41.20180281886785,27.592174602742425,26.758203926813263,35.04050739343343,31.80433775986299,41.07931154843751,42.524386601855056,12.225989417114974,11.717198274328588,16.202919914907913,14.342175265304437,7.971399719076519,8.075124239439909,8.00717421497254,7.985033034985985,7.935012232087757,7.946633008731194,7.915448603419907,24.976041290145524,22.325544579802745,27.7451996327709,31.870571142415336,30.758396007834765,37.59486341992019,25.75478279311658,25.803937106753658,26.41673488579623,25.441251862115443,26.548504969860673,25.449971003988995,25.431271178718625,26.583070964062237,26.24185203967101,26.092717823716256,25.234562383487017,25.254834796813576,26.853285754948853,30.462673454404662,27.81952837560309,30.640566374467817,27.47429785613587,37.87214472384761,30.709785631551004,31.555097802474684,37.94241241734372,37.97503750788384,38.098284904434934,38.005814768683635,28.795530781692772,28.884671589144368,28.64156054307681,34.48258584081684,45.64273419157047,34.76742777487404,25.925819437773306,29.378554013755604,30.637126420064035,31.727104166698613,30.143719706152933,32.17774999442737,30.038285328043944,35.955117285861135,,5.427958570588455,5.147071815037343,8.562602925140553,38.47873103328412,19.262839667886695,41.45100721759201,35.53753068287894,41.03167004295619,12.194210698941934,11.766947283867744,16.43715323795349,14.304283219077568,8.463662103734627,8.261028275338699,8.261922451197528,8.506099117200261,8.265424074813613,8.103075705644827,8.553745112331463,22.659701091181155,32.09653774138094,37.4865425898913,26.031077479588333,26.00279969290758,26.438912214880908,25.652251999583022,26.663478672990635,25.649049134571122,25.349947461336313,26.670774600006233,26.508133040067126,26.351450417987728,25.273809320271234,25.46729508493572,26.946743315896544,30.64762971657995,30.78236640812389,27.271205123772422,37.996630946999815,37.86329022724558,38.04544644066323,38.12816548069403,37.972109404358775,28.774180074212033,29.044609307944356,28.76902534721161,34.949587981110874,26.146397972390027,29.53925330211925,30.69694541291913,31.765835739651187,30.321707887819038,32.201116597714474,30.1568257405465,36.03569605837812
lapgyn4_surgical_actions,4.2124513349249,0.0,2.0466072293540876,2.9585188261541404,29.712768363488408,26.406452031657526,42.775602640328685,21.147762492698703,39.68492049551832,43.90729895393575,28.16909672116074,26.50504042524389,36.28566284152173,33.22099003967326,43.00881317527541,44.81699934206651,15.733722750102995,15.319795306309075,18.58362080167138,15.438072815901286,6.4689471291428795,6.5537049985813525,6.478545438925217,6.474281481812373,6.422773726638766,6.449545161867391,6.39704861178603,27.392598893673828,21.44093852043768,31.015508526303393,36.41580895718313,36.359087860125065,39.58571429101772,26.991363699456926,26.90205628798919,27.39439632840407,26.72215615401555,27.52900845121717,26.63253738890244,26.655425678893764,27.68286536102962,27.27024677516505,27.124943010284092,26.452027477338962,26.51129902246548,27.78749376961677,32.409181651030615,31.105542275171537,32.474622038736484,32.00817235131078,41.8774239672529,31.62613131661224,31.71780119066431,41.949970616385656,41.96228906446897,42.072090283407874,41.986215712441634,29.570680212152865,30.46608113013781,30.361729877246802,36.17515560441816,49.174746576021334,33.722224550467544,26.15353575179352,29.997330078060934,29.76472465354908,30.739618164426222,29.494772023093567,31.77792998677842,32.1413551812668,39.069422580257324,4.445777830561497,,2.163498231815847,3.202595299439981,42.94011275909473,21.16191672910472,44.15894459626125,36.87683271531086,42.947518893786274,15.77461571288788,15.358226635147759,18.800060969259597,15.465040964642029,7.012134505891112,6.81603893137661,6.7411430534002825,6.967492178028159,6.620160647071771,6.63309399461448,7.134454945636399,21.667447725607655,36.64838082184029,39.49960776988372,27.258174018799394,27.076014267333896,27.384147019068223,26.86889979082615,27.71416179087554,26.85914584104731,26.67853276891469,27.74614004573482,27.479750990542005,27.449640309886952,26.492590596914383,26.639862879468126,27.86909531550278,32.530038296892684,32.68741621725644,31.778703813533525,41.998334163003044,41.85714456470012,42.039912153533464,42.123535281884564,41.985654262015956,29.56241425305222,30.616591938854917,30.43927594704602,33.9324941538089,26.376119363400353,30.032088398688565,29.89558814449905,30.878309456527795,29.76332732557084,31.899662998849465,32.26889893582829,39.13839536979659
lapgyn4_instrument_count,5.016426336200418,2.0466072293540876,0.0,2.662713812569095,28.355325224909407,26.017669378584767,41.668089105033275,21.294897623327987,38.94316119891605,42.76938746930435,27.563437635047954,25.92895225107775,35.662415191523365,32.649360534453415,41.72704811321536,43.347416226750624,15.559461886938728,15.111073197491073,19.249057610041508,17.07124259690184,5.0015882216285235,5.119894869321747,5.015072393864692,5.010554167829881,4.98898189921492,5.004123907838235,4.931602749167332,27.12451029066831,22.946515879398323,32.139839817875504,35.25430921722676,35.01055786432592,39.79684668661679,27.843184657847736,28.005382556487397,28.63445907725179,27.570985109627948,28.788182516043694,27.535579048297105,27.549655483862686,28.870731056956544,28.411912539199115,28.223789506111785,27.24550962579304,27.45449417909231,29.081292828986676,32.84350246572643,30.981782109891093,33.01957730476764,31.97874529172725,40.039244686534644,32.818446986735935,32.41500152625164,40.089157889262985,40.11982555626076,40.227538809754755,40.134784951269786,28.677942722578678,29.915143634387945,29.86596639867173,36.82988856956314,47.30196670647718,33.46522239310886,26.113285409507633,28.93061802415888,30.30134882881479,30.106742157797864,29.339468185364368,31.204597806530217,32.25090383514028,37.48037010945981,5.219858388360365,2.718055585324887,,3.00759591538392,41.83102673720621,21.330486843426392,43.02292636030048,36.20562206948976,41.649595152197605,15.61587437721219,15.11669244470842,19.47330811765031,17.09656386623626,5.51733566457203,5.362945211576605,5.336135839809341,5.467325815490714,5.182445696009946,5.133156731463281,5.634978040763826,23.226824647849618,35.4826577575672,39.718297563434874,28.192255909091276,28.19261223577196,28.564722367725157,27.7574898197284,28.928960674231163,27.759136044754182,27.53231474419838,28.91858183942362,28.71657076983336,28.552679868130948,27.261779341593062,27.643577727199897,29.146124808759822,33.010260991640294,33.222299064963906,31.767313466313045,40.149096838420164,40.00975416250243,40.190781976092936,40.27294306605023,40.13683862973401,28.70421894424758,30.009249171791726,29.96256746296435,33.64588791051789,26.30991224178797,28.974466504523992,30.413368181859337,30.1801179773365,29.564375561591817,31.278291894773584,32.3759530171288,37.57398408480782
lapgyn4_anatomical_actions,8.278540158441505,2.9585188261541404,2.662713812569095,0.0,32.87236906388361,29.998484357991018,44.66389881102347,26.05430976831873,41.689588534179805,45.91806360816905,30.589436362060734,29.27235966096552,38.94146437596119,36.303216482447425,44.06035192730998,46.00647261685226,21.079303394424826,20.409243179685895,23.61211004917962,21.285204851148105,9.216258126758689,9.328065380322936,9.193621830830253,9.215688624173197,9.171586113831054,9.202670606647516,9.123800846534042,30.88205953296663,25.30293174157861,36.088811446914995,39.62229435534048,39.40926263496977,42.92510348218488,31.443381894287256,31.53878826756335,31.94588019859522,31.271121644010222,32.07499225978744,31.153310282501245,31.280758210177304,32.22066304253819,31.71999652725995,31.649844415947204,30.974956172358596,30.87916456473021,32.21886248483248,35.89389877697087,34.63613908371197,36.04909578861434,35.95971289853162,44.54461978166879,35.118812839309534,35.77615113435981,44.62025910264801,44.63031033959187,44.715838231354304,44.64309119266567,33.11206418194594,34.67321599534552,34.647840734455535,39.87784748216037,51.12110605647706,36.440989133585134,29.83481861463332,32.66598904892149,32.652328614651964,33.18008730293101,31.96956989293221,34.55676471678916,34.84045493932372,41.995538863099455,8.485313684741008,3.661783728521886,2.862039499879298,,44.80755516009313,26.072084473743118,46.199550617151715,39.49738724252577,43.95856922148107,21.092065922538477,20.404560899694932,23.82857568402735,21.307675405745684,9.823513252376141,9.553790102920182,9.510952275654308,9.685448766359762,9.157661357437988,9.32877141770009,9.844749225666192,25.47913747045622,39.849381752498005,42.87610342243971,31.688772982217397,31.67407837035806,31.887368900397867,31.385311120894702,32.21546564315207,31.366974613198384,31.24686948702257,32.29328889294126,31.899275607813475,31.9687459758145,31.048775228153303,30.998860804741653,32.284776039135366,36.045256564824946,36.25030948933242,35.73677315996601,44.63404650815146,44.53095673025899,44.70407316423879,44.778855904907076,44.643242430714416,33.13312779863453,34.77459948038656,34.6871514049517,36.589981788288085,29.9896003938181,32.65815930857122,32.77188260381127,33.35980482013971,32.21786707643617,34.67267171331222,34.9612223866714,42.100270854701584
sklin2_skin_lesions,25.92841032949536,29.712768363488408,28.355325224909407,32.87236906388361,0.0,25.45166848493027,31.922535915910075,26.72293918811979,38.42450342755361,35.638440776941195,29.269886809027845,29.19374524649843,35.25370662606454,31.446540748656755,36.04667532178711,36.79552443264099,19.819784839647753,20.347393050773324,26.17630673530931,27.17836119411484,25.29298505664002,25.386360963973416,25.426321401666108,25.3285642260363,25.381790791719556,25.36288393337285,25.31050748698375,9.790589615781034,29.43989464193323,24.23068909031932,28.12298503864335,16.739650548543693,32.73328793611948,30.147456646787717,30.435961390623675,30.962047916288533,29.856881858240424,31.055202537861792,29.81302901562197,29.694093224480177,31.199570075695302,31.098824861478988,30.422312751069974,29.024064430229796,30.111516917192258,31.393813401448178,36.27458822814121,9.637472561716393,36.712145023179225,11.947509334144733,25.54745630462737,38.38119128171919,31.42100779690624,25.657415217473595,25.65663802105851,25.703680762780238,25.708164600900204,23.45835841851011,22.97444885167115,23.014365459364015,28.916522686027022,33.05715264529886,37.806358174924725,29.682757410961745,32.327230233099,36.7313599546073,35.49945972001794,34.484160466080965,34.07867660226844,28.128307368337804,22.864979162898596,25.89146363274812,29.97902051350814,29.021022035980014,33.26559982362747,32.06234774691902,26.623545830958893,35.859783537207754,35.531133881050714,36.02019645658611,19.837987456637524,20.161696939207218,26.337075781525456,27.336808642066202,25.443589316042825,25.479759493110585,25.720677646985926,25.69372099517283,25.83546901969333,25.356653919507202,25.411844001795103,30.094454006466187,28.34961326003117,32.638410752862825,30.581112474468032,30.751028413773433,30.868298012231683,30.077112111640233,30.84415101507506,29.8842590717575,29.485559717031776,31.243931752226068,31.37516896485423,30.7048559267147,29.11616253777749,30.5977661909711,31.514625502534354,36.5153767160569,36.810505550423784,11.972129354313203,25.664677573194318,25.545774577531283,25.77987182457582,25.730736914995635,25.657498477813107,23.397165466379054,23.025680978284285,23.085303392844366,37.881506270858225,29.841143217468726,32.55311235652851,36.70701663362,35.48973444706136,34.55730550268406,33.91445551035139,28.140572205694014,22.953245547745997
identify_nbi_infframes,22.894076655157964,26.406452031657526,26.017669378584767,29.998484357991018,25.45166848493027,0.0,21.483980338353,28.416233760962452,35.664517591589814,26.270326359612906,28.103473602861857,28.22184472018917,31.656113931629093,27.895346471564164,29.97759302627269,30.137617964025964,21.995345064141773,22.07850935971998,26.188348941111993,25.79865282949765,23.692285591559745,23.932675312468525,23.77986785493202,23.708145852479117,23.827247949003848,23.784810430527813,23.940514170895028,22.116156271495456,25.451541047839648,22.521044872543015,24.331376178724042,27.286598677274423,33.76719504226861,28.915639235036963,27.79609439592852,27.820388449473196,28.855095579505154,27.611689923838952,28.543879202141028,28.53298702460579,27.71754982850883,28.449215475135578,27.87742643613168,28.53671973254072,27.638600577089804,27.706060892828358,32.64142905503824,24.02392313398358,33.33869384436613,21.70299948150526,32.48568325356871,37.61725200041812,33.38501852814876,32.47923242157809,32.57138140992789,32.643158422334274,32.5861800603833,32.58472645979941,32.570548864212455,32.431628758265305,22.575062497307993,37.741513177224334,34.4236370094591,28.112563296550004,28.6702599592336,34.82973923975938,31.82059404422327,29.982799851728583,32.05692085456349,28.347161596048174,32.60158752692419,22.78407954685835,26.06569168617343,26.506622587480763,30.533022201349866,21.57893601535238,28.160332254342023,26.689808641738768,31.910391093340642,29.88001064695981,21.82588178660246,21.83649228419928,26.417823014237392,25.916569081425365,23.726969839571094,23.606815241694243,24.254461096441943,24.308197949285542,24.215853742840252,23.990571608400355,23.682747114414987,26.097183261227922,24.591578251666483,33.618600267694475,28.9967706672185,28.129319604162944,27.885780534728962,29.367403337809403,27.3124051340317,28.403308673473145,28.29606822181593,27.83947346366913,28.553772094415848,28.013037475524047,28.816325560890263,27.95655802764403,27.971006657434078,32.89537731071822,33.39559523987744,21.612013182373275,32.548417418568384,32.497879688787116,32.552174982651366,32.64632535339342,32.60253828791876,32.68597250605433,32.55637786766647,32.47550295890122,34.50577804039762,28.365170495511222,28.994852757470206,34.77407835015238,31.942581065844514,29.836844610981476,31.920213836115842,28.404779533986208,32.66043016898622
laryngeal_tissues,38.32265341066513,42.775602640328685,41.668089105033275,44.66389881102347,31.922535915910075,21.483980338353,0.0,41.36736687866885,37.62156167092625,13.810021295208077,30.04079951381086,32.30000856081557,24.078330361687172,20.828610174635735,22.86236750508685,23.06821746167912,37.27648766765388,37.005802038732654,39.660515674941294,42.94019379942915,41.96650530148472,42.17403751704072,42.08148241512325,41.97954474838416,42.059272476261974,42.07310851210307,42.13064394909451,27.152869145831424,38.86149275260256,33.436011339334954,26.85403464962436,31.971933811475473,39.64635172397067,43.29416556627393,42.58954537685714,42.08616465255428,43.4071366552917,41.85343110400439,43.12639063849881,43.26893629489715,41.87045570667824,42.710040836562065,42.216037788759635,43.2739409463175,41.568940925691635,41.62752222459649,44.151220972699456,31.54558403380691,45.12982537036715,23.963164267853443,38.45100650702775,51.359303793501894,43.263915952291654,38.474476655323606,38.50964402691142,38.56162378144737,38.55311353056224,39.459076879924126,39.26426561610644,39.2370450234111,28.11926642667843,42.231581563744655,42.40084875256176,40.53159841903134,40.03985671755564,44.70865558556814,42.007588787042906,39.57923093531949,40.93991116169626,35.18385646548791,41.18233083197991,38.16924393021152,43.92180598499229,42.13127148482679,45.18326867409089,,41.1786632212603,14.225023347648053,24.105373777805667,22.7893932622213,37.04491100863674,36.84750860136492,39.918446815958596,42.99879012109089,42.05709211461231,41.92681064347333,42.472482441494,42.58978576860242,42.3712809332404,42.06339022256921,41.934646157856804,39.5560837282255,27.03251650960976,39.574058371888306,43.413412761834124,42.83614417240308,42.03317714822059,43.80637300375203,41.4925963279646,42.980525967536536,42.971511795533004,42.10964775186961,42.627233726278625,42.26846385933534,43.61413975994633,41.92476289893876,41.935237978234206,44.48072161231105,45.06771671088126,23.922183401654024,38.50201782108809,38.459695247542356,38.48351992444716,38.5640131354507,38.55365066543603,39.54911139105272,39.20229805037275,39.33938641585074,42.3430657007161,40.78336099622459,40.278531101233895,44.619618670481415,42.049147648051154,39.51899399362276,40.87421726331093,35.21882234504467,41.34680311441805
nerthus_bowel_cleansing_quality,19.270350042243745,21.147762492698703,21.294897623327987,26.05430976831873,26.72293918811979,28.416233760962452,41.36736687866885,0.0,42.840244921221455,39.32502550717092,29.203938650484314,28.083443462907994,35.540765044139974,32.20656667869078,39.327728536754925,40.69464292603181,11.395259869908607,9.084976910767384,3.1201258155281266,9.358746694610662,15.677059715691279,15.618571566320377,15.64229997677882,15.701023042906769,15.687966391120789,15.669864737563678,15.702645268952768,25.76911203247072,16.518881884129563,31.165682932253308,34.04037308401078,36.40602896571426,32.570843587683314,26.466846223850013,25.651297661235436,26.114705078391708,25.96683359841584,26.055204952027864,25.89509095343827,25.679603405218508,26.274961090802424,26.525328170669393,25.858953394712323,25.574088825493206,26.122291110635135,26.50527156782246,33.32262083431572,28.420354137923873,33.34403441563771,30.969971200954888,32.80984876919631,33.30393117896841,25.73664675766793,32.81235566870289,32.83698086583671,32.97758191417803,32.854215562805194,17.979720700447636,17.905172045798246,17.62012747793847,34.9553238081623,39.891626732826055,32.632908514687436,22.369278853180013,25.178758188188443,29.366672698428175,29.080904018659663,26.85554874760018,27.666343854227048,36.09889016839827,29.80924238149783,19.360090090726302,22.66323030514672,21.596502179953156,26.288123988002024,41.5239242652502,,39.37326551907209,35.91643351767595,39.3634989779737,11.403605729684482,9.591906291283525,3.1918134158192153,9.447638975869822,15.880485586311352,15.88911368372866,15.96532643515513,16.054872174437484,16.053513208344686,15.83695610341746,15.859811345776556,16.76480009451282,34.283534599910865,32.442606726723206,26.825072202793322,25.89697434486481,26.108295591021026,26.24288607206774,26.110923996635954,26.042357776185362,25.67971140550523,26.32807979811004,26.853418548786074,26.187578478398805,25.59963990685155,26.335807108559017,26.62490206421066,33.356331068869366,33.52165282498922,30.790227075128595,32.97783513117147,32.71864607106805,32.85855608129059,33.01587342364586,32.82458681164823,18.074833953393323,18.116553040609574,17.633377085663547,32.84629956371715,22.466198169311806,25.344274159414763,29.442468937454294,29.048227275807278,27.006740849185537,27.563630867759727,36.19867346807712,29.781241123535615
stanford_dogs_image_categorization,37.491887684313774,39.68492049551832,38.94316119891605,41.689588534179805,38.42450342755361,35.664517591589814,37.62156167092625,42.840244921221455,0.0,38.080138499994206,23.143303312409977,22.297127517541192,26.156052701198583,27.26641915940255,39.23992125651368,40.84335900900954,37.926399938957445,37.992483106406254,40.71266456424125,40.71627569376562,40.18065100514392,40.33601645108292,40.26339552337925,40.1787083323306,40.19218065000916,40.237506011878516,40.233953592908435,35.11224868255368,42.58585789715748,36.23219313782543,36.898233127445415,41.60270271634679,43.32571294871276,44.38428291197511,43.72045604546635,43.53319942382122,44.29899470449354,43.474241051107796,44.10573557461001,44.05858677712443,43.50287639426361,43.934929148133094,43.6364320430566,44.26074660359892,42.82699551475214,43.49879461186768,46.439719608607966,39.11778676310822,47.18764133828452,38.19137688991492,45.482106728350715,50.84382776857412,40.93864449944434,45.53066935153021,45.57412511280431,45.64044691592481,45.59234967342909,42.71273962847225,41.87063456539279,41.81263388363949,37.90915178915995,50.22903790604775,43.500532754824064,40.19171144637147,40.069234910303685,45.575588671394854,40.862523844692895,39.99368805200348,41.29060858934969,37.98492640111248,45.28416104690371,37.36263483183893,40.44615448579819,39.63605567560277,42.30014667725275,37.72784329350208,42.868684281162444,38.41660454701385,27.11426195822405,39.26861652188569,37.887647222079224,37.964913546309205,40.92760491682239,40.822258723573924,40.611048348559976,40.54241829108976,40.888959370515856,40.92320514879056,40.72193826710429,40.49947884829406,40.40381318413782,43.18065699251833,37.165729415313294,43.3902528837113,44.70015841072151,43.95631719921967,43.71677088297648,44.71020092431002,43.42668321007456,44.349063501468486,43.9219069114563,43.81198004991043,44.04391356193336,43.90507407178146,44.52585794371143,43.0870383183415,43.861033920786824,46.79393430412264,47.26776090543754,38.356346707461825,45.53315690679979,45.52671531120001,45.59222140315009,45.65176902424196,45.5851889101055,42.823283289672275,42.0957308484409,41.92983793056103,43.67369946518178,40.36149762459753,40.25061194894973,45.640809056517924,40.99994446453049,40.21418931966199,41.26859434409678,37.99964645521071,45.45543230362873
svhn,41.20180281886785,43.90729895393575,42.76938746930435,45.91806360816905,35.638440776941195,26.270326359612906,13.810021295208077,39.32502550717092,38.080138499994206,0.0,28.107338199063978,28.647951330466846,15.190816244548643,11.805733044360167,14.95721650744137,15.140271771646415,37.70772375060198,37.5173222473873,38.60975080466397,40.118383873617,41.09538623482048,41.260050308535014,41.18306041749131,41.09540891090326,41.20343476193305,41.17455846241236,41.24580589928421,32.447643615618034,37.28815459269806,35.2812904990745,27.513738433914085,40.921916101952476,38.62654629063466,40.17616211483903,39.41154683032096,39.07380791748353,40.1782260685751,38.887002679860885,39.98822887470106,40.058482883063476,38.821687785363075,39.51449751686398,39.11462104864247,40.0224880164588,38.42973664692833,38.67859085084565,41.32369405078389,36.023983578422616,42.09583001505251,32.057697522865055,39.92363933989719,48.015379452292386,38.587136353151024,39.94765795900855,39.97384594641105,40.04833349712858,40.003947389236686,38.86530144886824,38.12595345485393,38.113055743422606,31.84268260208159,43.54623620311769,35.81196269773264,35.88680274183061,34.46256377397241,38.92495016931251,35.344475291778636,32.00701986147793,34.52667032352943,38.81943864810327,41.688473010888146,41.21147804115475,44.03656348517179,43.218981069058394,46.400282584180786,13.958017157257661,39.19814740736406,,15.15336147344647,14.946903368127881,37.57279844455255,37.4365138810454,38.76711306925475,40.27426815893059,41.26174760482164,41.094050171974196,41.682443915505786,41.691423023081704,41.54238214447265,41.298888440292004,40.992834136765325,37.97349099374132,27.682006797044778,38.60315653664328,40.33172450307342,39.644232292592264,38.99207228089291,40.60055696750781,38.599521713734234,39.94788355324091,39.814959154565074,39.10063600347438,39.5055891730744,39.3152611433686,40.379619211562485,38.75904806995837,38.96490655409542,41.62820487870334,42.073723884303675,32.09131331151648,39.96719318157732,39.913862872665725,39.93195412794746,40.033683073853915,39.99131128261623,38.90742542496693,38.113919274579075,38.210011731789706,35.92314516760391,36.13010191069371,34.63461312144148,38.93282424320625,35.39614597312993,31.959868691846506,34.54625990084945,38.84486996486507,41.82929376590488
caltech101_object_classification,27.592174602742425,28.16909672116074,27.563437635047954,30.589436362060734,29.269886809027845,28.103473602861857,30.04079951381086,29.203938650484314,23.143303312409977,28.107338199063978,0.0,5.0607891209321565,18.292730847974077,15.694323994601532,28.258994840578982,29.70295417204282,26.87783730430395,25.849488045462884,28.24474023100489,26.944781408007955,27.272399200340956,27.37177759901017,27.298960241776637,27.224850994066742,27.27172036351162,27.326127197594182,27.31444037156186,26.079733819665456,27.707899534425334,29.47879831678861,27.0100938331132,35.22682512422908,32.01873048897129,32.618143783207074,32.267832943454785,32.36195888825202,32.573501656210766,32.3533149622813,32.35317723607568,32.39455526200868,32.40047546165364,32.517771326007335,32.15638124893704,32.39583460908137,31.59245081581318,32.38666831031568,35.453242377277554,31.28331563378184,35.903485992456616,29.15911461245908,34.55542258041849,39.03757612239167,27.2670068518542,34.65690054434744,34.64636408556903,34.710703520182534,34.69667229887604,28.116380625324616,27.57293004426544,27.571684989623215,29.515201405709274,39.76313634346685,29.730599496510166,26.76020954081929,26.563835222595312,30.587631471444865,26.738307182115392,25.19552076711138,27.230569174216335,29.003885370785596,33.48710670422258,27.6300806556314,29.654318812730644,28.281167811853965,31.040995563530977,30.166269636122372,29.250566017627524,28.328200417560204,19.244997168718925,28.29172074885595,26.953531028792405,25.999594935766186,28.39440482473585,27.170242608247754,27.68649954324439,27.659606790212955,27.99165984543859,27.96895023301904,27.81641437052616,27.652876408769483,27.438781563478987,28.3591183213924,27.290028256552205,32.088805560692,32.97371302248126,32.6246724773778,32.41840356034004,33.01047727379964,32.39833566859227,32.576751922927656,32.35885122159294,32.66518426467503,32.740830865631864,32.52747859309432,32.61666051461515,31.784538629284,32.70004638904483,35.71213452980439,36.09048288115975,29.333195616717845,34.67708708382408,34.596151854425365,34.6675486265452,34.74138100166715,34.668502258281976,28.179399112534696,27.78635756444165,27.739882061794887,30.028721977581824,26.87851658967034,26.658068071334025,30.737136586828164,26.876050710767792,25.488906174068607,27.196348375504883,29.067211837948836,33.67619347474167
caltech256_object_classification,26.758203926813263,26.50504042524389,25.92895225107775,29.27235966096552,29.19374524649843,28.22184472018917,32.30000856081557,28.083443462907994,22.297127517541192,28.647951330466846,5.0607891209321565,0.0,17.91259025622658,14.525205604957115,29.98390450485302,31.568942068674012,25.81368538863734,24.85819703697385,27.539520969123327,25.27698207075771,25.03062791551065,25.134562179808025,25.037128242195983,24.97667207828942,25.02505928276723,25.075343592544876,25.084885969416916,25.937829465010573,25.900951484034813,29.90220010320126,28.45997823258097,36.627098712252646,31.66529493885927,31.104717431425904,30.754687609369196,30.970073508200393,31.060231104446302,30.979171692651597,30.797532278914545,30.856470272760298,31.074306979890636,31.109482270803575,30.71297942652594,30.866418348482803,30.208833478181585,31.05143964938708,34.5836480596048,31.4226293293872,35.02877137977258,29.885897289693627,34.29042227661466,38.35896922120703,25.922698684054374,34.38627837789835,34.38042030487081,34.44749201003129,34.42838404097489,27.445175133868148,26.928871942821846,26.989422678052932,29.826617557405275,39.759503455159035,27.717959076853234,24.329676323507364,24.149026686215052,29.431024853794455,24.01241841775572,22.691391883848624,24.81884430065775,29.189435026732284,33.0361630279558,26.90539926620773,27.681679092133592,26.733149669764593,29.70256674586586,32.43437440522654,28.167333284409057,28.916795064324166,18.898284973864094,30.03647043263352,25.96473279118598,25.004858532476696,27.68350388175186,25.571786719760325,25.47967112914087,25.510771375762783,25.815091598519235,25.857690808259413,25.703190608604633,25.538192320723795,25.22192210852404,26.66382427451869,28.765458723742924,31.731880665757792,31.58747156640029,31.175019449275624,31.020271955492188,31.53703603503908,31.080143368455133,31.109575467135937,30.85278914840174,31.345578074147177,31.40101129949522,31.181720765753177,31.096000031331045,30.4269851860056,31.426472310589048,34.859077966675216,35.230372667002214,30.105473053200413,34.43992840058168,34.34987984027566,34.39861365438452,34.4930090178109,34.41600444990944,27.515401324129684,27.17393479419124,27.19007386896793,28.10104286248289,24.444345121905428,24.241867619856095,29.661390383943242,24.162717605476153,23.076673018750633,24.861243403837626,29.26855148300814,33.232285589788624
cifar10_object_classification,35.04050739343343,36.28566284152173,35.662415191523365,38.94146437596119,35.25370662606454,31.656113931629093,24.078330361687172,35.540765044139974,26.156052701198583,15.190816244548643,18.292730847974077,17.91259025622658,0.0,3.7497337806101,23.403479715787135,24.428485649951185,33.85949902051994,33.16359595115526,34.97563331365147,33.834334441525215,34.37797519478472,34.53045952264698,34.44562951088244,34.42131544296642,34.43264161810606,34.43602688204466,34.470617751994226,31.55936564279848,35.16581268861025,32.99360314307885,30.9870190807114,41.00883299394952,41.36365475332159,38.51788103987142,37.80179757675697,37.806824556081196,38.34795876320508,37.70626995229554,38.18945889780369,38.13625465660902,37.81841492520607,38.19745901628334,37.82435030067812,38.29267190794052,37.18284574680686,37.84020202749786,42.787006343817716,36.122008903446904,43.261981485475616,35.77204621605591,42.28417256720142,46.154871377344406,35.16948223638937,42.35529915221564,42.342295069540114,42.43467076547225,42.397836278166494,36.250084527669145,35.92540965675853,35.999693308738586,32.20104219727824,47.2913500498811,38.63779941589724,34.849177095892074,35.541850344823814,38.76751397427145,36.16716692631592,33.917653278137315,35.970816601302765,36.158491136994215,41.88927403486342,35.088968791771556,37.16455664596476,36.26453329644353,39.35709738925508,24.28635791287618,35.49710175414173,15.367393106605856,,23.415577877416162,33.82837957780918,33.214941614583125,35.150344241710485,34.05338183830478,34.67261593655404,34.717523341694395,35.02361485800424,34.97565979054456,34.88239272495266,34.784903236039284,34.50290533339504,35.7643049855387,31.176782235242225,41.38653510461285,38.75938014988664,38.06013688781324,37.86954881672573,38.75208878264657,37.691607644789514,38.37221275455078,38.09526764768182,38.01344633566899,38.3733580186942,38.148733150814245,38.50414165333544,37.33551065430456,38.19689568334887,43.02590747998202,43.389085136200336,35.79331680020505,42.377511255426484,42.29849600024471,42.36240174997711,42.44684233943212,42.40823233327156,36.284623160051595,35.983276538977286,36.196939864772396,38.88346007873749,35.029284994853064,35.65308263541131,38.903998760213284,36.306612458666876,34.115881176777634,36.030116271902756,36.21897895278658,42.01525558953368
cifar100_object_classification,31.80433775986299,33.22099003967326,32.649360534453415,36.303216482447425,31.446540748656755,27.895346471564164,20.828610174635735,32.20656667869078,27.26641915940255,11.805733044360167,15.694323994601532,14.525205604957115,3.7497337806101,0.0,20.716988488047424,21.59973391710996,30.45329442656963,29.58298269922799,31.680047644185997,30.300295649488003,30.977033228899536,31.126109181520576,31.05486003373683,31.007346751837694,31.05275823622194,31.05415264613371,31.09004179928644,27.738271533373933,31.219174894537655,30.125122010093968,26.501555201825745,37.66445565810969,36.98133982673878,34.86268123078733,34.31290370090679,34.43923504050325,34.75309783452215,34.353655162572394,34.5557072041032,34.54225965523629,34.43845799694195,34.71080628824593,34.33471275598891,34.62628536493462,33.600152276607275,34.497397838714264,38.87271849759374,32.65819322183489,39.296800141093264,31.90557592002991,38.27622753468793,43.03856893482856,31.218922037137787,38.34441847843974,38.34337226701763,38.43439288905459,38.39480785837614,32.520182035160815,32.07841122531138,32.17397275591275,30.110667386851226,43.73932706226271,35.01185255136785,31.34317386507022,32.43415779185733,35.295081624370965,32.91143507318746,30.234406350367415,32.874829322039155,33.051786977688124,37.83715069446015,31.88849047586163,34.210909646332155,33.27595285551181,36.75505719698792,21.055807406000785,32.16625972163119,11.995631808573762,4.4356291273325965,20.742230507122215,30.462498974260242,29.66271187465097,31.855125531851222,30.5512546656144,31.253936255323353,31.35201802590064,31.656871650569947,31.66770442893205,31.585352881479228,31.39987055266846,31.11623290289752,31.916485193064098,26.683559451389087,36.99743709890494,35.15644660893752,34.62240482710787,34.46965031754281,35.17687170881075,34.33567184294419,34.75510179555586,34.50087622179124,34.66989947168381,34.95832208127536,34.69399454371364,34.84852884713817,33.8027602321041,34.85232809307288,39.12241593745634,39.41887521416952,31.953823719906325,38.405112229441585,38.2908447737166,38.362771101468546,38.44783672501762,38.39328130584212,32.5549256203307,32.142991167688805,32.38114464991094,35.27306180501948,31.549407826479687,32.569203812261755,35.42462418831062,33.03657622315465,30.473648376462265,32.90345741375494,33.10971397050824,37.988746621738485
mnist_digit_classification,41.07931154843751,43.00881317527541,41.72704811321536,44.06035192730998,36.04667532178711,29.97759302627269,22.86236750508685,39.327728536754925,39.23992125651368,14.95721650744137,28.258994840578982,29.98390450485302,23.403479715787135,20.716988488047424,0.0,2.2396234434714124,37.038520050462516,37.28154089912734,38.424598407193685,41.86368166566067,40.28522120457405,40.390256965336235,40.360535207105755,40.28967593624431,40.372960397081314,40.39976996691434,40.39430164624713,32.87432506708009,37.681333433518816,36.59316284980864,22.43920118950585,38.97019750286831,33.19383700969328,42.34264654459811,41.87343038687452,41.6264964523656,42.43281148945547,41.42958283200343,42.16667841553714,42.32961098557068,41.38371091036616,41.94894670224012,41.5786770926971,42.27382497818121,40.922770538906455,41.2985264116256,42.318725744394506,35.78772003734191,42.878720705325655,33.203757793843764,36.08962764232434,46.54465161764122,34.70599420524885,36.09456016286315,36.15904592942678,36.201395702222825,36.15717454020436,38.644025116626246,38.285431920661146,38.18240942046476,33.3096293395195,38.83709734450736,35.780177111208964,35.69990029666947,31.975894007091824,35.89038746469151,32.89269775937281,30.759172938164742,33.24460245642467,38.67097301904757,38.73157706884746,41.07355485555046,42.784131290551485,42.122859800676366,44.449238133632846,22.978193381554707,39.214362877792354,14.95886588507003,23.270106036961195,,36.80699682989245,37.243036805859575,38.596925298023,41.88533485309755,40.592762663080244,40.37302468001408,40.77322302921006,40.704521410221744,40.48407700853613,40.44691460123609,40.1305266042013,38.1541739756635,22.59154725168305,33.180660159471245,42.43784426587073,41.968102358705046,41.474417545726006,42.77502190920048,41.254929064254036,42.15416706600831,42.04256997076075,41.532889693912736,41.88941818346753,41.69956661073263,42.56495361661207,41.23609859090216,41.45833167180643,42.49165151682628,42.88741258861643,33.228158873515945,36.10634307343365,36.0826014629991,36.10428758902491,36.1971891328721,36.11990145482128,38.76089447945174,38.303287363327456,38.183672814234185,35.751355228167526,35.77567625449435,32.08540665738157,35.79813811748243,32.917210184508725,30.783997077950954,33.17298126658216,38.68230403536017,38.90537735755392
