,lapgyn4_anatomical_structures,lapgyn4_surgical_actions,lapgyn4_instrument_count,lapgyn4_anatomical_actions,sklin2_skin_lesions,identify_nbi_infframes,laryngeal_tissues,nerthus_bowel_cleansing_quality,stanford_dogs_image_categorization,svhn,caltech101_object_classification,caltech256_object_classification,cifar10_object_classification,cifar100_object_classification,mnist_digit_classification,emnist_digit_classification,hyperkvasir_anatomical-landmarks,hyperkvasir_pathological-findings,hyperkvasir_quality-of-mucosal-views,hyperkvasir_therapeutic-interventions,cholec80_grasper_presence,cholec80_bipolar_presence,cholec80_hook_presence,cholec80_scissors_presence,cholec80_clipper_presence,cholec80_irrigator_presence,cholec80_specimenbag_presence,derm7pt_skin_lesions,idle_action_recognition,barretts_esophagus_diagnosis,brain_tumor_classification,mednode_melanoma_classification,brain_tumor_type_classification,chexpert_enlarged_cardiomediastinum,chexpert_cardiomegaly,chexpert_lung_opacity,chexpert_lung_lesion,chexpert_edema,chexpert_consolidation,chexpert_pneumonia,chexpert_atelectasis,chexpert_pneumothorax,chexpert_pleural_effusion,chexpert_pleural_other,chexpert_fracture,chexpert_support_devices,pneumonia_classification,ph2-melanocytic-lesions-classification,covid_xray_classification,isic20_melanoma_classification,deep_drid_dr_level,shenzen_chest_xray_tuberculosis,crawled_covid_ct_classification,deep_drid_quality,deep_drid_clarity,deep_drid_field,deep_drid_artifact,kvasir_capsule_anatomy,kvasir_capsule_content,kvasir_capsule_pathologies,breast_cancer_classification_v2,eye_condition_classification,mura_xr_wrist,mura_xr_shoulder,mura_xr_humerus,mura_xr_hand,mura_xr_forearm,mura_xr_finger,mura_xr_elbow,bean_plant_disease_classification,aptos19_blindness_detection,lapgyn4_anatomical_structures --shrink_train 800,lapgyn4_surgical_actions --shrink_train 800,lapgyn4_instrument_count --shrink_train 800,lapgyn4_anatomical_actions --shrink_train 800,laryngeal_tissues --shrink_train 800,nerthus_bowel_cleansing_quality --shrink_train 800,svhn --shrink_train 800,cifar10_object_classification --shrink_train 800,mnist_digit_classification --shrink_train 800,hyperkvasir_anatomical-landmarks --shrink_train 800,hyperkvasir_pathological-findings --shrink_train 800,hyperkvasir_quality-of-mucosal-views --shrink_train 800,hyperkvasir_therapeutic-interventions --shrink_train 800,cholec80_grasper_presence --shrink_train 800,cholec80_bipolar_presence --shrink_train 800,cholec80_hook_presence --shrink_train 800,cholec80_scissors_presence --shrink_train 800,cholec80_clipper_presence --shrink_train 800,cholec80_irrigator_presence --shrink_train 800,cholec80_specimenbag_presence --shrink_train 800,idle_action_recognition --shrink_train 800,brain_tumor_classification --shrink_train 800,brain_tumor_type_classification --shrink_train 800,chexpert_enlarged_cardiomediastinum --shrink_train 800,chexpert_cardiomegaly --shrink_train 800,chexpert_lung_opacity --shrink_train 800,chexpert_lung_lesion --shrink_train 800,chexpert_edema --shrink_train 800,chexpert_consolidation --shrink_train 800,chexpert_pneumonia --shrink_train 800,chexpert_atelectasis --shrink_train 800,chexpert_pneumothorax --shrink_train 800,chexpert_pleural_effusion --shrink_train 800,chexpert_pleural_other --shrink_train 800,chexpert_fracture --shrink_train 800,chexpert_support_devices --shrink_train 800,pneumonia_classification --shrink_train 800,covid_xray_classification --shrink_train 800,isic20_melanoma_classification --shrink_train 800,deep_drid_dr_level --shrink_train 800,deep_drid_quality --shrink_train 800,deep_drid_clarity --shrink_train 800,deep_drid_field --shrink_train 800,deep_drid_artifact --shrink_train 800,kvasir_capsule_anatomy --shrink_train 800,kvasir_capsule_content --shrink_train 800,kvasir_capsule_pathologies --shrink_train 800,mura_xr_wrist --shrink_train 800,mura_xr_shoulder --shrink_train 800,mura_xr_humerus --shrink_train 800,mura_xr_hand --shrink_train 800,mura_xr_forearm --shrink_train 800,mura_xr_finger --shrink_train 800,mura_xr_elbow --shrink_train 800,bean_plant_disease_classification --shrink_train 800,aptos19_blindness_detection --shrink_train 800
lapgyn4_anatomical_structures,0.0,4.212451334924875,5.016426336200471,8.278540158441523,25.928410329495335,22.894076655157946,38.32265341066514,19.270350042243727,37.49188768431377,41.20180281886786,27.592174602742425,26.75820392681326,35.040507393433444,31.804337759862996,41.07931154843751,42.524386601855056,12.22598941711496,11.717198274328588,16.20291991490792,14.342175265304437,7.97139971907654,8.075124239439958,8.007174214972494,7.9850330349859995,7.935012232087708,7.94663300873118,7.915448603419879,24.97604129014553,22.325544579802752,27.745199632770884,31.87057114241533,30.758396007834722,37.5948634199202,25.754782793116558,25.803937106753658,26.41673488579623,25.441251862115433,26.548504969860677,25.449971003988992,25.43127117871863,26.583070964062237,26.241852039671016,26.09271782371628,25.23456238348704,25.254834796813586,26.853285754948836,30.462673454404648,27.81952837560309,30.64056637446783,27.47429785613589,37.8721447238476,30.709785631551007,31.55509780247467,37.942412417343725,37.97503750788383,38.09828490443493,38.00581476868364,28.79553078169278,28.88467158914436,28.641560543076807,34.48258584081685,45.64273419157047,34.76742777487404,25.92581943777332,29.37855401375561,30.63712642006403,31.727104166698616,30.143719706152925,32.17774999442739,30.038285328043923,35.955117285861135,,5.427958570588498,5.147071815037322,8.562602925140581,38.47873103328412,19.262839667886695,41.451007217592,35.537530682878945,41.031670042956165,12.194210698941948,11.766947283867722,16.43715323795348,14.304283219077558,8.463662103734613,8.261028275338688,8.261922451197524,8.506099117200264,8.265424074813609,8.10307570564483,8.553745112331463,22.659701091181162,32.09653774138092,37.4865425898913,26.031077479588348,26.002799692907587,26.4389122148809,25.652251999583008,26.663478672990635,25.649049134571115,25.349947461336317,26.670774600006226,26.508133040067115,26.35145041798771,25.273809320271262,25.46729508493574,26.94674331589656,30.647629716579935,30.782366408123906,27.27120512377241,37.9966309469998,37.86329022724558,38.04544644066321,38.12816548069403,37.97210940435878,28.774180074212026,29.04460930794437,28.76902534721161,34.94958798111085,26.146397972390012,29.539253302119256,30.696945412919113,31.765835739651227,30.321707887819045,32.201116597714474,30.156825740546502,36.03569605837811
lapgyn4_surgical_actions,4.212451334924875,0.0,2.0466072293540662,2.9585188261540907,29.71276836348838,26.40645203165753,42.77560264032869,21.1477624926987,39.68492049551833,43.90729895393575,28.16909672116075,26.505040425243905,36.285662841521756,33.22099003967325,43.00881317527542,44.81699934206654,15.733722750103006,15.319795306309068,18.583620801671366,15.438072815901286,6.468947129142883,6.553704998581374,6.478545438925224,6.474281481812348,6.422773726638717,6.449545161867402,6.397048611786026,27.39259889367382,21.440938520437665,31.01550852630339,36.41580895718313,36.35908786012507,39.58571429101772,26.991363699456926,26.902056287989154,27.394396328404078,26.722156154015543,27.52900845121717,26.632537388902428,26.65542567889377,27.682865361029624,27.27024677516505,27.124943010284092,26.45202747733899,26.511299022465487,27.787493769616763,32.40918165103062,31.10554227517153,32.4746220387365,32.00817235131079,41.877423967252895,31.626131316612252,31.717801190664318,41.94997061638567,41.962289064468976,42.072090283407874,41.986215712441634,29.570680212152887,30.466081130137816,30.36172987724681,36.17515560441814,49.174746576021334,33.72222455046754,26.153535751793505,29.997330078060934,29.764724653549088,30.739618164426222,29.49477202309357,31.777929986778418,32.1413551812668,39.069422580257324,4.445777830561511,,2.1634982318158364,3.2025952994399987,42.94011275909473,21.161916729104732,44.15894459626125,36.876832715310854,42.94751889378628,15.774615712887865,15.358226635147744,18.800060969259587,15.465040964642018,7.012134505891126,6.816038931376653,6.741143053400261,6.967492178028145,6.62016064707181,6.633093994614477,7.134454945636357,21.667447725607637,36.64838082184029,39.499607769883724,27.258174018799394,27.076014267333896,27.38414701906821,26.868899790826134,27.714161790875544,26.859145841047305,26.6785327689147,27.746140045734826,27.479750990541998,27.449640309886945,26.492590596914386,26.63986287946814,27.86909531550278,32.530038296892705,32.68741621725644,31.778703813533532,41.99833416300304,41.85714456470013,42.039912153533464,42.12353528188457,41.985654262015956,29.56241425305221,30.616591938854917,30.439275947046017,33.9324941538089,26.376119363400342,30.032088398688572,29.895588144499044,30.878309456527816,29.763327325570835,31.89966299884947,32.268898935828275,39.13839536979659
lapgyn4_instrument_count,5.016426336200471,2.0466072293540662,0.0,2.6627138125690806,28.3553252249094,26.01766937858473,41.66808910503327,21.29489762332798,38.94316119891605,42.769387469304355,27.563437635047954,25.92895225107774,35.66241519152337,32.649360534453415,41.727048113215375,43.34741622675064,15.55946188693872,15.111073197491109,19.249057610041525,17.071242596901833,5.0015882216285235,5.1198948693217865,5.015072393864688,5.010554167829852,4.988981899214885,5.004123907838242,4.931602749167347,27.124510290668304,22.946515879398312,32.139839817875526,35.25430921722676,35.010557864325946,39.79684668661679,27.843184657847743,28.005382556487397,28.634459077251794,27.57098510962797,28.78818251604369,27.5355790482971,27.549655483862672,28.87073105695653,28.411912539199108,28.22378950611178,27.245509625793048,27.45449417909232,29.08129282898668,32.84350246572644,30.98178210989109,33.019577304767616,31.978745291727254,40.03924468653464,32.818446986735935,32.41500152625164,40.08915788926299,40.11982555626076,40.22753880975476,40.13478495126978,28.677942722578685,29.915143634387945,29.865966398671713,36.82988856956315,47.301966706477195,33.465222393108874,26.113285409507625,28.930618024158896,30.30134882881479,30.10674215779786,29.33946818536436,31.204597806530213,32.250903835140264,37.48037010945982,5.219858388360368,2.7180555853248727,,3.0075959153838987,41.83102673720621,21.330486843426392,43.022926360300474,36.20562206948974,41.649595152197605,15.615874377212165,15.116692444708413,19.473308117650305,17.096563866236266,5.517335664572045,5.3629452115766085,5.336135839809366,5.467325815490675,5.182445696009985,5.133156731463206,5.634978040763855,23.226824647849625,35.4826577575672,39.71829756343486,28.192255909091255,28.19261223577197,28.564722367725167,27.757489819728374,28.928960674231174,27.75913604475416,27.53231474419836,28.918581839423616,28.71657076983334,28.552679868130937,27.261779341593048,27.643577727199915,29.146124808759808,33.010260991640294,33.22229906496389,31.76731346631304,40.14909683842016,40.00975416250243,40.190781976092936,40.27294306605022,40.136838629734015,28.704218944247597,30.00924917179173,29.962567462964362,33.64588791051789,26.309912241787988,28.974466504524,30.41336818185934,30.180117977336494,29.5643755615918,31.278291894773588,32.37595301712879,37.57398408480782
lapgyn4_anatomical_actions,8.278540158441523,2.9585188261540907,2.6627138125690806,0.0,32.87236906388362,29.99848435799099,44.663898811023486,26.054309768318753,41.68958853417981,45.91806360816906,30.589436362060734,29.27235966096553,38.941464375961175,36.30321648244744,44.060351927309995,46.00647261685228,21.079303394424823,20.409243179685888,23.612110049179627,21.285204851148123,9.216258126758696,9.328065380322954,9.19362183083025,9.215688624173183,9.171586113831054,9.202670606647498,9.123800846534003,30.882059532966615,25.30293174157859,36.088811446915,39.62229435534047,39.40926263496975,42.925103482184866,31.443381894287263,31.538788267563355,31.94588019859522,31.271121644010222,32.07499225978744,31.153310282501263,31.280758210177297,32.220663042538206,31.719996527259944,31.649844415947207,30.974956172358596,30.879164564730214,32.21886248483247,35.89389877697086,34.63613908371195,36.04909578861434,35.95971289853162,44.544619781668786,35.11881283930955,35.7761511343598,44.620259102648,44.63031033959187,44.71583823135431,44.643091192665665,33.11206418194594,34.67321599534551,34.64784073445553,39.87784748216035,51.12110605647706,36.44098913358512,29.83481861463333,32.66598904892149,32.652328614651964,33.180087302931,31.969569892932206,34.55676471678915,34.84045493932369,41.99553886309946,8.485313684740994,3.6617837285218506,2.8620394998792733,,44.80755516009313,26.072084473743132,46.1995506171517,39.49738724252577,43.95856922148109,21.092065922538502,20.40456089969492,23.828575684027342,21.307675405745698,9.823513252376166,9.553790102920228,9.510952275654297,9.685448766359784,9.15766135743798,9.32877141770009,9.844749225666202,25.479137470456216,39.849381752498005,42.876103422439726,31.688772982217394,31.674078370358046,31.88736890039786,31.385311120894716,32.21546564315206,31.366974613198398,31.246869487022565,32.29328889294128,31.89927560781348,31.9687459758145,31.048775228153296,30.998860804741664,32.284776039135366,36.04525656482494,36.25030948933242,35.73677315996601,44.63404650815144,44.53095673025899,44.7040731642388,44.778855904907076,44.64324243071442,33.13312779863453,34.774599480386556,34.687151404951706,36.589981788288085,29.98960039381807,32.65815930857124,32.771882603811285,33.35980482013969,32.21786707643615,34.672671713312226,34.96122238667141,42.10027085470159
sklin2_skin_lesions,25.928410329495335,29.71276836348838,28.3553252249094,32.87236906388362,0.0,25.451668484930313,31.922535915910085,26.722939188119785,38.42450342755362,35.63844077694121,29.269886809027863,29.193745246498416,35.25370662606454,31.446540748656762,36.046675321787106,36.79552443264098,19.819784839647742,20.34739305077332,26.176306735309318,27.178361194114828,25.292985056640013,25.386360963973413,25.426321401666115,25.328564226036306,25.381790791719563,25.362883933372856,25.310507486983756,9.790589615781045,29.439894641933233,24.230689090319323,28.12298503864337,16.739650548543743,32.73328793611947,30.147456646787703,30.435961390623653,30.962047916288522,29.856881858240428,31.055202537861796,29.813029015621964,29.694093224480177,31.199570075695295,31.09882486147899,30.422312751069967,29.024064430229775,30.111516917192255,31.39381340144817,36.27458822814121,9.637472561716404,36.71214502317922,11.947509334144769,25.54745630462739,38.38119128171919,31.42100779690624,25.657415217473616,25.656638021058487,25.70368076278026,25.708164600900183,23.458358418510123,22.974448851671156,23.014365459364026,28.91652268602702,33.05715264529887,37.806358174924725,29.68275741096175,32.327230233099,36.731359954607306,35.49945972001794,34.48416046608098,34.07867660226843,28.1283073683378,22.864979162898585,25.891463632748128,29.97902051350814,29.021022035980018,33.26559982362747,32.06234774691904,26.623545830958886,35.85978353720776,35.53113388105069,36.02019645658612,19.83798745663752,20.161696939207207,26.33707578152544,27.336808642066217,25.443589316042843,25.479759493110574,25.72067764698593,25.693720995172832,25.835469019693317,25.35665391950719,25.411844001795117,30.094454006466197,28.349613260031155,32.63841075286281,30.581112474468043,30.75102841377342,30.868298012231662,30.077112111640233,30.84415101507505,29.8842590717575,29.485559717031776,31.243931752226068,31.375168964854236,30.704855926714707,29.116162537777498,30.597766190971086,31.514625502534365,36.51537671605687,36.8105055504238,11.972129354313154,25.664677573194318,25.545774577531272,25.779871824575796,25.730736914995635,25.6574984778131,23.397165466379057,23.025680978284267,23.08530339284437,37.88150627085823,29.841143217468726,32.553112356528516,36.70701663362,35.489734447061366,34.557305502684045,33.91445551035141,28.140572205694,22.953245547745972
identify_nbi_infframes,22.894076655157946,26.40645203165753,26.01766937858473,29.99848435799099,25.451668484930313,0.0,21.48398033835318,28.416233760962456,35.66451759158983,26.2703263596129,28.10347360286183,28.221844720189193,31.6561139316291,27.895346471564167,29.977593026272757,30.137617964026006,21.995345064141798,22.078509359719995,26.188348941111983,25.798652829497666,23.692285591559745,23.93267531246851,23.77986785493203,23.708145852479102,23.82724794900381,23.784810430527806,23.94051417089498,22.11615627149544,25.45154104783966,22.521044872542955,24.331376178723772,27.28659867727438,33.76719504226858,28.91563923503697,27.796094395928527,27.82038844947317,28.85509557950512,27.611689923839,28.543879202141028,28.532987024605806,27.717549828508854,28.449215475135592,27.877426436131643,28.536719732540732,27.63860057708981,27.7060608928284,32.641429055038216,24.023923133983608,33.33869384436619,21.702999481505245,32.485683253568666,37.617252000418134,33.38501852814875,32.47923242157809,32.57138140992786,32.643158422334324,32.58618006038324,32.58472645979943,32.57054886421247,32.4316287582653,22.575062497308032,37.74151317722433,34.4236370094591,28.112563296550015,28.670259959233615,34.82973923975939,31.820594044223284,29.98279985172858,32.056920854563494,28.347161596048167,32.60158752692425,22.784079546858333,26.06569168617348,26.506622587480734,30.53302220134985,21.57893601535241,28.16033225434204,26.68980864173883,31.91039109334066,29.880010646959743,21.82588178660246,21.836492284199284,26.417823014237406,25.916569081425294,23.726969839571073,23.60681524169425,24.25446109644194,24.3081979492856,24.215853742840277,23.99057160840035,23.68274711441495,26.097183261227983,24.591578251666512,33.618600267694475,28.996770667218485,28.129319604162937,27.885780534728983,29.367403337809375,27.312405134031636,28.403308673473155,28.29606822181596,27.839473463669123,28.55377209441582,28.013037475524037,28.81632556089024,27.95655802764404,27.971006657434053,32.895377310718175,33.39559523987745,21.612013182373282,32.54841741856835,32.497879688787094,32.55217498265138,32.64632535339345,32.602538287918726,32.685972506054355,32.55637786766647,32.4755029589012,34.505778040397615,28.365170495511208,28.99485275747015,34.77407835015241,31.94258106584454,29.836844610981537,31.92021383611587,28.404779533986233,32.66043016898616
laryngeal_tissues,38.32265341066514,42.77560264032869,41.66808910503327,44.663898811023486,31.922535915910085,21.48398033835318,0.0,41.36736687866885,37.62156167092625,13.810021295208033,30.040799513810814,32.30000856081557,24.078330361687158,20.828610174635728,22.862367505086816,23.06821746167911,37.276487667653896,37.00580203873263,39.66051567494131,42.94019379942915,41.966505301484716,42.17403751704072,42.08148241512326,41.97954474838416,42.05927247626198,42.07310851210306,42.130643949094505,27.152869145831435,38.86149275260256,33.436011339335,26.85403464962438,31.97193381147545,39.646351723970675,43.29416556627393,42.58954537685713,42.086164652554274,43.40713665529169,41.853431104004386,43.12639063849879,43.26893629489713,41.87045570667823,42.71004083656207,42.21603778875968,43.273940946317516,41.56894092569163,41.6275222245965,44.151220972699434,31.545584033806946,45.12982537036716,23.963164267853394,38.451006507027735,51.359303793501894,43.263915952291654,38.4744766553236,38.5096440269114,38.561623781447366,38.553113530562214,39.459076879924126,39.26426561610643,39.2370450234111,28.11926642667843,42.231581563744676,42.40084875256176,40.531598419031326,40.03985671755564,44.70865558556814,42.007588787042906,39.5792309353195,40.93991116169626,35.18385646548792,41.18233083197991,38.16924393021152,43.92180598499228,42.131271484826804,45.18326867409091,,41.178663221260294,14.225023347647967,24.105373777805706,22.789393262221292,37.04491100863677,36.847508601364915,39.9184468159586,42.99879012109089,42.05709211461231,41.92681064347331,42.47248244149402,42.58978576860241,42.3712809332404,42.063390222569204,41.93464615785682,39.55608372822549,27.032516509609792,39.574058371888285,43.4134127618341,42.836144172403074,42.033177148220595,43.80637300375203,41.49259632796458,42.980525967536536,42.971511795533004,42.1096477518696,42.62723372627861,42.26846385933533,43.61413975994633,41.924762898938766,41.9352379782342,44.48072161231106,45.06771671088126,23.922183401653992,38.50201782108809,38.459695247542335,38.483519924447165,38.56401313545071,38.55365066543603,39.54911139105272,39.20229805037275,39.33938641585075,42.3430657007161,40.78336099622459,40.278531101233895,44.61961867048141,42.04914764805116,39.518993993622765,40.874217263310925,35.21882234504468,41.34680311441804
nerthus_bowel_cleansing_quality,19.270350042243727,21.1477624926987,21.29489762332798,26.054309768318753,26.722939188119785,28.416233760962456,41.36736687866885,0.0,42.840244921221476,39.325025507170935,29.203938650484318,28.083443462907997,35.540765044139974,32.20656667869078,39.327728536754925,40.694642926031804,11.395259869908585,9.084976910767399,3.1201258155281337,9.35874669461068,15.677059715691264,15.618571566320377,15.642299976778801,15.701023042906776,15.687966391120781,15.669864737563678,15.702645268952793,25.76911203247071,16.518881884129563,31.16568293225333,34.04037308401077,36.40602896571427,32.57084358768333,26.46684622385002,25.651297661235446,26.1147050783917,25.96683359841584,26.055204952027857,25.895090953438274,25.67960340521853,26.274961090802414,26.52532817066939,25.858953394712344,25.574088825493213,26.122291110635132,26.505271567822476,33.32262083431572,28.420354137923866,33.34403441563772,30.96997120095487,32.8098487691963,33.3039311789684,25.736646757667927,32.8123556687029,32.83698086583669,32.97758191417803,32.85421556280518,17.97972070044762,17.905172045798253,17.62012747793845,34.955323808162305,39.89162673282607,32.63290851468744,22.36927885318002,25.178758188188414,29.366672698428182,29.08090401865966,26.85554874760018,27.66634385422705,36.09889016839827,29.809242381497832,19.360090090726295,22.663230305146705,21.596502179953177,26.288123988002013,41.523924265250194,,39.37326551907209,35.91643351767595,39.3634989779737,11.4036057296845,9.59190629128354,3.1918134158192153,9.447638975869811,15.880485586311352,15.889113683728667,15.965326435155106,16.054872174437477,16.053513208344704,15.836956103417464,15.859811345776546,16.764800094512825,34.28353459991085,32.44260672672321,26.825072202793322,25.89697434486481,26.108295591021033,26.242886072067726,26.110923996635957,26.04235777618537,25.679711405505245,26.32807979811004,26.85341854878609,26.187578478398798,25.599639906851557,26.335807108559006,26.62490206421066,33.35633106886936,33.52165282498922,30.790227075128577,32.97783513117146,32.71864607106805,32.85855608129059,33.01587342364584,32.82458681164824,18.074833953393316,18.116553040609567,17.633377085663568,32.84629956371717,22.466198169311806,25.344274159414752,29.442468937454294,29.048227275807296,27.006740849185533,27.563630867759727,36.19867346807711,29.781241123535626
stanford_dogs_image_categorization,37.49188768431377,39.68492049551833,38.94316119891605,41.68958853417981,38.42450342755362,35.66451759158983,37.62156167092625,42.840244921221476,0.0,38.080138499994206,23.143303312409977,22.297127517541163,26.15605270119857,27.266419159402563,39.23992125651367,40.843359009009546,37.926399938957445,37.99248310640625,40.71266456424125,40.71627569376562,40.180651005143915,40.336016451082926,40.26339552337926,40.1787083323306,40.19218065000918,40.23750601187851,40.233953592908435,35.11224868255367,42.58585789715748,36.232193137825426,36.89823312744541,41.6027027163468,43.32571294871274,44.384282911975106,43.720456045466335,43.53319942382122,44.298994704493545,43.4742410511078,44.10573557461,44.05858677712445,43.5028763942636,43.93492914813308,43.6364320430566,44.26074660359892,42.82699551475213,43.49879461186769,46.439719608607966,39.11778676310823,47.18764133828452,38.19137688991491,45.48210672835071,50.843827768574116,40.938644499444344,45.5306693515302,45.57412511280431,45.64044691592482,45.59234967342909,42.71273962847225,41.87063456539279,41.8126338836395,37.90915178915995,50.22903790604775,43.50053275482408,40.19171144637148,40.0692349103037,45.575588671394854,40.86252384469289,39.99368805200346,41.29060858934969,37.98492640111249,45.284161046903726,37.36263483183891,40.4461544857982,39.63605567560276,42.300146677252734,37.727843293502076,42.868684281162466,38.41660454701385,27.114261958224063,39.268616521885676,37.88764722207923,37.96491354630919,40.92760491682239,40.82225872357394,40.61104834855999,40.542418291089774,40.88895937051586,40.92320514879055,40.721938267104306,40.49947884829406,40.40381318413781,43.18065699251834,37.16572941531329,43.3902528837113,44.700158410721514,43.956317199219654,43.71677088297648,44.71020092431001,43.42668321007454,44.34906350146849,43.92190691145629,43.811980049910446,44.04391356193335,43.90507407178146,44.525857943711436,43.0870383183415,43.861033920786795,46.793934304122644,47.26776090543754,38.356346707461825,45.5331569067998,45.526715311199986,45.59222140315006,45.651769024241965,45.58518891010551,42.823283289672275,42.0957308484409,41.92983793056103,43.67369946518176,40.36149762459754,40.25061194894974,45.64080905651792,40.9999444645305,40.21418931966198,41.268594344096805,37.99964645521071,45.45543230362875
svhn,41.20180281886786,43.90729895393575,42.769387469304355,45.91806360816906,35.63844077694121,26.2703263596129,13.810021295208033,39.325025507170935,38.080138499994206,0.0,28.10733819906399,28.64795133046685,15.190816244548646,11.805733044360174,14.95721650744138,15.14027177164645,37.70772375060198,37.5173222473873,38.609750804663975,40.11838387361702,41.09538623482048,41.260050308535014,41.183060417491305,41.095408910903274,41.20343476193306,41.17455846241236,41.24580589928421,32.44764361561805,37.28815459269806,35.28129049907448,27.513738433914085,40.921916101952455,38.62654629063465,40.17616211483902,39.411546830320965,39.07380791748353,40.17822606857511,38.887002679860885,39.98822887470105,40.058482883063476,38.82168778536307,39.514497516864,39.114621048642455,40.0224880164588,38.42973664692832,38.67859085084565,41.32369405078389,36.0239835784226,42.09583001505251,32.057697522865034,39.92363933989721,48.01537945229239,38.587136353151024,39.947657959008566,39.97384594641106,40.04833349712859,40.003947389236686,38.86530144886823,38.125953454853914,38.113055743422606,31.842682602081595,43.54623620311769,35.81196269773264,35.88680274183061,34.46256377397241,38.92495016931251,35.34447529177865,32.00701986147793,34.52667032352943,38.81943864810326,41.68847301088815,41.21147804115475,44.03656348517178,43.2189810690584,46.40028258418079,13.958017157257672,39.19814740736406,,15.153361473446438,14.946903368127916,37.57279844455253,37.4365138810454,38.76711306925475,40.27426815893059,41.261747604821636,41.094050171974196,41.682443915505786,41.691423023081704,41.542382144472654,41.298888440292004,40.99283413676533,37.97349099374133,27.68200679704475,38.603156536643276,40.33172450307342,39.64423229259226,38.992072280892906,40.60055696750782,38.59952171373423,39.947883553240914,39.814959154565074,39.100636003474364,39.5055891730744,39.315261143368595,40.37961921156248,38.75904806995837,38.964906554095435,41.62820487870334,42.07372388430369,32.0913133115165,39.96719318157733,39.913862872665725,39.93195412794747,40.033683073853915,39.99131128261624,38.907425424966924,38.11391927457908,38.210011731789706,35.92314516760393,36.130101910693696,34.63461312144149,38.932824243206255,35.39614597312993,31.95986869184651,34.546259900849456,38.844869964865055,41.82929376590488
caltech101_object_classification,27.592174602742425,28.16909672116075,27.563437635047954,30.589436362060734,29.269886809027863,28.10347360286183,30.040799513810814,29.203938650484318,23.143303312409977,28.10733819906399,0.0,5.060789120932121,18.29273084797407,15.694323994601518,28.258994840578982,29.7029541720428,26.877837304303938,25.8494880454629,28.244740231004872,26.944781408007966,27.272399200340963,27.371777599010166,27.298960241776612,27.224850994066742,27.27172036351162,27.3261271975942,27.314440371561872,26.07973381966543,27.707899534425337,29.478798316788627,27.010093833113206,35.22682512422908,32.0187304889713,32.61814378320707,32.26783294345477,32.36195888825203,32.57350165621078,32.35331496228133,32.35317723607567,32.39455526200867,32.40047546165366,32.517771326007335,32.156381248937016,32.39583460908137,31.592450815813173,32.386668310315684,35.45324237727754,31.283315633781847,35.90348599245662,29.15911461245907,34.555422580418494,39.03757612239167,27.267006851854216,34.65690054434745,34.646364085569026,34.710703520182534,34.69667229887604,28.116380625324602,27.57293004426544,27.571684989623222,29.51520140570928,39.76313634346686,29.73059949651017,26.760209540819275,26.563835222595323,30.587631471444894,26.7383071821154,25.195520767111397,27.230569174216356,29.003885370785596,33.487106704222576,27.6300806556314,29.654318812730644,28.28116781185398,31.040995563530974,30.166269636122404,29.250566017627534,28.328200417560197,19.244997168718943,28.291720748855916,26.953531028792398,25.999594935766197,28.394404824735858,27.17024260824776,27.68649954324438,27.659606790212955,27.991659845438583,27.968950233019065,27.81641437052614,27.6528764087695,27.43878156347897,28.359118321392398,27.290028256552205,32.088805560692016,32.97371302248125,32.6246724773778,32.418403560340025,33.01047727379966,32.39833566859225,32.576751922927635,32.358851221592936,32.665184264675034,32.74083086563187,32.52747859309432,32.616660514615134,31.784538629284008,32.70004638904484,35.71213452980437,36.09048288115976,29.333195616717845,34.67708708382407,34.596151854425365,34.66754862654521,34.74138100166713,34.66850225828199,28.17939911253469,27.786357564441655,27.73988206179488,30.028721977581846,26.878516589670333,26.658068071334036,30.737136586828168,26.876050710767807,25.488906174068624,27.19634837550489,29.0672118379488,33.676193474741666
caltech256_object_classification,26.75820392681326,26.505040425243905,25.92895225107774,29.27235966096553,29.193745246498416,28.221844720189193,32.30000856081557,28.083443462907997,22.297127517541163,28.64795133046685,5.060789120932121,0.0,17.912590256226572,14.525205604957115,29.983904504853008,31.568942068674005,25.813685388637353,24.85819703697388,27.53952096912333,25.276982070757704,25.030627915510642,25.13456217980805,25.037128242196005,24.97667207828942,25.025059282767234,25.075343592544883,25.08488596941691,25.937829465010573,25.900951484034803,29.902200103201228,28.459978232580962,36.627098712252625,31.66529493885927,31.10471743142589,30.754687609369174,30.970073508200393,31.060231104446316,30.97917169265158,30.797532278914552,30.856470272760298,31.074306979890643,31.109482270803582,30.71297942652592,30.86641834848281,30.208833478181568,31.051439649387056,34.58364805960479,31.4226293293872,35.028771379772564,29.88589728969363,34.29042227661465,38.358969221207026,25.922698684054357,34.38627837789835,34.3804203048708,34.4474920100313,34.428384040974876,27.445175133868148,26.92887194282184,26.989422678052918,29.826617557405285,39.75950345515903,27.717959076853237,24.329676323507368,24.149026686215073,29.43102485379446,24.012418417755697,22.691391883848596,24.818844300657766,29.189435026732284,33.03616302795582,26.905399266207752,27.681679092133574,26.733149669764575,29.70256674586588,32.43437440522655,28.16733328440906,28.916795064324166,18.898284973864087,30.03647043263354,25.964732791185956,25.004858532476714,27.683503881751857,25.571786719760357,25.479671129140804,25.510771375762776,25.815091598519217,25.857690808259427,25.70319060860462,25.538192320723798,25.22192210852407,26.663824274518674,28.765458723742896,31.731880665757814,31.587471566400293,31.175019449275645,31.02027195549217,31.537036035039076,31.080143368455147,31.10957546713594,30.852789148401744,31.345578074147173,31.401011299495224,31.18172076575319,31.096000031331066,30.42698518600558,31.426472310589062,34.859077966675216,35.2303726670022,30.10547305320042,34.439928400581685,34.349879840275676,34.398613654384526,34.4930090178109,34.416004449909444,27.515401324129698,27.173934794191247,27.19007386896791,28.101042862482885,24.444345121905403,24.2418676198561,29.661390383943242,24.16271760547614,23.076673018750625,24.86124340383762,29.26855148300815,33.23228558978862
cifar10_object_classification,35.040507393433444,36.285662841521756,35.66241519152337,38.941464375961175,35.25370662606454,31.6561139316291,24.078330361687158,35.540765044139974,26.15605270119857,15.190816244548646,18.29273084797407,17.912590256226572,0.0,3.749733780610107,23.403479715787125,24.428485649951188,33.85949902051995,33.16359595115525,34.97563331365148,33.834334441525215,34.37797519478474,34.530459522646964,34.44562951088244,34.42131544296642,34.43264161810607,34.436026882044665,34.470617751994226,31.55936564279849,35.16581268861026,32.993603143078865,30.987019080711395,41.00883299394954,41.36365475332161,38.51788103987141,37.80179757675696,37.806824556081196,38.34795876320507,37.70626995229555,38.189458897803696,38.13625465660903,37.81841492520604,38.19745901628333,37.82435030067812,38.29267190794054,37.18284574680685,37.84020202749785,42.78700634381772,36.122008903446904,43.26198148547563,35.77204621605592,42.28417256720143,46.154871377344406,35.16948223638937,42.355299152215636,42.34229506954013,42.43467076547225,42.397836278166494,36.25008452766913,35.92540965675853,35.99969330873858,32.20104219727825,47.29135004988113,38.63779941589725,34.84917709589206,35.54185034482383,38.76751397427145,36.16716692631593,33.9176532781373,35.97081660130275,36.15849113699424,41.88927403486342,35.08896879177156,37.164556645964765,36.26453329644352,39.35709738925509,24.286357912876234,35.4971017541417,15.367393106605856,,23.415577877416176,33.82837957780919,33.214941614583125,35.150344241710464,34.05338183830476,34.67261593655405,34.71752334169442,35.02361485800424,34.975659790544555,34.88239272495265,34.784903236039284,34.502905333395034,35.764304985538686,31.176782235242236,41.38653510461283,38.75938014988665,38.06013688781323,37.869548816725725,38.75208878264657,37.691607644789514,38.37221275455079,38.09526764768184,38.013446335669,38.37335801869419,38.14873315081423,38.50414165333544,37.335510654304564,38.19689568334885,43.02590747998201,43.38908513620034,35.79331680020505,42.37751125542649,42.298496000244725,42.362401749977096,42.446842339432116,42.40823233327156,36.284623160051595,35.983276538977314,36.196939864772396,38.8834600787375,35.02928499485307,35.653082635411316,38.903998760213284,36.306612458666876,34.11588117677764,36.030116271902756,36.21897895278658,42.015255589533666
cifar100_object_classification,31.804337759862996,33.22099003967325,32.649360534453415,36.30321648244744,31.446540748656762,27.895346471564167,20.828610174635728,32.20656667869078,27.266419159402563,11.805733044360174,15.694323994601518,14.525205604957115,3.749733780610107,0.0,20.71698848804742,21.599733917109944,30.453294426569613,29.582982699227998,31.68004764418599,30.300295649487985,30.977033228899526,31.126109181520555,31.054860033736826,31.00734675183773,31.05275823622196,31.0541526461337,31.090041799286446,27.738271533373947,31.219174894537648,30.125122010093982,26.501555201825752,37.66445565810969,36.981339826738775,34.862681230787324,34.31290370090678,34.439235040503256,34.75309783452215,34.353655162572394,34.55570720410321,34.54225965523631,34.43845799694195,34.71080628824592,34.33471275598892,34.626285364934596,33.60015227660726,34.49739783871427,38.87271849759372,32.65819322183487,39.296800141093264,31.905575920029907,38.27622753468793,43.03856893482857,31.2189220371378,38.34441847843975,38.34337226701764,38.43439288905459,38.39480785837614,32.52018203516083,32.07841122531137,32.17397275591274,30.110667386851226,43.7393270622627,35.01185255136784,31.34317386507022,32.43415779185733,35.295081624370965,32.91143507318745,30.23440635036742,32.87482932203917,33.051786977688124,37.83715069446014,31.888490475861644,34.21090964633217,33.275952855511804,36.755057196987906,21.05580740600079,32.16625972163118,11.995631808573762,4.435629127332568,20.74223050712223,30.46249897426023,29.662711874650956,31.85512553185121,30.55125466561443,31.253936255323346,31.352018025900644,31.65687165056994,31.66770442893207,31.58535288147923,31.399870552668464,31.116232902897522,31.916485193064087,26.683559451389087,36.997437098904946,35.15644660893752,34.622404827107864,34.46965031754281,35.176871708810765,34.335671842944194,34.75510179555587,34.500876221791245,34.669899471683806,34.958322081275355,34.69399454371364,34.84852884713817,33.802760232104085,34.852328093072856,39.122415937456346,39.41887521416952,31.95382371990631,38.405112229441585,38.2908447737166,38.36277110146854,38.44783672501761,38.393281305842116,32.5549256203307,32.142991167688805,32.38114464991092,35.27306180501947,31.549407826479676,32.569203812261726,35.42462418831061,33.036576223154626,30.47364837646226,32.90345741375495,33.10971397050824,37.98874662173848
mnist_digit_classification,41.07931154843751,43.00881317527542,41.727048113215375,44.060351927309995,36.046675321787106,29.977593026272757,22.862367505086816,39.327728536754925,39.23992125651367,14.95721650744138,28.258994840578982,29.983904504853008,23.403479715787125,20.71698848804742,0.0,2.2396234434713556,37.03852005046252,37.28154089912734,38.424598407193685,41.86368166566067,40.28522120457406,40.390256965336235,40.36053520710576,40.28967593624431,40.372960397081314,40.39976996691434,40.39430164624712,32.8743250670801,37.68133343351883,36.59316284980862,22.439201189505845,38.97019750286831,33.19383700969328,42.34264654459812,41.87343038687453,41.6264964523656,42.43281148945546,41.42958283200343,42.16667841553714,42.32961098557069,41.38371091036616,41.948946702240114,41.578677092697106,42.27382497818121,40.922770538906455,41.298526411625595,42.3187257443945,35.78772003734191,42.87872070532565,33.20375779384375,36.089627642324324,46.544651617641236,34.70599420524886,36.09456016286315,36.15904592942677,36.20139570222284,36.157174540204366,38.64402511662624,38.285431920661146,38.18240942046475,33.309629339519475,38.83709734450736,35.780177111208964,35.69990029666946,31.975894007091824,35.890387464691514,32.89269775937281,30.75917293816476,33.244602456424666,38.67097301904759,38.731577068847464,41.07355485555047,42.7841312905515,42.12285980067638,44.449238133632846,22.978193381554682,39.21436287779236,14.958865885070017,23.27010603696118,,36.80699682989245,37.243036805859575,38.59692529802298,41.88533485309755,40.59276266308023,40.37302468001408,40.773223029210065,40.70452141022174,40.48407700853612,40.44691460123608,40.13052660420131,38.1541739756635,22.59154725168306,33.180660159471216,42.43784426587074,41.968102358705075,41.474417545726006,42.775021909200476,41.25492906425405,42.154167066008306,42.04256997076075,41.53288969391275,41.88941818346752,41.69956661073263,42.56495361661207,41.23609859090215,41.458331671806434,42.49165151682629,42.887412588616414,33.22815887351594,36.106343073433656,36.082601462999094,36.10428758902493,36.197189132872104,36.119901454821296,38.76089447945175,38.30328736332746,38.183672814234185,35.75135522816751,35.77567625449434,32.085406657381576,35.798138117482424,32.91721018450872,30.783997077950936,33.17298126658216,38.68230403536017,38.90537735755391
