,lapgyn4_anatomical_structures,lapgyn4_surgical_actions,lapgyn4_instrument_count,lapgyn4_anatomical_actions,sklin2_skin_lesions,identify_nbi_infframes,laryngeal_tissues,nerthus_bowel_cleansing_quality,stanford_dogs_image_categorization,svhn,caltech101_object_classification,caltech256_object_classification,cifar10_object_classification,cifar100_object_classification,mnist_digit_classification,emnist_digit_classification,hyperkvasir_anatomical-landmarks,hyperkvasir_pathological-findings,hyperkvasir_quality-of-mucosal-views,hyperkvasir_therapeutic-interventions,cholec80_grasper_presence,cholec80_bipolar_presence,cholec80_hook_presence,cholec80_scissors_presence,cholec80_clipper_presence,cholec80_irrigator_presence,cholec80_specimenbag_presence,derm7pt_skin_lesions,idle_action_recognition,barretts_esophagus_diagnosis,brain_tumor_classification,mednode_melanoma_classification,brain_tumor_type_classification,chexpert_enlarged_cardiomediastinum,chexpert_cardiomegaly,chexpert_lung_opacity,chexpert_lung_lesion,chexpert_edema,chexpert_consolidation,chexpert_pneumonia,chexpert_atelectasis,chexpert_pneumothorax,chexpert_pleural_effusion,chexpert_pleural_other,chexpert_fracture,chexpert_support_devices,pneumonia_classification,ph2-melanocytic-lesions-classification,covid_xray_classification,isic20_melanoma_classification,deep_drid_dr_level,shenzen_chest_xray_tuberculosis,crawled_covid_ct_classification,deep_drid_quality,deep_drid_clarity,deep_drid_field,deep_drid_artifact,kvasir_capsule_anatomy,kvasir_capsule_content,kvasir_capsule_pathologies,breast_cancer_classification_v2,eye_condition_classification,mura_xr_wrist,mura_xr_shoulder,mura_xr_humerus,mura_xr_hand,mura_xr_forearm,mura_xr_finger,mura_xr_elbow,bean_plant_disease_classification,aptos19_blindness_detection,lapgyn4_anatomical_structures --shrink_train 800,lapgyn4_surgical_actions --shrink_train 800,lapgyn4_instrument_count --shrink_train 800,lapgyn4_anatomical_actions --shrink_train 800,laryngeal_tissues --shrink_train 800,nerthus_bowel_cleansing_quality --shrink_train 800,svhn --shrink_train 800,cifar10_object_classification --shrink_train 800,mnist_digit_classification --shrink_train 800,hyperkvasir_anatomical-landmarks --shrink_train 800,hyperkvasir_pathological-findings --shrink_train 800,hyperkvasir_quality-of-mucosal-views --shrink_train 800,hyperkvasir_therapeutic-interventions --shrink_train 800,cholec80_grasper_presence --shrink_train 800,cholec80_bipolar_presence --shrink_train 800,cholec80_hook_presence --shrink_train 800,cholec80_scissors_presence --shrink_train 800,cholec80_clipper_presence --shrink_train 800,cholec80_irrigator_presence --shrink_train 800,cholec80_specimenbag_presence --shrink_train 800,idle_action_recognition --shrink_train 800,brain_tumor_classification --shrink_train 800,brain_tumor_type_classification --shrink_train 800,chexpert_enlarged_cardiomediastinum --shrink_train 800,chexpert_cardiomegaly --shrink_train 800,chexpert_lung_opacity --shrink_train 800,chexpert_lung_lesion --shrink_train 800,chexpert_edema --shrink_train 800,chexpert_consolidation --shrink_train 800,chexpert_pneumonia --shrink_train 800,chexpert_atelectasis --shrink_train 800,chexpert_pneumothorax --shrink_train 800,chexpert_pleural_effusion --shrink_train 800,chexpert_pleural_other --shrink_train 800,chexpert_fracture --shrink_train 800,chexpert_support_devices --shrink_train 800,pneumonia_classification --shrink_train 800,covid_xray_classification --shrink_train 800,isic20_melanoma_classification --shrink_train 800,deep_drid_dr_level --shrink_train 800,deep_drid_quality --shrink_train 800,deep_drid_clarity --shrink_train 800,deep_drid_field --shrink_train 800,deep_drid_artifact --shrink_train 800,kvasir_capsule_anatomy --shrink_train 800,kvasir_capsule_content --shrink_train 800,kvasir_capsule_pathologies --shrink_train 800,mura_xr_wrist --shrink_train 800,mura_xr_shoulder --shrink_train 800,mura_xr_humerus --shrink_train 800,mura_xr_hand --shrink_train 800,mura_xr_forearm --shrink_train 800,mura_xr_finger --shrink_train 800,mura_xr_elbow --shrink_train 800,bean_plant_disease_classification --shrink_train 800,aptos19_blindness_detection --shrink_train 800
lapgyn4_anatomical_structures,0.0,0.0419991338787646,0.04639672164302516,0.08184966972435637,0.20643999194664575,0.2459672896269654,0.4683481048751088,0.18585683604182424,0.2861557598121553,0.40840640710595644,0.21113165011626006,0.2024701877935221,0.2415572041030764,0.22328092615271283,0.47649334047421354,0.4873707755965958,0.10383470393177452,0.10247417231979564,0.1568803954829739,0.13592469917900657,0.08150663475500922,0.08267295101390207,0.08202370864479958,0.08157453892307279,0.08135982770377542,0.08155445850011947,0.0813216466843466,0.20997573051469154,0.19208173679508658,0.21925447005462587,0.36938784409153136,0.3058354315954059,0.3451210331826359,0.21622306007681552,0.2176533952453017,0.22619987458617835,0.2143439080286777,0.2277912531993188,0.2134497736417615,0.2128861292725595,0.22950921757790044,0.2257325622525907,0.22051158283659494,0.21099491170167492,0.21527797165709667,0.2324956936693503,0.2756844996884479,0.2339125832707749,0.27812193096422666,0.2873924378274939,0.39119474134460197,0.30926749112578533,0.24948968909234429,0.3926350079664858,0.3925948651450543,0.3930821107814335,0.393519162131907,0.2514573777751941,0.2453760892737047,0.24486748922576534,0.3190240283029874,0.5352249415094018,0.2788875794145321,0.2162735300371747,0.25318717283661235,0.26209700682771697,0.24721104321088827,0.2408264965207702,0.25836173663241224,0.26300220100818156,0.3290811642838127,,0.050202695600623015,0.046250919078408746,0.08312062777796216,0.4709755386403478,0.1853804741450878,0.4049686429029975,0.24362790209594581,0.474771830041011,0.10292261921145694,0.10147959587786728,0.15822758603792952,0.13519003453216633,0.08223306619840358,0.08187230517935465,0.08308233584302885,0.08464029043777026,0.08395660044574736,0.07991538241223106,0.08350443880626482,0.19531558102203816,0.3694708271613399,0.34347463420782154,0.2190141648578688,0.2196523000558389,0.22565562330811545,0.21730760107811353,0.2263323679750716,0.21416444747132812,0.2102272987397032,0.22710966592868087,0.22844474567319153,0.22184752835338295,0.2108022285366833,0.21585021262231122,0.23398471600183324,0.27662097758807047,0.2782555053343707,0.28288197201734544,0.39288721030319634,0.3915905171534117,0.394104370259907,0.3930645653904066,0.39249858800358983,0.25012288369145563,0.247194496578094,0.2443552698683482,0.2792654014345234,0.215094293173883,0.25359977071283224,0.2613793370223808,0.24713810747754933,0.24236026498279917,0.25729245442173687,0.26369065801369795,0.32741137149123123
lapgyn4_surgical_actions,0.0419991338787646,0.0,0.018836889143914032,0.027526064880677013,0.2435605822471511,0.28549427056839527,0.5192040378863324,0.18564921959159705,0.3093807477733804,0.4283908969189342,0.22002383072131027,0.20693098339149185,0.24560249205942475,0.2340228556611996,0.4906418532948311,0.5081353668957189,0.12544879380125817,0.1242255489088972,0.15859908405760859,0.1281545404840227,0.05927473790921202,0.060186231561667705,0.05929592003701416,0.059415421885948866,0.05898484457430907,0.05945361295401237,0.05896808867958593,0.24197026198126464,0.17385693246228306,0.25036226224659064,0.412007037639624,0.3615787221463996,0.3639291840484954,0.212601876858993,0.21315870810018578,0.22094828520869841,0.2108118792022831,0.22276163668812624,0.20937012339894168,0.20926042538283898,0.22549648385742754,0.22024786812758823,0.21572324086790218,0.20729388969123613,0.21268598534190725,0.22699926139703094,0.27984555845011694,0.26864868399591774,0.2803073034387563,0.33996647789109524,0.4311929685012714,0.2954965038753408,0.24367039566446017,0.4325738244071812,0.43227861530167144,0.4327266780088728,0.4330695045898376,0.24951837964345563,0.2498786736713643,0.25033901375285883,0.3407036872745569,0.5679303126504025,0.25949291147957687,0.20526637070181067,0.24960710141694406,0.2423081398896344,0.23077214145092434,0.22569942918345645,0.24285391462315695,0.27897997222597937,0.3581192238167714,0.04304952204059086,,0.017900088087346767,0.02762394535419331,0.5218311597896005,0.18530121019537277,0.4244741002884448,0.2481431127834867,0.48882981749482546,0.12534827426603193,0.12296935111419122,0.15951671213558094,0.12788239974900645,0.06052641582627709,0.059800048376604534,0.059904711999415924,0.06189288848881977,0.05926577323447548,0.05824115648839524,0.06184990110254777,0.1750446571086124,0.41183656443129046,0.36249256039282485,0.2149733568444148,0.21425369376547015,0.21998852667903124,0.2126223073792348,0.22228501303453757,0.210514493788784,0.2076896781352613,0.22287757091526544,0.22239449625576482,0.2175984663943968,0.20687074294179142,0.21206701044765808,0.22787001589244685,0.2799275480325152,0.2811215453094412,0.33524365815843477,0.43279263183700944,0.4313594651220606,0.4339877953735455,0.4327832457873758,0.43248425678519115,0.24804848389138012,0.2515220006651256,0.250013527720838,0.25999523357051313,0.20362581713261985,0.24898245143149014,0.24201190629278319,0.23137779122657315,0.22799529664526064,0.2424575583177438,0.279593098501171,0.35604542052068056
lapgyn4_instrument_count,0.04639672164302516,0.018836889143914032,0.0,0.023615803840889012,0.2213721742149144,0.2621025787895737,0.4867241556241384,0.186869249757117,0.28197324959715414,0.4042900091533252,0.1984429473505005,0.18600595160522246,0.22913071839647056,0.2166515906659497,0.46716340611759577,0.48136180923510635,0.11826724270754252,0.11778132847718897,0.16434105008918248,0.14344181899697517,0.05032933871920908,0.051528402495182965,0.05040698875851979,0.050276578436666566,0.050241429970642834,0.05054551446758018,0.05006541360450262,0.22283134790552006,0.18265370031858513,0.24675384158121869,0.3841065542913019,0.3269678261053685,0.3478162916264763,0.2190493708023809,0.22129990276405986,0.2297977785821248,0.21754345678506323,0.23153781942062263,0.21626645284571547,0.21620220587694866,0.233949794689796,0.22882083335430328,0.22364936425422097,0.2136261986357797,0.21969824046667774,0.23587855412183073,0.27874937405512157,0.2502767036420169,0.28103727787084376,0.3148662854652188,0.4027664621506605,0.3052838193029307,0.24498029688620782,0.40407087873351416,0.40389055142732466,0.40428002233817695,0.40464678546812516,0.23939706108807393,0.24291190963876194,0.24375259037612365,0.33022387299591255,0.5410672957100465,0.24968952424418173,0.2015400381376085,0.2335118162937745,0.2432865760607268,0.21886152853000657,0.21762228156637897,0.23215821120237973,0.2679936196892404,0.33666386776810675,0.04718105640960709,0.021035260730479663,,0.025217913966312545,0.4891883127930151,0.18640371852283433,0.4006089554286419,0.2313932271601528,0.4651816395431815,0.11813426325681886,0.11613882661617134,0.165528488819295,0.14314577814080665,0.051693901519879085,0.05069995140988624,0.051918298942547264,0.05257746757803937,0.050655999740053456,0.04881955182568764,0.05198152128773725,0.18519444623065887,0.3840811836603151,0.34649912300242713,0.22231000073554344,0.22284713548933133,0.2285706571078172,0.2201613380748972,0.23026872828624145,0.21744777138795718,0.2141801030390229,0.2313169377410208,0.23158310879214244,0.22546407528346357,0.21314382776990276,0.21965241321463036,0.2370558775869111,0.27987180411242907,0.28184167477850064,0.310588877114684,0.40435810814096845,0.40299110071090244,0.40554107159480024,0.40435225723560275,0.40396260953525714,0.2383645966366008,0.24434888522082693,0.2434009359640854,0.2503001845700942,0.19990419047290614,0.23310065597811078,0.24288195107447297,0.21914585687254956,0.21924286364295043,0.23133004445658373,0.2686817699385019,0.3348587877675095
lapgyn4_anatomical_actions,0.08184966972435637,0.027526064880677013,0.023615803840889012,0.0,0.2779351072665243,0.3116713153614729,0.5333391036807432,0.23126810355893468,0.3252536770904704,0.44246958865444064,0.24009204307643728,0.22760482057829506,0.2708611632196111,0.26143955475881286,0.5017982858591391,0.5186648653670534,0.17349839985811494,0.17225799549485732,0.20519918412275337,0.1822212762246455,0.08742995776741047,0.08856176398439404,0.08708552418527352,0.0873564229535923,0.08708951620686556,0.08764413146032782,0.08694992380885493,0.2763010023469,0.20859606378565573,0.29662430294784947,0.44137498748977866,0.3855498819547092,0.3916921083809719,0.25428719463106414,0.25569968148097455,0.2623107964425171,0.25340171155824254,0.2638539310105037,0.2514959448675481,0.2524644777584416,0.26672856915771137,0.26119686521682456,0.2571508060162979,0.2497547268284802,0.25394682273845903,0.2668696511837584,0.31508025542514584,0.3022130800129119,0.31640037623514755,0.371979794987368,0.45970679027975736,0.3274702177172655,0.28530494566765424,0.461070069836525,0.4607897436031596,0.46100046162104535,0.46153781567054286,0.2860424255993046,0.2917701664839325,0.29299538830108074,0.3747499270266257,0.589362052690098,0.28150970876171444,0.24090634664212257,0.27374462162986235,0.2700651888241137,0.2525888460900507,0.24845261932115656,0.2681509718443291,0.3044753048141978,0.3903874840712228,0.08285538548595545,0.030771084035037956,0.02319046594966581,,0.5358306024619707,0.23075004240453195,0.43925333477877826,0.27345871907282027,0.4997473688109955,0.17332711851467436,0.1707350070694893,0.20606907645037265,0.18196768134671026,0.08940189943487914,0.08792047578817755,0.0887078609639492,0.08993759973949299,0.08590794400611203,0.08595252437951277,0.0895610017753509,0.21004632896644415,0.4413790723892456,0.3907700883089,0.25676162688485915,0.25668331225549906,0.26105752359943996,0.25534032070776486,0.26312130439626286,0.25277562624811306,0.25058137393145946,0.2643525424798604,0.2630534694044001,0.25902113459094056,0.24966192156822972,0.2533095347100696,0.26786144523448824,0.3158843822524863,0.3172412768981645,0.3678165574512319,0.46112044748148173,0.459969247627915,0.4625002604698917,0.4611086506740712,0.4609711981229621,0.28493247605311306,0.2931182641266019,0.2924059539902246,0.281942518046021,0.23892542186584986,0.2729720376724057,0.269840353285217,0.2532679370613543,0.25036319043408817,0.26778652387739854,0.3051644435469027,0.3886720592410494
sklin2_skin_lesions,0.20643999194664575,0.2435605822471511,0.2213721742149144,0.2779351072665243,0.0,0.22463561002159962,0.3758669707702701,0.2571494272349528,0.252060918353167,0.351583916639417,0.19568374890004142,0.19050729561045812,0.22995386635506015,0.20442687168403795,0.4240145059737364,0.4255877449364446,0.15306479937259482,0.16577059975755598,0.24921342705318367,0.2549011795735835,0.22473836127621338,0.22668231503221112,0.2262801840334709,0.22473402581957255,0.22538656999135734,0.2253996994234881,0.22598757713998194,0.0827137545866593,0.25860043534268123,0.17795910919087535,0.3124268166488887,0.16944210027547296,0.32286781991480534,0.2707015971474578,0.2743483377464937,0.28256458958975017,0.2692685433741673,0.28424263438451614,0.268371430598872,0.2672078217668894,0.2860556046889416,0.2846030274941377,0.2753289240484443,0.2617816168928969,0.27395070491617723,0.2879467665619576,0.32703900201054076,0.07591775501723913,0.3338531975795023,0.13538601984411236,0.289565693170978,0.38193366657457206,0.2767631147881937,0.29138009484492133,0.29164499186980725,0.29169685555158953,0.2927300792881451,0.21167776685766188,0.1997112366838545,0.2012950252312634,0.2633116931938443,0.44331617474622775,0.31849042578397524,0.2637555084277676,0.2776439850810616,0.33281013053285247,0.28707583728360764,0.2896756737646693,0.2844686755920991,0.24340399175107608,0.2385493476943566,0.20460328555020293,0.2412035220949224,0.22602475334741276,0.28076940374299714,0.3779659839343875,0.2554228047500355,0.34847513523826035,0.23046435803665066,0.42221296360495325,0.15303028278402325,0.16334758549377948,0.2500517924064095,0.2559238025205943,0.22332400583733458,0.22523367974131436,0.22883565859145572,0.22864755458543456,0.23089086839927322,0.22386100456902447,0.2224655762885345,0.26583914023892796,0.3124770755363143,0.3206253711822006,0.27562986524088495,0.278316926477541,0.28144072216900917,0.2734313235289336,0.27990076964660604,0.26839788273337584,0.26324455409615827,0.2836282459961389,0.2871737227722826,0.2764710659848839,0.2617175367817509,0.2765361228394077,0.29082196702119817,0.32962780209931575,0.3333649704517112,0.13340169868382915,0.2913662931819334,0.2901436257202565,0.2930616888869665,0.2913608409198169,0.2913623343887655,0.2103182804329832,0.19974409882248914,0.20058630339553407,0.31984483697820554,0.2621379071475277,0.278921675568632,0.3314679241146363,0.28648767978182543,0.2900027509396952,0.2823963256388846,0.24353749745969572,0.2371472444724083
identify_nbi_infframes,0.2459672896269654,0.28549427056839527,0.2621025787895737,0.3116713153614729,0.22463561002159962,0.0,0.1959508207568364,0.3470616217534421,0.18081340256851938,0.2356773454989647,0.16415570196695145,0.16254168790426426,0.22323100694087084,0.18952943579541354,0.3394242962733368,0.3349781861149855,0.2347335236303208,0.24743363996073658,0.32717743686827555,0.3237374326205156,0.28548316131588414,0.28848215462294735,0.2866312266600015,0.28467200619717825,0.28640478147078724,0.28608984079064503,0.28806063195241527,0.1790584382907477,0.2801837001681646,0.1866580901752175,0.2413154462031496,0.2139581200486176,0.32677312895267296,0.32223540477918733,0.3152919914798754,0.3182090453435251,0.3232369428458493,0.31688606955179877,0.31946810532741654,0.31961880690251593,0.3188254152200703,0.3253767711297947,0.3156615142581699,0.3195878406555638,0.314569477071583,0.31865257248701595,0.34168623644112084,0.19028453976899903,0.35295683791635185,0.17184504491243194,0.34740563586513684,0.44179166969051664,0.33185201487617755,0.3480771688033386,0.3488492509369072,0.34891639399302354,0.35014510837967194,0.3525722250765265,0.34756517740569237,0.3488508521844842,0.20778153990510836,0.4681784465590867,0.32621645242377706,0.30973941557271556,0.28404479044945574,0.37695856865280336,0.2901852937825271,0.3052239303007468,0.30545453762191455,0.2692612763271509,0.3274018262576506,0.24431286008472455,0.2756692296290785,0.26652118237715106,0.315707841876604,0.1965894193594482,0.3448938163984795,0.23679978040228405,0.2237478104583252,0.33706271667379906,0.23313247041901825,0.2433715742367325,0.32915529057306603,0.32375614846888406,0.2840360862624104,0.2836784735459438,0.2899336436276427,0.29024223947697925,0.29156659507616106,0.2850816188219729,0.28236268928422736,0.28886114179805233,0.2426919066964335,0.3256964955101249,0.3252204885178941,0.31955494505808557,0.31821541993947083,0.3311162872950152,0.31147618732855253,0.3175256265629992,0.31484101197946923,0.31667318916229803,0.327350067924361,0.3159247021538313,0.3211024712629638,0.31679613411603963,0.32241203191170914,0.34584166201280353,0.35227239425770684,0.1711176517274103,0.3479436378970766,0.34853195592003544,0.3494853706588622,0.34819496640253145,0.34897322420741606,0.35341782335488364,0.3484657536291913,0.3457486679479039,0.3275194237847716,0.3082391137626783,0.28594504051477887,0.37606001997706195,0.2895486569945912,0.3038267885671112,0.30319774298177915,0.269731256572412,0.32674378482380334
laryngeal_tissues,0.4683481048751088,0.5192040378863324,0.4867241556241384,0.5333391036807432,0.3758669707702701,0.1959508207568364,0.0,0.5591571833662805,0.267662900732854,0.23680808788746305,0.27756339990986817,0.28613726619537394,0.31012332617246363,0.2751366608727464,0.3788390369605046,0.363078882890728,0.46173641275578703,0.4725331878648177,0.5459797592782265,0.5709232968944187,0.529966320762988,0.5335037828559311,0.5312897394787517,0.5288587407042329,0.5307414367547898,0.5304850095080409,0.5323898644683548,0.31080370262016,0.4864500701709294,0.3740396304214868,0.35129434280424654,0.3125390017861184,0.4728658923238745,0.55174184834645,0.5468004111867922,0.5458411204221749,0.5545753090724845,0.5439858713734884,0.5501160680833129,0.5517145362140914,0.5456149734772819,0.553985011029338,0.5445701304845765,0.5517166664202408,0.5421597419128675,0.5430518554263244,0.5407297908768157,0.33901711804123924,0.5550358084816254,0.24891007706235072,0.4587023531164161,0.6509018826973592,0.5350681370770534,0.4594598447306383,0.4602253377808664,0.4596772179621764,0.4614489264678122,0.5206897859234356,0.5145009583671873,0.5166536442243868,0.345571656352758,0.5502043237230088,0.4915886803804338,0.5169518614639332,0.46905960867449403,0.5642426001132648,0.47408302895369114,0.4866286347636291,0.48927491889121955,0.4259912644173325,0.4749210807714275,0.4663555601529404,0.5164547826800202,0.4921050418638039,0.5372234500404502,,0.5566838574803291,0.24115980652023994,0.30893553665488843,0.37639878653030145,0.46034377448871566,0.46981266403543764,0.5478364112928584,0.5709023437455445,0.5281970333639322,0.5282888555125236,0.5352509297963668,0.5349251422439372,0.5360899501096423,0.5287528099190587,0.5260531608042031,0.49784939699566133,0.35232983850427574,0.47223892995900907,0.5547603645535104,0.5517727644854058,0.5453951859517117,0.5631963781255264,0.5382065602940409,0.5483761206525037,0.546456938172478,0.5443431733885249,0.5550837375160658,0.5439653421018353,0.5536600272066681,0.5444965152829075,0.5482956128144204,0.5459979493513499,0.5536099742687899,0.2510978276361322,0.45918476675708775,0.46025131729171054,0.46030833664545595,0.4590147244832645,0.46034235864698014,0.5219125137389662,0.5150964843400764,0.5132389795008205,0.4927804284982974,0.5151002608801187,0.47088598829232486,0.5637415179399167,0.4729898452657453,0.48501383999146186,0.48751282527514894,0.427096349985956,0.47516872000097743
nerthus_bowel_cleansing_quality,0.18585683604182424,0.18564921959159705,0.186869249757117,0.23126810355893468,0.2571494272349528,0.3470616217534421,0.5591571833662805,0.0,0.37056783953758554,0.4362414139910734,0.26568003911151006,0.2515851608794841,0.2715520574664657,0.2590648352565719,0.5179329389356837,0.5316326788547556,0.10402938722045393,0.08650613799564585,0.03614422483272564,0.08221202260659033,0.14303201066438306,0.14294453705640411,0.14286875752355013,0.1433449191042419,0.14326778897079906,0.14305226470972104,0.14347164132884327,0.2682369441111516,0.15788993835194948,0.30277193358024146,0.4415854453545523,0.4069051865179576,0.35123841561597546,0.24244552342664633,0.2374622302841259,0.24624133831976935,0.23867715983808382,0.2466017923752567,0.23741280385112173,0.23520215355626478,0.25001383228491286,0.24913509640825734,0.24109999856122372,0.23450385703674342,0.24428303417328295,0.2529929701085112,0.3279743543636843,0.286817583491784,0.328565654463157,0.37254660917752513,0.41421507635899174,0.3509498570164592,0.22495660388279498,0.4155165796902369,0.41522466059378815,0.4160015731538355,0.415747857828158,0.17355309401154045,0.16793833967138266,0.16624565156903703,0.38235415877925505,0.5512362855264329,0.29167477227313,0.20601404126279743,0.2519473410508082,0.2691712637964743,0.2606262471158093,0.2385828987626059,0.24971875643506283,0.3475323674516908,0.33342031397416294,0.18543425701493912,0.19472389456855185,0.18794264647728232,0.23066282631651766,0.5618250021560729,,0.43075912133994076,0.2721973363075125,0.5170338694750268,0.10369252747663994,0.08956656292090019,0.03624082840503631,0.08194436634210697,0.14204571540045427,0.14462948646013735,0.14462179906208067,0.1444522725609622,0.1455628196692447,0.14302525330940938,0.14269432992012085,0.1585965621029313,0.4418433031485516,0.3492889033031794,0.24606000491595129,0.23929280457891683,0.2449954469711449,0.24073899691836242,0.24565177863541848,0.238119598749524,0.23370194859714993,0.24780676474677768,0.25222712634646005,0.24320989655208006,0.23338537654561395,0.24416378961814017,0.2542276609366359,0.32784181269667484,0.3294581538340723,0.36865852922027825,0.4163272693681629,0.4140233761144799,0.4165818260352964,0.4160781663124796,0.4146391408322519,0.17221275093784377,0.16996236134357717,0.16543547973217837,0.29309060513315444,0.20415099099189946,0.25175184496244085,0.26879602009187165,0.2603288053380676,0.24057295629992614,0.24906459772382672,0.348100090676329,0.33101142027707714
stanford_dogs_image_categorization,0.2861557598121553,0.3093807477733804,0.28197324959715414,0.3252536770904704,0.252060918353167,0.18081340256851938,0.267662900732854,0.37056783953758554,0.0,0.26766183828654666,0.07302458755440716,0.07369323803115986,0.1454213595343519,0.13578629738953593,0.33386213332304115,0.3307627279164442,0.2790479525616336,0.2933359634574213,0.3541740375568556,0.3589334490256034,0.32550976559874584,0.3283374154922507,0.326517027945174,0.32477193311500413,0.3258828020442638,0.3261646303418859,0.3273912397569183,0.2026885567381201,0.32190706138860786,0.23735999285206227,0.27149035380206005,0.22231571577150994,0.32101096606565804,0.3608707939908161,0.35627666652593026,0.3585238197828367,0.36263149016236096,0.3578563343990866,0.3585982002122494,0.358556193274173,0.35990569847034254,0.3643516177925638,0.3563400990931636,0.36080250160496463,0.35430471097519706,0.3596964864706565,0.3807498433087951,0.2355453289503487,0.39064887257628045,0.2251696662999545,0.354379372529788,0.4567352317820137,0.32373753157206087,0.35537841637713735,0.3559793928753868,0.3556060331916616,0.3571652739445354,0.3474917778166895,0.33758346040903325,0.3398294475619392,0.2688983244128897,0.45244135935376034,0.3057573365540801,0.3215571024223575,0.28331911466459936,0.3704939554277467,0.2714703565517671,0.28912957096976566,0.2916386724692504,0.26281662000097705,0.33792553203497566,0.2842985574476151,0.302440958571119,0.2865158100628791,0.32889734837823426,0.26847402870364323,0.36877384778599037,0.26684283951266485,0.14766771759080194,0.33173222113999346,0.27822451648006935,0.29052235797461373,0.35541829372137346,0.359468502755668,0.3251079050964606,0.3256756103704721,0.33086658569998356,0.32991595719936273,0.33105843273302654,0.32549464091578295,0.3222652757713687,0.33052967694107616,0.27214910554187355,0.3211325193605592,0.3645287730111913,0.36032297347889497,0.3588250381534679,0.3693473062061267,0.35394719120069673,0.35895420265366573,0.3546448222513003,0.35826534873933535,0.3662568972688579,0.3569362897450646,0.36101900026535794,0.3544298592744051,0.36353048162307333,0.3845113687261831,0.39027781705204956,0.2256416927402956,0.3548146377639998,0.3556623628501593,0.3567504075903439,0.35488900258662914,0.35598937803998776,0.3478575031429153,0.33873941989544765,0.33724873998180044,0.3073992850827598,0.31830807134085237,0.28427374983139,0.3700568302718578,0.270785234170212,0.2888782306500134,0.2901195825061215,0.2631274950964029,0.33772599534620307
svhn,0.40840640710595644,0.4283908969189342,0.4042900091533252,0.44246958865444064,0.351583916639417,0.2356773454989647,0.23680808788746305,0.4362414139910734,0.26766183828654666,0.0,0.23115559063676158,0.2303184019739197,0.16354159481306085,0.14090119786901004,0.23594106644985613,0.23094358553706804,0.37937641084253365,0.38551927849385603,0.4263468685214155,0.44272604133999427,0.42636395809527916,0.4292194059256623,0.4271088071488896,0.4257650287340164,0.42720187163756285,0.42709765660694154,0.42879936108960337,0.31015119632990634,0.3895759244780896,0.33470117347380546,0.34397507444526276,0.35492527653778927,0.41668277546453314,0.42818903442393963,0.4200519888185647,0.42035629142114433,0.42879957738047275,0.41851354808977714,0.42541353441059704,0.42562464487829543,0.4207722681526277,0.42760322649626825,0.41906428292002174,0.4262780385417031,0.4177872441555292,0.4196039059945252,0.44578112445631995,0.3348953473634233,0.45613716817375005,0.30628253896287905,0.450152354043574,0.531832199134584,0.4191233235645264,0.4509366188587687,0.45154615736016623,0.4514455396508056,0.452347883191775,0.42146632036777637,0.4148085897760425,0.4172980642002623,0.3383850136207023,0.5531869713521398,0.36941143331054677,0.39002388436871205,0.3551072711525769,0.43016951295410877,0.35462447980723494,0.3486105796381353,0.362268642946431,0.38548434960452727,0.44290898259757117,0.4077472063767697,0.42442159285042275,0.40795865589713853,0.44452481673053124,0.23824390315731656,0.43377723830598336,,0.16128045692935622,0.2351185915944644,0.37850285076220563,0.3833421317882961,0.42719925701967154,0.44383094774058673,0.42446333558801286,0.4254805315401591,0.4308786536678627,0.4316741147806221,0.4317661289932664,0.42664656633874054,0.4229675797473247,0.39828616807963546,0.3443024045876256,0.41613344835820787,0.4314353600627905,0.4236971375863205,0.4194150383393337,0.43590204819097045,0.4139727919051255,0.4247066832605987,0.4218624470780761,0.4199108632390678,0.4287959933287563,0.4196576829944729,0.42831023329560386,0.419053601537129,0.4228903490202053,0.4496300872180674,0.45529999458506387,0.30713351399927774,0.45105912018212796,0.4510633780033295,0.4516787655559398,0.45087131875587455,0.45104384956950777,0.42174832929075035,0.4148884874497871,0.41484554056125494,0.3709671391883034,0.38839822461075535,0.35644940969394445,0.42994715513709714,0.3541444289937631,0.3480126784634092,0.3606602946220654,0.38622682260094854,0.44294120654390434
caltech101_object_classification,0.21113165011626006,0.22002383072131027,0.1984429473505005,0.24009204307643728,0.19568374890004142,0.16415570196695145,0.27756339990986817,0.26568003911151006,0.07302458755440716,0.23115559063676158,0.0,0.011751175935451549,0.08787370193375343,0.07277649138276482,0.2900997716903475,0.29197691000354825,0.1933619209490758,0.20021361655887016,0.25322233426155905,0.2518945385548016,0.22579018032934975,0.22822272254397374,0.22643807405311606,0.22510203001237272,0.22615882082355118,0.2265009286904204,0.22752275646741874,0.15716345844320967,0.22074096565561402,0.19791836432341314,0.23933552078545617,0.2191840194339328,0.2598296469762983,0.26989676376785954,0.26700503873260706,0.2714428513009547,0.2714153934447976,0.27096304737320126,0.26748859138516107,0.2679628199515597,0.27350271376788654,0.27528293508750434,0.2673658806434432,0.26927160476486744,0.26669348255644015,0.2734846550761897,0.3020061807795793,0.19465664948717587,0.309107834307337,0.20116035345151725,0.3036625828202255,0.368107725044578,0.2240517985079505,0.30500286170922586,0.305087222951431,0.3049122625116546,0.3063407024964432,0.2422171355385821,0.23465953395717903,0.23705547442432334,0.23343955594166704,0.41652680485531285,0.21295887132997615,0.22085688193725728,0.19506675027680673,0.26280568601172527,0.17986760494186027,0.18500212940943644,0.19525776647409923,0.20472772107851217,0.27653124574873783,0.20993864016465008,0.21752422153163267,0.20311948135192245,0.24258381625023914,0.2786894018212063,0.26388683320735223,0.22859090177806804,0.08988968978482662,0.288117565114317,0.1930951816972647,0.19840969575036688,0.2540122222456323,0.25275621596967957,0.22515099166750288,0.22603677927562527,0.23074984321118502,0.2301968393860834,0.23076378027540348,0.22639261379874803,0.2228831721523062,0.22819618472274372,0.23979198798229004,0.25954740207888993,0.2738904255166372,0.27108822113758924,0.27075129544552096,0.277425941134673,0.26825444129735654,0.2681066877117464,0.2645916283074559,0.2717069815153278,0.27731165137365743,0.26871429481102804,0.2694857324430341,0.26656977463019726,0.2769797167644008,0.3048811866468189,0.3091134358777125,0.20032272450018485,0.30474128125476946,0.3047086951303438,0.3059378866025815,0.304459635457557,0.3054559024325374,0.24214177961440195,0.23591264495438818,0.23499473320869277,0.21498747390913225,0.21710818987720618,0.1954325279117387,0.2623801089737694,0.17956457817253785,0.18573271571337815,0.19380698173249078,0.20521825151339027,0.276306844951686
caltech256_object_classification,0.2024701877935221,0.20693098339149185,0.18600595160522246,0.22760482057829506,0.19050729561045812,0.16254168790426426,0.28613726619537394,0.2515851608794841,0.07369323803115986,0.2303184019739197,0.011751175935451549,0.0,0.08548208396687448,0.06898076142046075,0.2938460959419481,0.2975818978088164,0.18211289608881398,0.18901137809641283,0.24158175838707419,0.23622356772148617,0.20911062719550572,0.2115066107161942,0.20968329022241902,0.20847693361980713,0.20948050165796733,0.20979656169530633,0.21084040705778545,0.1527228551505325,0.20567314874030435,0.19386098588705492,0.24131473830304093,0.22018782446089147,0.2522281386783709,0.2546049457120076,0.2523968825484596,0.2576534721764095,0.256174212213499,0.2573957163353075,0.25229142955276834,0.25286393590283723,0.2599567389807212,0.2609486890579605,0.2531989793015981,0.2539941939382579,0.2522927085754526,0.2602408927240515,0.28896058980297057,0.19083994351270742,0.2957483230203831,0.20225724728501665,0.2941601320790935,0.3541272134718344,0.2114939033205472,0.2954784526366228,0.29560250397274057,0.29537203615272034,0.2968737467718148,0.23080090012642457,0.2241247561237792,0.2267028570080503,0.22925562495518315,0.407635085366085,0.1971600209244301,0.20285275903485214,0.17803848660205557,0.2495006056671232,0.16174368022886468,0.16836965941349644,0.1782376831684097,0.20098507729073517,0.2654448757623843,0.20158576050130111,0.20240686713254158,0.19064548263069453,0.22969688896568435,0.2872623791917842,0.24991511661690802,0.22762181286365812,0.0872602935073957,0.2918464212149016,0.1820923825120638,0.187176939804394,0.2423182591783442,0.23717915449285237,0.20836083071726963,0.2094632481752236,0.21382365250834273,0.2135211383956579,0.2140045379807231,0.20991611438114052,0.206133691037683,0.21318427994717087,0.24182469145984695,0.2517546802199705,0.25880362415652386,0.25641478374965904,0.25689117718591176,0.26193543805857034,0.25488349201362526,0.2530115107193427,0.249579157553137,0.25801880069547894,0.26312386472052984,0.2546526344221931,0.2540972001136178,0.25206101776537443,0.26369073152000666,0.2917859128816369,0.2957331679561276,0.20128217866110204,0.29530128884278434,0.29526349083005193,0.2964765430215746,0.29507077933256687,0.29587632082581916,0.23062635760370429,0.22529561582052396,0.22472926393977782,0.19925747968646704,0.1990025791882281,0.178197583522672,0.24924513036321522,0.16144308668186463,0.16917184176956737,0.17682041023680678,0.2015009127038082,0.26516774918175195
cifar10_object_classification,0.2415572041030764,0.24560249205942475,0.22913071839647056,0.2708611632196111,0.22995386635506015,0.22323100694087084,0.31012332617246363,0.2715520574664657,0.1454213595343519,0.16354159481306085,0.08787370193375343,0.08548208396687448,0.0,0.01589299515612367,0.28026070284231686,0.28642808844347817,0.21713400850784909,0.2202835006110021,0.26114637233829524,0.25766161829290557,0.24227539016587968,0.2445616338478283,0.24300379781952997,0.24225699340825416,0.24274174962957834,0.24309792184718157,0.24396234077925188,0.19944945057001764,0.23681559533244023,0.22073815034854405,0.312059015038489,0.2870830547950965,0.32527314904732674,0.2789091800162009,0.27384276044499284,0.27867851868231597,0.27869596311279,0.2780026360497626,0.2756881019031142,0.27499300310960284,0.2812174704271818,0.2835555566679022,0.2756252851348703,0.27651144821787943,0.27410176126797037,0.2820406897181014,0.32963696541388365,0.22847691257871294,0.3362663591443528,0.2663017367679048,0.36435233512994664,0.385752523032059,0.2565883628389143,0.36567528839057906,0.3655794456793501,0.36575005006854977,0.36670447369186426,0.26089068573258106,0.2568079871046521,0.2592936504084515,0.256548033660921,0.4876739489568075,0.256287590734108,0.2459827304935891,0.23718122221851665,0.28901532082719766,0.2266192734139476,0.2235346552175389,0.2345170183311981,0.25564734983953685,0.3275359766228084,0.24071146762974732,0.24573633385932525,0.2326452117753774,0.27250290674964517,0.31223323344829923,0.2696752212212486,0.1599057309569466,,0.27897761167381996,0.2162081877785312,0.21884287654458695,0.26175650133289385,0.258758499024771,0.24136421197290575,0.24276858325108616,0.24659575332393915,0.2462424374092104,0.24711907702953312,0.24324871865980333,0.23983732198066182,0.24307643697927084,0.3120921950995753,0.324776253286881,0.2822940479584024,0.2770970729300342,0.2781675337888618,0.2837911833870422,0.2754611506036861,0.2760950966834061,0.2725907361059749,0.2793988985235095,0.28523894826766727,0.2771194452509128,0.2765137100498489,0.27345958850387203,0.2852801101474143,0.33225326353253715,0.33631909531682913,0.2642790209104231,0.36588602223156197,0.36501449772355576,0.36657230202998436,0.3654909751937196,0.36597259417336425,0.2603672875388474,0.2574451378347402,0.2579808055231648,0.2580121493172281,0.2429745601430176,0.237423894224918,0.28860686823730153,0.22658402977213332,0.22426222518662786,0.2333313490320525,0.25626148386552844,0.32657093196248826
cifar100_object_classification,0.22328092615271283,0.2340228556611996,0.2166515906659497,0.26143955475881286,0.20442687168403795,0.18952943579541354,0.2751366608727464,0.2590648352565719,0.13578629738953593,0.14090119786901004,0.07277649138276482,0.06898076142046075,0.01589299515612367,0.0,0.2617047055476677,0.26535956080786827,0.19940026641732017,0.2025375777738065,0.2473272424177897,0.24566709051085908,0.22987564160970708,0.23219387558028426,0.2306672650275672,0.22975602357763839,0.23046453762189126,0.23080145193668453,0.23170201069296686,0.1718431725456157,0.22225169963933855,0.197171466703684,0.2717978871487342,0.25701191726687955,0.2976828850718003,0.2635198792426241,0.25936898535675657,0.2644330581053728,0.2637844035876623,0.26376062901297526,0.2606963012333931,0.2602390729401985,0.2664892833148452,0.26882880694213995,0.2609083182775256,0.2614937858902356,0.25814355049475723,0.2674796379385388,0.30997153094581464,0.2032521450806602,0.31640652676575365,0.2325023995127786,0.33699251925637863,0.3732709575329797,0.2385140711883632,0.3384416822159385,0.3383898900504708,0.33852211229502327,0.3395689662320643,0.24435184974057172,0.23870314053335812,0.24120245669444706,0.2364095960174976,0.46481307871113337,0.2381276484363945,0.23162778373870702,0.2233672173869911,0.27489321924672694,0.2113323115792417,0.2078744491354501,0.22035920776799522,0.23328212503900175,0.3035678843127252,0.22236603538106298,0.23405392354381785,0.22029468341586708,0.2632365893212812,0.27728727945157067,0.2571132481928763,0.1374315027398647,0.016853524004786846,0.26027706739302314,0.1986510510078564,0.2010453759313498,0.2479573106992588,0.24680635522199235,0.22876103939639145,0.23026230981054677,0.23431512135798999,0.2342640605088101,0.23523956356518594,0.23056863375446088,0.22712613646425378,0.22926303030602074,0.27186083213356377,0.29686712432294937,0.2669829025105164,0.2629849452033992,0.26382865030360714,0.26914447975270983,0.2608559512754637,0.2609631233759504,0.25753420980743047,0.26481434670891657,0.2707535583533397,0.26227644159648633,0.26181417429406134,0.25812979090503735,0.2708167677545693,0.3126163414512995,0.31628345963637977,0.23045526492078264,0.3386255788769546,0.33787666068530986,0.33932486684319985,0.3383156061108905,0.3386471595393167,0.2438976735776126,0.23927254797237452,0.23972881220109687,0.23985718253857707,0.22867232664331552,0.2239401174642317,0.2744252765332601,0.21133529998958347,0.20855084202627455,0.21906821750131855,0.23399498411684688,0.3027617382724259
