,lapgyn4_anatomical_structures,lapgyn4_surgical_actions,lapgyn4_instrument_count,lapgyn4_anatomical_actions,sklin2_skin_lesions,identify_nbi_infframes,laryngeal_tissues,nerthus_bowel_cleansing_quality,stanford_dogs_image_categorization,svhn,caltech101_object_classification,caltech256_object_classification,cifar10_object_classification,cifar100_object_classification,mnist_digit_classification,emnist_digit_classification,hyperkvasir_anatomical-landmarks,hyperkvasir_pathological-findings,hyperkvasir_quality-of-mucosal-views,hyperkvasir_therapeutic-interventions,cholec80_grasper_presence,cholec80_bipolar_presence,cholec80_hook_presence,cholec80_scissors_presence,cholec80_clipper_presence,cholec80_irrigator_presence,cholec80_specimenbag_presence,derm7pt_skin_lesions,idle_action_recognition,barretts_esophagus_diagnosis,brain_tumor_classification,mednode_melanoma_classification,brain_tumor_type_classification,chexpert_enlarged_cardiomediastinum,chexpert_cardiomegaly,chexpert_lung_opacity,chexpert_lung_lesion,chexpert_edema,chexpert_consolidation,chexpert_pneumonia,chexpert_atelectasis,chexpert_pneumothorax,chexpert_pleural_effusion,chexpert_pleural_other,chexpert_fracture,chexpert_support_devices,pneumonia_classification,ph2-melanocytic-lesions-classification,covid_xray_classification,isic20_melanoma_classification,deep_drid_dr_level,shenzen_chest_xray_tuberculosis,crawled_covid_ct_classification,deep_drid_quality,deep_drid_clarity,deep_drid_field,deep_drid_artifact,kvasir_capsule_anatomy,kvasir_capsule_content,kvasir_capsule_pathologies,breast_cancer_classification_v2,eye_condition_classification,mura_xr_wrist,mura_xr_shoulder,mura_xr_humerus,mura_xr_hand,mura_xr_forearm,mura_xr_finger,mura_xr_elbow,bean_plant_disease_classification,aptos19_blindness_detection,lapgyn4_anatomical_structures --shrink_train 800,lapgyn4_surgical_actions --shrink_train 800,lapgyn4_instrument_count --shrink_train 800,lapgyn4_anatomical_actions --shrink_train 800,laryngeal_tissues --shrink_train 800,nerthus_bowel_cleansing_quality --shrink_train 800,svhn --shrink_train 800,cifar10_object_classification --shrink_train 800,mnist_digit_classification --shrink_train 800,hyperkvasir_anatomical-landmarks --shrink_train 800,hyperkvasir_pathological-findings --shrink_train 800,hyperkvasir_quality-of-mucosal-views --shrink_train 800,hyperkvasir_therapeutic-interventions --shrink_train 800,cholec80_grasper_presence --shrink_train 800,cholec80_bipolar_presence --shrink_train 800,cholec80_hook_presence --shrink_train 800,cholec80_scissors_presence --shrink_train 800,cholec80_clipper_presence --shrink_train 800,cholec80_irrigator_presence --shrink_train 800,cholec80_specimenbag_presence --shrink_train 800,idle_action_recognition --shrink_train 800,brain_tumor_classification --shrink_train 800,brain_tumor_type_classification --shrink_train 800,chexpert_enlarged_cardiomediastinum --shrink_train 800,chexpert_cardiomegaly --shrink_train 800,chexpert_lung_opacity --shrink_train 800,chexpert_lung_lesion --shrink_train 800,chexpert_edema --shrink_train 800,chexpert_consolidation --shrink_train 800,chexpert_pneumonia --shrink_train 800,chexpert_atelectasis --shrink_train 800,chexpert_pneumothorax --shrink_train 800,chexpert_pleural_effusion --shrink_train 800,chexpert_pleural_other --shrink_train 800,chexpert_fracture --shrink_train 800,chexpert_support_devices --shrink_train 800,pneumonia_classification --shrink_train 800,covid_xray_classification --shrink_train 800,isic20_melanoma_classification --shrink_train 800,deep_drid_dr_level --shrink_train 800,deep_drid_quality --shrink_train 800,deep_drid_clarity --shrink_train 800,deep_drid_field --shrink_train 800,deep_drid_artifact --shrink_train 800,kvasir_capsule_anatomy --shrink_train 800,kvasir_capsule_content --shrink_train 800,kvasir_capsule_pathologies --shrink_train 800,mura_xr_wrist --shrink_train 800,mura_xr_shoulder --shrink_train 800,mura_xr_humerus --shrink_train 800,mura_xr_hand --shrink_train 800,mura_xr_forearm --shrink_train 800,mura_xr_finger --shrink_train 800,mura_xr_elbow --shrink_train 800,bean_plant_disease_classification --shrink_train 800,aptos19_blindness_detection --shrink_train 800
lapgyn4_anatomical_structures,0.0,0.03462539095096287,0.041159366933910244,0.07920815406053612,0.22535340664691378,0.22607884462287783,0.4629831583024867,0.19584710917787884,0.269604049619678,0.4354984509682291,0.2089913576181542,0.20135396953828535,0.2685454819416269,0.2503536099563828,0.49428309666183723,0.5061741049878199,0.10567181908968719,0.10285181581156623,0.15734536082694023,0.12833388009043323,0.07550771640209178,0.07677561072311347,0.07595086604110014,0.07578756129669147,0.07535727169853487,0.07558466489260146,0.0751665442779358,0.22787590067786062,0.21272889866163797,0.23061985531190216,0.3536020147913862,0.2883571755474601,0.37889673681226577,0.24206551483519118,0.244360342529872,0.2561134685133196,0.2397019766923198,0.2579935324696212,0.23870108913356183,0.23833072609688818,0.2597770185856253,0.2542314472119116,0.2487362567789872,0.23575922510118347,0.24300508348916094,0.26408728689985034,0.30561310195610153,0.2517739263675222,0.30703311226298013,0.2830315149058015,0.42204856450897266,0.3337701404165651,0.2838286403189607,0.4239781644979247,0.4235550032889779,0.42408073076249925,0.4246707252895399,0.2846757718621432,0.27978140094380566,0.27932926157627685,0.3604353622856038,0.550928838087096,0.3175710208962079,0.2484223323432812,0.2950797162230663,0.29179068675464903,0.28595871923084343,0.2787540235208912,0.2947770404240822,0.29562718658938003,0.3628137461637574,,0.045737056373330726,0.04078786592174065,0.080681856307148,0.46430811719842324,0.19514090580752116,0.43261668594255576,0.2706934524028355,0.4929609178292481,0.10454266879503343,0.10196460524007836,0.15881520285320744,0.127406634394858,0.0762290034735213,0.07587538646134875,0.07634782530393502,0.07873359603841876,0.07784070526597975,0.07353210896124254,0.07846077749257062,0.21614033113923237,0.35382874618059956,0.37701532830073614,0.24528572010720218,0.2452910220015381,0.2548140089747365,0.2420073411533174,0.2569333927123031,0.23964932839247183,0.23574911075858995,0.2571045194214562,0.25719687644926603,0.2501878016406223,0.2354247228007152,0.2430241182643494,0.2653225949287239,0.30579588422417187,0.30725267690452096,0.27981008539665,0.4230403865387259,0.42332700923881916,0.4254292175683173,0.42415177063896903,0.42370219882841775,0.2826081440324033,0.2815881500321087,0.27894394429227615,0.31832180306116725,0.24650930283955916,0.2954802799450057,0.29125083463496915,0.28608871880776815,0.28085181492228006,0.29347377484148374,0.29620800964388627,0.36085138208798895
lapgyn4_surgical_actions,0.03462539095096287,0.0,0.012836747439195221,0.02264799463406095,0.25301789969638366,0.2488706323187775,0.48138444609319575,0.19603995023665352,0.28429126523490067,0.43204504377601366,0.21123089017236144,0.20012735067756388,0.265021647525564,0.25353734767358554,0.4751035832903556,0.4938941125041074,0.1294708292037257,0.12657795964221608,0.16216742236842072,0.12632424882954338,0.05525636437313999,0.05632458053915726,0.05527421831545194,0.055509155731046804,0.0549211076671947,0.05528552039904798,0.05476183058113644,0.24659949052386565,0.18841795044464416,0.2528632365679897,0.3779988421748336,0.33171735109609773,0.37741000294694427,0.2377058552822885,0.23897688470523307,0.24888237638582136,0.2358033925999615,0.2507712873305179,0.234240888705947,0.2343962593857603,0.25354708457675157,0.24723869280043284,0.24235686455470487,0.23156591072804233,0.2394177898164666,0.25575104335317456,0.3035967634719839,0.27345041098797696,0.30359946774060337,0.32040277009385854,0.43947438642355185,0.3168203384286762,0.27030720777616757,0.4412516108132919,0.44066494126448197,0.44095668913763886,0.44164249416715506,0.2732477405531444,0.2760122784117487,0.2766888338392929,0.36120424482506586,0.5561815486366614,0.2864429248187297,0.23376561168240567,0.28127617975359465,0.2655815559101211,0.2588917343901552,0.2549039138394844,0.2701715029380827,0.2988879566743961,0.3734569171531187,0.03525798271817821,,0.01175641628155523,0.023070122679851562,0.48255978228049107,0.19559371558433714,0.428966061581751,0.2673440033624852,0.4737349624896608,0.12921976181934902,0.12508114864536846,0.16333164738102313,0.12593079406281465,0.05634192130010823,0.05554583540482645,0.055360887538922196,0.0577228519269647,0.05523535767120444,0.053767928819166325,0.05822941112845614,0.18990303222653326,0.37795732372147395,0.3758380401392211,0.24020853235555928,0.23921940680272663,0.24728174801675296,0.23734068939150574,0.25039040859422595,0.23527759495225575,0.23254005107328962,0.2505588800811681,0.2495237790129532,0.24415488217796288,0.23109149762973266,0.2385674556496832,0.25657680548632544,0.30301009866307754,0.30432950151064175,0.31718974710941394,0.44017726135628943,0.4405381104886873,0.4425796316369147,0.44114775252613836,0.4410559960558812,0.27141395561287895,0.2776541411675836,0.2760480474118546,0.2872815112350593,0.23166341917403355,0.2804795975063272,0.26546117301522376,0.25957480485859274,0.25747665461882124,0.26971563262389703,0.29938910129334706,0.3713666441041126
lapgyn4_instrument_count,0.041159366933910244,0.012836747439195221,0.0,0.0186925815723194,0.23164150877982803,0.23215985285191754,0.4622710191252301,0.1948116757699378,0.2618953263617163,0.41531296321688876,0.1907051018379234,0.179622107377909,0.24972315955335792,0.2372064416799734,0.4585906905828121,0.47325584500983325,0.12057084037779145,0.11760389096985452,0.16597887155582866,0.1389732480063368,0.043809552239307596,0.04507830958471385,0.04394517546683485,0.04392934916092954,0.043755850155327555,0.04406521893695277,0.043428421092009124,0.23214391452661334,0.1981286078082643,0.25613441358905653,0.357503235654613,0.3042955012739452,0.36851851969517746,0.2433756814942106,0.24683430769097653,0.25806682004288184,0.2414140593283184,0.26014581956070987,0.24021546415661024,0.24031966892287132,0.26248973394435327,0.2557393197551569,0.25017354379471185,0.23661559178087965,0.24606219727487255,0.26556433832731896,0.3043180327797703,0.2601355189453489,0.30588780786974423,0.30605075643829327,0.4135330061603473,0.3257258153796881,0.2716520152087396,0.4152052300959239,0.41480415376346835,0.4150480241759885,0.4156757161349286,0.2596301511602986,0.26621380985310705,0.26726795922099444,0.36125139320251776,0.5322714919579694,0.27770089426722777,0.22765426289914403,0.26268493564637235,0.26596183740039064,0.24498959654826924,0.24524215559942644,0.257706212992337,0.2908023851454821,0.3516522265170668,0.0415150017680596,0.016713373183809173,,0.020454871500764416,0.4633827732087481,0.19428767414431813,0.4122519803034185,0.25179270484616767,0.456991628276826,0.1202620234014262,0.11575422510555915,0.1671053105267385,0.13857886845373768,0.0449884453936176,0.0441682130122997,0.044864849005543384,0.04604173535542607,0.04401437980665225,0.04215400363925754,0.04576418235263171,0.20083396851670696,0.35749816009390023,0.36699825255437024,0.24692671424738266,0.2474198170091219,0.25607524072643795,0.24360751352840737,0.2589862576286204,0.24143377324070836,0.2381566884695443,0.2595506180521313,0.2588007973915209,0.2522180879239228,0.23594606612709712,0.24580995335871775,0.2664761371152048,0.30447368316837786,0.3066745396783227,0.30314227706608154,0.41427729752914655,0.414558363276039,0.4167038226551226,0.4152432724363443,0.4149418006988686,0.25821849322538154,0.2675794152824437,0.2666521656266677,0.2784894689310675,0.22525155982981943,0.2619740696220587,0.2657093787373641,0.24540218311806578,0.24721526335919974,0.2569133442266992,0.29136671358479715,0.3498340162275829
lapgyn4_anatomical_actions,0.07920815406053612,0.02264799463406095,0.0186925815723194,0.0,0.2985900226353183,0.293073776721538,0.5178193311521782,0.24841862316177585,0.310716515953115,0.4609572686948727,0.23725041201375563,0.2258654587990941,0.2965307469355958,0.2875071806468247,0.5004992217855074,0.51725575256939,0.18638168536668492,0.1810883179994937,0.21656372515145378,0.18523905896904974,0.08294563145498526,0.0841207134989865,0.08263123437681161,0.08301674849824933,0.0825604870594879,0.08307860725031899,0.08216182636929491,0.295015075845248,0.22823491392801099,0.3149195686277526,0.42738503594349825,0.37575623714332024,0.4197883086840718,0.28561530654598444,0.288031458617263,0.29711395355686065,0.2844717811162959,0.2989573823513305,0.28252020102462705,0.2837614568432805,0.3018678679074864,0.29476387524023206,0.2903823382623876,0.27997948302563475,0.2873071739815737,0.3029017258037202,0.34796279112369083,0.3224612502903469,0.3483672128930396,0.37572762536388804,0.4809897321893136,0.3540440114513098,0.3192602895741701,0.4827992951769596,0.48221539623297927,0.4821691669718053,0.4830914479491647,0.31441014346076535,0.3239859349317594,0.3256059733619249,0.4120639348389483,0.5914166015885753,0.3164356042026717,0.2744785935046864,0.311707572023617,0.29926661681774525,0.2862261864901642,0.28186206499606453,0.30218984481809774,0.33295663875861836,0.41241063441034487,0.07974133133370284,0.028784763559797727,0.018097861141916062,,0.5188860034808519,0.24793716037837896,0.4583011739854802,0.2990012044042609,0.4987510323644363,0.18620095988481944,0.17934612565349348,0.21740893010039708,0.18488250412097398,0.08488145621265275,0.08337107510164019,0.08370082236508859,0.08521710930593146,0.08108261056390596,0.08131946525025323,0.08559465812241673,0.22967114899722402,0.42740265579838055,0.4186695127532176,0.28835891539973946,0.28811092998357735,0.2952231278446572,0.2859647018626674,0.29854493210445465,0.2838235502313947,0.28179391323576797,0.29917561310048274,0.2969529756592545,0.2925294150368901,0.2796995024112208,0.28641647898182876,0.3035780157069393,0.3478450559997777,0.3491600478900435,0.3729197571699197,0.4814429402284031,0.4820676738669374,0.4841264244779679,0.48240115417351104,0.482520767912477,0.31283857032799006,0.3253914342501988,0.32467464803677787,0.31723608126793057,0.2719337224273709,0.3104859647055825,0.29928725672590417,0.2870687966210944,0.28410207258645154,0.301720149371471,0.33350369344821157,0.41059992342681195
sklin2_skin_lesions,0.22535340664691378,0.25301789969638366,0.23164150877982803,0.2985900226353183,0.0,0.21409864589733718,0.37834799951418796,0.2569403681535638,0.2446771258800353,0.37494362180253216,0.18626266339801373,0.1778993052800611,0.24570408491613527,0.2178650100653169,0.4432516103867457,0.44319071810915217,0.14555030222920382,0.1610540040600209,0.2459104919653095,0.24334729102840053,0.21824168544116174,0.2200259662462269,0.22001526376344888,0.21840745583999852,0.21912710506422428,0.219157297199582,0.21906093576948982,0.07122170309992794,0.26860427712610546,0.184795650496199,0.3022240261911414,0.139216766887502,0.33771708399913913,0.28209177113015527,0.28945388898016017,0.3016266958545765,0.2793434603008713,0.3046653042298567,0.27904888860927257,0.27727561655491517,0.30654505458252485,0.30114097565081205,0.29140591049121595,0.26950078270590644,0.2892666092573808,0.31002259562951295,0.35515010838408584,0.06828942574611258,0.3599179895513097,0.11416046239262063,0.289334142568727,0.3991998490774078,0.28639102137033645,0.29126310435321257,0.29104033718780614,0.2910421423173213,0.292418139596599,0.21448148924364396,0.2020999661203398,0.20374228390978544,0.29849761485750703,0.43259117682672,0.3401680885981445,0.27327906722900974,0.30279690610697063,0.345754942799957,0.3089447629756079,0.3103696248031748,0.298384405602722,0.26646077899916853,0.2424817989339769,0.2236990823493634,0.25113542318622106,0.23691186366760708,0.30080909811931067,0.379384787074989,0.25534583584019627,0.37194160278067384,0.24645491330963085,0.4422329317373769,0.14636291076939534,0.15782274217997647,0.24605573932247216,0.24487041334011023,0.21631170709932007,0.21956307910336517,0.222177340862326,0.2218861372612017,0.22449021140184705,0.21754870559852407,0.21548470044957985,0.276196754364428,0.302081850123646,0.3358172706349146,0.2878212796046011,0.29282632872973646,0.299243151854905,0.282157307385309,0.3005738416757683,0.2798256955509384,0.27356247014652413,0.30347716188355567,0.304667767325623,0.29329669396000024,0.2687651579502547,0.2915144836106944,0.3120964889823317,0.3567904705983911,0.3598322891173057,0.11325898061202813,0.29062581082981537,0.290301629717194,0.29312683733389,0.29073553217811404,0.29114584219629824,0.21192863925630473,0.20205716680939764,0.20384051576554307,0.3417531661768787,0.27059876438069985,0.3039228299616542,0.34486765528895036,0.30833295358005874,0.31141278753233403,0.29607664892552826,0.2663796456175278,0.24073126863662908
identify_nbi_infframes,0.22607884462287783,0.2488706323187775,0.23215985285191754,0.293073776721538,0.21409864589733718,0.0,0.22994848627030345,0.3110423712595327,0.1946410019580847,0.25135678581645793,0.15054325035715926,0.14246852354862213,0.2098995172717596,0.1734439905918418,0.3731794235723703,0.3718056428332975,0.19157695069994468,0.1999689205563704,0.27840114076467226,0.2650578029630263,0.23486271862448477,0.23777547125249188,0.23635696871988537,0.2347988973728911,0.23638783791213688,0.23622451060899516,0.23749501448080562,0.17221374365670122,0.2522063783741712,0.177983497255208,0.2560355550124533,0.2310371110725319,0.361095921291699,0.29265098469154055,0.28632907327582297,0.293168386176732,0.2926460257148965,0.29255538863753483,0.2887024509521143,0.2886884751613909,0.2946216862665898,0.29839029151283547,0.2884027690725804,0.28783090981805615,0.2856236213004296,0.2964768612605503,0.34299450402923837,0.1867018487600363,0.3519121453085481,0.17890117151684776,0.3808093493184826,0.42835001959321906,0.3150595256770566,0.38207438394193105,0.3822351888200257,0.38189940389646465,0.38318429397005743,0.3265837804191512,0.3203529621694311,0.3215440503070909,0.22319126401275485,0.5032911825572074,0.3255122741432295,0.2836850353987563,0.2850361627200419,0.36353225732726063,0.28607468542397774,0.2943969438868762,0.2970834298712466,0.29110565664287874,0.35668290015008314,0.22479633884812508,0.24059951007958083,0.23646881550974286,0.29621371144182845,0.22956452510201072,0.308189507854386,0.25161068552494725,0.21045549534553862,0.3711593052939178,0.1902322536717897,0.1953528517744221,0.2797389823370371,0.26582130229939094,0.23235189601525968,0.23425701945694116,0.23941255738672995,0.2406118881121549,0.2419637781585846,0.23517138297957932,0.23116643180184995,0.26023169913461686,0.2574123654731896,0.359050036438658,0.2961993146167735,0.2898793699451244,0.292024259397202,0.2992074119150002,0.2874467904991317,0.2879655130338997,0.2846211895435975,0.29209060578640567,0.3005391239990352,0.289427977107195,0.28935081901429427,0.28764547760468195,0.30011095788356046,0.3453697213375191,0.35156921319168033,0.17781297996014062,0.3816687657008626,0.3822931234591119,0.3832463554837232,0.38191039481768096,0.3825371459081516,0.32611800582669026,0.3202721644147964,0.3201975225762117,0.3267604210758842,0.2807620501146862,0.2867436559200127,0.36231905531799746,0.2857616944970324,0.2939013703754758,0.2948090848979681,0.2922194061725844,0.35512020827740604
laryngeal_tissues,0.4629831583024867,0.48138444609319575,0.4622710191252301,0.5178193311521782,0.37834799951418796,0.22994848627030345,0.0,0.5114908698763934,0.29428368414413353,0.2303794882049664,0.258339592245854,0.26147835355507854,0.25147137585823287,0.2173170497767492,0.42205535101265007,0.41916200008937743,0.42887357637699786,0.4331110815876528,0.4917322329708047,0.4998299960533445,0.48493018817538835,0.4880429816102356,0.48639381526162323,0.48482261689845163,0.48639602563670437,0.4865756553483407,0.48723265599362403,0.31707288033984327,0.45623439232130725,0.3874230972840236,0.4160353571043323,0.3672639358293508,0.5397021696285844,0.5187785149351228,0.5165850755865032,0.5191155546497684,0.5212447845347712,0.5187458399672856,0.5164357860752702,0.5182826715056366,0.5205853433778578,0.5240070684512907,0.515412252466455,0.5168660060296905,0.5120949737283453,0.5196830355589981,0.5526466739513922,0.3660674122395925,0.5625206808682406,0.2833677453728394,0.5416869531379727,0.6402195537213231,0.529036494936987,0.5428224691330255,0.5427232497025452,0.5419215116470272,0.5438794587662222,0.4882844068851368,0.47885004426343747,0.48123908000334414,0.3822945909969252,0.6454997821919155,0.4987275811629501,0.4863651024620484,0.48358007028615724,0.5488553047775245,0.47754565949670713,0.4789714330173755,0.4833738398364886,0.46034573068975904,0.5423038634614381,0.46201290920842,0.4932124004853573,0.4670897482405402,0.5196649906466992,,0.5089790471783083,0.2328763158973856,0.2509101302511284,0.4190503116555273,0.42875564980117753,0.4299933480799211,0.49206319163503437,0.5012410794589716,0.4819561873543674,0.48525605162267804,0.4899556140885394,0.49110458712556054,0.491845320623204,0.48426301523297555,0.48098463784844564,0.4666063270672902,0.4163319632202649,0.5385824469729881,0.5233497960754088,0.5202271979596685,0.5179888103114385,0.5274335500603935,0.5144060877983059,0.5159191232088927,0.514103832027107,0.5194472890381117,0.5253147126266244,0.5158113090204401,0.5186216611050716,0.513372056901221,0.5246979233372574,0.555470811396692,0.5621920306978326,0.2844165796190776,0.5428353080239612,0.5431254785168103,0.5434137231350521,0.5418545786467193,0.543364538210047,0.48747435719316223,0.47868897737397276,0.4805813769191178,0.5000383539035478,0.4831757750081005,0.48450856456878216,0.5484513300578734,0.4770143211987078,0.4793670561928929,0.4825846073643486,0.46229308827472193,0.5412045926795255
nerthus_bowel_cleansing_quality,0.19584710917787884,0.19603995023665352,0.1948116757699378,0.24841862316177585,0.2569403681535638,0.3110423712595327,0.5114908698763934,0.0,0.3422978151130556,0.4239642302487037,0.24643566547984957,0.2330824218040204,0.2838737318322576,0.2704032891616729,0.48341804318786713,0.49063548403308466,0.10276885520655646,0.08261463239552655,0.031354570751429924,0.07534076579477894,0.14376464075475934,0.1437650472340507,0.14358525786702342,0.14405952119359106,0.14415722773867556,0.14373036451439555,0.14428088808275327,0.25873953123579224,0.15467553142539409,0.29573866657195397,0.39043831564839404,0.3684161875652318,0.32939721857007964,0.25184790544956104,0.2476508642487679,0.2586326236724055,0.24760498499176514,0.25915381537974425,0.246371045382361,0.24404168598316872,0.26272886080247526,0.2609157564742296,0.251919257587031,0.24272633287967582,0.2564140679042952,0.26636931508666906,0.3388028138482866,0.28349325663984193,0.3385876190662951,0.3423321482966549,0.37693989198326616,0.3530406267048418,0.23188877912819772,0.3783024135577171,0.3778561025846671,0.378478353494996,0.37824148697418813,0.17183858777158784,0.16776526630737112,0.16595900667033425,0.38618090316790943,0.4882969241603529,0.29683202377998513,0.21155119125712712,0.25337853866619764,0.2795153325758856,0.2647231990312884,0.24707643086598546,0.25233745359047943,0.37235068643988056,0.3106768910380189,0.19548666913157053,0.2055687990201023,0.19582324532515627,0.24792959827673694,0.5126978339233681,,0.419099025367466,0.28416298887245584,0.48310557491281597,0.10303607302955697,0.08605408218780208,0.0313481074217259,0.0751927795479761,0.14224774378799443,0.14523696928204471,0.14542030525634625,0.14497032403500354,0.14649657645076208,0.14401694235590878,0.14300417664833737,0.1560612311533376,0.3912916759908838,0.3276641927055091,0.25616717332992345,0.24879676033529197,0.2566017232284774,0.2498067846660784,0.2578900814055371,0.24704420772745644,0.24244391643403287,0.2600078349722619,0.2645676712358837,0.2541872028175365,0.24142132532386096,0.2562850842039362,0.2679330259238605,0.3380930227378247,0.33982292972379613,0.33983180575597427,0.3782087239896722,0.37734783876481504,0.3792002389776073,0.378642837595201,0.37716687230785034,0.17056188523991708,0.16939528226074704,0.1647931025077357,0.2985838994430964,0.208767903346877,0.2531629067581119,0.27922052587740176,0.2641713028391207,0.24907789145533593,0.2514304081306456,0.37280889089293084,0.3081937048671247
stanford_dogs_image_categorization,0.269604049619678,0.28429126523490067,0.2618953263617163,0.310716515953115,0.2446771258800353,0.1946410019580847,0.29428368414413353,0.3422978151130556,0.0,0.28715613653687294,0.07103367116251176,0.07116999607533224,0.13391443628609093,0.13001334657055708,0.3657936912600718,0.37359319567032157,0.2482455068689694,0.2605268606110621,0.31642700752802044,0.3155865439042226,0.2924188439025025,0.29497800570621224,0.2935963692365354,0.29220007199302866,0.29308405888423666,0.29381374602032884,0.29401318955872613,0.20878841207349474,0.315981616246641,0.23482400630033756,0.2974969022920135,0.2409034365793341,0.34636505102659676,0.34190135873492616,0.3390425706752991,0.34329671037198506,0.34300560516254586,0.34353080532413627,0.3396059419428079,0.3397326412686237,0.3450556448002263,0.3466196914980021,0.33945945843924,0.3411205987154151,0.3354290063778206,0.34590793917565044,0.37648946211354495,0.24315053768428535,0.3848035192737833,0.24585006753644972,0.37968570327289597,0.4377561856348251,0.31339871685427356,0.3811379335330669,0.3811258335252886,0.38055715753284186,0.38217433618303315,0.3214074445678976,0.3113551340367524,0.3133026651285575,0.29219796681983945,0.47840049231982973,0.3110028171411914,0.3003976297225729,0.2835875358262436,0.3587375819973857,0.26879435288795545,0.2826737251959569,0.28351893839343884,0.264064768316952,0.3611379876295441,0.2670179996285782,0.28211595509162846,0.2659357295708703,0.31392494223757184,0.2937264743590463,0.34019558014504003,0.285248514310095,0.13600715191719887,0.36454068560445596,0.24714515570882048,0.25787172956924453,0.31687473726092863,0.3163904978307093,0.2915358568829289,0.29369571516866433,0.2977263699238675,0.29695127531483395,0.29786628829077466,0.29276035127710087,0.28927464861273827,0.32385428601171096,0.29779554567929545,0.345931956441466,0.3458423140380897,0.34193223893121427,0.34277438592570464,0.347931787264117,0.3398076901631405,0.3407486947481604,0.33655800433369876,0.34365726725204876,0.3479672420230915,0.3402100283800466,0.34172167161902145,0.3355873261521912,0.34963867629256307,0.3787527284170371,0.38435052395230757,0.24610308618248472,0.38043704944854506,0.3815140547039963,0.3819689814129218,0.38029428921844555,0.38135326774978284,0.32053940752551147,0.312055736675473,0.31169041082257154,0.3124184475929148,0.29617640031691256,0.28432000572700056,0.35827310626801423,0.2685184212689866,0.2830576616869161,0.2819197063028961,0.26474973994321827,0.3602537189678392
svhn,0.4354984509682291,0.43204504377601366,0.41531296321688876,0.4609572686948727,0.37494362180253216,0.25135678581645793,0.2303794882049664,0.4239642302487037,0.28715613653687294,0.0,0.2314751868604959,0.22119293874673135,0.1341852509012108,0.11042807882598915,0.25197378407069937,0.25082039553041535,0.37795209378690536,0.3801113514713451,0.40900253501493017,0.4126174307149215,0.4141809224348444,0.41699112380479486,0.4150672548098947,0.41451124819608487,0.41550806299788706,0.4154843034646262,0.4167119066633298,0.3404940321133911,0.3908381923368228,0.35988632653876096,0.38868234000519336,0.4300015084149464,0.47519500245181656,0.4141791750069661,0.4078389379503937,0.41125833160307135,0.41413310620365973,0.4107087657979241,0.41082835312683424,0.4112327257415347,0.4127467602523041,0.4161368794248012,0.40785429880821733,0.4106720831330196,0.4053604072398874,0.413053791394634,0.4636563310892501,0.37560985486931303,0.4711223425275357,0.35653259142108773,0.5164562560169093,0.5335789424198485,0.42749559554001215,0.5174136659949833,0.517503812115319,0.5167015338844612,0.517942121044897,0.4218750029789128,0.4107051282423901,0.4131017483882203,0.3776522842852159,0.6161325583367829,0.37264828616387335,0.3758616841744677,0.36697762421159663,0.4267177835851669,0.35461396574201004,0.3371874990711458,0.3554203138344638,0.43777218377231963,0.5001406443095774,0.4356433979687687,0.4307215092723458,0.4186890919010753,0.4615348921252945,0.23103111794054737,0.4215352314273124,,0.1318552274039526,0.2511645394537132,0.3779480077565,0.37746423316968813,0.408635099458018,0.4145740319673978,0.41134642482732864,0.4145687624112155,0.41893908101196875,0.4201403346997626,0.42016430811635863,0.4156638103171454,0.41038077469492007,0.3991881712602543,0.3887095405945692,0.4744666484599474,0.4180578471034264,0.4109697569912351,0.40946248152755443,0.42001124604722406,0.40638477713466964,0.41100775214755936,0.4080654885614803,0.4115440988269651,0.4175470695424591,0.40934623139708604,0.4127527189197382,0.40619322073545955,0.4164667323445568,0.4659028268467075,0.47069017078811515,0.35714236771154895,0.5171322829585929,0.5175224841532431,0.5180077753643808,0.5163830295986142,0.5172457369612372,0.4205025276239385,0.4098986051084873,0.4120894460910951,0.37471343819365793,0.3727671268342059,0.36761165948634916,0.42685184910965945,0.35414783414826945,0.3368594030050779,0.3550357986495375,0.4390497372003939,0.49884161948877515
caltech101_object_classification,0.2089913576181542,0.21123089017236144,0.1907051018379234,0.23725041201375563,0.18626266339801373,0.15054325035715926,0.258339592245854,0.24643566547984957,0.07103367116251176,0.2314751868604959,0.0,0.005771973791496821,0.08516706075781624,0.0719526886583006,0.283225765488648,0.2921450762954261,0.1754225444689692,0.17768047921994817,0.22841142600564854,0.224220560352301,0.20822265139487905,0.2105940527546688,0.20915564683487342,0.2080321992504299,0.20902100057231762,0.20953433066868646,0.20982078293024836,0.1558083891255328,0.21312790870824838,0.1927923655782115,0.22798893282552612,0.22059886080588575,0.26965411328952293,0.259859236812095,0.25933474168962456,0.2659990642537848,0.26083182758906803,0.2663967346169376,0.25748126807364635,0.2580221535485627,0.26818788082596623,0.26727516109933,0.25993884847420384,0.2577792140854822,0.25725696647561547,0.2693639252030941,0.3018040088323245,0.19570674339092856,0.30803813564285976,0.19762969165676075,0.30735967645536644,0.35580011495884023,0.21819110377180587,0.30923318197887656,0.30867662334808516,0.308182946893504,0.30986961547097436,0.21903842615229097,0.21254695789992317,0.21473343002536327,0.24244130055930668,0.40932026407033095,0.22060325026033062,0.20975661528555856,0.19688497526180598,0.2592662126831151,0.1811711896302692,0.18534989649848216,0.1920095273270921,0.21355842411558137,0.2845959049315716,0.20735239931339605,0.2129009452115201,0.19512612585281894,0.23927876325405872,0.2577452123017621,0.244689787349572,0.22854851193091008,0.08696267195189868,0.2820107192861876,0.17505821575193256,0.17613832329405177,0.22858377778581748,0.22531620069918595,0.20709086388972375,0.20932252041734717,0.2132796176179709,0.21296152473585483,0.21329078372373916,0.20893688840495087,0.20510614522508783,0.22028905226172088,0.2283489684084833,0.2692002001410903,0.26387386656857403,0.2623086944761238,0.2644061553012683,0.2657031743496039,0.2632862642469065,0.25866517910032816,0.2551288238643443,0.26654932286761807,0.2691741050236751,0.2614733327749444,0.2585004323627114,0.2571767262000606,0.27269265403430765,0.3036871952712512,0.307806372030795,0.1972306841892324,0.30813681374160623,0.3090005047343689,0.30957412023144637,0.3081031435895413,0.3092063748790541,0.21812978495039384,0.21310729177499949,0.21342002829911477,0.2219879846194013,0.2052137411924964,0.19711770332082507,0.2586856165674715,0.1810940559530989,0.18614740766116206,0.19014955133922307,0.21446366455582933,0.28393629196862336
caltech256_object_classification,0.20135396953828535,0.20012735067756388,0.179622107377909,0.2258654587990941,0.1778993052800611,0.14246852354862213,0.26147835355507854,0.2330824218040204,0.07116999607533224,0.22119293874673135,0.005771973791496821,0.0,0.08248818968484052,0.06774271590478495,0.2783781356939712,0.28700380809102366,0.1626563004737889,0.16595681018999495,0.217332351349567,0.21026556571875402,0.19179335315055063,0.1940878053495747,0.19266582779561692,0.19160064195633575,0.19256177012156211,0.19305117508920977,0.19341450899417637,0.14888420425885437,0.1985857908205783,0.18555093197985267,0.2240527438240392,0.21747963626050354,0.2561198339025148,0.2420503794294893,0.24234155451126868,0.24968916316927142,0.24322644575445362,0.2502965341252329,0.23989854322247145,0.2405488288589347,0.25197478573080645,0.2503891839137005,0.24328359486508083,0.2401369417020251,0.24031354265724397,0.253413364272425,0.2844336476947297,0.18778719570679545,0.290481171547208,0.19372994878447508,0.2877440472050992,0.33786189963417107,0.20279545148663827,0.2894057905711823,0.2889993332667753,0.28849827223791896,0.2901267030066663,0.20641535799304586,0.2006458541928116,0.2029316046293209,0.23210890434170672,0.38723060397862014,0.20005738412147378,0.189277918917882,0.1755113938019131,0.24263580435614754,0.15959143967676148,0.1652684050888029,0.17161645555729213,0.20750074128526402,0.2668250518976497,0.19999047786038618,0.19745179214398045,0.18406427900661643,0.22752999205275934,0.26096503254896286,0.2314063825029808,0.21819831341204,0.083970992789145,0.27715195877050885,0.1626142738761892,0.16432049760656164,0.2173533729226926,0.2114924531519704,0.1905503876348944,0.19281175817940954,0.19653843156550865,0.1965553403009857,0.19675328122269536,0.19272854093946534,0.1884501285365035,0.20579502682163336,0.22448496890730749,0.25553839359453906,0.24639758161163483,0.24524913780856394,0.24798752303921773,0.2479024254071088,0.24727818690118822,0.24116013497078087,0.23769789621882906,0.25013489126624283,0.25240984885255435,0.24483796539411373,0.24078641301877426,0.24026582626928794,0.25664801809274596,0.286386288538647,0.29021223471197766,0.19335206943759276,0.28860183262774797,0.28936935393098295,0.2898115905534654,0.2884432904621268,0.2894308496175583,0.20541806025877582,0.20122069368944415,0.20166346244859334,0.20149848179781527,0.1846999898397318,0.1756580412296681,0.24222064699823637,0.15939345637780625,0.16603803618202434,0.169868217034241,0.2083712319559597,0.26628025252260684
cifar10_object_classification,0.2685454819416269,0.265021647525564,0.24972315955335792,0.2965307469355958,0.24570408491613527,0.2098995172717596,0.25147137585823287,0.2838737318322576,0.13391443628609093,0.1341852509012108,0.08516706075781624,0.08248818968484052,0.0,0.01036812286012196,0.25632816106258177,0.26574491822725393,0.22734350112503032,0.227360855259394,0.26728943739770716,0.2589160228588083,0.25242056928814716,0.25462436505012265,0.25330487358124076,0.25272943086189914,0.25325938327203906,0.2536172571846935,0.2540364887734588,0.21460808706977208,0.25933703287010534,0.2264713402854735,0.30140732280297233,0.297963472151143,0.3528417395292476,0.29398540256806815,0.29080241276520236,0.2974532450629992,0.2934329641278256,0.29750485402954274,0.29085918348515066,0.2902769091121546,0.30018624509488356,0.30021936434412,0.2929802617363974,0.2910332128420513,0.2895304557433547,0.3020120557717897,0.35397714828990845,0.2501207897806752,0.35923072593112604,0.28259061020695375,0.39054801412596185,0.4007596192330239,0.2756577515957151,0.39208876817203375,0.3914318322037471,0.3913080897080408,0.39265257638965323,0.2756191628914158,0.27169279479161496,0.27418361853261763,0.27501245775264593,0.49719937522628543,0.2824288304532995,0.25982011476749023,0.26314956353404206,0.3083161567104179,0.24928440056886736,0.2444347779846712,0.25214881220327967,0.28420041234701754,0.3587282534718217,0.26738855499791836,0.26611829768407813,0.2530261404911777,0.2978386739733906,0.25196691495816625,0.2820955035999382,0.1313527208854311,,0.2557367733716125,0.2266031105590616,0.22566776994313548,0.2675911186922826,0.2604467130691276,0.2508938120581998,0.2534353122376416,0.25681986323074646,0.25655438013032944,0.25739833412964797,0.25359055844186384,0.24958386033721994,0.26539000205451213,0.3008034947998171,0.3525061902235145,0.29741578126543744,0.29320537493498633,0.2961680162695911,0.2975710508311063,0.2949326497059947,0.2918098689453147,0.2881613173477652,0.29832570174198925,0.30180507153469593,0.294831973674189,0.2913122710314666,0.28863606316262225,0.3052390174822752,0.3553966028305253,0.3591348911273588,0.28126882910636075,0.39158129067173053,0.3917375551647412,0.39262491996457305,0.3912540007169064,0.39223183096415837,0.274143256602457,0.27171824669432476,0.2734176847916765,0.28393401609507873,0.25574172183791555,0.26313142305700166,0.3080389977394541,0.24923988606137762,0.24514418070208693,0.25111128999358734,0.28497846307442154,0.35745759452539166
cifar100_object_classification,0.2503536099563828,0.25353734767358554,0.2372064416799734,0.2875071806468247,0.2178650100653169,0.1734439905918418,0.2173170497767492,0.2704032891616729,0.13001334657055708,0.11042807882598915,0.0719526886583006,0.06774271590478495,0.01036812286012196,0.0,0.23454053828636093,0.24120198456027037,0.20781070898400736,0.20834287178585525,0.25219572985565386,0.24643453888010855,0.23894908276077423,0.2412491773070981,0.23997180847087968,0.2391847386806579,0.23992145410013732,0.2402216197899669,0.24073616703140277,0.18563693114560648,0.2431983569878291,0.20475636548233278,0.25859468235470884,0.26731372276320725,0.3261897782545399,0.2759345866205411,0.2736704279024377,0.28065244940331097,0.2758243022712668,0.28080643045290515,0.2730972685662732,0.2727727286406504,0.28296056252578594,0.28297734075577835,0.27560352978007097,0.2730602449914281,0.27083871190775455,0.2850758903835412,0.33158796763859955,0.22235984264426384,0.33697702872120094,0.24522744449442432,0.35858005878826565,0.3871174910260107,0.25543379668231736,0.36011974875158215,0.3596383669073043,0.35955886014401994,0.3608693804132748,0.2569577697418867,0.25135274248370276,0.25375909323015894,0.2555825015436797,0.4712935740124166,0.2636520427158549,0.2440540012897136,0.24827192132837422,0.2933736906582076,0.2334906973988156,0.2275573409161953,0.23755451062548066,0.2636225539860027,0.3319703797440166,0.2491162495464554,0.25389998740255293,0.24076520199888524,0.28894339696044935,0.21796907007912195,0.2685485488577596,0.10774702593949345,0.01087046462796459,0.2337292888536966,0.20725410077333123,0.20651721790429,0.2524315927598306,0.24800369189349614,0.2372417815488732,0.23989585176429093,0.24354976340394707,0.2437352553287449,0.24449885947832428,0.23998367206370275,0.23581246343860396,0.250043107891151,0.2581657655754749,0.3255463265591759,0.2794961800248751,0.27641146847651477,0.27918885905409185,0.2802284773692295,0.2777570537229581,0.27403166212942404,0.27040900427313763,0.28121950809844376,0.28482176704261875,0.2772942310736336,0.2736674621190624,0.2706928825809293,0.28839055653673695,0.3332885618477161,0.33662398536333654,0.24405956632186646,0.3596877590906899,0.3598692848513667,0.36073390838515085,0.35942434212188046,0.3601899881883508,0.255606723744083,0.251187972489374,0.2530546249226806,0.2650738467397875,0.2400494892240594,0.24857635315442544,0.2929112685576898,0.23341499053837628,0.22818445237901697,0.23627483750380834,0.2644480276834127,0.330907961865769
