,lapgyn4_anatomical_structures,lapgyn4_surgical_actions,lapgyn4_instrument_count,lapgyn4_anatomical_actions,sklin2_skin_lesions,identify_nbi_infframes,laryngeal_tissues,nerthus_bowel_cleansing_quality,stanford_dogs_image_categorization,svhn,caltech101_object_classification,caltech256_object_classification,cifar10_object_classification,cifar100_object_classification,mnist_digit_classification,emnist_digit_classification,hyperkvasir_anatomical-landmarks,hyperkvasir_pathological-findings,hyperkvasir_quality-of-mucosal-views,hyperkvasir_therapeutic-interventions,cholec80_grasper_presence,cholec80_bipolar_presence,cholec80_hook_presence,cholec80_scissors_presence,cholec80_clipper_presence,cholec80_irrigator_presence,cholec80_specimenbag_presence,derm7pt_skin_lesions,idle_action_recognition,barretts_esophagus_diagnosis,brain_tumor_classification,mednode_melanoma_classification,brain_tumor_type_classification,chexpert_enlarged_cardiomediastinum,chexpert_cardiomegaly,chexpert_lung_opacity,chexpert_lung_lesion,chexpert_edema,chexpert_consolidation,chexpert_pneumonia,chexpert_atelectasis,chexpert_pneumothorax,chexpert_pleural_effusion,chexpert_pleural_other,chexpert_fracture,chexpert_support_devices,pneumonia_classification,ph2-melanocytic-lesions-classification,covid_xray_classification,isic20_melanoma_classification,deep_drid_dr_level,shenzen_chest_xray_tuberculosis,crawled_covid_ct_classification,deep_drid_quality,deep_drid_clarity,deep_drid_field,deep_drid_artifact,kvasir_capsule_anatomy,kvasir_capsule_content,kvasir_capsule_pathologies,breast_cancer_classification_v2,eye_condition_classification,mura_xr_wrist,mura_xr_shoulder,mura_xr_humerus,mura_xr_hand,mura_xr_forearm,mura_xr_finger,mura_xr_elbow,bean_plant_disease_classification,aptos19_blindness_detection,lapgyn4_anatomical_structures --shrink_train 800,lapgyn4_surgical_actions --shrink_train 800,lapgyn4_instrument_count --shrink_train 800,lapgyn4_anatomical_actions --shrink_train 800,laryngeal_tissues --shrink_train 800,nerthus_bowel_cleansing_quality --shrink_train 800,svhn --shrink_train 800,cifar10_object_classification --shrink_train 800,mnist_digit_classification --shrink_train 800,hyperkvasir_anatomical-landmarks --shrink_train 800,hyperkvasir_pathological-findings --shrink_train 800,hyperkvasir_quality-of-mucosal-views --shrink_train 800,hyperkvasir_therapeutic-interventions --shrink_train 800,cholec80_grasper_presence --shrink_train 800,cholec80_bipolar_presence --shrink_train 800,cholec80_hook_presence --shrink_train 800,cholec80_scissors_presence --shrink_train 800,cholec80_clipper_presence --shrink_train 800,cholec80_irrigator_presence --shrink_train 800,cholec80_specimenbag_presence --shrink_train 800,idle_action_recognition --shrink_train 800,brain_tumor_classification --shrink_train 800,brain_tumor_type_classification --shrink_train 800,chexpert_enlarged_cardiomediastinum --shrink_train 800,chexpert_cardiomegaly --shrink_train 800,chexpert_lung_opacity --shrink_train 800,chexpert_lung_lesion --shrink_train 800,chexpert_edema --shrink_train 800,chexpert_consolidation --shrink_train 800,chexpert_pneumonia --shrink_train 800,chexpert_atelectasis --shrink_train 800,chexpert_pneumothorax --shrink_train 800,chexpert_pleural_effusion --shrink_train 800,chexpert_pleural_other --shrink_train 800,chexpert_fracture --shrink_train 800,chexpert_support_devices --shrink_train 800,pneumonia_classification --shrink_train 800,covid_xray_classification --shrink_train 800,isic20_melanoma_classification --shrink_train 800,deep_drid_dr_level --shrink_train 800,deep_drid_quality --shrink_train 800,deep_drid_clarity --shrink_train 800,deep_drid_field --shrink_train 800,deep_drid_artifact --shrink_train 800,kvasir_capsule_anatomy --shrink_train 800,kvasir_capsule_content --shrink_train 800,kvasir_capsule_pathologies --shrink_train 800,mura_xr_wrist --shrink_train 800,mura_xr_shoulder --shrink_train 800,mura_xr_humerus --shrink_train 800,mura_xr_hand --shrink_train 800,mura_xr_forearm --shrink_train 800,mura_xr_finger --shrink_train 800,mura_xr_elbow --shrink_train 800,bean_plant_disease_classification --shrink_train 800,aptos19_blindness_detection --shrink_train 800
lapgyn4_anatomical_structures,0.0,0.03140080763779279,0.0346607449736905,0.06430186031163626,0.15760924803986903,0.1655211718879533,0.3397936240604259,0.14932476888025853,0.1859787616678327,0.30469612781525396,0.1414715758887467,0.13549701655477803,0.18181323936518823,0.16333507584708024,0.3656146867914681,0.3676333203826694,0.07812450132806739,0.07918049994278603,0.12488362041283746,0.10897800013322882,0.06343499152846435,0.06444398427008506,0.06396875792833401,0.06354363093447887,0.06339096056284768,0.06365729826496208,0.063370437834411,0.1574492229114106,0.15248402870707517,0.1658529170034709,0.26717988791006886,0.21478370703422964,0.2626303602168452,0.16866708389459417,0.16976469934514646,0.17641325834482044,0.1672829554803525,0.177515895388276,0.16640828626660448,0.1661796766007202,0.17888483885158152,0.17620166711145924,0.17191957882236691,0.16460359096312452,0.16751066422976552,0.18123260388748147,0.211306191923166,0.17924063996642292,0.21359426466165318,0.21110153690404262,0.29574375024702226,0.24257175614124388,0.19997543187112032,0.2967559253462999,0.29676354590362136,0.2972426206294032,0.29765552417767194,0.19873829222882566,0.19401463692902488,0.19357443818913794,0.24068718468591305,0.40058889281144994,0.21300044895849668,0.16981057215259135,0.19396487793677492,0.20669196816134897,0.18816438969642357,0.18527258728139348,0.1991883620427487,0.19881987581626936,0.25132111058442286,0.0004310914078975956,0.037331419370513146,0.034700974717113274,0.06523839391886219,0.3420211343679066,0.14906578855081146,0.3025062343510541,0.18334376685374143,0.36380086846659776,0.07730929168811945,0.07830506016367383,0.12591163840502245,0.10841679931034534,0.06421300561085821,0.06363977209950614,0.06486858046501942,0.06620903308115125,0.0652175434919313,0.06209136196842153,0.06492127138187012,0.15545007585472911,0.2673556524070485,0.26150788617898957,0.17069015742057914,0.17153226478505104,0.1758367233108844,0.16960963377735533,0.17613535802264682,0.1670859741691941,0.1639066626019016,0.17688060270804012,0.17793088916273767,0.17265552251412625,0.1646743289397801,0.16813633124153204,0.18232339806105632,0.21222796940503086,0.21338587831367453,0.20799780460824538,0.29677263258742553,0.29617143414786473,0.29829898974675195,0.29702371999673716,0.29689724914744997,0.1974495374568268,0.19543784949565163,0.19310659417458315,0.213349738891067,0.16877041644591875,0.19427233315834855,0.2060215950400784,0.18807951630969066,0.18629003003592504,0.19803414502297834,0.19944789228333043,0.25027071708427573
lapgyn4_surgical_actions,0.03140080763779279,0.0,0.010951178277688968,0.018297065466162048,0.19563191602699742,0.20535969674134824,0.3956575013359337,0.1509267430561239,0.20768729199843397,0.3294590265621874,0.14977865623043862,0.13926057219102925,0.18566084096966806,0.17381014992226249,0.3866407136954209,0.39495977245064023,0.09805450039141769,0.10002798677180166,0.12806367123338874,0.10345544856148978,0.044698314968778186,0.04552283041804003,0.044690604777920084,0.04475592597780788,0.04447619253430967,0.04493290823827492,0.044456125773615685,0.18928520854789915,0.13799134641365834,0.19593371408183374,0.3134851651178332,0.2717033981457125,0.28492442285029307,0.16631844831188386,0.16672134236689484,0.17273124447839805,0.16503638159512438,0.17415445257262868,0.16371989250263536,0.16389603323405838,0.17649629891600327,0.17225586944231663,0.16871601214886064,0.16224007015372663,0.16618621166213943,0.17754636299166743,0.2178910176070824,0.2146171615022407,0.21838327929436663,0.26488318393483085,0.34039868083724223,0.2315270932912863,0.19553869854297296,0.341374521750508,0.34116990709779593,0.34153438504250566,0.3420066802441383,0.20044233481129786,0.20167415800603494,0.202073336957741,0.26373283018550964,0.44212719967005737,0.1975066673276573,0.16180802303593778,0.19334236848161174,0.19066791387769422,0.17501565636036265,0.17316189940511584,0.18671973980641407,0.2151284867078891,0.28359580814227114,0.03223315127554055,0.005575509218688452,0.010226140323783937,0.018191465347636666,0.3979504410312342,0.150928064353415,0.3266246209839802,0.18775422052838725,0.38472552614306144,0.097933075127808,0.09875609180945172,0.1288499840272324,0.10338095666932684,0.045643733659311195,0.04508431646613033,0.04524489289510788,0.04677102804573055,0.04428928821235857,0.04378808865439473,0.04669068232680272,0.13916899442555297,0.3133112268623685,0.28403259888442534,0.16797158639126802,0.16764553290441128,0.1719216398586989,0.16636279861855344,0.17370520473225232,0.164740497627719,0.16253197699523025,0.17417834533998686,0.17363913995587635,0.1699892829519024,0.1620878868434682,0.16568708545946478,0.17808073476667308,0.2180532258112076,0.21888937031659197,0.26138600399839773,0.34144570903332183,0.34063469234735316,0.3428788176672877,0.3414526321584173,0.3415675808276477,0.19901535302864484,0.20291604418941286,0.20173476766318515,0.19806746919769183,0.1602366902269064,0.19274820079033234,0.19051768242843847,0.1754050601639774,0.17499379002470986,0.1862552992885855,0.2156808649237678,0.2820854727898171
lapgyn4_instrument_count,0.0346607449736905,0.010951178277688968,0.0,0.01483401601248117,0.1779065497629313,0.18672455573148847,0.3671971770865538,0.15169493392091188,0.1871148645842992,0.308002216929053,0.1352485143025527,0.12546333126560794,0.17341973945119737,0.16102851323445308,0.36446994164830515,0.3705526409331258,0.09185511402372673,0.09462476320737889,0.1323860908729266,0.11620025110486862,0.03637916918205865,0.03741359140904908,0.03647590169454561,0.03637485950216804,0.03631678194449614,0.03670680787210707,0.03620001948838252,0.17439061667940467,0.14708698477663495,0.19465880180912132,0.2901411771418212,0.243358900772465,0.27256640525938347,0.17192994482063015,0.17363791774447151,0.18020155656599268,0.170810075362954,0.18152959834724097,0.16967450772335121,0.16985021902010344,0.18356923344438203,0.17953075294003656,0.17548549655670875,0.16775657315439213,0.17210007157306806,0.18506253901883762,0.21729182798698077,0.1999366713951956,0.21946891713162045,0.24479963370514415,0.3158191904718589,0.2394799167914854,0.19838073584445726,0.31665885260635795,0.316594747401123,0.3169460419983991,0.31735748767645544,0.1915507433655117,0.1959388420225349,0.1966407093211998,0.2556539581597639,0.4165435815301849,0.1904193019995329,0.15919760932692606,0.17978543224829724,0.19177662101714382,0.1655961094394347,0.1677992408739565,0.17859206336773195,0.207287911289999,0.26672434128162753,0.035340576568579196,0.012139281131592263,0.0004929968893286263,0.015964182862479602,0.36934438720572527,0.15160044241145734,0.30542177761547296,0.17515416311546833,0.3624110564321775,0.09170245695982177,0.09301942834889597,0.1333963967714649,0.11599985218791854,0.03751978578815132,0.036634785667103834,0.03773345362237665,0.038110754151020616,0.036224336088076195,0.035135916934604786,0.03759998734185226,0.14928263122210192,0.2900084278203251,0.2716982923801311,0.17426322397392785,0.17492513096523055,0.1791732768754073,0.17275784464492938,0.18045228885962653,0.17073740971193868,0.16812306120039056,0.1813563819819724,0.18135630470355862,0.1767440330062453,0.16756478283356754,0.17222367999291097,0.18577769883066408,0.21830089783976434,0.21992948629396053,0.24158698808009157,0.3168393238698112,0.31602788175957985,0.3181877275524069,0.3168485523305707,0.31681185108482446,0.19052040976746856,0.1969725884564379,0.19628748224503395,0.19093290660748374,0.15758444442818614,0.17939640142337276,0.1914791646200997,0.1657533309369396,0.16904789824655161,0.1777675374206825,0.20789559610162595,0.2655407136030101
lapgyn4_anatomical_actions,0.06430186031163626,0.018297065466162048,0.01483401601248117,0.0,0.2249116397475301,0.22614435693976667,0.40629949573352975,0.19051403305631487,0.22022773769241694,0.34003509381773356,0.16703813028231101,0.15709984340782585,0.2070034933510499,0.19701297870854165,0.39367096465069373,0.401876186439704,0.13836172551319986,0.14112781905770777,0.16803881772474738,0.150462486792652,0.06848407720653304,0.06951364305545671,0.06822482572075314,0.06836226931841334,0.06823534851674956,0.0687963068812398,0.06812983752886259,0.2173290068066648,0.16839622500245177,0.23461651913996245,0.33904833933644063,0.29129460306252386,0.3091513514377229,0.20124367163180482,0.20218822183461416,0.206968167139231,0.20072363348938638,0.20814400301305408,0.19899324498977367,0.2001181082269128,0.2106602341374676,0.206252501255554,0.20310876804931016,0.19785824444002237,0.20046405550190505,0.2104066332438289,0.247869944971985,0.24181057037882167,0.2494333943258338,0.29122396495416814,0.36493218618112755,0.25787607635049653,0.23200219027763003,0.3658792787648044,0.3656803244166322,0.3658438786686611,0.36647055133968354,0.2324242402820915,0.23844946889267116,0.23946250053706303,0.291254038453873,0.46075184713718786,0.21575449895028043,0.19203666832317942,0.21266081374633541,0.21399959765759782,0.1925893609223439,0.1926733970908418,0.20755642804290192,0.23568667426033368,0.31276674134312527,0.06509053877761091,0.01980461905410599,0.014523264804152825,0.0005911226872838181,0.4084629314201637,0.19037091964652303,0.3378439523112652,0.2090551285683369,0.39153920151940574,0.13824100035846767,0.13963778671207447,0.16882500027378988,0.15033685297854316,0.07011098422934467,0.0688131598933729,0.06967575545600346,0.07051373993871554,0.06691682925095449,0.06736045114298109,0.0700830813828626,0.16982759118338964,0.33893628532554143,0.30860312428899817,0.20299309566126808,0.20306305952850257,0.2059481829089347,0.2021914036196084,0.20745809656966074,0.2001326112483181,0.1984006403106301,0.2085749830577069,0.2073697264541986,0.20444055738126587,0.19806925898978717,0.20006291295738038,0.21105234883340024,0.24874975113211997,0.24990171980829037,0.28812168733058996,0.3658098596128515,0.3652388593787447,0.36733549411666255,0.3657915805762208,0.36605127731832676,0.23137456970035908,0.23943324600055643,0.2388536690569115,0.21622531926249683,0.1902088880527204,0.21197392820142988,0.2139067732271019,0.19311144064925043,0.19422176754424827,0.2071053111918137,0.23630795650422304,0.3116201569553959
sklin2_skin_lesions,0.15760924803986903,0.19563191602699742,0.1779065497629313,0.2249116397475301,0.0,0.14938869545983663,0.2552419314602728,0.20231880078745376,0.16253785394745923,0.24793781431552825,0.13634505905833366,0.13475742389384573,0.17476530076851593,0.1514814563308634,0.31174617203286964,0.3073982809660314,0.11502984393444905,0.12599177551560575,0.1958466840627644,0.20620039801023674,0.183269125760527,0.18495666792843057,0.1849200953212884,0.1834460966700638,0.18402420016945184,0.1839136768785288,0.18426966019025098,0.05580649850514725,0.21082275489258984,0.13300627119533753,0.21941264386818332,0.103550390638922,0.2430010024140687,0.21419058821392145,0.21704956934285047,0.22367282275003864,0.21300305010095844,0.22461392646993994,0.21225111111485429,0.211562673290937,0.22607428564271734,0.22553198614458445,0.2179974671880841,0.20686949231191698,0.21615598889034332,0.22756639985755506,0.25212806587755265,0.05207752221594363,0.2585017297779052,0.0884580422231887,0.20801169966741734,0.3022110396611919,0.2241751891602124,0.2092317506422735,0.20959128547851308,0.20973500496316944,0.2105732156270085,0.1554887418673862,0.14706206420114482,0.14834577795659695,0.189296590451737,0.3155347177850133,0.2539471235656158,0.2130156436327121,0.21906404949572952,0.26869570162102724,0.22786466841544356,0.23231023943312518,0.22755493655539105,0.18342584739510695,0.1732975223617816,0.15599324033837514,0.1938606909783276,0.18141357356127535,0.2275843539930516,0.25703353714528454,0.2009692240261921,0.246119813386304,0.17469854992355224,0.3100734736794877,0.11479155277940582,0.12382972588610519,0.19642731637560107,0.20695871682131475,0.1823582735690297,0.1835884503651044,0.1870617032134964,0.1866018766319285,0.18825029685781053,0.18240591200472545,0.1813393794596057,0.216627331808754,0.2193255446918701,0.2416865264366419,0.21807687538266346,0.22028767112363234,0.22278937461551254,0.21648883517738987,0.2207506936153582,0.21265801062802628,0.20794564279078864,0.22414252202832322,0.22708499761743234,0.21860365938428658,0.2071172154952359,0.21878578167328797,0.2298449658817201,0.25447340844738536,0.25776880953837633,0.0872649626506661,0.20924625421376664,0.20847327320169365,0.21083232014750783,0.20929931386851236,0.20948163383280455,0.1542155810259947,0.14682412853055787,0.14821987567122707,0.2546991615282749,0.21157591491576938,0.21995294669853,0.2674274901667971,0.22730029574075528,0.2320646295807592,0.22526034403993217,0.18360251466509753,0.17240747821847943
identify_nbi_infframes,0.1655211718879533,0.20535969674134824,0.18672455573148847,0.22614435693976667,0.14938869545983663,0.0,0.13053572450410025,0.25267220804296325,0.1254381106971132,0.15728167613034322,0.11836751015424628,0.11956560850169065,0.16021184955863133,0.1320797804946592,0.23590901842189616,0.22876287088628475,0.1542441754857805,0.16450725176324849,0.23412140375350643,0.2368626375435448,0.20716972879082268,0.20936408453662486,0.20849325122712997,0.20678207867057208,0.2081487019335967,0.20811209647379572,0.2091604482691998,0.11882540082714924,0.2020071744484043,0.12466869414731183,0.16218185357035392,0.13886515659710616,0.2277740366098973,0.22961761713251888,0.22407899577552295,0.22623481730367134,0.2304011412636172,0.22450126767933504,0.22734378784617396,0.22795775976073945,0.22580484048444516,0.23170920536575196,0.22410426680683296,0.22729584693405164,0.22181048272843734,0.2257076260246841,0.2333497146122417,0.12445375317297812,0.24356990888058308,0.11067209817679005,0.23961163138189978,0.3241972650258507,0.24349645202600506,0.24004672950703995,0.24057445358916268,0.24074032271305235,0.24160845908757167,0.24364182659608752,0.24157579267362658,0.24227608677226273,0.13194707193963434,0.3259701736157162,0.24142853820519938,0.22258078391284924,0.19919638215965166,0.28160858946162426,0.2102285670480183,0.22473100177203822,0.2211386663344143,0.18480142001708763,0.2287625653313421,0.16412591221239034,0.19809239170990633,0.18966686790367565,0.2300833046825724,0.13134062878795572,0.2508266670776846,0.15801844741220342,0.16008983150351236,0.23378567470952805,0.15256780881886756,0.1613672497683657,0.23566389706817653,0.23667387979541815,0.206240561183978,0.2060555502079544,0.2113030270320317,0.21106050718069375,0.21190059710551484,0.20633024242970785,0.20395338006398325,0.20834828007947315,0.16290775001995486,0.22668805143277554,0.2316204465199877,0.22738123156180948,0.2259013076100067,0.23654885341271759,0.21975930133175323,0.22608927018644992,0.2237455630439571,0.22427393353896347,0.23263258825877445,0.22392680647753896,0.22953397837982015,0.22452347395824704,0.22910589184090335,0.23669818030467876,0.2425302333899225,0.10972166884513943,0.24015479462778677,0.24047277977022097,0.24105899270002978,0.24031984682276553,0.2407763410594238,0.24426488400898647,0.24227954935932247,0.24045146980455212,0.24181762475001983,0.22169650290257742,0.20068534367150773,0.2799930491825784,0.20996878516086837,0.22310423470949128,0.21858279460620267,0.1856169749453857,0.2287202505893851
laryngeal_tissues,0.3397936240604259,0.3956575013359337,0.3671971770865538,0.40629949573352975,0.2552419314602728,0.13053572450410025,0.0,0.4236855222462188,0.1859799677984677,0.15273191842351205,0.20174547513132812,0.21233225509587964,0.2264482872269007,0.19806532568765564,0.25248160486817395,0.2391920649346398,0.32994517663397416,0.3404926360761542,0.4102076182846346,0.4421857661120958,0.4088270477421626,0.4115550325185805,0.41042986379410673,0.4083975601603794,0.4097882573660749,0.40985834550667094,0.4108910280089553,0.20954296076499201,0.3693607280099199,0.26602884680376526,0.2401598893695704,0.19958752171826347,0.3365576077825483,0.4109947525609379,0.4069550972801611,0.4053338009460271,0.41375271711041967,0.40286669052603846,0.40985795385770696,0.4119317265559729,0.4040185346267764,0.41215272515087453,0.40423715490238515,0.4110810524632391,0.400984300107123,0.4017355929263496,0.38831347349342105,0.2244684569077459,0.4022599587513972,0.15918151266980482,0.3156727041011735,0.492211211154878,0.4082474400596583,0.31620238520704075,0.3167149547413588,0.3164203683708491,0.3177561438050517,0.371913776150788,0.3689572394238078,0.3706414691650291,0.22647766639024336,0.38222245035594404,0.37020556903542523,0.3878585607045576,0.34130108242494395,0.4306111653222798,0.3530841350242946,0.3686554326194107,0.36393702209771,0.2972106894693814,0.33821830396664965,0.3381501671214748,0.39219659934757745,0.3711184258827419,0.4105887850153377,0.00029502524233002484,0.4212587374225463,0.15619176451690284,0.22482664923815793,0.2502011929497293,0.3282831849309338,0.33826290894574285,0.4116925794873728,0.4421526987529384,0.40768775497567217,0.40779472680661144,0.4142969419733008,0.4134478448088258,0.41392798018838567,0.4073457875525454,0.4046992966314429,0.37833763520934466,0.24083931501608136,0.33596729799837305,0.41313626145189364,0.41127990104288825,0.4046925542024379,0.42114803476445034,0.39744311792265663,0.40857007205160784,0.4068298741062491,0.4035875079828787,0.41238451436091295,0.4031377533353877,0.4139489530395903,0.40438988933653586,0.40666417952864575,0.3931208552569746,0.40042987142266684,0.16006962562693272,0.31610600632989017,0.3169937446390727,0.31658210685383104,0.3159303889337538,0.3170048820547216,0.3731374483125129,0.3692448435575625,0.3685915632565736,0.370655877546876,0.3863697429847883,0.3427384032949387,0.42917742527368347,0.3526603823358807,0.3665085560833505,0.3616037236016537,0.2986509544926548,0.339172828972342
nerthus_bowel_cleansing_quality,0.14932476888025853,0.1509267430561239,0.15169493392091188,0.19051403305631487,0.20231880078745376,0.25267220804296325,0.4236855222462188,0.0,0.2538230161440366,0.3284998152028416,0.18159486283712375,0.17038093340704025,0.19960722991252486,0.1868082194643833,0.4035495915120313,0.41022310627652814,0.07772672132016106,0.06550099631020856,0.024165852094305884,0.06194209505139989,0.11709266701716389,0.11705790520854835,0.11692927743926569,0.11721492887392773,0.11724237542962945,0.1170436675107118,0.11748917574730866,0.20686243645169186,0.12589139510574088,0.23851138649015605,0.3334695911690577,0.3069278120099448,0.26980286384135116,0.19678542318467046,0.19175619335947205,0.19889989079046194,0.19351831263458957,0.19882967811337052,0.19232016931699825,0.19043898462259107,0.20195654150761752,0.2020455013988925,0.19486331067409224,0.19019387486188508,0.19796126016243776,0.20440906990913185,0.2649697818650996,0.22548427346178368,0.26610471454906415,0.28820745432539263,0.32083475488133983,0.29008476264555794,0.1788920039349034,0.3216149548179588,0.32152299690470504,0.32238345430000526,0.32218769291509847,0.13433890142426724,0.1302959104128969,0.1289088272104859,0.29521827221065805,0.42247764489460693,0.22799364546596002,0.16448368470455738,0.19657054156262643,0.2176793261035072,0.201462818001345,0.18486955404362904,0.19384470022458078,0.2725963300635803,0.25655871022587184,0.14891770002208476,0.15737443505477294,0.15255687531500844,0.19003172973578247,0.4258714802296572,0.0003838147033298906,0.324141437361323,0.1999039706726711,0.40240358179197555,0.07764568812270024,0.0678260717825206,0.024262394550235385,0.061720865913321474,0.11587780760507287,0.11819704784460111,0.11847564693380233,0.11811132226998002,0.1191277990704391,0.11692021534344124,0.11643013283452841,0.12684567155091842,0.33377461451689183,0.2685266639882931,0.19975956034837358,0.1934374975869969,0.1978791461704955,0.19539224966580804,0.19789305128674245,0.19291055049442266,0.1890447684400431,0.1999633294109625,0.2044669497590011,0.19661993167638178,0.18926557949093126,0.19782057282562499,0.20541427662047493,0.2652744818058349,0.26680033600816266,0.28529098461625874,0.32240763533957123,0.32076038215716246,0.3229419442076443,0.32228799675396896,0.32129452268896225,0.13306249917430918,0.13177292048648903,0.12802836080519486,0.2294277346913437,0.16281385310553542,0.1962856812616462,0.2173731200639082,0.20103692788773486,0.18635882623135533,0.193136578612856,0.27311345406888327,0.2547671366971554
stanford_dogs_image_categorization,0.1859787616678327,0.20768729199843397,0.1871148645842992,0.22022773769241694,0.16253785394745923,0.1254381106971132,0.1859799677984677,0.2538230161440366,0.0,0.1781111381454269,0.046319330376225445,0.04822208352776812,0.08832535883263372,0.08051818176479697,0.2309333692619412,0.22786993485583612,0.17541191091900807,0.18783143335492178,0.23758996442354774,0.24791923540794697,0.2232993633623886,0.22538006016315357,0.22429934637044258,0.22302810224042435,0.2238149310116315,0.22437737497823323,0.22464556703643607,0.1303809424246927,0.2247960007976369,0.15963219087188776,0.1941917827129696,0.14973479689209826,0.22144315508373957,0.24585386788824176,0.2422371102210174,0.24395393928853332,0.24710785788271292,0.24302684140524355,0.2440053321381378,0.2444551937333282,0.24451701038684664,0.24818562598821087,0.2420318208057747,0.2455904171402403,0.23970513562352025,0.2443621797677316,0.2584671303323704,0.1517162323027128,0.26741941145298054,0.15240603632680594,0.24632131261989024,0.32109245231160677,0.22373478415748546,0.24718635015602242,0.24739556267572263,0.24721482710910325,0.24833983719242964,0.22464807593529584,0.21834227048572646,0.21987794865734425,0.17833746083872892,0.32020232350045524,0.2118551618801427,0.21907159546343224,0.18980830809762383,0.2595804604489835,0.18301166352287573,0.19765837772722816,0.19718064199231888,0.17777251534099142,0.23313507149847945,0.18438683934867173,0.2020269270911309,0.18994921997835035,0.22335281462765635,0.18691186669590631,0.252295261630803,0.17712657570487686,0.08979536210957603,0.22910798027978918,0.17439125516033854,0.18591692445705038,0.23852207587170607,0.24824545830884664,0.22314635193715404,0.223799140920102,0.22813307551166256,0.22694485791628902,0.22741081930920903,0.22298533123662478,0.22050422377448248,0.23086878557662902,0.19438865149538379,0.22153441621891923,0.24852800749532591,0.24545102792772586,0.24374621607892216,0.2521784041072101,0.23960763251657013,0.24470448369784997,0.24116843221067305,0.2432679429011606,0.24910576133514103,0.24242898258231615,0.24629297026006783,0.24068358536757872,0.24757454442289029,0.2615889534099754,0.26663463445753544,0.15160345370334954,0.24688634921750574,0.2473878100825757,0.2481332656756891,0.24677302146264146,0.2476540394466555,0.22434079094410952,0.21916827378615128,0.21822301744688544,0.21235860424530903,0.21651114678921635,0.19043275429567502,0.2584784060799784,0.182747712690437,0.19701625970482045,0.19548130821215384,0.17837313582100647,0.23323073548894013
svhn,0.30469612781525396,0.3294590265621874,0.308002216929053,0.34003509381773356,0.24793781431552825,0.15728167613034322,0.15273191842351205,0.3284998152028416,0.1781111381454269,0.0,0.15840322842153187,0.16096422219063233,0.11637579322428826,0.09796120877290962,0.15712163259540196,0.15162838070086643,0.27446664971043533,0.2825234376936727,0.31931463714091834,0.3416184077372331,0.3312410326247116,0.33356004584549914,0.33222939425079606,0.331095467593627,0.3321214569332574,0.33218359231039163,0.33322883492704947,0.21794402599601864,0.29235306577558884,0.23965650763988758,0.23866110157907583,0.24516851867543077,0.3022243128557943,0.3201107794535152,0.3135380547693385,0.3132303558620898,0.32067162739684285,0.31104539264386066,0.31779424750488194,0.3185044256083759,0.31278445722032083,0.3191980263106099,0.3121832574795962,0.3183923633234655,0.30986944167169206,0.3115714334499724,0.32369738508056445,0.2349618340194658,0.3342712144002522,0.20990803163674748,0.3213365874235482,0.4064375788897743,0.3157193004890078,0.3217734779564143,0.3222193726127168,0.3221511865850344,0.32303557560174667,0.30410431087962325,0.30017964302498645,0.3020674076248211,0.23017825428729694,0.3975866772024663,0.2728734012918308,0.2925786008556458,0.25577327069151967,0.32591899150152687,0.25954664360303153,0.2573790498393094,0.26543901420465843,0.2749696383978018,0.3229588267100007,0.30411038292179765,0.32584195416716316,0.31063450524049707,0.3425301323129881,0.1536857614012568,0.3263888524215175,0.0006028685762983286,0.11450643748611611,0.15603379632600983,0.2731182413554668,0.28090665496149614,0.3201099941735738,0.3422714589051291,0.32994573618986067,0.33065062182194416,0.3359063391110948,0.33564203362244116,0.33547459009238745,0.33116191618974694,0.3279168674828933,0.29932651653097686,0.23863557199691926,0.30176164422553675,0.32252072526360676,0.3168826149997137,0.31210211528582854,0.32679858825767916,0.3069034007499056,0.3174399895036992,0.3147764564419103,0.31220588812727423,0.3199190105353251,0.31230232567630734,0.32102697243256373,0.31185122122909326,0.31497017131667715,0.3275359447736556,0.3329315046089218,0.21002344194731054,0.32195476822247904,0.3220441370612588,0.32230686137772246,0.3216237564424559,0.3222150524817593,0.304386256475516,0.30017736310371845,0.30032838991070165,0.27384230966216255,0.29124001675646904,0.25689863151624637,0.325219869252656,0.25937895199326977,0.25599434460977355,0.26364265719505586,0.2759111483921717,0.32339124159625743
caltech101_object_classification,0.1414715758887467,0.14977865623043862,0.1352485143025527,0.16703813028231101,0.13634505905833366,0.11836751015424628,0.20174547513132812,0.18159486283712375,0.046319330376225445,0.15840322842153187,0.0,0.004938317971990945,0.054131763979802426,0.04256956574913141,0.20930394137388725,0.2096799290153077,0.12294541944881483,0.12954858020356447,0.16913937345048846,0.1739945656558861,0.1569552494462601,0.15874802839038735,0.1576432620871145,0.15673967810842476,0.15742524741581823,0.15781943531669396,0.1581673453189138,0.1112999688956734,0.1570913579857225,0.1431664841534171,0.17930473266389735,0.16030046703489312,0.1859340219056944,0.18853099270016502,0.18604916282431994,0.1892671268346158,0.18956816661984802,0.18864997693842678,0.1865337618824104,0.1873216327481729,0.19055429552374237,0.1921289422110353,0.18623646565768787,0.18797398150391043,0.18524142295504542,0.19063978630932435,0.20936045907330972,0.1385570602874054,0.21563437762791884,0.1478083421138823,0.22007610452788084,0.2640554248169862,0.15720676800985262,0.2211608977653552,0.2210802660093507,0.22101294992052423,0.22215000490557968,0.1588944398304617,0.15362394013295663,0.15517101072488332,0.16467413659918828,0.30168977578297873,0.14912793829229037,0.1519123447138029,0.13256546706378364,0.18513085032434762,0.12175095343620773,0.12572829735841917,0.13241466055643444,0.1438330759995174,0.19835162770719322,0.1405437919960633,0.14766820895257715,0.13810679729187114,0.16922413903603736,0.20297826539960778,0.18026273923558936,0.1562015438515708,0.05530325248293913,0.20758823983164285,0.12271482772944911,0.12835803164332021,0.16966501449029223,0.17453728831566387,0.15650340926835493,0.1574949139586183,0.16123176502785486,0.16041871842085675,0.1604186558058252,0.15724593004500503,0.15476772730428226,0.16219412129615096,0.17937947608256466,0.18576037222050407,0.1911903969851717,0.18902863102273895,0.188505120571824,0.19405702851038759,0.18630585062066543,0.18733877291061812,0.18470491406483824,0.18939839003740805,0.19327432576963793,0.1871893397189794,0.18868802091399967,0.18578586622430687,0.19329973238448586,0.21161372810673168,0.21525821224129837,0.14651946523069775,0.22100395835015244,0.2209253513232786,0.22186108188917555,0.22062005255474504,0.22151707787320696,0.15838854156667492,0.15439669808710121,0.1540143369530033,0.15015283827849124,0.1488564107620433,0.1327286352837984,0.18428185259483496,0.12172644152492182,0.12597816373821819,0.13081162045007552,0.14460485401599937,0.19843587123470174
caltech256_object_classification,0.13549701655477803,0.13926057219102925,0.12546333126560794,0.15709984340782585,0.13475742389384573,0.11956560850169065,0.21233225509587964,0.17038093340704025,0.04822208352776812,0.16096422219063233,0.004938317971990945,0.0,0.0537089804691757,0.041535811476817175,0.21567689765914155,0.21716132350399783,0.11485517411343904,0.12186796964738897,0.16022126816113744,0.16125860443929746,0.14348684950282697,0.14524096948943163,0.14408442212463238,0.14329863605537735,0.14390116977703182,0.14429471446967512,0.14466671380819726,0.10968980193340282,0.1450217505130501,0.14239553603125776,0.18305076841906237,0.16383599010564387,0.1823241571665492,0.177192114213747,0.175250736654189,0.1792643332323403,0.17829500738726822,0.1788156462604198,0.17528405006654943,0.17606954172796643,0.18078193037394602,0.18160029152549023,0.1758918273133825,0.17667435613558757,0.17480003635044966,0.18111054731330709,0.20089509445636344,0.1379482168156575,0.20684118379836383,0.15179400849266622,0.21473799352033096,0.2541411810812155,0.14748126213749496,0.21575654048219411,0.2156836000715978,0.2156536584397763,0.21676383981479927,0.15089055553478714,0.14629164813449955,0.14796701629117737,0.16370729466882353,0.29640138152752055,0.13810444563078894,0.13830378755063222,0.12115263436610285,0.17540028573282168,0.10909382203581353,0.11392892455423981,0.12074913407104015,0.1419150143282254,0.1917288310726542,0.13479079925835058,0.13587907443243455,0.1281894575436964,0.1588822794660728,0.2135509286760548,0.1691660710294426,0.1585603817094396,0.05486455515183332,0.21397101755059772,0.11489272499213035,0.12067073886713231,0.1606534838042324,0.16187292720325314,0.1428958512624126,0.14407160730484658,0.14746697900494987,0.14690549131397246,0.14687996893512473,0.14394685460538917,0.1413012398361786,0.15000535106158913,0.18314155100683366,0.18201409812759045,0.1801180635621244,0.17819391480956634,0.1783902874058427,0.1824795492536388,0.17671862646937098,0.17613351407750988,0.17360996415552102,0.1794417814593537,0.18288237938288082,0.1769871268675187,0.17722094338874114,0.17517674050123322,0.1836637864317834,0.20310705156912412,0.2064889791462518,0.15035582550708615,0.21574945898542888,0.2156028923571294,0.2164968720666941,0.21532121130901546,0.21618337524923834,0.15021773706234573,0.14708200706767277,0.14690495305982215,0.13921205624243174,0.13518748907764788,0.12118166522442914,0.1747282162676579,0.10907557973635909,0.1143813330011674,0.11920840533007784,0.14266839167355888,0.19178114636289478
cifar10_object_classification,0.18181323936518823,0.18566084096966806,0.17341973945119737,0.2070034933510499,0.17476530076851593,0.16021184955863133,0.2264482872269007,0.19960722991252486,0.08832535883263372,0.11637579322428826,0.054131763979802426,0.0537089804691757,0.0,0.008077131933605982,0.20604985649983332,0.20853091223253928,0.1579647403627397,0.16212293999222013,0.19109310557884363,0.19422418052175183,0.1848988247103114,0.18653396034228403,0.18557295471492377,0.18509798789890317,0.18541308966629322,0.185766960741706,0.1861114524767975,0.1510201125404032,0.17863004726669068,0.16982389126734296,0.23333871218970495,0.21022383985630472,0.24670304925237632,0.21215193140111133,0.20791818252651387,0.21165240409775213,0.21182007217928123,0.21087278655609276,0.20939789899153788,0.20915091533323243,0.21354336250284806,0.21568067320394962,0.2093378350290946,0.2101208002636623,0.20782540426626728,0.21429188695499068,0.2490671543621608,0.17343255369566762,0.25503232399286735,0.2002576554826314,0.27351081729254983,0.2966104360335953,0.19624293270775173,0.2744145217954853,0.2742324849193751,0.27439749617455655,0.27526542921928454,0.18856144288627136,0.1867831904268094,0.18858322041126546,0.18922419038831353,0.36251493098560433,0.19242387350397583,0.18737392927426083,0.17822711528842616,0.21909009288607345,0.16890716141579126,0.16618802698629342,0.1748627270530635,0.19093268162165722,0.24744218734498558,0.18123552589138048,0.18633205302966724,0.17550604073304166,0.2083394816343416,0.22808697565780045,0.19819567103026736,0.113597522344051,0.0006427141462570999,0.20485039191274151,0.15709306460516065,0.16111539590314544,0.1914172786036385,0.19497782040202144,0.18416572504468653,0.18534255967354646,0.1886101578099752,0.18790858622816572,0.18833507172620143,0.18546359634085363,0.18294512142296143,0.18315820251333365,0.23328537881472708,0.24669287941423218,0.2145820401701216,0.21055264412093194,0.2111388821522942,0.21575378444130622,0.20877691516253294,0.2100443814697943,0.20723983761891607,0.21214530180312868,0.21672479927697946,0.21044534970986306,0.2104444148662429,0.20779086843072486,0.21690611579701552,0.25110542760622834,0.25479183938609906,0.19834037227329337,0.2746070714077937,0.2740333932960169,0.2752084997945825,0.2741129295648382,0.2748069155425584,0.1878425847175738,0.18713710313686363,0.18776629966682556,0.1935715346587965,0.18480825704177864,0.17837878068180973,0.2186379804062898,0.16900563202257268,0.16619018592221085,0.1737922595423224,0.19171828986837278,0.24697873651308908
cifar100_object_classification,0.16333507584708024,0.17381014992226249,0.16102851323445308,0.19701297870854165,0.1514814563308634,0.1320797804946592,0.19806532568765564,0.1868082194643833,0.08051818176479697,0.09796120877290962,0.04256956574913141,0.041535811476817175,0.008077131933605982,0.0,0.18954817098583987,0.1903928020235707,0.14024139005647754,0.14434589318008784,0.1768909531235802,0.18169810070708697,0.17259243260233537,0.17425664516575726,0.17335637561247383,0.17271675930193403,0.17315304949538587,0.17346877255925125,0.17386198806707098,0.12733220619992608,0.1652809909198636,0.14828984849954113,0.19893794236838694,0.18408214168194287,0.22240329908259482,0.19646051682868895,0.19309928994967251,0.19705927474512586,0.19649387285509312,0.19630612404747344,0.19404778476039078,0.19401183825051407,0.1985123915255665,0.20055937557567627,0.1943626571486002,0.19467335383646833,0.19171072789208182,0.1994627865672439,0.22916371612237454,0.15125353310237616,0.2349453373086256,0.17201079875151218,0.24892565288135035,0.28297965633364286,0.17894017734636974,0.24984807491765526,0.2497433342559916,0.24996437030154064,0.2508106289104986,0.1731826184837195,0.16983897222121538,0.17154190538244868,0.17141141385565484,0.34111982714493616,0.1774084307889463,0.17395311827081872,0.16669861919424972,0.20606452695873967,0.15688966919777558,0.15327701522314766,0.16358696530246877,0.17022027626252556,0.22589114023519402,0.16264570568576692,0.17465082211755278,0.16318196439119648,0.19858155656192183,0.19973827773864253,0.18538772980501184,0.0952595599008445,0.008700068705478743,0.1882081343691972,0.13947573564142018,0.14330231150535144,0.17721550210148918,0.1824342263295224,0.1716876408056735,0.17299137027856687,0.1764486649274095,0.17591836485319257,0.17642259604876975,0.17288709595277052,0.17041427453577246,0.17031484509961517,0.1988596640761461,0.2220609885747199,0.19892016926525324,0.19598764460401302,0.19633858710432694,0.2005699671782796,0.1939216626239116,0.194634526132269,0.19186492841580788,0.19727709965530088,0.20176917837544145,0.19534823862800665,0.19528311558156916,0.19215140573251976,0.20209634984762168,0.2313260415081081,0.2345168847657909,0.1701030092557155,0.25011694033124393,0.24953062417919228,0.25065605761683873,0.2496347840008552,0.25023836930159515,0.17251093646305593,0.1701341213611323,0.17073796716946862,0.17849088839830973,0.17153336716174913,0.16705051524194037,0.20548147923452958,0.15698405366709045,0.15333791634358196,0.16226483865074107,0.17100990231613855,0.22556568303767982
