,lapgyn4_anatomical_structures,lapgyn4_surgical_actions,lapgyn4_instrument_count,lapgyn4_anatomical_actions,sklin2_skin_lesions,identify_nbi_infframes,laryngeal_tissues,nerthus_bowel_cleansing_quality,stanford_dogs_image_categorization,svhn,caltech101_object_classification,caltech256_object_classification,cifar10_object_classification,cifar100_object_classification,mnist_digit_classification,emnist_digit_classification,hyperkvasir_anatomical-landmarks,hyperkvasir_pathological-findings,hyperkvasir_quality-of-mucosal-views,hyperkvasir_therapeutic-interventions,cholec80_grasper_presence,cholec80_bipolar_presence,cholec80_hook_presence,cholec80_scissors_presence,cholec80_clipper_presence,cholec80_irrigator_presence,cholec80_specimenbag_presence,derm7pt_skin_lesions,idle_action_recognition,barretts_esophagus_diagnosis,brain_tumor_classification,mednode_melanoma_classification,brain_tumor_type_classification,chexpert_enlarged_cardiomediastinum,chexpert_cardiomegaly,chexpert_lung_opacity,chexpert_lung_lesion,chexpert_edema,chexpert_consolidation,chexpert_pneumonia,chexpert_atelectasis,chexpert_pneumothorax,chexpert_pleural_effusion,chexpert_pleural_other,chexpert_fracture,chexpert_support_devices,pneumonia_classification,ph2-melanocytic-lesions-classification,covid_xray_classification,isic20_melanoma_classification,deep_drid_dr_level,shenzen_chest_xray_tuberculosis,crawled_covid_ct_classification,deep_drid_quality,deep_drid_clarity,deep_drid_field,deep_drid_artifact,kvasir_capsule_anatomy,kvasir_capsule_content,kvasir_capsule_pathologies,breast_cancer_classification_v2,eye_condition_classification,mura_xr_wrist,mura_xr_shoulder,mura_xr_humerus,mura_xr_hand,mura_xr_forearm,mura_xr_finger,mura_xr_elbow,bean_plant_disease_classification,aptos19_blindness_detection,lapgyn4_anatomical_structures --shrink_train 800,lapgyn4_surgical_actions --shrink_train 800,lapgyn4_instrument_count --shrink_train 800,lapgyn4_anatomical_actions --shrink_train 800,laryngeal_tissues --shrink_train 800,nerthus_bowel_cleansing_quality --shrink_train 800,svhn --shrink_train 800,cifar10_object_classification --shrink_train 800,mnist_digit_classification --shrink_train 800,hyperkvasir_anatomical-landmarks --shrink_train 800,hyperkvasir_pathological-findings --shrink_train 800,hyperkvasir_quality-of-mucosal-views --shrink_train 800,hyperkvasir_therapeutic-interventions --shrink_train 800,cholec80_grasper_presence --shrink_train 800,cholec80_bipolar_presence --shrink_train 800,cholec80_hook_presence --shrink_train 800,cholec80_scissors_presence --shrink_train 800,cholec80_clipper_presence --shrink_train 800,cholec80_irrigator_presence --shrink_train 800,cholec80_specimenbag_presence --shrink_train 800,idle_action_recognition --shrink_train 800,brain_tumor_classification --shrink_train 800,brain_tumor_type_classification --shrink_train 800,chexpert_enlarged_cardiomediastinum --shrink_train 800,chexpert_cardiomegaly --shrink_train 800,chexpert_lung_opacity --shrink_train 800,chexpert_lung_lesion --shrink_train 800,chexpert_edema --shrink_train 800,chexpert_consolidation --shrink_train 800,chexpert_pneumonia --shrink_train 800,chexpert_atelectasis --shrink_train 800,chexpert_pneumothorax --shrink_train 800,chexpert_pleural_effusion --shrink_train 800,chexpert_pleural_other --shrink_train 800,chexpert_fracture --shrink_train 800,chexpert_support_devices --shrink_train 800,pneumonia_classification --shrink_train 800,covid_xray_classification --shrink_train 800,isic20_melanoma_classification --shrink_train 800,deep_drid_dr_level --shrink_train 800,deep_drid_quality --shrink_train 800,deep_drid_clarity --shrink_train 800,deep_drid_field --shrink_train 800,deep_drid_artifact --shrink_train 800,kvasir_capsule_anatomy --shrink_train 800,kvasir_capsule_content --shrink_train 800,kvasir_capsule_pathologies --shrink_train 800,mura_xr_wrist --shrink_train 800,mura_xr_shoulder --shrink_train 800,mura_xr_humerus --shrink_train 800,mura_xr_hand --shrink_train 800,mura_xr_forearm --shrink_train 800,mura_xr_finger --shrink_train 800,mura_xr_elbow --shrink_train 800,bean_plant_disease_classification --shrink_train 800,aptos19_blindness_detection --shrink_train 800
lapgyn4_anatomical_structures,0.0,0.09244256485475055,0.10036629682989645,0.142308551203747,0.306732224786727,0.3341458207390874,0.5708182952315607,0.2669027035721907,0.4015232362157024,0.5302965496308485,0.31445247225351813,0.3042035738477403,0.3508172274375025,0.3331369649359758,0.590964734422503,0.607356504291477,0.17402184336810392,0.16902756900504623,0.22852134853682787,0.19693584892026855,0.13846312493417098,0.13978402942527368,0.13897180056777736,0.13847650818139468,0.13819853874687194,0.13826627408697015,0.13804500552491028,0.3102899409647807,0.2871425787100665,0.3136542771758558,0.4591848172916356,0.39414006853981554,0.4751403604958933,0.32011653834941234,0.3220343400046306,0.33434856041997985,0.31718921117448823,0.33665640536024777,0.3161126879323767,0.3154623496994524,0.3391220811102425,0.333083404129818,0.3266947869059035,0.3121874709038642,0.3209386766498724,0.3434778360418426,0.3984899683871362,0.3356602108781248,0.40001634326515534,0.37863201149332487,0.5181906837657322,0.42467917176350756,0.35983653377682295,0.5202537316914644,0.5197845532121491,0.5206881090098103,0.5207596494723038,0.36178213210732946,0.3555390754485446,0.35511731200371877,0.45056352313569553,0.6641994223823691,0.4048981219171613,0.32379078353594654,0.37743258406673674,0.37243167779913966,0.368597240253038,0.3595104147567013,0.3774182180605144,0.3847565792851789,0.4520107674418762,,0.10498989913375932,0.09980770566564764,0.1437321834284639,0.5724175320224059,0.2661995087814373,0.5269199339865223,0.3530354702503208,0.5900963295191155,0.17311386420387706,0.16844359842347942,0.23021012598363538,0.1959877099806817,0.139380370595725,0.1391440267727333,0.13967276025491074,0.1420064304749591,0.14120279896374519,0.13663994719313843,0.14206427106152775,0.2903165435119258,0.45922713857090103,0.47308628186459156,0.3237713909714003,0.3234092705356725,0.333698977991289,0.31975526806186483,0.3355199480806386,0.31722028282283654,0.3127737537959875,0.336251792228683,0.33695626315651817,0.3288157653110697,0.31169892862151993,0.32112406599250803,0.3449937336223518,0.3991320540895713,0.4003788500814892,0.37472254105157715,0.5196844986333415,0.5192089174309054,0.5216998350848538,0.5205895503354703,0.5197069249169828,0.35987562844568316,0.3578708827171817,0.35467079156322656,0.40575278416461796,0.3221500012820062,0.37785836340173173,0.37165301916321314,0.36859061628889056,0.36157290622828975,0.3764568876233017,0.3852098619621159,0.4493002363607805
lapgyn4_surgical_actions,0.09244256485475055,0.0,0.06824285580990444,0.07851137469005315,0.3330645161517773,0.35764410521835477,0.5896431640089976,0.2668103005720939,0.4151982709338596,0.5254517650124246,0.31550883538159,0.3020132820516871,0.3469547900215666,0.3360185856605918,0.5701944299887939,0.593798862288905,0.1985192133537524,0.19338943277160137,0.2323196232372107,0.19360179738271382,0.11564308260768219,0.11672938592955842,0.11580710971499424,0.11608106222795031,0.11525793220897339,0.11576803067934147,0.11525262287370674,0.3293816733623641,0.26073350606279366,0.336148182157955,0.4829152320686938,0.43557902197308607,0.4731130055912123,0.31470601939052534,0.31566911965032984,0.32621268979282186,0.3123758964459176,0.3285330271771918,0.31057269881158023,0.31040736514818296,0.33165068309378953,0.32509288631744915,0.319399560543901,0.30717249892153203,0.31632043808342836,0.33387511068676556,0.393464611968803,0.3568405298399556,0.39347239818245683,0.41578828006289204,0.5359157580485328,0.40563928088784673,0.34723228256117045,0.5378718786807666,0.5373019241861823,0.5377133301077575,0.5379023621498994,0.3506699943640611,0.3519944242383224,0.35260566673680194,0.45289872193701897,0.670718939271021,0.3721512725897738,0.30735120608610017,0.3624296429538014,0.3451155180109301,0.34006512951131157,0.33414750293687945,0.3519295971372204,0.3871542172673921,0.4632699717452996,0.09358485099878654,,0.06680483228836544,0.0791444278523123,0.5908994277944676,0.26626450723987616,0.522250152144109,0.34943451290909366,0.5692916115453529,0.19820977402133602,0.19218811484697662,0.23346578784954475,0.19291098268428625,0.1173063127928684,0.11639710325013164,0.11623656173543051,0.11882208792280141,0.1161269592506958,0.11431352960216785,0.11938228897319225,0.26200592261341926,0.483159758500238,0.4714068878070666,0.31772974706944607,0.31630950357553095,0.3250872993570655,0.3138935402219209,0.3280768613109717,0.31191371514784044,0.3087716904365161,0.32869185319135785,0.32808143181079663,0.3215401758657692,0.30640127182547516,0.31549159150848116,0.33515349263840805,0.3932398742627717,0.3943736653598403,0.4121080857054068,0.537025457914912,0.5367404548466972,0.538985198489013,0.5379347361019313,0.5375296288223876,0.34885643566505764,0.3540267054268107,0.3521674374510888,0.37292461629101925,0.3052948560189532,0.36148695673782516,0.34472502714375675,0.3408766893384203,0.33679306466619685,0.3513896580807211,0.3875132215057379,0.4607352505241653
lapgyn4_instrument_count,0.10036629682989645,0.06824285580990444,0.0,0.07405899765508481,0.31001253802026046,0.3394337902240143,0.570333144730514,0.26691116236407253,0.3890687642491655,0.5091480106612024,0.2911222022494319,0.27777852709894224,0.32965873403342155,0.31752382544753577,0.5552952911003819,0.5741287840431857,0.18957815374197282,0.18471262973068692,0.23795472046179522,0.20832315707974094,0.10432389280167273,0.10589122666744116,0.10450702759468822,0.10446620300701838,0.10416952756765525,0.10442892244172267,0.10401849590681739,0.31265596967016385,0.2703861772116922,0.33773466259706125,0.4604250562122216,0.4050379669141406,0.46035835678784953,0.3212516404590448,0.3244904471805651,0.3363632057082336,0.31862180219767344,0.338914065378615,0.31749367873433754,0.31745346137168806,0.3416397965651207,0.3346336670794162,0.32818757835082024,0.31327362289287075,0.3239725376247956,0.3448071672680497,0.39405989085132764,0.34142311224252553,0.3955685990385523,0.39842518845352604,0.510356960383245,0.4158236333597339,0.3482579694321769,0.5122678228874451,0.5119277895182384,0.5122468213206303,0.5123396039999388,0.33912222896026867,0.3439570131542714,0.3449913627731568,0.4509336466270567,0.6494038828607795,0.36304899391380707,0.30191983874445305,0.3449303627489192,0.34711283459521414,0.3274939647724092,0.3250067850224532,0.3401143368194738,0.37831660739262307,0.4411610268949716,0.10100991557117847,0.0722144393343063,,0.07659629778794369,0.5715006458401795,0.2660899530119609,0.5057725639313797,0.3319653833016659,0.5542914768014189,0.18932886771317992,0.18306915618864328,0.2390125032013669,0.20788274531697545,0.10603906650072549,0.10516370304308931,0.10590781538741298,0.10745060862296182,0.1049826435285465,0.10280580173563597,0.10706589760035087,0.27307033456944974,0.46063282972187203,0.4587055816503558,0.3255291269713967,0.3255395275328715,0.33478323105972496,0.3213470029802137,0.3376488128611213,0.3188089848802414,0.3152638298657432,0.33870073774028386,0.33834273639807133,0.33047331920858064,0.3123746743730129,0.3236117424341044,0.3462114133387869,0.39473715619344996,0.3968111539907331,0.3950553121952792,0.511564917894057,0.5112633185451902,0.513670576094369,0.5125800019533899,0.5118031614231455,0.33801966497008706,0.34600454085019333,0.3446221700008506,0.3637596883732928,0.29985015829630624,0.3441724627114333,0.346723972022575,0.327851542543813,0.3269116849852832,0.3394829811193469,0.3786346755108154,0.4387905186185935
lapgyn4_anatomical_actions,0.142308551203747,0.07851137469005315,0.07405899765508481,0.0,0.3800163199831912,0.40236458318049195,0.625071146146982,0.32134989669500547,0.43965583187049734,0.5534833869702462,0.3413648055707935,0.32759971946487765,0.3790863442814071,0.3709890688990237,0.5954797921324444,0.6161608882874412,0.25829831266129216,0.2513250771238717,0.28887803779507404,0.25534517698750403,0.14683603754894825,0.1481555693696195,0.14659679614464552,0.1470052296444262,0.14639910529856864,0.14711130215487084,0.14623740906383603,0.3794414367814409,0.30169767538886727,0.3995603775794215,0.5310093989140852,0.47849562854004407,0.5124043570833683,0.3644446297602453,0.3666887371190607,0.37651064213221763,0.3630291489987034,0.37844620613878477,0.36083780522336406,0.3618838418922543,0.38194248566867245,0.37440016109037644,0.3695156631069856,0.3578496768100215,0.36611221034205965,0.3829873258042162,0.4381043004081404,0.40653162522233266,0.4381313774717145,0.47025062552729,0.5768546819972868,0.44397971635811784,0.39735658763257553,0.5788230481955549,0.578262334070186,0.5784748913836192,0.5787599759465429,0.3946033249724735,0.4025528728926199,0.4041094171569938,0.5043510867382255,0.704076457372805,0.4025899026282824,0.3499740879588496,0.3951841925025742,0.3812089506053292,0.36964157523586455,0.36273850413920583,0.3859865752709891,0.422010697867227,0.5026259178285041,0.1433454549431899,0.08513988184640811,0.07344754300380614,,0.626230293229064,0.3204135349669631,0.5505752292928474,0.3817284999322579,0.5939427252913578,0.2582458137097954,0.24977932814323778,0.2897054923294502,0.2552188185648015,0.14924686052257424,0.14765610748495528,0.14795984884432004,0.14988104282755157,0.14532189957297953,0.1452397928865682,0.1502404736656969,0.3029607158245302,0.53133814195884,0.5112151552284546,0.36776155334254224,0.367066994670458,0.3747636400083154,0.3647091267057713,0.37796784989212195,0.3621727537627145,0.36004674151576604,0.3791269738165437,0.37717097940184885,0.3719000380291932,0.35737397567947127,0.36519927122150675,0.3839851032172188,0.4381629027192151,0.4393810163658224,0.4670560326144606,0.5777944184996715,0.5776916663791556,0.5800598605422542,0.5785863815967278,0.5784035003208227,0.39321470669922837,0.4045136414326215,0.4035317123292317,0.40341595244890893,0.34748274470476603,0.39395727774986955,0.3810940527639932,0.3705387552407426,0.36497765834048157,0.38584575611396305,0.42232204249995137,0.5002558567656035
sklin2_skin_lesions,0.306732224786727,0.3330645161517773,0.31001253802026046,0.3800163199831912,0.0,0.3247049960180765,0.49124493860362906,0.34305774461666627,0.37105967028868525,0.4790869540716051,0.2890133659645566,0.2781725942787201,0.32943613020519547,0.3004613595434027,0.5486494422482171,0.5515921149037203,0.22343486231675402,0.2391870320870445,0.33190602510314104,0.32609090322568335,0.2970124787581245,0.29921427058671674,0.29905428390855865,0.29689272518178583,0.2977791549986379,0.29807312323020596,0.2984110454013278,0.141541204122924,0.35137893587425784,0.26842436371587275,0.40723872220982726,0.23451860915619605,0.4419895241868822,0.36905110841150346,0.3762232702601208,0.3890091620978171,0.3662093113475039,0.39214641816542994,0.3656691567554607,0.3636409191749861,0.39456657635194387,0.38900845339817214,0.3782781284321505,0.35563120510214674,0.37736778324709397,0.39797435477093235,0.45093535309470756,0.13702886076195336,0.45582628083555243,0.1929867259312462,0.39395535944341975,0.4970841915634707,0.3716398538393244,0.39612914906257113,0.3960971591251434,0.3965589969678902,0.3973626436528839,0.29876554687633167,0.28363542911972905,0.2857138627401087,0.4003582755637104,0.5619821394403641,0.43289349586335313,0.356764254760247,0.391200844369894,0.43668921707771435,0.3995489135864765,0.39898508805083044,0.38755403809939154,0.35685697750407247,0.33966790654967377,0.30487593779930583,0.3312538784586478,0.31596075791588696,0.3824136298122634,0.4925723889958652,0.3410150960143565,0.4753866452076305,0.3304418318806881,0.547547977178454,0.2242149195289177,0.23604561415257247,0.33248100024159355,0.32759059634709936,0.29543187514712055,0.2986628685223446,0.30148683335313037,0.30150480529192225,0.30482427461250006,0.2967280729787695,0.29464397097854544,0.3593431867326552,0.4074181750115832,0.4396200620657035,0.3754642075017634,0.38020090583927457,0.38691904124342613,0.36926152924250666,0.38802640802719246,0.36631277439223,0.35963050101673977,0.3913886138397689,0.39307642758282824,0.3804657823262527,0.3548610309934824,0.3795409289027934,0.4007110508594034,0.45271378346069624,0.45589301970584784,0.19190155679507903,0.3955577971804002,0.3950700405963491,0.39796920201915803,0.39604119963008866,0.3961105604410844,0.29629217432797145,0.28414361034666086,0.28542806411486377,0.43484428655194585,0.35428789140749456,0.39276141498144745,0.4354211855791799,0.39897366135151113,0.40008570954028444,0.38565163881061415,0.3569050827540995,0.33739033929767287
identify_nbi_infframes,0.3341458207390874,0.35764410521835477,0.3394337902240143,0.40236458318049195,0.3247049960180765,0.0,0.31791180473215586,0.426399254372019,0.2993333562622633,0.3530901197612941,0.24782270035315263,0.23753021178674416,0.3071845343677093,0.26727070512066897,0.49623542985707425,0.4968889078194834,0.3063379649426999,0.3158243036619566,0.3967943096815699,0.37852639535172317,0.34477105063801206,0.34865280842619795,0.3459486420753447,0.3444569344356156,0.34629644513377156,0.34574414182643365,0.34811213956710496,0.27267082946559923,0.35928497187112274,0.2820781506459325,0.36937953321915595,0.34341734298192905,0.4764376736535592,0.40949743158884044,0.40307217787649874,0.41010788456629976,0.40931747930380513,0.41029276450721763,0.40539833033992645,0.4049160508921225,0.41256479013134123,0.41625274970094206,0.4054772468465795,0.40433883691889194,0.4038353182696676,0.4143455210534363,0.4663900805397888,0.29133408486587453,0.4753804094443239,0.2828231063528902,0.5061162059617301,0.5521777789678131,0.427657371114862,0.5075997265555053,0.5075380184141818,0.5075592879506048,0.5089359091373487,0.4503853536426226,0.44284218516543583,0.44434444848213617,0.342909797023498,0.650588361292924,0.43917168084535096,0.40009598602419755,0.40095806046061566,0.47812573183871654,0.39937254810732187,0.4064597294069039,0.4120890519744891,0.40238378090659116,0.4727137125906614,0.33295293318802777,0.3492686490828192,0.3441188478620083,0.4054919871981142,0.31732377351346736,0.42359421082432236,0.3540825214899411,0.3086159458850798,0.49476211640712364,0.3049778521919325,0.3109324751298961,0.3983173709871478,0.37907280519860853,0.3425383914665817,0.34330626629146976,0.34939614869831465,0.3513646794537303,0.35320222383114475,0.34615891722668013,0.3423192854936981,0.3687533101400494,0.3714881871589042,0.4745850497229379,0.4134027142470976,0.4071007716964039,0.4096378165419514,0.4164250695960787,0.4050735614813991,0.40382664389322975,0.40063331825613296,0.4096288147884951,0.41920877830425407,0.40674956233083204,0.4052238942115519,0.40521737738850777,0.41825601255846934,0.4699091917745393,0.47532126609212977,0.2826871216669946,0.5069032996940123,0.5074563354468663,0.5086342930012481,0.5075757424019127,0.5081703527155472,0.4501201507403613,0.44332244548579697,0.4421326001192827,0.44120755082309693,0.39711335532511405,0.402719748535652,0.4774848115674878,0.39905615030456093,0.40647111471306513,0.4098750197886493,0.4030352575729892,0.47051892172372445
laryngeal_tissues,0.5708182952315607,0.5896431640089976,0.570333144730514,0.625071146146982,0.49124493860362906,0.31791180473215586,0.0,0.6273437135970036,0.4059562259940176,0.3380939172691969,0.36575642585111356,0.36552950441985765,0.355920554305459,0.3186047581382353,0.5602805235942426,0.5528909311968575,0.5460200477166821,0.5494763891556174,0.6093141403342496,0.6131636123872422,0.5942962347921794,0.5981076492242217,0.5954092217263753,0.5936844169948186,0.5955308933962684,0.5955832914467385,0.5969339279391881,0.4219498505901121,0.5624543965740214,0.49112554687950427,0.5361804574705065,0.489032886187772,0.6570474704897645,0.6350151363136634,0.6335324465641915,0.6361585626427677,0.636774311166766,0.6364436411359868,0.6326122723960511,0.6341641915240732,0.6386375288948156,0.6409160079821067,0.6323064024069401,0.6330721146152423,0.6301904076746847,0.6371832170067565,0.6670138426676473,0.47397465480316037,0.6767281647498764,0.38550444308199805,0.6579099424991408,0.7515733815231913,0.636966467104453,0.65959741626693,0.6592975983058751,0.6587350845164389,0.6605363867217258,0.6080731587924209,0.5983691005789078,0.6017704330344249,0.49925785812466617,0.7748796214822289,0.6114352940762806,0.5973348442298013,0.5951574297200306,0.6597007556386305,0.5887206827009064,0.5885236417581019,0.5961558169377786,0.5783492305908093,0.64966461054215,0.569796429468492,0.6015876400221263,0.5757376877816696,0.6271509888824409,,0.6248080372729958,0.3412859220263958,0.3563857246227322,0.5579601531429397,0.5458945418533983,0.5467728556174621,0.6098630976090158,0.6140703578516744,0.5917248718087291,0.5939163312660178,0.5993041329236177,0.6004671695418251,0.6018158911427195,0.594257347254112,0.5915079714388012,0.5739430604900262,0.5369390589638053,0.6560932946598561,0.6399090285758857,0.6373533546948402,0.6349551035623247,0.6430526339071491,0.6323967568944149,0.6319730839552388,0.6301532366660478,0.6364489871911223,0.6426882022967448,0.6328715763088604,0.6340670229325533,0.630566887832698,0.6421029223081858,0.6698572141183433,0.6763920231588385,0.3879263857417838,0.6594938954361942,0.6596822181264901,0.659898160562354,0.6585190921665134,0.6601827856730647,0.6073373384208274,0.5991170401332,0.5998193884825693,0.6134685513198402,0.5943111397982404,0.5964396209611649,0.6597537073472219,0.5884247507203052,0.5894417824057154,0.5957459144794492,0.5796615380769292,0.6482643952738277
nerthus_bowel_cleansing_quality,0.2669027035721907,0.2668103005720939,0.26691116236407253,0.32134989669500547,0.34305774461666627,0.426399254372019,0.6273437135970036,0.0,0.4815284250343637,0.5244677426926894,0.3625053979184638,0.34733246303642973,0.3755763205616315,0.3628809318913424,0.5873182076129414,0.5994933891660541,0.17031191104526633,0.1474893221051981,0.0895726147427706,0.14054793527371906,0.21097601916834158,0.21124781023623312,0.21109299490167155,0.2114388931743626,0.21127200548152641,0.2110569231013344,0.21154837599015663,0.34888678709978693,0.22951996156068483,0.38556745151384697,0.5013911860719221,0.47706511047182115,0.43653551649526445,0.33213364358763053,0.3278819105142144,0.33977195147546213,0.32763190021538807,0.34077364797980514,0.3261488750249419,0.32354777607453045,0.344397443512081,0.3422735332351524,0.33255347674444635,0.3220730652895847,0.33713413851817114,0.34835981858422926,0.43305734559054343,0.3727867065756281,0.4325914223762819,0.4408687648277703,0.48462031685742973,0.4448961302789818,0.31247153289686824,0.48622312589865857,0.4859304718132662,0.4865951292462358,0.48587018400020554,0.25356797693110544,0.24701748921347588,0.24501937079966263,0.48905976765269094,0.614345787481487,0.39181775585686274,0.2904956322565605,0.34374554986589423,0.3646686640682436,0.35813909837275676,0.3355892841156118,0.34298361973249913,0.46490616438035764,0.4117279985927824,0.26665519198057425,0.27727731386604354,0.26790961800165214,0.3207329997997621,0.6289013378197541,,0.519513865342301,0.37597192029405374,0.5874402075757993,0.17060735424430956,0.1512607483797292,0.08974695344546138,0.14034166504120155,0.21017093518660646,0.21318974562855694,0.21312558199740206,0.21283122241979943,0.2143260241205974,0.21165104329951856,0.21081207045797012,0.2301180198159705,0.5021983071863434,0.43459440304151864,0.3367769090922435,0.3294188151348484,0.3379836340873795,0.3296708613492772,0.33946478047616535,0.3270762803990386,0.3220253105652773,0.3416390748497079,0.3460809525355171,0.33488339999497607,0.320777855133351,0.3370015786909865,0.350009632897055,0.43207938142431257,0.43370089948705276,0.438057460265479,0.48611562092023236,0.48496734443435785,0.48677906965970014,0.4865338729113141,0.48492734046162594,0.2522340860964258,0.24942302217436668,0.2441918562916624,0.3936354751753479,0.2880295311481288,0.34365017861570213,0.3640130848544022,0.3577956471667181,0.3376580395676445,0.34240218627272806,0.4653716238274639,0.40881177266666013
stanford_dogs_image_categorization,0.4015232362157024,0.4151982709338596,0.3890687642491655,0.43965583187049734,0.37105967028868525,0.2993333562622633,0.4059562259940176,0.4815284250343637,0.0,0.4035872161249675,0.14582332400137005,0.1437083237983645,0.23165565957396062,0.22592352143269662,0.4893887462757823,0.49407887503664544,0.3871908236992858,0.39987468960149913,0.4599743997854052,0.45570721225884014,0.42613029179303225,0.42953995612850965,0.4273913931952517,0.42555950085539707,0.4267727169687643,0.42710512722370886,0.4283817567167781,0.3213029226460395,0.4391897788049366,0.353239187526727,0.4056296966625573,0.34705893215424655,0.4680305316528428,0.47797639682389703,0.4742699900211256,0.47832752311178006,0.4792590414184237,0.4785941183491095,0.47535833147667383,0.47500059508876125,0.48099017492333984,0.4832633964699544,0.4751151728004841,0.4770695482001024,0.47215413080181745,0.48142978559453353,0.5151786825014772,0.36407831976034877,0.523228310593929,0.3573827538543584,0.5020012124506675,0.5790941514796911,0.439806946521624,0.5033539528741071,0.5036598979911586,0.5031865110030737,0.5048287805971509,0.46377634642322585,0.45212789793075137,0.45470245619121347,0.418104472937029,0.6096768237668213,0.43005351148766563,0.429407888831956,0.4055359638275508,0.48893740978658845,0.38717612201386015,0.4022869707664237,0.40630520807654513,0.38429612809431274,0.48296996387667035,0.3992889442790316,0.41106024724026535,0.3940124124759913,0.4430908428577093,0.4056680726773148,0.47933699633596627,0.40187451323249057,0.23456124097847672,0.4879183167372914,0.38667344575643503,0.3969293359418508,0.46061287574835336,0.4566756345487112,0.42556987058665674,0.4267730596162268,0.4316621424132559,0.4314061479680249,0.4327642131082339,0.42705923531740037,0.4232007500522591,0.4481296154313186,0.4065761526223882,0.46791898848744923,0.48240342704602773,0.4778535836530822,0.4785520623150494,0.4851456335118991,0.4751618430374333,0.47611872194353716,0.4715377106170971,0.47927761646873934,0.485235889950806,0.4759057665404728,0.4773790427760166,0.47143374315586006,0.4855687313110363,0.5179911313543164,0.5231735581355607,0.3589569328704819,0.502553241637778,0.503375411792022,0.5043736177274882,0.5026174486637124,0.5037579201304343,0.46371629625551836,0.45319111871051143,0.45245516805853814,0.43241072739180997,0.42512996160113525,0.4064618215597183,0.4889014548529159,0.38670503698495884,0.403001919796546,0.40505603299092185,0.3843199844165429,0.48166159845494055
svhn,0.5302965496308485,0.5254517650124246,0.5091480106612024,0.5534833869702462,0.4790869540716051,0.3530901197612941,0.3380939172691969,0.5244677426926894,0.4035872161249675,0.0,0.33368154188138477,0.3211289834512921,0.21731121167795675,0.19171382927248043,0.37101942930096554,0.3659945207997164,0.4817721095330605,0.48091199765259024,0.5103891775075489,0.5114358447521519,0.5091622209365658,0.5125119538381044,0.5099912157881975,0.5092569901730892,0.5105082038775345,0.5102994372381812,0.5121361334171048,0.43975662176534047,0.4856063450343286,0.4582136593350946,0.4977098489787889,0.5394022888344685,0.5802922967854227,0.5162171694202666,0.5088643909081854,0.5124965185992753,0.515915871562557,0.5120295078154449,0.512529113237638,0.5124056650098351,0.5147201714368496,0.5184417924196805,0.5092916551757736,0.5122901863172288,0.5083558152948664,0.5150020816262902,0.5718299503696629,0.47521661602692156,0.5786795640061523,0.4584041889561895,0.6273187689035737,0.6364603867438987,0.5258416683309274,0.6286844191401622,0.6286966118018333,0.6279711189107757,0.6291307232982903,0.5264818923998384,0.5147678799708124,0.5177020201986204,0.48712230887852714,0.7439891689293285,0.4733400051127865,0.4721336668882779,0.4669885956202371,0.5247591371030607,0.4542676767384629,0.43370328848306355,0.45574611517311936,0.5400997599328085,0.6026378989716188,0.5305099145065919,0.5249884944711252,0.5128829453602237,0.5539788892435458,0.3391532436972202,0.5217466700749673,,0.21532922892842865,0.3707019944406751,0.48219225047234293,0.4784354295537815,0.5099405273232165,0.5135223555372727,0.5066871166532246,0.5091417552355434,0.514034130715771,0.5160359397059684,0.5161192660410936,0.5111083866189691,0.5061884150507634,0.49441371419626934,0.4986707884639467,0.5795100292671884,0.5206931864852629,0.5122281461267313,0.5112318231704767,0.5222131049334771,0.507818296685592,0.5125731105831903,0.509574519764237,0.5133677571744756,0.5199728797944507,0.5110805938848386,0.5139973248341279,0.5089697934894819,0.5184540125702879,0.5739418949170751,0.5786463332476581,0.45991854331460763,0.6284807041127265,0.6282712412280942,0.6290982998688996,0.6278112707468289,0.6281760058596582,0.5253337327566869,0.5144202843265625,0.5163748584638823,0.4757226140064186,0.46920270091673266,0.4678352569599893,0.5250149672924265,0.45387185598680224,0.4340193390170645,0.45524395330757206,0.5411104163934308,0.600967924498762
caltech101_object_classification,0.31445247225351813,0.31550883538159,0.2911222022494319,0.3413648055707935,0.2890133659645566,0.24782270035315263,0.36575642585111356,0.3625053979184638,0.14582332400137005,0.33368154188138477,0.0,0.06183333268344088,0.16099152303683686,0.14424946623767904,0.3894770614097169,0.39617087318478433,0.28609955416337207,0.28915558355719956,0.34687951950649565,0.33809005367559053,0.31417830265258084,0.3170818711916956,0.3149765962482976,0.3133968339685417,0.3145674489887017,0.31524232014604514,0.3160564247909962,0.24631816443943103,0.31365318090104477,0.2913105264028173,0.3222556312612113,0.3128910636328689,0.3729275161338454,0.37185994959243507,0.37056334511014766,0.3778070276214478,0.37310707719001446,0.37778453084335706,0.36911457082730637,0.3693593158881851,0.3807139462218045,0.3801037524401607,0.3715627970560189,0.3698753607556512,0.36999429898636615,0.38116572162979195,0.42113825337409305,0.29399444602101343,0.4271724963269602,0.2936191305671566,0.4158849664721402,0.4782691752184644,0.32005618199684793,0.4176130879368799,0.41756396812023167,0.4171300642653,0.4186476430513707,0.33403664486356954,0.3263540965973728,0.3293877826979486,0.35039941081410614,0.534477688750818,0.31817151309584635,0.313745125728641,0.2969535352929402,0.3660715010445335,0.2776777590661713,0.28095100346088936,0.29190090640243693,0.3095798634499497,0.3908040997814758,0.3129944712420555,0.3160712814185932,0.2968324726740498,0.3436086690862184,0.3649555444528815,0.36039080933425666,0.33045914672754884,0.16364851671855907,0.3881705611368118,0.28603988133220687,0.28762049188139904,0.347055440974282,0.3396276686080204,0.3133563502131044,0.31454766733021783,0.31958246913126326,0.31961295621486735,0.320504089436378,0.31522228963472215,0.3111596591435847,0.32216854564333985,0.32319819187539334,0.372653966165743,0.3767949644816249,0.37478888267025295,0.37670484555093875,0.3789808317583751,0.37519165302416885,0.3701560669818389,0.36591067991669285,0.37859463832769086,0.3826619972186424,0.37320945035828956,0.3702527581327665,0.3691501290947386,0.38537991338070865,0.4235753912186233,0.4273459368099698,0.29384378985613424,0.41684237179328537,0.41738322953167317,0.41831240510775336,0.4169371226199686,0.41797820303458055,0.33386126953833206,0.3274868553450556,0.32725580756110983,0.32071918287489676,0.3089248514081343,0.2973687405398214,0.3658590730115002,0.2774365503718269,0.28207725299920583,0.2906306777758103,0.3098503887160221,0.3896762896527468
caltech256_object_classification,0.3042035738477403,0.3020132820516871,0.27777852709894224,0.32759971946487765,0.2781725942787201,0.23753021178674416,0.36552950441985765,0.34733246303642973,0.1437083237983645,0.3211289834512921,0.06183333268344088,0.0,0.15696057902148491,0.1377491771437851,0.3844686847773997,0.3920039156367902,0.27173360755192155,0.2751326816727193,0.3339543007623835,0.32229858053514177,0.2953682880503343,0.29825128889422803,0.29618066899317175,0.2945880832681017,0.29605246026724186,0.29643750252454726,0.2974729351949285,0.23720523101619223,0.2968916579000589,0.2814918286581476,0.317652518565399,0.307669820207629,0.3575129997436373,0.3526731683105445,0.3522637855366344,0.3602393046112401,0.35401306309581565,0.36060211775055595,0.35012866950670696,0.3506458120158633,0.36320993330042084,0.3622958403800751,0.353582392409419,0.3508509759714643,0.3518764505405184,0.3643541298706818,0.4028301010921897,0.2834629012623993,0.40868131001837316,0.2874941573527237,0.3954057575240334,0.4591390542393746,0.30393310628666925,0.39735359792171465,0.3972553119367994,0.3966388505153603,0.3981351691546149,0.3193717855726095,0.3127872868445001,0.3160684537080071,0.33892378800930223,0.5143621331416579,0.2946631125931073,0.2908798176181669,0.2716730997553737,0.3477865192546804,0.2521015308133625,0.25743037004812847,0.26765858455726393,0.30295644817469136,0.37052987149530753,0.30324616307781316,0.29804335274496807,0.2832156260741141,0.3298023702915299,0.36511319552500343,0.34541745622727404,0.31805954010503046,0.15906645413046344,0.38314984509043915,0.2719002790238864,0.2733429063806798,0.3341742783652414,0.3237221597379298,0.29473027173513633,0.2959144805681459,0.3002469858955441,0.30082363336413387,0.3016760153610425,0.2968173819659548,0.29215454599548885,0.30554199141744864,0.3185405174336407,0.3569844600447509,0.3580394023786447,0.35632014967124553,0.35921356488238937,0.3598664425443465,0.358054431464522,0.35136861885879966,0.3471258931558956,0.36104097157141646,0.36496795198303406,0.35545929600099335,0.3511180177554339,0.35104710711665443,0.36841607744157456,0.4053689689768357,0.40855052404030334,0.2874919769796226,0.39646300244969146,0.39706676278947994,0.3979732477699175,0.39676232391352034,0.3975161899617075,0.31923018142679316,0.3138664583518444,0.31396794834512926,0.2970739052203929,0.2859746432474306,0.2719744069026636,0.3477359511897787,0.25183799153824016,0.2584467626613001,0.26638247478685073,0.3031361362953464,0.369668434903725
cifar10_object_classification,0.3508172274375025,0.3469547900215666,0.32965873403342155,0.3790863442814071,0.32943613020519547,0.3071845343677093,0.355920554305459,0.3755763205616315,0.23165565957396062,0.21731121167795675,0.16099152303683686,0.15696057902148491,0.0,0.06619214228158363,0.3581275565559663,0.3667997501245132,0.3132348734921722,0.31257319061482763,0.3597464726269576,0.3469887841631186,0.33521414817418405,0.33799062812944025,0.33614006684172454,0.33529701725886324,0.3359556197068475,0.33626913969620514,0.33731764518298013,0.2920950172016571,0.3408640398220084,0.3065557814346759,0.3994055994967348,0.3910609089089475,0.44497534951127365,0.3806468245067527,0.37660002517832725,0.3837081639440505,0.38023405907852814,0.38371404708784806,0.37720254206116405,0.3761258212575991,0.387126468766132,0.3876898913002165,0.37914094285200406,0.37731538768009076,0.37669286639867067,0.38885974261431,0.44902068218841884,0.3319717678468257,0.4545101533578747,0.3699072122042566,0.48827725492099916,0.49864296752797566,0.3611461203239725,0.49003466837621146,0.4897052926854761,0.4897457046761913,0.4907112334786081,0.3656759918303424,0.36056535574447846,0.36343096132579206,0.3663522246106089,0.6156804666235765,0.36746190836086756,0.3422747352163379,0.3463139776322327,0.39758138078344374,0.3320545564820835,0.32639395496828977,0.33649888431097386,0.3710894171145114,0.4509507570984158,0.34975734386093715,0.3476410596963281,0.33376358801789363,0.3808571705722945,0.3570694420129099,0.37335310114898945,0.21425351808801224,,0.3576291324734048,0.312643324894855,0.3109447620547908,0.3600083378815181,0.3485781172863984,0.3340631184667431,0.33606956510906205,0.3398553522498693,0.3402082202953173,0.3411600753668804,0.33690493526207566,0.3326120613936935,0.34774998204692975,0.399752531387891,0.44448930357490324,0.38493985389527186,0.37966527028165353,0.3829235519225206,0.3850936352777145,0.3811950205573644,0.37801228342770765,0.3738381741022728,0.3849795486472309,0.38990006001328936,0.3811062879504046,0.37739636037302243,0.37542435909994487,0.3926569432045399,0.45117810040947276,0.45459561382370445,0.36879095576336807,0.4897281160478391,0.48951304404526214,0.49065440997309506,0.4895833722873475,0.49034632744160983,0.36458313268434583,0.3609336939957968,0.3623275154327535,0.3694630094635514,0.33839162675994755,0.3465205863043121,0.3971797387384337,0.33195107368256266,0.32759335538005935,0.3354722571479705,0.37137496122564284,0.44900068871435694
cifar100_object_classification,0.3331369649359758,0.3360185856605918,0.31752382544753577,0.3709890688990237,0.3004613595434027,0.26727070512066897,0.3186047581382353,0.3628809318913424,0.22592352143269662,0.19171382927248043,0.14424946623767904,0.1377491771437851,0.06619214228158363,0.0,0.33907831556400836,0.34423067907307126,0.29436663233640065,0.2941005809968063,0.34537458677258054,0.33523674971249307,0.3219408668669592,0.3248874818721198,0.3229539527933562,0.3219060632941361,0.3227635527991922,0.323305624002063,0.32431523300934717,0.26088375359468063,0.3246795412859761,0.28333437579479825,0.3527651100032336,0.3582793319354691,0.4167200930172841,0.36364730145928764,0.36056684692509056,0.3681779271025637,0.36368646603430216,0.3681976544467003,0.36064078305009184,0.3597994453101032,0.3712536235968825,0.37168311903838047,0.36309423020702536,0.3606718030811078,0.35905164220593894,0.37315053959377953,0.4281476608827607,0.3030002702285661,0.4333739531448728,0.3293726595594871,0.45589062592391394,0.4861588739013586,0.34108180082913997,0.457845303398043,0.4575040457928639,0.4573488980905142,0.4585459707550879,0.3461301437921129,0.3393808732838941,0.3425392641986519,0.3453160157118093,0.5902746769347285,0.3462226046707955,0.3260222336477391,0.3294469986623464,0.38155530292641954,0.3130241365306457,0.3071427563272796,0.31906438845097895,0.34892195432924633,0.4231424291262763,0.33191229409034045,0.3361178662418989,0.32186487488935517,0.37279817091543443,0.31966556837041826,0.3603832642398128,0.18874994784274923,0.0670798960255235,0.3386205738267687,0.2940224783680299,0.2922833116341305,0.34565020823923076,0.3369173199238191,0.3206564492180647,0.3228673166410352,0.32691796081684266,0.3277558682360521,0.32869581274241155,0.3235527015886024,0.3188185086864113,0.33254885040278526,0.35304594761887914,0.4158999411134757,0.3680413263049176,0.3642524979606264,0.36724976748477556,0.36901970789793836,0.36517746205112545,0.36117358659848375,0.35728760531151504,0.3691275493498468,0.37412193915385095,0.36484200578148174,0.3609934372478917,0.35862976897895316,0.37705288877456006,0.4302983298410581,0.4336244243503662,0.32831165761023107,0.45751442637838746,0.4572700653581815,0.458500757701255,0.45743708388197013,0.45790928915867646,0.3453701459068974,0.33981720871576626,0.34122803765899296,0.3484528891907618,0.3221360283192681,0.32982775199482584,0.38115541985242485,0.31316933360455823,0.3081391834451318,0.31799614906338874,0.34951163596324086,0.42163708979689407
