,lapgyn4_anatomical_structures,lapgyn4_surgical_actions,lapgyn4_instrument_count,lapgyn4_anatomical_actions,sklin2_skin_lesions,identify_nbi_infframes,laryngeal_tissues,nerthus_bowel_cleansing_quality,stanford_dogs_image_categorization,svhn,caltech101_object_classification,caltech256_object_classification,cifar10_object_classification,cifar100_object_classification,mnist_digit_classification,emnist_digit_classification,hyperkvasir_anatomical-landmarks,hyperkvasir_pathological-findings,hyperkvasir_quality-of-mucosal-views,hyperkvasir_therapeutic-interventions,cholec80_grasper_presence,cholec80_bipolar_presence,cholec80_hook_presence,cholec80_scissors_presence,cholec80_clipper_presence,cholec80_irrigator_presence,cholec80_specimenbag_presence,derm7pt_skin_lesions,idle_action_recognition,barretts_esophagus_diagnosis,brain_tumor_classification,mednode_melanoma_classification,brain_tumor_type_classification,chexpert_enlarged_cardiomediastinum,chexpert_cardiomegaly,chexpert_lung_opacity,chexpert_lung_lesion,chexpert_edema,chexpert_consolidation,chexpert_pneumonia,chexpert_atelectasis,chexpert_pneumothorax,chexpert_pleural_effusion,chexpert_pleural_other,chexpert_fracture,chexpert_support_devices,pneumonia_classification,ph2-melanocytic-lesions-classification,covid_xray_classification,isic20_melanoma_classification,deep_drid_dr_level,shenzen_chest_xray_tuberculosis,crawled_covid_ct_classification,deep_drid_quality,deep_drid_clarity,deep_drid_field,deep_drid_artifact,kvasir_capsule_anatomy,kvasir_capsule_content,kvasir_capsule_pathologies,breast_cancer_classification_v2,eye_condition_classification,mura_xr_wrist,mura_xr_shoulder,mura_xr_humerus,mura_xr_hand,mura_xr_forearm,mura_xr_finger,mura_xr_elbow,bean_plant_disease_classification,aptos19_blindness_detection,lapgyn4_anatomical_structures --shrink_train 800,lapgyn4_surgical_actions --shrink_train 800,lapgyn4_instrument_count --shrink_train 800,lapgyn4_anatomical_actions --shrink_train 800,laryngeal_tissues --shrink_train 800,nerthus_bowel_cleansing_quality --shrink_train 800,svhn --shrink_train 800,cifar10_object_classification --shrink_train 800,mnist_digit_classification --shrink_train 800,hyperkvasir_anatomical-landmarks --shrink_train 800,hyperkvasir_pathological-findings --shrink_train 800,hyperkvasir_quality-of-mucosal-views --shrink_train 800,hyperkvasir_therapeutic-interventions --shrink_train 800,cholec80_grasper_presence --shrink_train 800,cholec80_bipolar_presence --shrink_train 800,cholec80_hook_presence --shrink_train 800,cholec80_scissors_presence --shrink_train 800,cholec80_clipper_presence --shrink_train 800,cholec80_irrigator_presence --shrink_train 800,cholec80_specimenbag_presence --shrink_train 800,idle_action_recognition --shrink_train 800,brain_tumor_classification --shrink_train 800,brain_tumor_type_classification --shrink_train 800,chexpert_enlarged_cardiomediastinum --shrink_train 800,chexpert_cardiomegaly --shrink_train 800,chexpert_lung_opacity --shrink_train 800,chexpert_lung_lesion --shrink_train 800,chexpert_edema --shrink_train 800,chexpert_consolidation --shrink_train 800,chexpert_pneumonia --shrink_train 800,chexpert_atelectasis --shrink_train 800,chexpert_pneumothorax --shrink_train 800,chexpert_pleural_effusion --shrink_train 800,chexpert_pleural_other --shrink_train 800,chexpert_fracture --shrink_train 800,chexpert_support_devices --shrink_train 800,pneumonia_classification --shrink_train 800,covid_xray_classification --shrink_train 800,isic20_melanoma_classification --shrink_train 800,deep_drid_dr_level --shrink_train 800,deep_drid_quality --shrink_train 800,deep_drid_clarity --shrink_train 800,deep_drid_field --shrink_train 800,deep_drid_artifact --shrink_train 800,kvasir_capsule_anatomy --shrink_train 800,kvasir_capsule_content --shrink_train 800,kvasir_capsule_pathologies --shrink_train 800,mura_xr_wrist --shrink_train 800,mura_xr_shoulder --shrink_train 800,mura_xr_humerus --shrink_train 800,mura_xr_hand --shrink_train 800,mura_xr_forearm --shrink_train 800,mura_xr_finger --shrink_train 800,mura_xr_elbow --shrink_train 800,bean_plant_disease_classification --shrink_train 800,aptos19_blindness_detection --shrink_train 800
lapgyn4_anatomical_structures,0.0,0.092546870176836,0.10038272480474,0.14262425200557713,0.3087248205928993,0.3393546606990745,0.589156133337924,0.2679961952839056,0.407786627192244,0.5405717531260307,0.3193048259526663,0.3073229331304907,0.3526722170880431,0.3358092104091368,0.6062644701580282,0.6236137436858339,0.17406058410633213,0.16903029783144405,0.2288130505074238,0.19795111565607734,0.13892173833929716,0.14028559748777364,0.13944955591870276,0.13893740781719233,0.13866403225691498,0.13873571324007183,0.1385182945130174,0.31396130411034195,0.2872088597673927,0.31525240448865377,0.4661102848363159,0.40074874486330514,0.4752490068845784,0.32021077234444184,0.3220492911722415,0.3343591161712034,0.3172870899497867,0.3366672021158611,0.3161653715025266,0.31551771230984677,0.3391433770592821,0.3331445436660257,0.32668891368924147,0.3122669620056,0.3209226406675929,0.3434867155758188,0.39883038659921155,0.33918274932390025,0.40067285749077897,0.38672582105820563,0.5187353611057298,0.42650645976487445,0.3599021678813884,0.5208092781645229,0.5203209887713519,0.5212287625290515,0.5212345756646491,0.3618228118445732,0.35561197928017585,0.355190865604607,0.4549814107078799,0.6640155657309644,0.40489266733391993,0.3239731537215208,0.3774129909117728,0.3731687848044283,0.36858981251231127,0.35945173378449513,0.3774104616159937,0.3856483472505356,0.4517951960040484,,0.10497738455605879,0.09983794093986462,0.14412643350161333,0.5911257786991173,0.2672695633973401,0.5367918025350031,0.35496352006643717,0.6055991595416415,0.1731658218269834,0.16844331130124623,0.23051481751574465,0.1969816610413005,0.13986205483082756,0.13958138301690898,0.14018076476949354,0.14255342600466137,0.14171376639982214,0.13707764666637928,0.142522325605898,0.2904362672330263,0.46593784837386404,0.47321980363343097,0.3238717805347033,0.3234474136913391,0.33369433679075766,0.3199250260652443,0.3355154718721119,0.3172844129555045,0.31280738443695244,0.33625955426378284,0.3370079232526168,0.32881545364771636,0.31180333463022547,0.32111736023013626,0.3450299114271532,0.39957219840597197,0.4009829099450342,0.38240647595014055,0.520285174016599,0.519679683608903,0.522270914970435,0.5211502245506237,0.5202218830932881,0.35993412908801575,0.35794557824945983,0.3547224717884094,0.40574889780184425,0.3223119791300758,0.3778450117803446,0.37234450943913566,0.3685854798429179,0.36152723342825865,0.3764478683908664,0.3860966065168142,0.4490938784769127
lapgyn4_surgical_actions,0.092546870176836,0.0,0.06825743732807027,0.07851065653377398,0.33773235600109686,0.3674511596725337,0.6167388880082614,0.2667968103657248,0.42398398577862517,0.5414450421088496,0.3224240365802299,0.307119931429663,0.35090409211651435,0.34087481850493934,0.5897468970845123,0.6136563431883575,0.19923633259152165,0.19384383986556322,0.23235419152560832,0.19375638063577508,0.11567724718576666,0.11677322180444664,0.1158468339403666,0.11611445223212832,0.11529652404913315,0.11580629620117928,0.11529210561717759,0.33612769975470747,0.26075618654827526,0.34090169341442134,0.495218599404441,0.4466499137677903,0.47395097650010143,0.3147620050374101,0.3157923495588545,0.32637727813307094,0.3124228685013556,0.32872488594709703,0.3106357365568547,0.31046528041929816,0.33183891978374,0.3251938412688003,0.3195521702395069,0.30722309536890924,0.31651694666495545,0.3340804630134055,0.3928796971159675,0.3641854501730162,0.39297992123686404,0.4292774930056147,0.5381618903080398,0.4059592094932508,0.34727565964758633,0.5401152971360177,0.5395094915078745,0.5399475040634012,0.5400157894448152,0.35067311619050434,0.35200685996872094,0.3525756827646649,0.4595226094262104,0.6718743068368527,0.37227395920837314,0.3074133171124148,0.36300458807776503,0.3451246322105665,0.3406092289782494,0.33449562300933167,0.35219335695294873,0.3893317996151122,0.4636685327972586,0.09371292926680402,,0.06681618754403615,0.07914482456988764,0.6184544934300408,0.2662416420227348,0.5377477060031326,0.35348041122826446,0.5889719002461606,0.19898441900751876,0.19267689829194234,0.23349764024550657,0.1930562538590711,0.11734587943204666,0.11642218673403612,0.11628857625154376,0.11888013657401585,0.11617714304891133,0.11434195852675329,0.11941110499671127,0.26200673639944594,0.49513942034192404,0.47229085300815943,0.3177853896171897,0.3164159445732897,0.3252573024403185,0.3139105427579115,0.3283187167179887,0.3119828721746879,0.3088576278855675,0.3288759024498903,0.32818950332823194,0.32170285166933255,0.30643012679889314,0.3156543720914885,0.3353193381391737,0.3926773316330657,0.39386821427138163,0.4250280617652127,0.5393661225691078,0.5388428785684063,0.5412741505798735,0.5401999276965236,0.5397145848988705,0.3488309836617604,0.3540332300712129,0.352157095800917,0.37304766327456484,0.3053672090585971,0.36206269689246895,0.3447226943230264,0.34143209358337423,0.3371805115041475,0.351688811583596,0.38973168319309287,0.4611093981009308
lapgyn4_instrument_count,0.10038272480474,0.06825743732807027,0.0,0.07408231354301434,0.3127528121030351,0.34777375586476833,0.5917544710209852,0.2671859973032114,0.39603681572808985,0.5214180823873847,0.2964971021197781,0.2816271543358524,0.3321499270593744,0.32079352260961824,0.5692600901243983,0.5886363678145387,0.18988424268019688,0.18485878611011872,0.2379630115251472,0.20880053039581492,0.10443788855171754,0.10601911639151532,0.10462733321698856,0.10458186193390895,0.10428795759105859,0.10454799479688949,0.10413875324118055,0.317107463569802,0.2703887235504712,0.3405307738250091,0.469474071492582,0.41289603912146633,0.46021204857606235,0.32126076154597805,0.32448228241109117,0.33636346382268584,0.3186323658157666,0.3389187964740845,0.3174934081895677,0.3174522555122474,0.3416438341543546,0.3346353193313305,0.32818438712489184,0.3132773576525497,0.3239772204173273,0.3448131780659703,0.3936027879571028,0.34632550201968776,0.39533282755989535,0.4082013067155629,0.5111006120911101,0.41679745928711803,0.3482255555331977,0.5130098707995314,0.5126420142156314,0.5129873680037457,0.5129788659459773,0.33899594533836525,0.3438438193774093,0.34485212639405455,0.4544846396618795,0.649276192461941,0.36302808985612567,0.3019197389048572,0.3453105535866846,0.34737542086190637,0.3277762283184662,0.32512496389931944,0.3402547711206519,0.37936515496572365,0.4409371671370724,0.1010389204547675,0.0722044509813957,,0.07663184331804435,0.5932999262783147,0.2663457788331808,0.5176324556240668,0.33452747093445667,0.5683694633248444,0.1896780683601309,0.18323047563182904,0.23902743073287613,0.20833553339907449,0.10616406851775839,0.10526569259741879,0.10604232887887621,0.1075997456194592,0.10511618858507049,0.10291299939490628,0.10717902480072823,0.27309383035025764,0.4693876252669844,0.4586025801651251,0.32553967282315965,0.3255316057359924,0.3347836495468056,0.32138115461690964,0.33766496374474186,0.3188109989910287,0.3152579926438332,0.3387041490712649,0.33834380689188165,0.3304727854751516,0.31238993106544144,0.3236101918187959,0.34621177465358066,0.3943461173564732,0.3965397000267232,0.40426277398053034,0.5123935674447551,0.5118754973987232,0.5144396826546239,0.5133381064764562,0.5125001624563826,0.33788293907511047,0.34587551496160923,0.3444887316852282,0.36373592811075695,0.2998490371711871,0.34454400275445524,0.34695500592923056,0.3281392063265183,0.32705101763435884,0.3396520257154504,0.3797186345427893,0.4385605887801354
lapgyn4_anatomical_actions,0.14262425200557713,0.07851065653377398,0.07408231354301434,0.0,0.38476245222037087,0.41541014045823327,0.6547953066287937,0.32136203280943937,0.4494808463391671,0.5724200547546873,0.34892813245826254,0.3332445323690409,0.3838541667089491,0.3769909981156071,0.6151761354192642,0.6364125262686808,0.25937074790494924,0.252018871366903,0.288961583295162,0.2554662811194677,0.14688675425656209,0.1482177013358379,0.1466538965458246,0.14705534451976288,0.14645496889175857,0.14716658682987654,0.14629402526068738,0.3866391885726842,0.30173855754640244,0.4053404736851733,0.5452787764859994,0.4899527923919122,0.5135830793518162,0.36450394462393526,0.3668380286608999,0.3767228495398398,0.3630732484431251,0.3787012351071809,0.3609013570840927,0.36193752807550733,0.38219792525779483,0.374526785789013,0.3697052108444078,0.35789825650185364,0.3663701157759838,0.3832696116523801,0.4377044663889879,0.41415345137059434,0.43778643252565597,0.4840907332950925,0.5787689852013573,0.44437990095635105,0.3974212395350433,0.5807201098970984,0.5801127712713339,0.5803620237679721,0.5805278422024629,0.39478131140787587,0.40275963492915484,0.4042822474041571,0.5119567236834656,0.7047235100863429,0.4027587935046346,0.3501342235795229,0.3962388491922638,0.381227743916468,0.370398001539074,0.3632540015694894,0.38649530162633805,0.4247433510353595,0.5030835343766296,0.14371705087085695,0.08515440967636241,0.07346578840299997,,0.6563047783030362,0.3204181174101275,0.5690227334024782,0.38658641016157225,0.6137743915463354,0.259402025656365,0.2505138156103136,0.28977986940598044,0.25532908165899915,0.14930493736099365,0.14769439401690823,0.14803105568482577,0.14996250123736055,0.145394851580222,0.14528354191648174,0.15028581849159156,0.302972586955925,0.5452599329243538,0.5124290662304529,0.367822630875566,0.3671913844561287,0.3749773988593984,0.36471195478667895,0.3782982301967821,0.3622487522121024,0.3601420762041027,0.37937550828480154,0.37731204043697053,0.3721062013633054,0.3573910704510233,0.36540744210066345,0.3842154860389596,0.4377783536069503,0.4390254877433182,0.4802422157336698,0.5797893052585237,0.5794495495263959,0.5819861635654533,0.5804956869614126,0.5802472216555528,0.3933519314963481,0.40470017575834893,0.40374642841352476,0.4035871698893726,0.34764845707845193,0.39498998292127635,0.38110464996912846,0.37131625381463784,0.36554435252824036,0.386406517250846,0.4251021851965274,0.5006890395378011
sklin2_skin_lesions,0.3087248205928993,0.33773235600109686,0.3127528121030351,0.38476245222037087,0.0,0.33042504768582953,0.5006723534873211,0.3491629258377591,0.3724361824488733,0.4803219724999114,0.2891889106428964,0.27757646811952086,0.3294892359171019,0.3004569087372225,0.54919123983654,0.5538791091197429,0.22462127023868855,0.2407153063292421,0.33604824495660035,0.3326613752869151,0.3015244485416061,0.3039025172352007,0.303628955490987,0.301423906865654,0.3023704323893741,0.30267455818481237,0.3030201494834982,0.14179123071551553,0.3548738456649827,0.26841773951465864,0.4081837889374359,0.23596007395230545,0.4426076679129637,0.3748048928568143,0.38126357703148206,0.39379089296052905,0.3720197736883429,0.3967026371675011,0.37127105718919495,0.36923269219320975,0.3992631396182078,0.3944104354195825,0.38316107965103935,0.36120239555871847,0.3821044694337692,0.40246226570967875,0.45700421974339844,0.1373593007031481,0.46282777623471033,0.19477765392473878,0.3937934088325357,0.5084498515618291,0.37610493755123475,0.39595501856979487,0.3959435993071516,0.3964026076829311,0.39720406359851823,0.30203189800899927,0.28691369394658556,0.2890084746284467,0.4003493172528477,0.5618660002341822,0.4356806135702247,0.36101797490790344,0.39264917610874756,0.4436926160845848,0.4012246859441031,0.40034734436315433,0.38957127435637307,0.35695696415190387,0.3403092276734453,0.3067110288563779,0.33524127764983425,0.31892529255075613,0.3876162495394123,0.5022517898784116,0.34698551173504166,0.4764257534410105,0.3305018719932711,0.5481155289243691,0.22533097799633128,0.23747122222046446,0.33668106192486624,0.33410016186020497,0.29993759162229444,0.3030466894770226,0.306286856378503,0.3062755980482498,0.3096571021822665,0.30115749193529523,0.2989928564962958,0.3632605152099254,0.4083285471468874,0.44023230408051184,0.3813112073119104,0.38548422083069683,0.39161022595964823,0.37550607250787993,0.39223562167059534,0.3718530543240186,0.36495974788418295,0.3961060200706338,0.3983964363032011,0.3853522572454293,0.3606470840975034,0.38447429922267096,0.40542156739286883,0.45908714250342747,0.462777795773988,0.19354352002552427,0.3953937503264363,0.3949065159886938,0.39780158321439374,0.39587946097244764,0.395947047632157,0.29964415292667046,0.2874119474976455,0.2886673103723456,0.43756861688473736,0.3584394321871083,0.39429807190472893,0.4423144685723047,0.40063665378217694,0.4013336590527664,0.3875752280551358,0.35701157241650794,0.33807308310906725
identify_nbi_infframes,0.3393546606990745,0.3674511596725337,0.34777375586476833,0.41541014045823327,0.33042504768582953,0.0,0.3142985041849783,0.442360181980518,0.2987925429391807,0.35316687403321856,0.24712637945323948,0.23726997340595454,0.3128262919438013,0.271063110958613,0.4957554762709119,0.4959073738356049,0.3121556511051704,0.3225053004584967,0.40979220101674885,0.39046071493706014,0.35591088770328205,0.3599688574075594,0.3571468834064726,0.3555472934480234,0.35746435389481335,0.35696657132429677,0.3593607457691922,0.27546308622963156,0.37278829754907916,0.28682882312735647,0.37055317893933193,0.34469080561015863,0.48737881892504237,0.42262032062920607,0.4148414381086366,0.42200816344748393,0.42242917912895195,0.421780525802098,0.41806342668511415,0.41760378793986497,0.4244723628301515,0.4290754811818235,0.4172931378178078,0.4169680175800574,0.4157643649259656,0.42609656365143667,0.48535350075759776,0.2954869882119068,0.4953205739708465,0.2833571299062082,0.5164286620896742,0.5749889157904802,0.4453481037815331,0.517879286975484,0.5179607608240083,0.5179771800534424,0.5194169501323165,0.4679432029008676,0.46039228695512036,0.4618717158152865,0.34477629918889463,0.6637901850494844,0.4558611323758309,0.4119242504829741,0.4115987013866015,0.4965626328371869,0.4121259873870099,0.4185380048904308,0.4253569996935321,0.41036454694086133,0.48686126206486896,0.33787552032066004,0.3583197412605592,0.35267227261960343,0.4191871789496054,0.31374068676999367,0.4394602776002646,0.3544248680037293,0.3143373369808622,0.49421679710343797,0.3105886263127844,0.3174127952302065,0.41142921647951003,0.39087386016446757,0.35366703387856285,0.3541758469656303,0.3608759415712943,0.3629877833001232,0.36476158168814377,0.35708376380067264,0.35330404925347986,0.3829965846154413,0.3727589938766295,0.48540065240882724,0.42656210197147354,0.41920751922578114,0.4214768601366435,0.43008103390817287,0.4162036224782225,0.4163515946605746,0.41283896801842124,0.421354715738928,0.4320367947183118,0.4186776393744307,0.4182077061141798,0.417270742847157,0.4303176130019169,0.4892172277783864,0.4951426370628592,0.28327338242234135,0.5171237409346371,0.5178588942555834,0.518987448907663,0.517916925348067,0.518504082628722,0.4677646512375171,0.4609175445652711,0.4594606304640845,0.45787156148736485,0.4088618442031845,0.41365663863369073,0.4956760160426892,0.41175869544763455,0.4182756607068767,0.42278707932754556,0.4110337165782867,0.48476725131737597
laryngeal_tissues,0.589156133337924,0.6167388880082614,0.5917544710209852,0.6547953066287937,0.5006723534873211,0.3142985041849783,0.0,0.6624131435306012,0.4012639099071693,0.3417238857437903,0.3614652762178779,0.3619480131304408,0.36255650999692335,0.3221686141870078,0.5650453946245902,0.5559042545633904,0.5623136239715855,0.5678532404838266,0.6396638603010252,0.6463692809052854,0.622644026591644,0.6269645942560071,0.6238785218260846,0.6219189160347491,0.6238692584496572,0.6239934333568776,0.6255864964220346,0.42459448968286695,0.5944554154675782,0.502993678650124,0.5430923642142007,0.4916167177156182,0.6779926672966905,0.6643106539614292,0.6610576740442524,0.6636963921837329,0.6665687347075122,0.663303609923092,0.6616045391333166,0.6632322567760691,0.6660312537475823,0.6700390273848169,0.6597030470180634,0.6626985071234709,0.657688551627687,0.6642933985415745,0.696384495600298,0.4793834384505901,0.7073751203285322,0.38653218320723765,0.6796782440240076,0.7929224786578445,0.6731554028103583,0.6814331151546524,0.6812729462070701,0.6807894886375475,0.6826438371737288,0.6354551330407056,0.6258141932813116,0.6293211850845348,0.5056490352307709,0.8040945616024024,0.6343173201094876,0.624904888895059,0.6153774592741899,0.6930970472389311,0.6105063840808673,0.6107594372032064,0.6174481223524781,0.5947645611179173,0.6761360520453102,0.5876589671596766,0.6263805080245604,0.5978451481752962,0.657778005432332,,0.6595430657324319,0.3452826644976187,0.36315683065986837,0.5624660299479777,0.5620516988884259,0.5645987795249063,0.6406668856557688,0.6471310448749374,0.6197922532058378,0.6218266180337729,0.6282917920743268,0.6298172817395951,0.6310071991001527,0.6223952356266641,0.6191566237630011,0.6073183454810571,0.5441470798802008,0.6767270238271408,0.6694370576437556,0.6656157166576826,0.6623754658265308,0.6739873424615292,0.6583861592400642,0.6607666556148306,0.6583441050804659,0.6637510103787179,0.671826759258253,0.6603064013403218,0.6642334506591373,0.6585978450068777,0.6697980548848836,0.6999480287223452,0.7067441824698002,0.38894799520697676,0.6811652575777128,0.6816580141042511,0.6818653375500787,0.6804857606636378,0.6820589767296485,0.6348734650769727,0.6263904396205929,0.627135883039613,0.6364855780383754,0.621650702747653,0.6170421784993562,0.6931046553046627,0.6098058367267157,0.611137573222055,0.6165990912842849,0.5961385338558216,0.6748847017468025
nerthus_bowel_cleansing_quality,0.2679961952839056,0.2667968103657248,0.2671859973032114,0.32136203280943937,0.3491629258377591,0.442360181980518,0.6624131435306012,0.0,0.4910397902066661,0.5406741610969004,0.3693447780093523,0.3526258470015886,0.3790742375268229,0.3673768691600443,0.6102720917531297,0.625400951850382,0.1712817535144931,0.14800498424324482,0.0896399210046126,0.14055745611527193,0.21091053542609917,0.21117860582631048,0.21102722220772588,0.21137785059453532,0.21120391628582424,0.21099045741001582,0.21147862074151114,0.35616967421989076,0.22967250160894154,0.39173314951175586,0.5179907390314018,0.4932996371913764,0.43975914426630214,0.3321456519555466,0.32791129470361363,0.33981351799091203,0.3276437263139319,0.34081894991754874,0.32616208165779226,0.3235613756018363,0.3444470953084304,0.3422948553118764,0.33259933724712926,0.3220946263439922,0.3372171753467871,0.34842596126598024,0.4330722000937536,0.3811949557501294,0.43252561879677165,0.4573931988357949,0.48960093426581275,0.4452131554997225,0.312836328038993,0.4912453285649832,0.49081780875850234,0.49154669116139366,0.4907926417926855,0.25392470088753294,0.2472868399757019,0.24526802621829666,0.49860094077605455,0.618983354891754,0.3920569043906745,0.290539699171491,0.34472566974624447,0.36468731695845985,0.35880762949364714,0.3362496658647056,0.3433869818919765,0.46859765722755387,0.4140430295116827,0.2678574481670508,0.27735325746016515,0.2681368491827863,0.32072142905201273,0.6644019170874073,,0.5350191325668499,0.3795925974072161,0.610499274198345,0.17163657812261368,0.1518104194306894,0.08980819328849249,0.1403431392674631,0.21010580179449234,0.213139611276891,0.21305303247213064,0.21275132434723998,0.2142554241631815,0.21159413905423935,0.21075884560016847,0.2302122732148361,0.5185619633157839,0.4378663611352699,0.33678605186626953,0.32944181959823515,0.33803343039497047,0.32967270617579464,0.33954399693047976,0.3270927862461735,0.32205015147797833,0.34168334548032975,0.34610481210364197,0.33493332348720806,0.32078618780004997,0.3370647191531592,0.35004829376778235,0.4320563079205978,0.43364419444478897,0.45409941457699937,0.4912182036699205,0.4898299508586102,0.491815127866589,0.4914984018863927,0.48989953518669127,0.25256557590255024,0.24972630341943383,0.244428139085422,0.3938990687477375,0.28806959993506687,0.34459258788454317,0.3640193433654808,0.3584721082130395,0.3383946034960867,0.3428500985755696,0.4690784798229317,0.41105147901312133
stanford_dogs_image_categorization,0.407786627192244,0.42398398577862517,0.39603681572808985,0.4494808463391671,0.3724361824488733,0.2987925429391807,0.4012639099071693,0.4910397902066661,0.0,0.40048253927110167,0.1458616456784486,0.1438068442549988,0.2328920671779151,0.22645673770826086,0.48451858874539255,0.4873683155135136,0.39110203136282196,0.40474280764331505,0.4677598444725572,0.4660923022689327,0.43475414839106413,0.4383515815310228,0.4360280045506406,0.43411523401799657,0.4354614082657543,0.4358043433965417,0.4370974904991697,0.3211007792324377,0.4473054287468441,0.355207518774729,0.4027389445548247,0.34342360424608454,0.47214991019848307,0.4871261267925727,0.4829505751235316,0.48695282773913273,0.4884940899262983,0.48708486226282754,0.4844360380183316,0.4840589909715003,0.4895481980379469,0.49225654571002375,0.4836721441959765,0.4860759689459174,0.48024918233555547,0.4898331129245308,0.5252519404838905,0.36362255387513037,0.5341415980686093,0.3538344709227884,0.5037599858352504,0.593628425978497,0.44814329970547834,0.5050804028726787,0.5055056572515391,0.5050282731026549,0.5066861527346128,0.4692976439761444,0.45787491785157386,0.46051217737292494,0.41556093257302784,0.6124758268017718,0.4366707831154244,0.43633873901114584,0.4096993596630568,0.4987038740785479,0.3916970511435519,0.40664383458551795,0.41111340470826263,0.3862449989290234,0.48861834375470997,0.4053645755930938,0.41965927192529395,0.40122987887885764,0.4532620317512945,0.401140143259577,0.4887168140506874,0.39891067916385947,0.23579804697694096,0.48298535335635795,0.39043172060836384,0.4016516179006343,0.4684772264336987,0.46694422140148695,0.43414758299604694,0.4351913471492628,0.4405148888645255,0.44046944857704806,0.4417314564766357,0.4355557642677187,0.43154036682539054,0.4567870885745702,0.40373826040864946,0.4720157847255206,0.4916655429053062,0.48672927313901326,0.48699011736141873,0.49477610820849227,0.4832646304688055,0.4851298711034442,0.48032061713982716,0.48773457118023855,0.49418465302534076,0.4844576414535471,0.48661063922564524,0.4797167871529986,0.4942158901744431,0.5284402876911108,0.5339433098757084,0.3554108339549673,0.5042487891814409,0.5051957614923441,0.5061472898714428,0.5044257399190706,0.5055389061544187,0.4693246487899517,0.458991998586089,0.45817782920881533,0.4390122161896469,0.43186952083709296,0.41069557043535043,0.4985514933326115,0.39118979659464004,0.4072216956855886,0.40971721951788875,0.3862900008508337,0.48744639531591827
svhn,0.5405717531260307,0.5414450421088496,0.5214180823873847,0.5724200547546873,0.4803219724999114,0.35316687403321856,0.3417238857437903,0.5406741610969004,0.40048253927110167,0.0,0.32966291229581984,0.31593962839784256,0.21828508572976654,0.19192235429017626,0.370929005572217,0.3660455394131265,0.4888216491514876,0.48869309852610676,0.5241406650282887,0.5280442814287342,0.5247122295124904,0.5284053067457366,0.5256863317088707,0.5246841449987991,0.5262113590756712,0.526053420766432,0.5279190527942537,0.43855426098517447,0.4970304344018498,0.4592536721083812,0.4977111936423203,0.5390739146730746,0.5894763522333225,0.5340899432457746,0.5265322065780819,0.5303450377359897,0.5339766594571252,0.5296922873814027,0.53037889605654,0.5301759453796082,0.5324708760176903,0.5368074183139337,0.5268466611071767,0.5300456445673088,0.5249873883048535,0.5327609680853995,0.5881748574904366,0.47494225228648024,0.5960419947046782,0.45801777927620047,0.6338342947561948,0.6626823569227183,0.5382708840487938,0.6352162319277436,0.6353331513013227,0.6345957284757157,0.6358201669825474,0.5382305158143224,0.5266152809834512,0.5297354882395031,0.4887287308738607,0.7535983035136055,0.4828294428511216,0.48524891549823,0.474495830698626,0.5421546865870323,0.46222892405693916,0.4411443043180848,0.4634227146324099,0.5453649561128601,0.6118110808896464,0.5404686255400275,0.5397186664924254,0.5256717227685908,0.5735081954251893,0.34293839703146695,0.537686736728116,,0.21625536511250193,0.37060494946462447,0.48896184067960907,0.48596488648092884,0.5238867596834702,0.5300877003610879,0.5220474420463972,0.5243826642887428,0.5301229752384691,0.5322796185568219,0.532375571004881,0.5265455393530678,0.5211926955440948,0.506832679262109,0.4987226388293581,0.5885049321283167,0.5387607730590165,0.5301523227151861,0.5287979309018157,0.5407645483554031,0.5248900848909925,0.530268585480574,0.5267703072360416,0.531032664049181,0.5384858366274412,0.5285851880309264,0.5319917469961861,0.5258549995942087,0.5366683994379947,0.5907820853134242,0.5958113908996552,0.45951709169538074,0.6348786968946074,0.6348897192996069,0.6357070353924097,0.6344082770456199,0.6347861601032949,0.53722317970209,0.5263475958134607,0.528117735476821,0.48527554996566097,0.4821491885177495,0.4754921795328194,0.5422499707838866,0.4616636245519944,0.4412007891851132,0.46271089050876135,0.5463756048819186,0.6102190350497483
caltech101_object_classification,0.3193048259526663,0.3224240365802299,0.2964971021197781,0.34892813245826254,0.2891889106428964,0.24712637945323948,0.3614652762178779,0.3693447780093523,0.1458616456784486,0.32966291229581984,0.0,0.061833245658115106,0.1614448767904995,0.14434891509111972,0.3854843825760364,0.3903818853597152,0.2887214069687247,0.29237320880253753,0.3523279084640235,0.34506588558208484,0.32082837554252414,0.32389248044765495,0.3216792533707405,0.3200268652409025,0.3212955542184798,0.3219676688262289,0.3228058729630472,0.24545840134641017,0.3191876681282493,0.291777280350179,0.3200731085282657,0.3093538449310423,0.3748332298807202,0.37986182297731663,0.3781612133659897,0.38528557831602495,0.3811952936122278,0.38511928711028265,0.37704857043303563,0.3773295021433173,0.38810627748378884,0.3879283609762433,0.3789852745155513,0.3777635604016749,0.37715811506760333,0.3883570461672343,0.42918239291691795,0.2927381576017252,0.43600193682237587,0.28976143834189694,0.4154695077059954,0.49008262182908435,0.32552161354334663,0.41716623391061186,0.41720385905660523,0.4167650809985675,0.418290856234471,0.3376434780734627,0.33027717638264276,0.33337727974538395,0.346656295631386,0.5345482686157732,0.32299205365715145,0.3191281754567332,0.29964273708584044,0.37307239987855356,0.28087303439708156,0.2839457844094531,0.29509944224748635,0.3100512319324733,0.3932765966183686,0.31763285427023524,0.32271460311145833,0.3024337310420686,0.35146613868026905,0.36098420342954907,0.3671304909787227,0.32661537932251794,0.16409416876271993,0.3841509617739577,0.288565982278023,0.2907308216396685,0.3525858467008993,0.3465817380835189,0.3199805130127735,0.321115946843238,0.32647107983026125,0.326590661385898,0.32743206429240346,0.3218491552680844,0.31756712455314584,0.3281522675575318,0.32106060389828756,0.37453863737970544,0.38488050350426883,0.38252435264775564,0.38405031618499463,0.38739169043335897,0.3821518561433502,0.37799388715047894,0.37363652918290696,0.3859375242768762,0.39042381980358426,0.3806108352771206,0.37835088298578645,0.37647849226598273,0.39281328877461386,0.4319138021130356,0.4360361322842398,0.28997205028722917,0.41638245879918684,0.4170003750186033,0.4178959201304919,0.41654818139047833,0.4175728336990109,0.33750847933895883,0.3314661622921665,0.33115180223866564,0.3255315485731569,0.31416307596262105,0.3001265004769831,0.3727843514312971,0.2806068107965336,0.28499331929514626,0.29373038051253086,0.31033526092950625,0.3922620277301284
caltech256_object_classification,0.3073229331304907,0.307119931429663,0.2816271543358524,0.3332445323690409,0.27757646811952086,0.23726997340595454,0.3619480131304408,0.3526258470015886,0.1438068442549988,0.31593962839784256,0.061833245658115106,0.0,0.15702025961662808,0.13741080670724098,0.3790749934823795,0.38475298345361053,0.2734202517932446,0.27726644710059334,0.33806180211289794,0.32771111777739903,0.30036346737884323,0.3033793595964635,0.30121989462381893,0.2995596038121199,0.3011164219956084,0.30149672810857453,0.3025517031855827,0.23573912241043643,0.3008850347244015,0.28116769951570364,0.3151831278889749,0.30327529451629354,0.3578606093571502,0.35900131192099116,0.3582623299807537,0.36608939969407306,0.36041921779219377,0.3663240726310131,0.35642211740160074,0.35697206295318795,0.3689423654798921,0.36845444669084165,0.35941350634737707,0.3571112724325476,0.35739574061887436,0.36992359802754954,0.40856894510324665,0.2814492199361399,0.4151933634927858,0.2835897661840503,0.3935411892610802,0.46891635130679393,0.30797126782724715,0.39545026743767986,0.3954322616353882,0.39481314017689184,0.396308156212233,0.3217561176450334,0.31543227366895454,0.31876252774288394,0.33430605396149476,0.512582692599992,0.2981259619433993,0.29483647225625054,0.273253938671515,0.3535105400939276,0.254214299880137,0.2595185337080884,0.26991840211106644,0.3024820576854642,0.3713893107778119,0.30618557036136285,0.30295854796330174,0.2872617255153792,0.3356956574057709,0.361817424286211,0.3506260491711505,0.31303771037256056,0.15909672780339335,0.377706823823695,0.27349704574660777,0.27539013853271105,0.3383477178251542,0.32910972700355856,0.2997022983868718,0.30085028823519205,0.30544884691865815,0.3060860907215265,0.3069091070122981,0.3017888121700667,0.2969614421490835,0.3099146592732921,0.31609575111808824,0.35733101072623163,0.3644279976324199,0.3624317685395868,0.3649645248673059,0.3665700164255219,0.3634268992331499,0.3575668369553654,0.3532122334643095,0.36676674925682906,0.37105887524257064,0.36125755155815525,0.3575714562514426,0.35672047220729663,0.37420238268836326,0.4113894300475711,0.41493352196992817,0.2835393851038331,0.39456094616591153,0.39521689959752127,0.39610060264898034,0.39491159017460986,0.3956531204348415,0.32165920571097073,0.3165500734176465,0.3165794889953524,0.30051461317970973,0.28982888778716476,0.2736198762419292,0.35337305015394677,0.2539325964899852,0.26046234150442055,0.26855377290483373,0.3026753027675737,0.3706499020026972
cifar10_object_classification,0.3526722170880431,0.35090409211651435,0.3321499270593744,0.3838541667089491,0.3294892359171019,0.3128262919438013,0.36255650999692335,0.3790742375268229,0.2328920671779151,0.21828508572976654,0.1614448767904995,0.15702025961662808,0.0,0.06620141835044713,0.3570264512259812,0.3654520005810266,0.31377064846621444,0.31338910858121494,0.36223874560081554,0.3504576745945879,0.338269406622253,0.34118932687384895,0.33926860757276683,0.33835514516965337,0.3391002771432018,0.3394231015968253,0.34047597235757143,0.29278033839314466,0.3436944682635013,0.3064389809498317,0.4004126434800314,0.39244939520666067,0.44510425865555553,0.3855801040577921,0.3812093424065495,0.38827120535790716,0.3852290428859651,0.38813516383415836,0.38209640950683144,0.3810163280632243,0.3915733662603315,0.3925780662336421,0.3836506669017776,0.3821513619304413,0.3808749483246261,0.3932203478474414,0.45372109779058006,0.3320425877098433,0.4599230650611546,0.371552636677451,0.4869152119532976,0.508041111748108,0.36430683471867237,0.48864019172327516,0.4883621879866023,0.4883989405509924,0.4893600886681462,0.3673209358312338,0.36228297049683034,0.3651820369449673,0.364455274282523,0.6142758650434692,0.3698277009483902,0.34525759271691603,0.3471857035009186,0.40201438047810223,0.3331898096515468,0.32749972940264505,0.3378824504094546,0.37089960739738825,0.45141523324943766,0.35146523339127655,0.3511362450347575,0.33646933732557477,0.38590577326546927,0.36404052945338744,0.3767571402310992,0.21518149737241873,,0.3565146338153073,0.31313714735712833,0.3117004453591412,0.36254721210196106,0.35202391345953343,0.3371116289725564,0.33911405810896156,0.34313529415349237,0.3435030959496883,0.34452065672239307,0.339981449075625,0.33549504989795187,0.3509551159641325,0.40066521586430637,0.44461871971350986,0.3899376935293596,0.38442533513439525,0.3873877260183025,0.39039782957039865,0.385287445387401,0.38278980135071444,0.3785005641799686,0.3894210272922066,0.3947665692597022,0.38559492417632407,0.3823838694554359,0.37980007469605803,0.3972100174772578,0.45611903324615777,0.4598939348517747,0.3702091929925573,0.4883505770921155,0.4881466223220112,0.48927342742491853,0.48822367123429267,0.488972262263209,0.3662767278444409,0.3626976840293771,0.3640283384056624,0.3718064860101763,0.3412646612459503,0.34743484905036903,0.4014896306507296,0.33305411418694275,0.3286282791021169,0.3367719212613304,0.371191060068772,0.4495485693670023
cifar100_object_classification,0.3358092104091368,0.34087481850493934,0.32079352260961824,0.3769909981156071,0.3004569087372225,0.271063110958613,0.3221686141870078,0.3673768691600443,0.22645673770826086,0.19192235429017626,0.14434891509111972,0.13741080670724098,0.06620141835044713,0.0,0.33743459484279814,0.3425590931329636,0.29547806809794996,0.29545624785601454,0.34871040135092524,0.33927280735311904,0.32579156240254026,0.3288816641448714,0.32686823808924914,0.3257571089818636,0.32670177999318073,0.32725019819839485,0.32826529942722626,0.2611053454171355,0.3281890600585599,0.28341750065641524,0.3527139101183915,0.35839835646189655,0.4178013782759776,0.37012757624921266,0.3667536339752156,0.3743612018438146,0.37023603534165983,0.37423470589016183,0.36706684657040745,0.36621221292721384,0.37732835469295456,0.378203709258251,0.36917007028144044,0.3670300565411294,0.36475562941208284,0.37914821199459087,0.43459704210318867,0.3027282487115963,0.44053968309115826,0.32970793893625294,0.4553672230645538,0.4975279155629214,0.345225910099472,0.4572985504829038,0.4570102448329487,0.4568525906329284,0.45805224812522094,0.3487862449963498,0.34210534583556207,0.3453108239572198,0.34343684877759917,0.5899606793609942,0.34944518238412614,0.3299611835046732,0.33105543741078425,0.38695544858512626,0.3148304003522344,0.3086985682911322,0.32102522939218736,0.3490182524853507,0.4245764239427876,0.33441979624908785,0.34058544776231425,0.32536856590266605,0.3791064748624383,0.32354381296070767,0.3647749893850257,0.18893696025419587,0.06708955996916001,0.33696611827095024,0.29507577255489326,0.293557779214608,0.3490328958212092,0.34092325033962195,0.3244692174054831,0.3266854231042434,0.33101390673052217,0.3318522300779402,0.3328553049803788,0.32739976302848445,0.3224713012818352,0.33647462125274097,0.35292488194483235,0.4169658974606016,0.3746254712703342,0.3705860229731596,0.3732972931672267,0.37587721671188684,0.3708607720895329,0.36748881221166185,0.36345118277323246,0.37518165674509457,0.38063978023165096,0.3709144202675283,0.3675038313165653,0.36453314140134646,0.3832642430772599,0.4369953079001958,0.44068373037346464,0.3284991210501843,0.45696754143186025,0.45675992422523454,0.4579728844012563,0.45692600818149764,0.4573879513140364,0.34807819599995127,0.34259671151334203,0.3439490772296148,0.3516716278636862,0.3259399865526337,0.33148863135539497,0.3864308770170185,0.31493799471258344,0.3096298192656469,0.31986280545405377,0.34961386519142945,0.4231504215645063
