,lapgyn4_anatomical_structures,lapgyn4_surgical_actions,lapgyn4_instrument_count,lapgyn4_anatomical_actions,sklin2_skin_lesions,identify_nbi_infframes,laryngeal_tissues,nerthus_bowel_cleansing_quality,stanford_dogs_image_categorization,svhn,caltech101_object_classification,caltech256_object_classification,cifar10_object_classification,cifar100_object_classification,mnist_digit_classification,emnist_digit_classification,hyperkvasir_anatomical-landmarks,hyperkvasir_pathological-findings,hyperkvasir_quality-of-mucosal-views,hyperkvasir_therapeutic-interventions,cholec80_grasper_presence,cholec80_bipolar_presence,cholec80_hook_presence,cholec80_scissors_presence,cholec80_clipper_presence,cholec80_irrigator_presence,cholec80_specimenbag_presence,derm7pt_skin_lesions,idle_action_recognition,barretts_esophagus_diagnosis,brain_tumor_classification,mednode_melanoma_classification,brain_tumor_type_classification,chexpert_enlarged_cardiomediastinum,chexpert_cardiomegaly,chexpert_lung_opacity,chexpert_lung_lesion,chexpert_edema,chexpert_consolidation,chexpert_pneumonia,chexpert_atelectasis,chexpert_pneumothorax,chexpert_pleural_effusion,chexpert_pleural_other,chexpert_fracture,chexpert_support_devices,pneumonia_classification,ph2-melanocytic-lesions-classification,covid_xray_classification,isic20_melanoma_classification,deep_drid_dr_level,shenzen_chest_xray_tuberculosis,crawled_covid_ct_classification,deep_drid_quality,deep_drid_clarity,deep_drid_field,deep_drid_artifact,kvasir_capsule_anatomy,kvasir_capsule_content,kvasir_capsule_pathologies,breast_cancer_classification_v2,eye_condition_classification,mura_xr_wrist,mura_xr_shoulder,mura_xr_humerus,mura_xr_hand,mura_xr_forearm,mura_xr_finger,mura_xr_elbow,bean_plant_disease_classification,aptos19_blindness_detection,lapgyn4_anatomical_structures --shrink_train 800,lapgyn4_surgical_actions --shrink_train 800,lapgyn4_instrument_count --shrink_train 800,lapgyn4_anatomical_actions --shrink_train 800,laryngeal_tissues --shrink_train 800,nerthus_bowel_cleansing_quality --shrink_train 800,svhn --shrink_train 800,cifar10_object_classification --shrink_train 800,mnist_digit_classification --shrink_train 800,hyperkvasir_anatomical-landmarks --shrink_train 800,hyperkvasir_pathological-findings --shrink_train 800,hyperkvasir_quality-of-mucosal-views --shrink_train 800,hyperkvasir_therapeutic-interventions --shrink_train 800,cholec80_grasper_presence --shrink_train 800,cholec80_bipolar_presence --shrink_train 800,cholec80_hook_presence --shrink_train 800,cholec80_scissors_presence --shrink_train 800,cholec80_clipper_presence --shrink_train 800,cholec80_irrigator_presence --shrink_train 800,cholec80_specimenbag_presence --shrink_train 800,idle_action_recognition --shrink_train 800,brain_tumor_classification --shrink_train 800,brain_tumor_type_classification --shrink_train 800,chexpert_enlarged_cardiomediastinum --shrink_train 800,chexpert_cardiomegaly --shrink_train 800,chexpert_lung_opacity --shrink_train 800,chexpert_lung_lesion --shrink_train 800,chexpert_edema --shrink_train 800,chexpert_consolidation --shrink_train 800,chexpert_pneumonia --shrink_train 800,chexpert_atelectasis --shrink_train 800,chexpert_pneumothorax --shrink_train 800,chexpert_pleural_effusion --shrink_train 800,chexpert_pleural_other --shrink_train 800,chexpert_fracture --shrink_train 800,chexpert_support_devices --shrink_train 800,pneumonia_classification --shrink_train 800,covid_xray_classification --shrink_train 800,isic20_melanoma_classification --shrink_train 800,deep_drid_dr_level --shrink_train 800,deep_drid_quality --shrink_train 800,deep_drid_clarity --shrink_train 800,deep_drid_field --shrink_train 800,deep_drid_artifact --shrink_train 800,kvasir_capsule_anatomy --shrink_train 800,kvasir_capsule_content --shrink_train 800,kvasir_capsule_pathologies --shrink_train 800,mura_xr_wrist --shrink_train 800,mura_xr_shoulder --shrink_train 800,mura_xr_humerus --shrink_train 800,mura_xr_hand --shrink_train 800,mura_xr_forearm --shrink_train 800,mura_xr_finger --shrink_train 800,mura_xr_elbow --shrink_train 800,bean_plant_disease_classification --shrink_train 800,aptos19_blindness_detection --shrink_train 800
lapgyn4_anatomical_structures,0.0,0.04504752345268522,0.05244620119528301,0.09532779036677488,0.26178567986235296,0.2903546485114069,0.550136149561228,0.221314333710245,0.3552670224170844,0.49910348652734826,0.2682045454889855,0.25602748978803197,0.30559254733300084,0.2884016458152272,0.5706244064595603,0.5876928478834618,0.12630220626442445,0.1215675567667065,0.18189952291928038,0.15027496693141612,0.09111096221517417,0.09249375819296526,0.09165605293003004,0.0913368408013378,0.09090864430155415,0.09109541216635518,0.09076804048114581,0.2668770209772907,0.23963528715688226,0.2688591154574925,0.42285978897220117,0.35428230236196323,0.43419272182037927,0.27401635207730457,0.27589382112260763,0.28852497261893084,0.27101848608113777,0.29089781568844075,0.2701289846334834,0.2692181018063643,0.29308852289668874,0.2870302608045189,0.2805903907479935,0.26623614712649796,0.2746874370948288,0.2976051341523446,0.35517454654815617,0.2924788091267322,0.356947847604822,0.34103939822000806,0.4783276426360091,0.3832731193076307,0.31390855559863257,0.4804053774179786,0.48001442777594194,0.480635199478836,0.4810815721991132,0.3161447947321107,0.3100697421320436,0.3095369722162472,0.4112400043967683,0.6277333681193102,0.3596186369404318,0.2777732283535008,0.3316976897686074,0.32804308059261483,0.32274834107192263,0.3138266134954132,0.3319005431162395,0.3406915553317375,0.4074049950054113,,0.05728453750514467,0.05189819364535678,0.09690126759314666,0.5522804930048912,0.22051820720726692,0.4953330626560397,0.308022610793264,0.5696489798853477,0.12523689431866405,0.12069469197851662,0.18357182019225293,0.14932529189359767,0.09186777216369063,0.0917302106471625,0.0922179037743274,0.09480025207287407,0.09401626434281507,0.0890851410446741,0.09448860187734537,0.2429241279096027,0.423016023383177,0.43216978848008436,0.2775988563085484,0.2773499813619889,0.28749939187237983,0.27386797206224994,0.2895164663970312,0.27100875148665016,0.26654569139052586,0.29020876217095826,0.2909221105644359,0.2826585344791208,0.26554607206853276,0.2748203666645283,0.2991322433978045,0.3556358051852271,0.3575361585572729,0.33686179105518826,0.4798478990865509,0.47945092124342215,0.481974717933045,0.48071423629646204,0.47989621018431183,0.3141053893799822,0.31222507812601563,0.3091019555086346,0.3603084175242773,0.27589404801590744,0.33208066852246554,0.327284238365463,0.32289509909642344,0.31601476250697746,0.3306796404439072,0.34130744448157246,0.4050660232798477
lapgyn4_surgical_actions,0.04504752345268522,0.0,0.020597824918598823,0.03162083976425812,0.29116950768399663,0.3188642274121903,0.5780820167940932,0.21996888479568644,0.37189640648336514,0.4999851594502459,0.27179106726916347,0.2560040722695988,0.3035969290093303,0.29332813450863204,0.5539390561599593,0.5775097228915381,0.15118126644911556,0.1462713050743614,0.1854649679721786,0.14585121453091485,0.0680788226742555,0.06911726352743405,0.06824162402128683,0.06844330458051943,0.06771500131169636,0.06817165378658169,0.06766153250558438,0.2892808029633642,0.21329500974626447,0.29486448646774466,0.4528442075929936,0.40122458663248584,0.4328957644860346,0.26857624281840986,0.26952299930968027,0.28042385228510436,0.26604958618504193,0.28283498587077005,0.26448765650017936,0.2641927778895168,0.2859634638934196,0.27899607580393015,0.2733038484040683,0.2610938606977746,0.27016626575984165,0.2883496436512186,0.34930977427890497,0.31771577701112513,0.34926678379944476,0.38408696250596197,0.49838151840584705,0.3626575148779645,0.30127349908431966,0.5002752183477638,0.49964520116322664,0.5001060735248131,0.5004296607766641,0.3050327663067707,0.30645501381971263,0.30704359036088513,0.4155777785255651,0.6362385037131202,0.32699838032197975,0.26110245510019625,0.31722370299637104,0.3000777843007007,0.294794313369969,0.28881933669275994,0.30649916513682884,0.3443052008275668,0.4199451705833158,0.04600284495400483,,0.0193406272522729,0.03210328286730245,0.5800250613996984,0.21931304671390578,0.4961018112105736,0.3062341124768688,0.5528212742531884,0.1511058428513146,0.14498320053396027,0.1866018049201793,0.1453983013660679,0.06950028266033065,0.06858449521856169,0.06843305572596176,0.07114296479261528,0.0683477948409126,0.0666008620180496,0.07158093479953231,0.21452537929385573,0.45270026895893295,0.4312557409794807,0.2715315313570648,0.27021318840847164,0.2789756002524567,0.26789754329198945,0.28225202426090557,0.26560499307111696,0.26246144195796495,0.2828731002332737,0.28203564005230297,0.27560750278557844,0.2601807058670499,0.2693312015858744,0.28931896886378594,0.3488720361265024,0.35035729458666953,0.3798268631046808,0.4995810146920924,0.4991329063917405,0.5016955571418449,0.5003073701387786,0.4998628484929323,0.3030538006030815,0.30844153284897086,0.3065660852385639,0.32769679612736,0.25905631262713,0.31633366413715236,0.2996917129426907,0.2957259203153777,0.291482258038352,0.3060514419100073,0.34484568863671616,0.4174059067059844
lapgyn4_instrument_count,0.05244620119528301,0.020597824918598823,0.0,0.027351620495481968,0.2657454021079066,0.2987623331521956,0.5527528002200548,0.21994109916229745,0.3435861721077343,0.4796346021547945,0.2455229407316176,0.23011737970613344,0.2846494596039235,0.2730412274006819,0.5330052450192861,0.5519908950199404,0.14164128028210304,0.1368196073221759,0.1905186064842737,0.16067104379186475,0.05657612946540607,0.05794482562626765,0.05672734738041746,0.05666750436976516,0.056451696256865636,0.0567120952617734,0.05616479721723564,0.27000976907109114,0.22264947020021103,0.29427332044583454,0.42641443979196464,0.3668489222332444,0.41885816858557856,0.27474547924298864,0.27797975701130184,0.29021320130248424,0.27230006803358175,0.2927448959679367,0.2710708706997823,0.27075815256992936,0.2955183207377803,0.28817067045805317,0.28168231436259966,0.26679278733510037,0.2774125483060333,0.29863991938813866,0.3498180375829153,0.29976482783810554,0.35156080206562434,0.36269312941273457,0.4706268162153079,0.3732239773447984,0.30190423184479454,0.47250727675226156,0.47200624179826267,0.47234249226754565,0.47268214649173523,0.2932427200811057,0.2980935267314209,0.2991699253924912,0.4104332758731072,0.612620522364631,0.31734731709753294,0.2553060333187815,0.29926842112920293,0.3020518319086274,0.28145975172700505,0.27919927834151187,0.294317991577726,0.33431790800445316,0.39657844614356075,0.053053619554696146,0.024748352204795508,,0.029396118479756064,0.5545612539344439,0.21911699279629593,0.4757959624563536,0.2871035219968515,0.5316184185851507,0.141473842146694,0.1351713929352022,0.1917556583129268,0.16031146289833254,0.05801960515746885,0.05706026074085908,0.05791838013489854,0.05931268429454502,0.05714344570768267,0.05467673047558991,0.0589748592370606,0.22539550092159022,0.4263972902745851,0.41737941365055975,0.27885102975146303,0.27911505600141984,0.2883683123772386,0.27496422075918503,0.2912792273687498,0.27227597474923965,0.26861543411584987,0.2923398042949442,0.29202757815201913,0.2841020360187356,0.26571733005301557,0.27705574690300355,0.29992089142035167,0.35036603768175556,0.3526522948063583,0.3588028469630108,0.4718628945703754,0.4714850269535697,0.47411618083846874,0.4726383187362957,0.47198294991149703,0.2917427431658705,0.2998490021496051,0.29870247455324,0.318226330220689,0.2530628137323972,0.2985392095974202,0.3015612743207934,0.28197301386016416,0.28111803706228794,0.29348158248524003,0.3349194029872553,0.39428377910659207
lapgyn4_anatomical_actions,0.09532779036677488,0.03162083976425812,0.027351620495481968,0.0,0.33889970701634586,0.3679045432429663,0.6170898659636606,0.27532774206131105,0.39851684229483353,0.531850080302494,0.2991735896637261,0.28330601431694913,0.3373180766760444,0.3303051802933345,0.5797859217447527,0.6009099345447402,0.21228528367727484,0.20508872164124364,0.24281723991967932,0.20852437270104757,0.10000928587510849,0.10127388905727491,0.09968562961719121,0.100188477283684,0.09956180300593362,0.10011970905587869,0.0992502382277994,0.3404659765629028,0.25503224846251404,0.3600927286281631,0.5041930408750656,0.4454867600909598,0.4734351722695196,0.31907254675771857,0.3213014982185429,0.3313506082496566,0.31750468597277454,0.3335730254595433,0.3154534537242963,0.3163628561276494,0.33689697068010127,0.3291387674104842,0.32408264090767824,0.3123945645489411,0.3208181124688812,0.3380401987140122,0.39450435230083497,0.36891745236354007,0.39475485521745823,0.4400231816127511,0.5400847073047949,0.40153691982953554,0.3521231215752521,0.5420127809799549,0.5414202356313436,0.5414800913126024,0.5420017787755577,0.350046625187677,0.3580695008777069,0.35976847965019454,0.4687968715018749,0.6700989055325571,0.3581184772234864,0.304555148742772,0.351388979910251,0.3368169578853083,0.3252905181348188,0.3183862476114491,0.3417649172600059,0.38043420157115093,0.46038711100398777,0.09630663595446282,0.038354254505310985,0.02663934047993418,,0.6188560937956736,0.2745616373750175,0.5285308365650392,0.3401768658461757,0.5782346785940384,0.21219421484695655,0.20362605118158397,0.24369926089891253,0.20823310845450332,0.10223276109269366,0.1007021864662712,0.10097079062822933,0.1027741272380309,0.09816052054913618,0.09813765676118372,0.10318300067927572,0.256288988720595,0.5041261624487494,0.47247646822683587,0.32221149827521944,0.3217759301635259,0.32950763426313445,0.31924765155898516,0.33303911443298195,0.3168099250181077,0.3145526365227779,0.3340959551707088,0.33192173485297416,0.32653330882229403,0.31170818015676116,0.3198012935857496,0.3389807557776492,0.39456859620864076,0.39590494924895314,0.43619205751296,0.5410341153307097,0.5408695526969207,0.5435133537316734,0.5418017821854426,0.5415009152162653,0.3483532219927589,0.3597892930250225,0.3590456152203523,0.35880402725156046,0.3020385234430082,0.3500747142284268,0.3366109294092484,0.3262623161878875,0.3205983486433516,0.34136579849595455,0.381029498943497,0.45810953826649836
sklin2_skin_lesions,0.26178567986235296,0.29116950768399663,0.2657454021079066,0.33889970701634586,0.0,0.28089125950230354,0.45902315903995694,0.3025316548465835,0.3190390021408655,0.43717871198271696,0.23795569132622751,0.2262313319836428,0.2823252209096998,0.2531871703010619,0.5119343678532794,0.5164424591606324,0.17754047213886784,0.19356001503464604,0.2895135220905831,0.28571921297020464,0.2549395281599608,0.25712204835818764,0.2566788159776413,0.25509537701171897,0.25574776485688633,0.2559244935065264,0.2562333201224407,0.09372103540567997,0.30808180669852436,0.2213123897020037,0.3636078201342662,0.1875206763671431,0.4004595579934894,0.32890266716313155,0.3353987855207227,0.34802274582633186,0.32603367563470864,0.35110615280026447,0.32542861282497954,0.3233085899927259,0.3536493269565517,0.3486479372463699,0.33721522124812786,0.3152549947988497,0.33600277962271974,0.3569351920416314,0.4135350176411613,0.08940851050357065,0.41940836902592693,0.14751608805727354,0.351576158585434,0.46567052184460833,0.33010523199569547,0.3537532781829572,0.3537978595089718,0.3538290939432117,0.35520043388266964,0.255948465948907,0.24083338448959576,0.24294487099775353,0.3553723039703328,0.5230483036228173,0.39098331522803953,0.315237615731767,0.3477465097795436,0.39940910158460896,0.35645017123965855,0.3553984640836175,0.3449500215869164,0.31198172841905214,0.29474369677604073,0.259718774370439,0.28875505897955955,0.2720268686840929,0.34161793652185934,0.4606994665611901,0.30033734809391044,0.43323564820142235,0.28343620090253296,0.5105470052331147,0.17805989451085275,0.19040649642071256,0.28996759964755736,0.287257306216798,0.2528097418894355,0.25623609335912007,0.25939348357335057,0.25944325896509424,0.2627013549159005,0.2543037492901734,0.2520836716725806,0.31669103333959964,0.36381921125800043,0.3978490010662861,0.3353253447318095,0.339416112737035,0.3457164110416839,0.3295568120495248,0.346513943710383,0.3258669834207971,0.3190885005141537,0.35041463247699645,0.3526392037955021,0.33941690518592627,0.31449705716313814,0.3383806964237319,0.3598120537502939,0.41555235410051594,0.4193850166497868,0.14626570360734542,0.3531641235256412,0.35279964657865015,0.3557894434745685,0.35348945685409394,0.3536315911520562,0.2535350788014374,0.24109890521117794,0.24258109689506474,0.39294739751613983,0.3127175958943015,0.3492043342181625,0.3981072285650302,0.355928744805344,0.35657938611302986,0.3426714342889315,0.3118424799134453,0.2926581445377121
identify_nbi_infframes,0.2903546485114069,0.3188642274121903,0.2987623331521956,0.3679045432429663,0.28089125950230354,0.0,0.270356875955091,0.3949349119146526,0.24650834133407507,0.30782404984872674,0.19639257336773114,0.18651679888485098,0.26450738118755635,0.22257595539278305,0.45611790253571144,0.4557726701507924,0.26285899839086585,0.27314318007788896,0.36181291104538504,0.3419050531041463,0.3073490312683045,0.31107899110413834,0.30864598077892846,0.30699623463885406,0.3086127161665336,0.30837617040466925,0.31056668648958163,0.2261284617309397,0.3244513893347352,0.23689872954422433,0.3251606637455374,0.2956178828900787,0.44408111026627595,0.374707733967749,0.3669723047766979,0.37430230703814915,0.3745301642177099,0.3739705928374631,0.3702793858462403,0.3697138187655634,0.37661760968699937,0.3810501294228602,0.3692807848366309,0.3691368476098873,0.36777695786805065,0.3783073193284825,0.43938396565540316,0.24637154608752482,0.44952819961341517,0.234708105737215,0.4731858643313236,0.5306291655637586,0.39773758764967027,0.4746295143815622,0.47482227636977703,0.4747564245804757,0.4763515510456266,0.42031797284180683,0.4126989593769028,0.4144187320380752,0.296920839309267,0.6240293371412041,0.40941165732573903,0.36382920944145447,0.3641823803659076,0.45068750064349156,0.36533142525721596,0.3720319050617658,0.37841223336397284,0.3632057467544647,0.44029202674109136,0.2887008710658223,0.309630765785522,0.3039205345906394,0.37153140219701386,0.2700242457338009,0.39174530019864023,0.30899163665313534,0.26606146743364606,0.45431603309698226,0.2613047242834723,0.26805366334945174,0.3635268059159729,0.34260510214449774,0.3045994701357983,0.30558425595615935,0.312243478172272,0.3141378606610918,0.3159047256545745,0.30802635708330317,0.30426695110196517,0.3348126295518955,0.32725310845970823,0.44208524060228976,0.37872532299358974,0.37123734358391863,0.3734859564012096,0.3822992497647455,0.3682102525498617,0.36850612122243864,0.3648306812816185,0.3736333212339996,0.3840677981491143,0.37064281318189035,0.37015839204524115,0.36906349173222786,0.3823735342189276,0.4429143357330907,0.44929508310177213,0.23455588829917823,0.47403827780448266,0.47487040387942947,0.47589808181784277,0.4745232945133621,0.47514564261740455,0.4200037763146325,0.41305917947590676,0.411958901887413,0.4113986013347276,0.3607959365531158,0.36639193769357303,0.4497389498514846,0.3649708747229976,0.37161877545082145,0.37585508956523705,0.3638759053389469,0.43845510800183135
laryngeal_tissues,0.550136149561228,0.5780820167940932,0.5527528002200548,0.6170898659636606,0.45902315903995694,0.270356875955091,0.0,0.6241557949905822,0.35371441046346835,0.29877541178427447,0.31564635283447984,0.3165558777561326,0.3193667269617119,0.27883146687004273,0.5274726401106878,0.5175912019764131,0.5229936323379207,0.5285024890824621,0.6009911834245072,0.607779634692764,0.5842472078203225,0.5882595012035314,0.5853768937126638,0.5835843559153122,0.5853005858852448,0.5854487740062652,0.5870888477430323,0.3823473681592897,0.5547506090400429,0.46231041478509827,0.5031024716992989,0.4486067225581287,0.6407815310999824,0.6255193287343134,0.6223193223306147,0.6249925842434358,0.6278851360895108,0.6247122319351479,0.6228853874306418,0.624348457541441,0.6270387945808198,0.6313531198498941,0.6209101186266879,0.6239559517421616,0.6185698519379984,0.6254103649686444,0.6595220501591814,0.43802839842247226,0.6706754887765969,0.3443661382054599,0.6429843887303441,0.7575090806555363,0.634004051330556,0.6445282617835386,0.6444246989707091,0.6437536981926053,0.646018200514531,0.5963435772314358,0.5866517006931914,0.590017012447547,0.4652479630254662,0.770256898113916,0.5955199762094155,0.5860574309640602,0.5767568241246797,0.6550256365054319,0.5719084306548283,0.5720179114944954,0.5787319773374981,0.5552561173728734,0.637758933116979,0.5484339735449082,0.5877617013168448,0.5590745446045535,0.6198617427379206,,0.620982539258476,0.30222248983086153,0.3197312693743143,0.5248418100189687,0.5225143313050338,0.5250030787213862,0.6023406419091835,0.6086431242404865,0.580981472691462,0.5832873767225424,0.5896127711612319,0.5914098486815813,0.5924623783679844,0.5835686853081272,0.5802241884889942,0.5679145138596611,0.5041705660909807,0.6393790453724122,0.6306186883092749,0.6268034503008042,0.6235864158534736,0.6352709044017797,0.6193479433502931,0.6218016757703786,0.6195416520971186,0.6250877809941728,0.6330582212754278,0.6215046127517107,0.6254418642756272,0.6194930503051677,0.6310790831738906,0.663091788338386,0.6701812390141308,0.34678423971836414,0.6443212944907375,0.6448714319302834,0.6451638048790813,0.6436786751235201,0.6450364488784901,0.5957708629053946,0.5868904741742038,0.5880294490092626,0.5976360910834329,0.5828590175168173,0.578404098625287,0.655002790873513,0.5712353792873892,0.5722492546399858,0.5776444734846257,0.5565964822386902,0.6366163723232003
nerthus_bowel_cleansing_quality,0.221314333710245,0.21996888479568644,0.21994109916229745,0.27532774206131105,0.3025316548465835,0.3949349119146526,0.6241557949905822,0.0,0.4396036733506381,0.498876123458711,0.31894099299751966,0.30189989222233116,0.33192231623809626,0.31989123656423135,0.5742801285548647,0.5889916506015527,0.12419450179204389,0.10103926129978247,0.04314676165944977,0.09350882583003459,0.16406459030377263,0.16396871612047254,0.16391404898084427,0.1645541507087714,0.16439687693647118,0.16418852643559806,0.16456894632210942,0.30943140385301016,0.18253989145608124,0.3461229299376297,0.4754531165396417,0.4485553881166696,0.39819769938362926,0.28643061418927607,0.28217411837569006,0.2942551932162425,0.28184696903593087,0.29531251472480374,0.2805632831926793,0.27785357392939214,0.29895230437234155,0.2964748406261822,0.28691414518458747,0.2763200560483543,0.2913542196184321,0.30312589893367,0.38987671183481254,0.33504743550352467,0.38942778637299413,0.4125864284861241,0.4490161274277966,0.4026731690104016,0.26685437262873646,0.4507011845305182,0.4501133245719907,0.45081620785613563,0.45046342579601006,0.20827429697190428,0.20169965224508452,0.19966859058436376,0.45514859602901825,0.5826105347208719,0.34704971888744196,0.24437366600281524,0.2992003139448337,0.3199450889817516,0.31334356159006105,0.29091063421719054,0.29794536817048106,0.42482763350348873,0.3699559222002077,0.22097533394411156,0.2306561158067295,0.22116628000765698,0.27466049783034796,0.6263518424748784,,0.49311317190993464,0.33258657215192605,0.5742202725439209,0.12429956768669136,0.10483508435001837,0.04319908803566814,0.09338036620200277,0.1629889615124692,0.166162204211234,0.1659743891919706,0.16575113390001867,0.16715324087908823,0.16442983212677026,0.16372714926195242,0.1833009846099091,0.4761378143201708,0.3961471397731091,0.29104997291552703,0.2835239122624308,0.2923286695876671,0.28402578732224487,0.293993537655832,0.28127836918869775,0.27631912115910273,0.29613765150094074,0.30061527736958077,0.2893572079394165,0.27469191426751327,0.29131421481285497,0.3046451663680947,0.3888585196215595,0.3906630647987511,0.4094311372119822,0.45065260392621853,0.4493801283563794,0.45148702808326124,0.45088786437491596,0.4492389151591578,0.206839196646326,0.20400217208625393,0.19880299437350604,0.34888815382968025,0.24164947799001363,0.2989904265413791,0.31937499882429543,0.31298885249660907,0.2931347287589977,0.29715222584571266,0.4253749621991191,0.3671003168027336
stanford_dogs_image_categorization,0.3552670224170844,0.37189640648336514,0.3435861721077343,0.39851684229483353,0.3190390021408655,0.24650834133407507,0.35371441046346835,0.4396036733506381,0.0,0.3510647975012031,0.09528540086831783,0.09338830399501877,0.1811581679709954,0.1744285003309935,0.43988264664062504,0.44297906677974486,0.3379223452897884,0.35178408160084307,0.41587441989589125,0.4140571271256088,0.3824183806720007,0.3857703985614437,0.38359034960617877,0.38176872481440505,0.38302522223751195,0.3833633840773403,0.38461727885295816,0.2682934638719362,0.3955209257052969,0.30265899711903366,0.35533924760921004,0.2938287065119949,0.42546171041538416,0.43580595899268865,0.431621289068133,0.43575008442198726,0.4372147529376233,0.43610539508407364,0.43309526397284587,0.4326732093737864,0.4383161855963435,0.4408338580450212,0.4321020955782473,0.43487439873637945,0.4287071148519533,0.4387775622965686,0.4756189725771808,0.3117417775561121,0.48466405664170864,0.3024666193474015,0.45788980608007707,0.5454272317988906,0.39689561512459737,0.45930571401236264,0.45989836807411677,0.4590822272724578,0.4610175261740384,0.41710313279916184,0.4056187155460708,0.40837421731543966,0.36392382050487593,0.5708410199841929,0.3864103949672973,0.3844883173546758,0.35794947062558774,0.4489328953178576,0.3403611458182441,0.35584510313420004,0.3598070189873818,0.3362405859942665,0.43984017946102383,0.352630074508217,0.3678012363593118,0.348995186461982,0.4020872595321241,0.3536670908050171,0.43724216290503815,0.3493218973946127,0.18392849773635572,0.43841453587030577,0.33718468924824435,0.34856122292481956,0.4166671596697098,0.41501281592462475,0.38146173208940837,0.3829558727855019,0.38802948569874124,0.3879322447664046,0.3892247462465882,0.3829637131362067,0.3789604679119898,0.4054688224923873,0.3562223413033039,0.42517197764756276,0.4402401543001136,0.43539564682092446,0.4357397929884198,0.4435916070655117,0.4318348402960384,0.43362776857361796,0.42885177349266407,0.43653254313909584,0.44294645700273205,0.43308361891040664,0.4351384162364852,0.42799940460714236,0.44319685455578783,0.4786999176160868,0.48440851408921254,0.30394635225279865,0.4584978445115154,0.45967179100747246,0.4606179333227345,0.4586764873715349,0.459607124553574,0.41695851231274633,0.40657751453606406,0.4061005978407454,0.388529297312089,0.37980938107447126,0.3589854780709729,0.44873334345037397,0.3399608989630587,0.3564530683794783,0.3583408735684588,0.3364390644248062,0.43891411109594825
svhn,0.49910348652734826,0.4999851594502459,0.4796346021547945,0.531850080302494,0.43717871198271696,0.30782404984872674,0.29877541178427447,0.498876123458711,0.3510647975012031,0.0,0.2816198311988956,0.26797398253905713,0.17285521920497743,0.14621373396529908,0.3301453503648894,0.3250389302169263,0.44651904307924917,0.44657330841398046,0.48215515017199695,0.48607373298243095,0.4829440528080363,0.48641225330367155,0.48373354394434775,0.4828627395029488,0.48430130711066505,0.48420469802708177,0.4860545328672612,0.3950835166565919,0.45367307308968263,0.4163467966658464,0.4553054580370917,0.4974713414018281,0.5497918034308696,0.4923204236793045,0.48485561044925773,0.4886440665718355,0.49219964097717367,0.48816208286589746,0.48865739696876187,0.48839165400660517,0.49079631603376705,0.49496440920468876,0.484917397825298,0.48829775843921763,0.48290035386322705,0.49109175323061877,0.5480847955153831,0.43255927292362867,0.5559815152603556,0.4157252590500448,0.5956194437693457,0.6239595435997334,0.49468389630541987,0.5969604278710591,0.5971324371398252,0.5963270899541434,0.5977577181170213,0.4960994053994897,0.4843020465269858,0.4875098016059851,0.44650133887595833,0.7185200567002452,0.4398399936789689,0.44243651881094614,0.43176403745172853,0.5000437346607461,0.4191801908445596,0.3979239827427958,0.42053232561693693,0.5040475741496893,0.5711645436643598,0.49902921097980457,0.4983005325629603,0.48394622139442434,0.5327192753937036,0.30008031005926644,0.49578642945930096,,0.17069892820150007,0.32972962911225895,0.4465243080240747,0.4437361028155273,0.4820215175258431,0.4881384434183078,0.4798605049524874,0.48256966616573804,0.48797158567917365,0.4901395022891227,0.49028212059828225,0.48446879133411014,0.4789494575070805,0.4636820375112352,0.4562628859326602,0.5488667694697097,0.4969919440083166,0.4882993883488579,0.4868362907583753,0.4990017272620816,0.48312736673957496,0.4883789174424624,0.48490163272712744,0.489327943286027,0.49685839193149434,0.4867781308607432,0.4901336132222055,0.48371526244727225,0.49489130305558443,0.550573332321469,0.5557960748468715,0.4173217643214828,0.5965968473407539,0.5968649591098572,0.5975319937337787,0.5960968958804223,0.5964167965709163,0.49474819642640205,0.4837889111757679,0.48573981189494064,0.4423480089964612,0.4393893462360371,0.4326776017036549,0.5001300267089488,0.418758640091878,0.39799144889814775,0.4196893472510763,0.5050394438075867,0.5698259635742458
caltech101_object_classification,0.2682045454889855,0.27179106726916347,0.2455229407316176,0.2991735896637261,0.23795569132622751,0.19639257336773114,0.31564635283447984,0.31894099299751966,0.09528540086831783,0.2816198311988956,0.0,0.01262845646343029,0.11127237007275725,0.09403645886246148,0.342108951512075,0.3473444249654259,0.23733580685523303,0.24110042574661436,0.30156152445021084,0.29414844413434915,0.2697154391360393,0.2726930854705406,0.2705218464065196,0.2690201102058784,0.27035182784321654,0.2708356440395734,0.27179525468640375,0.19497336211358146,0.2686746547731358,0.2411261935999998,0.27407181077075904,0.2618042506021989,0.32923131781523174,0.3298112358933265,0.328105870666739,0.3352826177019317,0.3311048652631109,0.3354921767879599,0.3270428972843891,0.32723917614528664,0.338061051974904,0.33797375517105777,0.3287896786044029,0.32778854206070585,0.32693951328470666,0.33881668546294114,0.38130122635377267,0.24271913883455387,0.3882267507759829,0.2409371724601186,0.3712560117611623,0.44326791553724765,0.2749976035731729,0.373026441516343,0.3728632374247713,0.37228712421614407,0.3741231967082883,0.28728758021395917,0.2798514126883194,0.2829870634632745,0.29692051721958956,0.4934864744878391,0.27414914968856063,0.2688041382503099,0.24978804335724453,0.32430177370858926,0.23136169154221387,0.2347346773997999,0.2457068102981701,0.2617570649310415,0.3456610527429922,0.2664873926398908,0.2720881735847874,0.2513667689191581,0.3015578717993742,0.3155655798597742,0.3165613798663711,0.2785333255650987,0.11368863279831333,0.34070113772432054,0.2369879145497289,0.23926344095720892,0.3020044351190956,0.29551507927753295,0.2686237285223638,0.2701903928549466,0.2751328338830137,0.2753280927508393,0.2762385451083196,0.27056451965374506,0.2661228428407709,0.2776638647152215,0.2749469905923558,0.32875534735762724,0.33480832067342486,0.33226375756020055,0.33391359846926516,0.33745910557334663,0.33211720066689754,0.32794689103230684,0.3235440450967356,0.33593657231572227,0.3405281269978505,0.330563127800086,0.328094155895883,0.32625334284434265,0.3430185970847092,0.3839569537368039,0.3883628859469699,0.24092363237207096,0.37221796104319693,0.37295432391005917,0.3737698176672264,0.37224157176530004,0.37320253002577014,0.28682877252526634,0.28093471729254,0.28094971797887563,0.27652771691925465,0.2637251509355154,0.25029270430014733,0.32395691137451543,0.23117803466232717,0.2358186886438755,0.2439990343936782,0.26209120000150726,0.3448429973136454
caltech256_object_classification,0.25602748978803197,0.2560040722695988,0.23011737970613344,0.28330601431694913,0.2262313319836428,0.18651679888485098,0.3165558777561326,0.30189989222233116,0.09338830399501877,0.26797398253905713,0.01262845646343029,0.0,0.10688206230232836,0.08717897231144178,0.33598539863784527,0.34192307607922684,0.22165345775157502,0.22555993364661187,0.28709743964958645,0.27636475509243974,0.24893070239070075,0.25186711398079753,0.24967830220312182,0.24829082852105885,0.24964609829829154,0.2500502655844672,0.2510382770777758,0.1852277070106239,0.2502051584015949,0.23047311110743857,0.26927942148511336,0.2557221705172221,0.312308707779696,0.30873138573648784,0.30799342582288647,0.31588729069020943,0.31022069926030704,0.31633594244610863,0.30617827740129067,0.30660353137066154,0.3188162459213236,0.3180140720037518,0.30905820930481365,0.3068444305527577,0.30677552929847773,0.31990548473426705,0.3604165784165658,0.23158241041657524,0.36711438670210605,0.2347311618505084,0.3494354302684025,0.4218567668011741,0.2575383040516882,0.3511775394555778,0.3511351144639282,0.3504335679858478,0.3523454446594977,0.2713637068557762,0.2649031316681814,0.26818155204253924,0.2846787299388696,0.4717004637799548,0.24921729953080435,0.24430586550339867,0.22334489518336192,0.30465596003042134,0.20464898363057504,0.2104031107594495,0.2204291971325918,0.25419475745725073,0.32386574039925853,0.25465131273185715,0.2520986870127034,0.23600793350354882,0.2852893673479656,0.3165941137874524,0.2996584577452359,0.2649745609420476,0.10879447863061352,0.33452700661099133,0.22168778269146117,0.22362646797660024,0.28739178836394697,0.27781055566447443,0.24778354673022002,0.2494296459473685,0.2540490301855922,0.2545238115878742,0.2552819702634699,0.25008689541501683,0.24515988592953214,0.25939890094723583,0.27019763896981747,0.31167485737813094,0.3140187209955715,0.3120542429607409,0.31450068581442925,0.3162977063109907,0.31305073309840203,0.3071380515953307,0.30284688476570787,0.3165289410095719,0.3207646629455543,0.3108442372347148,0.30700270186043344,0.3061400054522728,0.32406694304276973,0.36310644253870306,0.367178098035289,0.2347438613708241,0.3504093274055913,0.3511692641609349,0.35198276181640875,0.3505726210659207,0.3512083143863274,0.2708254863962058,0.26590353891857177,0.2661955283701778,0.2516067444363581,0.23914836789884303,0.2236780929979471,0.3044585491954098,0.2043553828863393,0.21139805176734708,0.2188361510668745,0.25456729602925354,0.32319207682131745
cifar10_object_classification,0.30559254733300084,0.3035969290093303,0.2846494596039235,0.3373180766760444,0.2823252209096998,0.26450738118755635,0.3193667269617119,0.33192231623809626,0.1811581679709954,0.17285521920497743,0.11127237007275725,0.10688206230232836,0.0,0.01815802625137141,0.31614666120878077,0.32460949762156394,0.2663701770480804,0.26600156615831955,0.3149198898186316,0.3029222808744889,0.29074866637947594,0.2935383332480303,0.29164433852096927,0.2908160923885667,0.291558102125351,0.29188520297418996,0.29285404354573163,0.24582432202462323,0.2963290229403456,0.26000565551546917,0.3559802466243556,0.3473889083347439,0.40237444796061667,0.33928450551068057,0.3349242821384161,0.34211036880673884,0.33874076267628883,0.342053130520631,0.33568614325638535,0.3346519108557529,0.34537166502989586,0.34615972289802976,0.3372910925236019,0.3357869855482629,0.33422295636207294,0.3470968396394556,0.4096451570138476,0.28586421422136793,0.4157902843382816,0.3263053248876981,0.4456214589653489,0.4645259167433163,0.3166912750753068,0.4474158467853704,0.44696059918307945,0.4468707351085558,0.4481995512016993,0.3205656981773244,0.31549091907349547,0.31860747578893056,0.3192907865246628,0.5760495403652519,0.32352259049405474,0.2984258049041656,0.3007985535299402,0.3559150167205072,0.2865357713232074,0.2808869958340714,0.2914856652667145,0.325619903579589,0.4069041830356954,0.3043413214165936,0.3040582632101694,0.289116401937488,0.33907869406020186,0.32087700192610713,0.3295256825320141,0.16951445086366754,,0.3152859754271917,0.2655092889920442,0.2641288227127309,0.3153059289627665,0.30458888388774324,0.28925753806398546,0.2915984680660868,0.29550851760391555,0.29578541773837635,0.2970013748775225,0.2921754394626527,0.2875876522910109,0.30368278488496736,0.3558981146488044,0.40175292054471273,0.3434856699958144,0.33805177923976315,0.3410133292034155,0.3440404241410854,0.33901807531557515,0.33630778759364044,0.3320299188546746,0.34320488682646666,0.3483886547847726,0.3393037402197063,0.3357890872185614,0.3330609657864221,0.3509829490108466,0.4118369667455706,0.4159217352411304,0.32486676706866746,0.4470359821930808,0.4468873451645321,0.448138877878852,0.44683408405654934,0.4474708992835427,0.3193326208280942,0.31588014892357935,0.31747273064139064,0.3256041725512643,0.29416114963209566,0.30090134295623094,0.35541341508404445,0.2865068186512678,0.28193144126567404,0.2903287072400522,0.3260868882861418,0.4053690983751318
cifar100_object_classification,0.2884016458152272,0.29332813450863204,0.2730412274006819,0.3303051802933345,0.2531871703010619,0.22257595539278305,0.27883146687004273,0.31989123656423135,0.1744285003309935,0.14621373396529908,0.09403645886246148,0.08717897231144178,0.01815802625137141,0.0,0.296327524961313,0.3015874187384514,0.24779647722815984,0.24775521375429987,0.30114805823302415,0.2913981242612066,0.2780143474465173,0.28089736329312154,0.2790098398385229,0.2780144614427259,0.27902409988313137,0.27932658102101604,0.2803620618105757,0.21409531701472806,0.28045082402836197,0.23657074961189334,0.30771344786278276,0.31275856732246876,0.3749133318026227,0.323631016447465,0.32028838137373594,0.32797655376135626,0.3235998532867461,0.3279817357819501,0.3204345389644728,0.31962129222609803,0.3307679134752491,0.3315504418084221,0.3224050330873459,0.32038317448735454,0.31802314597151043,0.3327367377255571,0.3901680195074577,0.25627153340667225,0.39628803641036175,0.28428523216165424,0.41371536342952764,0.4538384267118908,0.2973186107673165,0.41561369959958594,0.4152691102723449,0.4150964882249926,0.4166197060553184,0.302032691981867,0.29517912121124124,0.2984038580142685,0.2981431361378842,0.5511737725213552,0.30325199516610213,0.28291981010252093,0.28452000716983683,0.34081802259449745,0.268417584125752,0.26214425997202956,0.2747771566456106,0.3035076845314291,0.3798571359299482,0.2870834194026618,0.2930347306371647,0.27780845173555957,0.3321133563731248,0.28049465947873464,0.31734433184835864,0.14310476964095148,0.018987081986401828,0.29539706181115066,0.2471943526296411,0.2457500250113642,0.3015650596462237,0.29318187774565985,0.27631979308167565,0.27876295484821445,0.28301542519381884,0.2837560982086844,0.28496216185771917,0.2792915632904017,0.27449863513989003,0.2888655471752307,0.30792073097300476,0.3739552334968639,0.3280768705620109,0.3239432772571934,0.3267807346673196,0.32930505152338474,0.3243703904645953,0.32089423646303455,0.31666551482917904,0.32864338362097134,0.33410238781406865,0.32428274103895927,0.3207800160419534,0.31763424245976923,0.3368070179418724,0.3924750215756618,0.3962155350078285,0.2829855556134765,0.41522782767964905,0.4152569586927297,0.4163719960995949,0.41519704302461036,0.4155770397996465,0.30093362719388594,0.2954020570212979,0.29714367206213876,0.3053720845998672,0.27857340702146005,0.2850490034126625,0.3402642371624186,0.2684054289501576,0.26305089147531174,0.27347864971627023,0.30413411730406703,0.37856699749285416
