,lapgyn4_anatomical_structures,lapgyn4_surgical_actions,lapgyn4_instrument_count,lapgyn4_anatomical_actions,sklin2_skin_lesions,identify_nbi_infframes,laryngeal_tissues,nerthus_bowel_cleansing_quality,stanford_dogs_image_categorization,svhn,caltech101_object_classification,caltech256_object_classification,cifar10_object_classification,cifar100_object_classification,mnist_digit_classification,emnist_digit_classification,hyperkvasir_anatomical-landmarks,hyperkvasir_pathological-findings,hyperkvasir_quality-of-mucosal-views,hyperkvasir_therapeutic-interventions,cholec80_grasper_presence,cholec80_bipolar_presence,cholec80_hook_presence,cholec80_scissors_presence,cholec80_clipper_presence,cholec80_irrigator_presence,cholec80_specimenbag_presence,derm7pt_skin_lesions,idle_action_recognition,barretts_esophagus_diagnosis,brain_tumor_classification,mednode_melanoma_classification,brain_tumor_type_classification,chexpert_enlarged_cardiomediastinum,chexpert_cardiomegaly,chexpert_lung_opacity,chexpert_lung_lesion,chexpert_edema,chexpert_consolidation,chexpert_pneumonia,chexpert_atelectasis,chexpert_pneumothorax,chexpert_pleural_effusion,chexpert_pleural_other,chexpert_fracture,chexpert_support_devices,pneumonia_classification,ph2-melanocytic-lesions-classification,covid_xray_classification,isic20_melanoma_classification,deep_drid_dr_level,shenzen_chest_xray_tuberculosis,crawled_covid_ct_classification,deep_drid_quality,deep_drid_clarity,deep_drid_field,deep_drid_artifact,kvasir_capsule_anatomy,kvasir_capsule_content,kvasir_capsule_pathologies,breast_cancer_classification_v2,eye_condition_classification,mura_xr_wrist,mura_xr_shoulder,mura_xr_humerus,mura_xr_hand,mura_xr_forearm,mura_xr_finger,mura_xr_elbow,bean_plant_disease_classification,aptos19_blindness_detection,lapgyn4_anatomical_structures --shrink_train 800,lapgyn4_surgical_actions --shrink_train 800,lapgyn4_instrument_count --shrink_train 800,lapgyn4_anatomical_actions --shrink_train 800,laryngeal_tissues --shrink_train 800,nerthus_bowel_cleansing_quality --shrink_train 800,svhn --shrink_train 800,cifar10_object_classification --shrink_train 800,mnist_digit_classification --shrink_train 800,hyperkvasir_anatomical-landmarks --shrink_train 800,hyperkvasir_pathological-findings --shrink_train 800,hyperkvasir_quality-of-mucosal-views --shrink_train 800,hyperkvasir_therapeutic-interventions --shrink_train 800,cholec80_grasper_presence --shrink_train 800,cholec80_bipolar_presence --shrink_train 800,cholec80_hook_presence --shrink_train 800,cholec80_scissors_presence --shrink_train 800,cholec80_clipper_presence --shrink_train 800,cholec80_irrigator_presence --shrink_train 800,cholec80_specimenbag_presence --shrink_train 800,idle_action_recognition --shrink_train 800,brain_tumor_classification --shrink_train 800,brain_tumor_type_classification --shrink_train 800,chexpert_enlarged_cardiomediastinum --shrink_train 800,chexpert_cardiomegaly --shrink_train 800,chexpert_lung_opacity --shrink_train 800,chexpert_lung_lesion --shrink_train 800,chexpert_edema --shrink_train 800,chexpert_consolidation --shrink_train 800,chexpert_pneumonia --shrink_train 800,chexpert_atelectasis --shrink_train 800,chexpert_pneumothorax --shrink_train 800,chexpert_pleural_effusion --shrink_train 800,chexpert_pleural_other --shrink_train 800,chexpert_fracture --shrink_train 800,chexpert_support_devices --shrink_train 800,pneumonia_classification --shrink_train 800,covid_xray_classification --shrink_train 800,isic20_melanoma_classification --shrink_train 800,deep_drid_dr_level --shrink_train 800,deep_drid_quality --shrink_train 800,deep_drid_clarity --shrink_train 800,deep_drid_field --shrink_train 800,deep_drid_artifact --shrink_train 800,kvasir_capsule_anatomy --shrink_train 800,kvasir_capsule_content --shrink_train 800,kvasir_capsule_pathologies --shrink_train 800,mura_xr_wrist --shrink_train 800,mura_xr_shoulder --shrink_train 800,mura_xr_humerus --shrink_train 800,mura_xr_hand --shrink_train 800,mura_xr_forearm --shrink_train 800,mura_xr_finger --shrink_train 800,mura_xr_elbow --shrink_train 800,bean_plant_disease_classification --shrink_train 800,aptos19_blindness_detection --shrink_train 800
lapgyn4_anatomical_structures,0.0,0.03196219404921906,0.03588237314459021,0.06731476634524591,0.17311666039432583,0.17818833911639947,0.36771653301521906,0.16100411750075438,0.20556292880731186,0.33909659224627897,0.15756092049016307,0.15140998136725414,0.20560617634474077,0.18740688458402627,0.3957424496282629,0.39976108159389667,0.08443271887816457,0.0845332494528957,0.13252315160762457,0.11398274239336384,0.06638926662586671,0.06748287017671589,0.06691076315567146,0.06653275129944539,0.0663300119370185,0.06656281654107016,0.06625922887341053,0.1737557327019853,0.16716837225040088,0.18145071572477656,0.2870464349033768,0.23435025944371024,0.29104106769826954,0.1871120515267909,0.18844256053189828,0.19622312560025124,0.1855261688743063,0.19748477294222827,0.18458180175270322,0.18436109677002255,0.19890064765592022,0.19562826835778027,0.19104652607161954,0.18262490412493768,0.18621741654301277,0.2016842998108899,0.23442825826123037,0.19569019259158854,0.2368050416259373,0.2280966372216568,0.3268105631050359,0.26595951803491663,0.22056699862731916,0.3280511967715842,0.32796545621344736,0.3284873996246807,0.3289157111833184,0.22147565764406413,0.21639818504992736,0.2159298914908375,0.2692614893242573,0.4373721199561933,0.24022074686712122,0.189357370395409,0.21862161765327293,0.22914058458187547,0.21308651421467678,0.20921872110072948,0.22372302093616697,0.2220706168862442,0.279443232703862,,0.039120353428465475,0.03582395197734742,0.06841074668876086,0.36973753504951434,0.16062447674572647,0.33682286076628154,0.20733792874379348,0.3940462536282504,0.0835301559042626,0.08361341668993985,0.1336900790180673,0.1133066129873466,0.0671467912946775,0.06662527160220616,0.06767469288814361,0.0692713725133905,0.06833397720885684,0.06488698960706624,0.06825359022291579,0.17031043037373492,0.2872075201829481,0.28971326652515195,0.18943377539480916,0.18998664918557218,0.1954529026382832,0.1879435070484861,0.19613063292918273,0.18530678648184698,0.18193998972127365,0.19679367280766008,0.1976446869626682,0.191951836598263,0.1826500873633049,0.186741997208267,0.2028307011975711,0.23526595570158643,0.2366614395740327,0.22481127716355048,0.32785979975278423,0.3274242705305703,0.329523872110332,0.32834578870015174,0.3281086178069781,0.22006409478307315,0.21790585225397374,0.21551892777908765,0.24067762205680582,0.18814560111556505,0.21898193535214894,0.22844521268054024,0.21299997336591353,0.21043372004484934,0.22244786785432108,0.22266634023275567,0.2782471607595213
lapgyn4_surgical_actions,0.03196219404921906,0.0,0.011389428174519042,0.019272213740073724,0.21055714259186914,0.2165348714986512,0.41957406228962757,0.1624594197436827,0.22783049962062812,0.360961869983338,0.16578272227079127,0.1552447170691128,0.20944705465100025,0.19785050988570568,0.41159043533429895,0.42184849683938225,0.10586835075965206,0.106468063348441,0.136470611252423,0.10922101069832293,0.04742907218123326,0.048328184351965536,0.04743355330525474,0.04753413027789812,0.0471884560900999,0.04760220458560621,0.04712224229472711,0.2044687496937353,0.15095202310865014,0.21139053446330142,0.3311678765953443,0.29066138041755185,0.3097301296167525,0.18517944423332416,0.18578705780300062,0.19273581684698762,0.1837417352899974,0.19427152557276378,0.1823508158742808,0.1825423271823592,0.19667364531379428,0.1919482031741051,0.1880719345643161,0.1806457491754487,0.18536642621134358,0.19801237797560178,0.2402520658518293,0.23014542022007545,0.2408437355307773,0.2805371759478819,0.36737050631194457,0.25455551751276034,0.21485409581741566,0.36855846657312313,0.3682660683631431,0.3686492166828911,0.36913247708586033,0.22080724260516715,0.22211379866218167,0.22254853820448572,0.2894485510507664,0.4728724002543285,0.22241785782920387,0.180794207548218,0.21658730225764977,0.21147953293979835,0.19818929990162637,0.19566804220083323,0.20988705920038936,0.23725558408828543,0.30839034221531125,0.03275867004557896,,0.01056834818787997,0.019295336994463355,0.4216324024305479,0.16233817250324623,0.3580940023826664,0.21167401187995938,0.40979401911584,0.10570932797822166,0.10511503562828112,0.13737122513076042,0.10904398755616171,0.048394138952344734,0.04779054304471379,0.04784860418035873,0.0496030660435583,0.04715659354095189,0.04636727482580792,0.049692473604962706,0.15224711584153677,0.330973995691811,0.30863007608447,0.18706850980480244,0.18650330025117898,0.1916946732506159,0.18517402102309863,0.19381401626394698,0.18336680043031217,0.18100853495400135,0.1942345336575727,0.19356795052172882,0.18949158316792988,0.18043811446471789,0.18479978523984814,0.19861552277994343,0.2402979069655345,0.2413880395131592,0.2769001163718701,0.3683796044139712,0.36778001871238863,0.36998313536679933,0.36864864315718304,0.368666538151075,0.21933043330622584,0.22345522180705946,0.2221798301909232,0.22306160033674827,0.1791313113739123,0.21596674143063466,0.21128643668475874,0.19860851385354736,0.1976520516131452,0.20934825985602423,0.23778736134782838,0.3067909504882824
lapgyn4_instrument_count,0.03588237314459021,0.011389428174519042,0.0,0.015674576012894716,0.19080575688134704,0.1976226575993107,0.3912363691924533,0.16234035410001835,0.2059835821392496,0.33893136731492507,0.14904190716170757,0.13910777999991245,0.19568764369177952,0.18341907673494093,0.38845570429101184,0.39614797826861164,0.09859607153880437,0.09970354794092706,0.14033223369455075,0.12174292978941365,0.03815117003899235,0.03924934504055588,0.03825832994905812,0.03817190111504201,0.038098756747005885,0.03845444910393388,0.03791887306821545,0.18860916545807258,0.15954608691015276,0.21031095231563884,0.3069298169956439,0.2612367509408059,0.29702992977644216,0.19030221200932015,0.19244433084002416,0.20011315931231127,0.1889941316297739,0.20161434528432104,0.18781792376577444,0.18801178771201021,0.2036652775226584,0.1990129295230162,0.19457427790316015,0.1855342718850348,0.19091975668611794,0.20553401724153242,0.23909212458044696,0.21468166158536933,0.24135722073501978,0.26029586197944804,0.34064851281318886,0.26239056512449965,0.2165347737970948,0.3417030098296002,0.3415587015427799,0.3419211448382349,0.34234741365345933,0.20949039168509634,0.21417189594923378,0.2149379440265209,0.2819886570956822,0.4455652599477754,0.2137337615375906,0.17645266904518814,0.2007171257223952,0.21141149444022278,0.18647566026587198,0.1880938125300543,0.1994994470951657,0.2284170804317487,0.28870238669239096,0.03649049240623583,0.013304518102962109,,0.01695644320640987,0.39315052054025434,0.16213300106973788,0.33629650678335,0.19756558151987905,0.3865072998435505,0.09839745155285473,0.09802174755928247,0.1413923344664374,0.12147097289647604,0.039287971609699754,0.03842414380841586,0.03941917015724009,0.04000051739141032,0.038103704012980855,0.03679828804590426,0.03956424664025826,0.16192105347628655,0.30678906224156155,0.29595579141734907,0.1929591241234488,0.19354281961211683,0.19881229099962677,0.19107390932451812,0.2004684329446938,0.18889966110665324,0.18611513787807127,0.20133171102626019,0.20115540978802143,0.19603861278731582,0.18526551108051054,0.190988281058166,0.20630345638624287,0.23996650745593812,0.2418729181171557,0.2569677945177292,0.34164288893739614,0.3410253158019615,0.3431818820642698,0.3419091745725492,0.3417653329946969,0.20841870283600994,0.21528887701581537,0.21455461677473478,0.21432337595102968,0.17468358457428831,0.2002735510694736,0.2110779234179935,0.18666092942280094,0.18948890800321377,0.1986071103073528,0.2290056511061953,0.28742262265961316
lapgyn4_anatomical_actions,0.06731476634524591,0.019272213740073724,0.015674576012894716,0.0,0.2431036360887697,0.24252086392498123,0.43507435351420476,0.20531922580157952,0.24385191811176635,0.37559552752156644,0.18509459291911762,0.17497555592052988,0.23332900881761012,0.2236827140493022,0.4218951385667764,0.4316920744243323,0.15017099533732473,0.15057241514172065,0.18011924300909343,0.15930393326885886,0.07200629301815076,0.07308110233127943,0.07173571681874191,0.07192352420232534,0.0717348751599097,0.0722696094337819,0.07154040924375815,0.23686428824750605,0.18359528717592064,0.2556268371046751,0.3617713382096639,0.31529821997529495,0.3378864127942419,0.22367591490951746,0.22502958228966238,0.23087414919673122,0.22300870083711063,0.23221663924349226,0.22121198352944077,0.22239813663880503,0.2347603195507348,0.22970118259176878,0.22623513675994317,0.21975480911684014,0.22336831948826058,0.23482636003551438,0.27365027809030684,0.2621349924557355,0.27515297790541693,0.31262918787193117,0.3951624147616051,0.28416414323767414,0.2544014455101591,0.3963326220314337,0.39604826709109736,0.3962067220047705,0.3968604147995861,0.2544436981621657,0.2611762071895033,0.2623148086829413,0.3220334760884793,0.49456935658215173,0.24327752363364558,0.21365763921507297,0.23845449348996275,0.237077700938257,0.21789361642956528,0.21672841483683308,0.23315811328150426,0.26104170081455247,0.33936257966017935,0.06805670799637317,0.02205727867484832,0.015292742077859918,,0.4369853661284301,0.20508096133787568,0.3733566922893706,0.23553692771306994,0.41985100935776865,0.1500141595074902,0.14899096540629328,0.1809459099415231,0.15908574697422467,0.07369450281852291,0.07234192517448436,0.07307827996702096,0.07410444556446534,0.07039333231540243,0.07073573436312576,0.07387039034423833,0.18508259977456437,0.3616469686329727,0.3371406109287892,0.22570356630434396,0.2256883227256838,0.2295969537416302,0.22455531587532263,0.23153215016211215,0.222371367943842,0.22055308365592763,0.23257546791364664,0.23111062633886237,0.22778186356590693,0.2198761700370084,0.2228790186549755,0.2354818382023119,0.27435367983682657,0.27568482663323834,0.3093938050509156,0.39598023542090555,0.39562921023797154,0.3977195214194285,0.39623769280003596,0.39640877662543306,0.2533180686544937,0.26226853462795696,0.2616587717695097,0.24383361260068326,0.21168952409101793,0.23766379597511372,0.2369596850392185,0.21846446092017519,0.21841646597593667,0.23261934933045508,0.26164479211638964,0.3381191060409894
sklin2_skin_lesions,0.17311666039432583,0.21055714259186914,0.19080575688134704,0.2431036360887697,0.0,0.16121633809543234,0.27886260353519,0.2159061970166294,0.17936353668402227,0.2768356833651885,0.14617030890198252,0.14344653844180608,0.1930252535591242,0.16894954545137517,0.3363767110341512,0.3329807582383999,0.12203991617717785,0.13369045572228527,0.2079790555578224,0.21620540887259865,0.1919200629797459,0.19366635304171348,0.19362215724689413,0.19208911109840132,0.19273318065768352,0.19264979146272104,0.1929087288026768,0.0584423587886017,0.22383129921908843,0.14326543803970526,0.23414822102887212,0.1107727097326481,0.2624524536585926,0.23043970856601179,0.2340845652398032,0.24179450783170195,0.22899768101524956,0.24310441152512338,0.22822970432441392,0.22736519752006323,0.244606666391942,0.24332804483366172,0.2351159668986604,0.22196131652138118,0.2330591939678726,0.24649651880565937,0.27666158182631295,0.054951197344240865,0.28311959904161116,0.09338209375455278,0.22405950954943657,0.3273331279704656,0.23785903594815822,0.22546276738302923,0.2256602746777197,0.2257773777637188,0.22674101734082994,0.1710331356045274,0.16149253987660256,0.16281495462717785,0.2104318229843965,0.3380935081285522,0.27382592027890196,0.22671255898601594,0.23690615161633835,0.2876939235184201,0.24586934926124387,0.2496544548069384,0.2434908508726712,0.19996657239561066,0.18731861398680366,0.1714028430458437,0.20864136800600813,0.19486832750055677,0.2458357358837611,0.2804672437396771,0.2144560869669318,0.27488860288966865,0.19315913997095469,0.3348340787170021,0.12199071388259035,0.13125917571338727,0.20849264539299933,0.21715125873090715,0.19080079603990702,0.19244751070617905,0.19585526923788468,0.19534052623985293,0.19726000824922757,0.19107248071376015,0.18973239574249776,0.23020198416709495,0.23407996247685478,0.260992001068861,0.23476232569039918,0.23742805679869583,0.24055706657071868,0.2325285839412391,0.2390187521720168,0.22864097628074687,0.22360879977261616,0.24249328874865972,0.24530609910557552,0.23601262220618516,0.22211895965948175,0.23572771073381268,0.2487944100303146,0.2790021093818531,0.2824887935960918,0.0921725825157098,0.22532869402369962,0.22462900083432627,0.22705593886845665,0.2253940397207646,0.22561160619679005,0.1696000260437992,0.1613220314149269,0.16273578849248221,0.27469694803620054,0.22499332596442173,0.23789898125183123,0.28646504590626454,0.2452632081254702,0.24963354454741685,0.24113350281428464,0.20007901513593118,0.18632297418256563
identify_nbi_infframes,0.17818833911639947,0.2165348714986512,0.1976226575993107,0.24252086392498123,0.16121633809543234,0.0,0.1461750744747246,0.2674458934063899,0.1369530078027389,0.17718300460918546,0.12424335281759732,0.12406122216027905,0.17409290705925362,0.1444066016254878,0.25738551472755644,0.2510531161927306,0.16267038587626756,0.17268664230988123,0.2452129222286282,0.24516333906549415,0.214854318370295,0.21723642877740257,0.21624115605453043,0.21451948842990093,0.21597012543443037,0.21587915146179443,0.2170168339042851,0.12841381366978272,0.21473213272758734,0.13451605990425147,0.17700964726894133,0.15593630899532016,0.25549503674908247,0.24463791668349433,0.23850253156380952,0.24140239557830587,0.24533117561043588,0.23975596271292215,0.2419439534837362,0.2424880874313749,0.2412312495054324,0.24714171009817296,0.23882906768280332,0.24178612438041233,0.2362918403076475,0.24145554673058198,0.2589827906465719,0.13558217453863997,0.2694120395402239,0.12124043292381623,0.26731776212390945,0.3509102402270553,0.26068759119873797,0.2678881521607559,0.2684154252196176,0.26846602849445134,0.2694136809704703,0.26511478911043695,0.2617155693589367,0.2624636744262986,0.14742701731019314,0.3601391104951586,0.26139525461017526,0.23670471667329157,0.21750114587461516,0.30197403535951384,0.22741223784792017,0.24065204268241197,0.23890940808770425,0.20607284424298908,0.2563395029558956,0.17668499486384315,0.20891293437038122,0.20094300290478942,0.24653935932382653,0.14673051479156426,0.26535815866490153,0.1780035425845759,0.17411639722376832,0.25528574525725645,0.16099698729418227,0.16920985748875045,0.24675426330392156,0.245169776397958,0.21357620733305338,0.21381845783331543,0.2191713799966714,0.21919647825205893,0.22017486686234644,0.2142096057009588,0.2114746130041943,0.22164100394229624,0.17790311885175822,0.25415498466756575,0.2469181543256989,0.24195585887846582,0.24096988522868873,0.2518043372603149,0.23477746147732215,0.24070793625958192,0.2381518453120225,0.23956181691877335,0.2483149055958213,0.2388829447718846,0.24405323265564116,0.23898023435418894,0.2449550451121327,0.26228730504160735,0.26848811856862215,0.12025982603741285,0.26788686860850097,0.26832089650492263,0.2688951337824914,0.2681086279522356,0.26859636749324045,0.26564052630431206,0.26220893633591985,0.260730106747182,0.26196615047464455,0.2354626734913957,0.2191226026524486,0.3003363152144839,0.2270935048314449,0.239132905235231,0.23630741793083135,0.20693916109322139,0.2560613610378089
laryngeal_tissues,0.36771653301521906,0.41957406228962757,0.3912363691924533,0.43507435351420476,0.27886260353519,0.1461750744747246,0.0,0.4490174726447638,0.2050371530741901,0.16281755794472036,0.21350821169578993,0.22339654415503374,0.233291119197714,0.2033906164023886,0.2731479729188485,0.26097269065178896,0.3537264247950149,0.3632857274456242,0.4332724572595804,0.461857812375873,0.4307756340346037,0.4336875235158443,0.4323885741564032,0.43039233897637075,0.43186469668741745,0.43194558571987873,0.43296005520731506,0.22940479305355171,0.3936694922321289,0.29052256215041716,0.2665483032610139,0.2268191305568355,0.3777320261716701,0.43946098992105276,0.43520200846761553,0.4340670013495541,0.4423408961809638,0.4317696552116124,0.4380279006408966,0.4401616701701512,0.4330802042258886,0.4410356576536677,0.4325991631552408,0.4393223384312752,0.42906047625069854,0.4309767684883571,0.4271873403811175,0.2500038518735469,0.44092531295411663,0.17768465991865018,0.3590994688446314,0.5324932733156507,0.43880549361552035,0.35971430419492306,0.3602276791740674,0.35979748605081974,0.361241605226687,0.40183236359189256,0.39735877892154736,0.3991328145889992,0.2535470376272476,0.43136540314437055,0.39999401722160766,0.4136676646863316,0.3727268870119683,0.4620049161378782,0.3819326858663704,0.39478783296176034,0.3921218245870523,0.3310279456964649,0.3819367785288264,0.3660016044173129,0.41901536437278797,0.3955649998963947,0.4391790961943999,,0.44650083209940705,0.16620905128936925,0.2318046756789257,0.2707085991246383,0.35224640206373803,0.360778114367169,0.4346425337858507,0.46208884335636485,0.4292405430466637,0.42996351091931173,0.43637399954910516,0.4358360767767027,0.4363996555437749,0.4293632534955184,0.4264869218669524,0.4032706287852825,0.26728835147284846,0.37697443563169897,0.44209422254936837,0.4395829778951734,0.43339274511954773,0.44989200229664317,0.42624446032879615,0.43681507361495364,0.43500758955837093,0.4325864320504165,0.44148442044271596,0.431766207489991,0.4422154320238575,0.43231644479261777,0.43602395944812344,0.43184657501263457,0.43933213647961833,0.17869824040395704,0.359603469721002,0.3604982398581897,0.360113690071026,0.35934199254160065,0.3604954792632498,0.4028093513493868,0.39746841376264896,0.39733377569909895,0.40059983658814835,0.4118935451331228,0.3742182962298177,0.4606798929977254,0.38137767455352506,0.3928991226923597,0.3900100370240025,0.3325494829843822,0.382599880755386
nerthus_bowel_cleansing_quality,0.16100411750075438,0.1624594197436827,0.16234035410001835,0.20531922580157952,0.2159061970166294,0.2674458934063899,0.4490174726447638,0.0,0.27657654249331554,0.3578454357682853,0.1972981959609147,0.1856981684493742,0.2234648846089572,0.210695686130616,0.4259909340974463,0.4330729047531155,0.08344755239265807,0.06934655689642624,0.025848486280679796,0.06502419673343066,0.12336428280965367,0.12334631072697574,0.1232010862701256,0.12353774067241195,0.12359023871248148,0.12332174957505596,0.12380283345888664,0.22012887350346444,0.13272897884581839,0.2536871009510161,0.3496980385893905,0.3260223681318509,0.2857950349804475,0.2103520721300449,0.20537914079731878,0.2133502305797098,0.20684131915187887,0.21338643342441083,0.20559535164338905,0.203627107180071,0.2166464447130077,0.21638499262910382,0.2086812545979948,0.20311236367127805,0.21222262801691338,0.219306371882298,0.2835368511701192,0.23999654026076514,0.2844532003709993,0.30334090822764925,0.33690640898690793,0.30615006841860853,0.19187866676510457,0.33783957881840865,0.3376345562430294,0.3384752454494713,0.3382551443820546,0.14378388107897552,0.13944977139863907,0.13793785589039836,0.31857069569798546,0.44138771637537144,0.24602052801945926,0.17550877710466922,0.2101818866253577,0.2336950162352488,0.21732904981694579,0.2006034946878691,0.20869859265812335,0.29787406147978185,0.2715116735968688,0.1605838625822225,0.169863377825104,0.1632784478311755,0.20487324614156793,0.45100458396422805,,0.3533646324127563,0.22384123962186173,0.42501431993131344,0.08345161796470812,0.07193488050261457,0.025914658581425207,0.06481082401230875,0.12205501335783045,0.12455044440014858,0.12482372115262025,0.1244299614612292,0.12560234258524736,0.12330528377124009,0.12268365791112001,0.13381596651169297,0.35008519416336004,0.2843850438774338,0.21367594925963634,0.20695756891510353,0.21208016669585095,0.20885264936940878,0.21233630848200372,0.206193896482339,0.20215553695601296,0.21453286380198944,0.21909836901878504,0.21057907120626407,0.20213166381847764,0.21211158230303534,0.22045446423603138,0.2836332379079363,0.2852776291961333,0.3003344254618423,0.33842784744892496,0.33690946282792444,0.33901789930136095,0.3384522311233634,0.3373330866227251,0.1425391536656216,0.1409889458713767,0.13699687322333204,0.24752835798308953,0.17358688480451973,0.2099261802726,0.23335033009783218,0.21684235387921447,0.20222418788657126,0.20787795224151187,0.2983704410959253,0.26956672339734944
stanford_dogs_image_categorization,0.20556292880731186,0.22783049962062812,0.2059835821392496,0.24385191811176635,0.17936353668402227,0.1369530078027389,0.2050371530741901,0.27657654249331554,0.0,0.20258515658447895,0.051838341795033736,0.05380009475479358,0.10114782313872137,0.09434991325783404,0.25567595885329075,0.25453117625479804,0.19276813492042927,0.20517377853740032,0.25741588337267357,0.26617908653160804,0.2413519524120019,0.24359943358949546,0.24242413099846277,0.24107774896943696,0.24194712753845732,0.24251384540166987,0.24279364211724555,0.1464022659167999,0.24744220482075335,0.1746802097023872,0.21290363893043804,0.17026647493732927,0.2499508872055198,0.27036875531766646,0.26657442944412535,0.2686332012203404,0.2716601217458573,0.2678752029343341,0.26839312792018366,0.2688006106240393,0.26930396211790014,0.27291938079185263,0.26636485482107836,0.2700645893493683,0.2632988106612111,0.2693203854813716,0.2877680721770626,0.16993747768617043,0.2970903587172801,0.1695653713254811,0.27623490145590995,0.3535642465017951,0.2454602454383764,0.27719815078629984,0.2774187607036501,0.2771646666306299,0.27837782021527147,0.24986124751791056,0.2424369056284014,0.2440091646640957,0.19967253154834033,0.35500963198695795,0.23710551826979648,0.23952591068009355,0.21202207857110933,0.28587863213840936,0.20433496226567516,0.21890194247457612,0.21898913724037639,0.1970732438413486,0.26388720184635706,0.20360176013047443,0.22334201479648097,0.20921112098528477,0.24715526477776958,0.20566085163039288,0.27487212455638566,0.20159994644712065,0.10279248473674875,0.25397258598440764,0.19163406316171128,0.20301205889289148,0.25831907708355484,0.26658964616639275,0.2409985889282895,0.24200610197226996,0.24644452530682986,0.24529281706388567,0.24590677835426186,0.24113323955422106,0.2383859612860429,0.254132034861195,0.2131642163460758,0.2498774117504603,0.2733424660082427,0.2697745259557115,0.268377004669651,0.276951146251105,0.2641690710300378,0.26909835769001184,0.26537923752371295,0.26809069681665953,0.27391454405949783,0.26681281275110086,0.2709225471873309,0.2642301582054029,0.27274073890902184,0.29087559517781525,0.2963278419944693,0.1689500520950922,0.27684570049111196,0.2774830532928999,0.2780859137531015,0.27675122107611755,0.2776501354236989,0.2495287071688963,0.2432144151374906,0.2423869301235289,0.23777671925234953,0.23661697488183253,0.21273742088361847,0.28484839656945116,0.2040242028813336,0.21835528708172217,0.2172148774738528,0.19769366451768008,0.26386206615151186
svhn,0.33909659224627897,0.360961869983338,0.33893136731492507,0.37559552752156644,0.2768356833651885,0.17718300460918546,0.16281755794472036,0.3578454357682853,0.20258515658447895,0.0,0.1773020444528005,0.17763959100312793,0.12133095140620839,0.1012071849250952,0.17056265700650147,0.1657962905409578,0.30300449293988807,0.30983047872031283,0.34680482906590127,0.3661817535030408,0.357749684072766,0.3602414513841251,0.35875942259618543,0.3576706836388719,0.35878417319155353,0.3588061189882099,0.35990499918032326,0.24519647344270906,0.3211116472587108,0.26797959618991624,0.2666308177136481,0.2830290671553396,0.3428468282308812,0.3499539799650656,0.34325590168486736,0.34345045587138595,0.35057756145385993,0.34149392688205904,0.3474716902609362,0.34820151720215453,0.34318321443483346,0.349408670378758,0.3419718782880944,0.3480318446723696,0.3391519362520422,0.3422080444698465,0.36150963700565886,0.2654047473852158,0.3719192936800543,0.23799869109173502,0.36398217820190987,0.44605288256767606,0.3457848497596236,0.36449281757492563,0.3649561199187736,0.36472065975357143,0.36566899114480667,0.3378012204622029,0.3320808135444362,0.33406142825908663,0.26165894106962245,0.4433535695334973,0.30076937238785717,0.31860311047776363,0.2852798999606345,0.35647968485688675,0.28630885501112613,0.28113547032808633,0.29151785017514664,0.31365354220826375,0.3654807490334617,0.33844757645068646,0.35761476720125396,0.3419640484385986,0.3779410865924277,0.16380190421288257,0.3555901526524661,,0.11930592801634332,0.16952682620181553,0.3018046313770031,0.307921584646536,0.3474173907213765,0.3671224949375189,0.3560674249456053,0.3572996576841104,0.3626221234912551,0.3625813839753529,0.36249451087136525,0.3579224607805509,0.354122214032985,0.32869042205726334,0.2666051682537336,0.34226764978018576,0.35268552717782514,0.346663575943751,0.3422017421342372,0.3568831122428874,0.3370643543281078,0.34713113491669334,0.3444113824261995,0.34258415915785145,0.3502733236699071,0.3423392407360805,0.3507366269038863,0.34107355301031006,0.34572096752154835,0.3652145076983493,0.3707093470445305,0.23826402733985685,0.36455443845954955,0.36479791986315047,0.36500647482477,0.36421488202053465,0.36485080939999787,0.3378774001129431,0.3318832390147465,0.3324508415702978,0.3019055386478965,0.316954095593004,0.28639917875142035,0.35586948489453596,0.28600423001343966,0.27984007786614695,0.2899661279204797,0.31465459717817684,0.36565710638195126
caltech101_object_classification,0.15756092049016307,0.16578272227079127,0.14904190716170757,0.18509459291911762,0.14617030890198252,0.12424335281759732,0.21350821169578993,0.1972981959609147,0.051838341795033736,0.1773020444528005,0.0,0.005121152403940813,0.06338837767328677,0.0518640130105202,0.22400448961505778,0.22599571668176446,0.13503775824691078,0.1403487491948324,0.18339017385013037,0.18642698170309988,0.16946444739231148,0.1714189254141636,0.17022675565315537,0.1692402721346586,0.17004469809399034,0.17045064443350233,0.17079593806538318,0.12050692297124257,0.16967375608127844,0.15350822329066854,0.18849509589181102,0.17535412829898822,0.20492105038525793,0.2063174139008393,0.2041749675567944,0.20804636430023807,0.20739547720378776,0.2076198148823866,0.20421791750118518,0.20500515041780457,0.20942525046642774,0.21063223878930157,0.20428830062540435,0.2053992085081882,0.20267087328893424,0.2096802456576768,0.23201382457738212,0.15021521210445582,0.23860644034043335,0.15759457471356128,0.2397910839095145,0.28889814315661033,0.17096850094492852,0.2410616198630021,0.24088400778662752,0.24075043380955885,0.24199492028073444,0.17366917469192863,0.1680587026204134,0.1697326808761513,0.18016278370467936,0.3257454562956514,0.16639646566183947,0.16534904275862594,0.14682475794017688,0.20316717699184603,0.13544457158709763,0.13935693712376507,0.14631283410612564,0.15968641745286388,0.21866978826784245,0.15635745485983318,0.1649006830560567,0.15240094207389493,0.1873208874158499,0.21441007053939343,0.19584076071605588,0.17503156052473623,0.0647819361520015,0.2224043666857009,0.1347315975308277,0.13902158462451364,0.18387574790700179,0.18711405042828785,0.16883301235814097,0.17014561876421305,0.17403832680194475,0.17328144162877412,0.17336584847255376,0.1698424646732013,0.16696268739661227,0.17538236963852744,0.188631332953823,0.2046302877329389,0.20932057632164008,0.20719633848670896,0.2070681981918998,0.21211343358874718,0.20493373117969466,0.20504744152013388,0.20221671756706566,0.20820290526937565,0.21193789625244625,0.2053923856708038,0.2062406373800973,0.2031657454597644,0.21255493716708668,0.23431823412798286,0.23823197956661724,0.15642739102776898,0.24069679416663875,0.24082336738197357,0.2416349919507312,0.2404318023920635,0.2413478070456762,0.1731470519475029,0.16880552452329511,0.16856035118239826,0.1674650922787363,0.1619436673427091,0.14702196538920237,0.20233073401363588,0.1353836734472634,0.13969189933355367,0.14458662411347617,0.16047055006093658,0.21866023642370153
caltech256_object_classification,0.15140998136725414,0.1552447170691128,0.13910777999991245,0.17497555592052988,0.14344653844180608,0.12406122216027905,0.22339654415503374,0.1856981684493742,0.05380009475479358,0.17763959100312793,0.005121152403940813,0.0,0.06266677788927405,0.050324938801552074,0.22846453962128016,0.2313208742031732,0.12603917031055017,0.13187934125122347,0.17412450976014554,0.17340670509887757,0.15526150242009146,0.15715961872424775,0.15593593886038767,0.15505567912763504,0.1557858658306303,0.1561876419632118,0.15657187188499921,0.11816178800304238,0.15711397991177747,0.15169021386620607,0.19112602519907357,0.17782842202110255,0.19930252414747268,0.19347450345990824,0.19198413508064407,0.19665756362609374,0.19466209499023002,0.19642538488465688,0.19150872960857251,0.19232221961287455,0.1982432600699507,0.19867063433919052,0.19253285840780987,0.19263292348516053,0.19079716937150565,0.19875983167389463,0.22138808695732773,0.14848451947484478,0.22765748847823725,0.1604555469623269,0.2314879707563366,0.27699962449922055,0.16001500564854784,0.23266030915621225,0.23251808050927708,0.23240567834910486,0.2336193763448528,0.16481762391491533,0.15992974902881274,0.16173519166526745,0.1777310504164645,0.31673977980938806,0.15318838038772106,0.15006129570658908,0.13317099906382363,0.19190776676651866,0.12072323487480331,0.12568389510846809,0.1326515237200257,0.15713015336856942,0.20959192971386548,0.15044425270530956,0.152295012188431,0.1423747713690071,0.17678909900744966,0.22429895166696334,0.18434949478893137,0.1751884678967958,0.06398164232284953,0.22686049832134264,0.12602237196245902,0.13052254549207265,0.1744919504683239,0.17418086474861888,0.1544951169673177,0.15596025154230636,0.15951943614007164,0.15904646376916104,0.15907348024475285,0.15583326442546086,0.15271139305268722,0.16273938683414807,0.19129316773085206,0.19888017107058725,0.1967661383956422,0.19495202454876448,0.19557060482063315,0.19909186150915772,0.19395690636992116,0.19239536647123928,0.1896718748107883,0.19683216824496924,0.2001177206420397,0.19375297079826717,0.19332650979414348,0.1911586671546688,0.2015302435102355,0.2236682595396579,0.22729936995435263,0.15917021393431477,0.23248135971143347,0.23252471275673448,0.23327777439714187,0.2321444382698953,0.23301423026085508,0.16415185897774548,0.16068166909980391,0.16064886564701875,0.15434092292207785,0.14659498378086724,0.1332357373149327,0.19124872326159964,0.12064174281434725,0.1261800163239158,0.13100651728032586,0.15789580810909196,0.2095804286459269
cifar10_object_classification,0.20560617634474077,0.20944705465100025,0.19568764369177952,0.23332900881761012,0.1930252535591242,0.17409290705925362,0.233291119197714,0.2234648846089572,0.10114782313872137,0.12133095140620839,0.06338837767328677,0.06266677788927405,0.0,0.008519364987239868,0.2159608255850942,0.21960160895474512,0.17759439513179343,0.18067918436566116,0.2128620616594548,0.2137291235243671,0.204955980401965,0.2067639170546995,0.20571328245711468,0.20517598704882112,0.20558009367623908,0.20591983017803234,0.20629675323656915,0.16804800496054612,0.20126572021556358,0.18559847261179657,0.24905665981217817,0.23465822942991157,0.27476408367083427,0.23632817038926765,0.23218210392587302,0.2364342618537374,0.23603155655661828,0.23578722002725755,0.2334833967651443,0.2332195760158064,0.23837728621486903,0.24030352911462521,0.23363400895426395,0.2341494381123176,0.23141650226743055,0.2393361639036385,0.27870204291084316,0.19290878232346997,0.2848825380875154,0.22056846529505522,0.303578798732132,0.32860821517039845,0.21707705787448067,0.30462563928108843,0.3043599986134783,0.30448873396818354,0.30544247869426466,0.21423172169059468,0.21154445416054785,0.21346549154545386,0.2113046664877831,0.3959542638569933,0.21851315924514844,0.20851864144743165,0.20161037723692676,0.2450012991804234,0.19195314025455804,0.1885875899946297,0.19741259004743036,0.21586384566209413,0.2773401642197093,0.2047732655479779,0.21029511647728974,0.19820331759359489,0.2347743710198908,0.23479799407063678,0.22192271838665334,0.11845585893252382,,0.21490700622086495,0.17669958580117845,0.17946374307383242,0.21323021860600155,0.21467771962889107,0.2040140122095234,0.2055363479318459,0.20893500276342042,0.20827727121455958,0.20884604434735773,0.20565906454493665,0.2027303602382214,0.20631944928335272,0.2488240146624806,0.2746211301690903,0.23900923211978073,0.23480628730611802,0.23570371468611323,0.24015366525608495,0.2334219312300199,0.23412423848497824,0.23114357756205942,0.23694175873361156,0.24145023242328967,0.2349311062884366,0.23458330923529536,0.23128707659141873,0.24214450666855142,0.280749625642691,0.2846322915658246,0.218698915012069,0.30467547058130695,0.3042678708833621,0.30530683896175403,0.3042535814276859,0.30497925851293284,0.21341082036972325,0.211817332802741,0.2126965321141695,0.21967867616465006,0.2056124233742785,0.2017614004382997,0.24450618361220872,0.19198278141913877,0.18871490083650022,0.19626870864152207,0.2166210040723452,0.2767882451857234
cifar100_object_classification,0.18740688458402627,0.19785050988570568,0.18341907673494093,0.2236827140493022,0.16894954545137517,0.1444066016254878,0.2033906164023886,0.210695686130616,0.09434991325783404,0.1012071849250952,0.0518640130105202,0.050324938801552074,0.008519364987239868,0.0,0.19799468432246017,0.19986040828381205,0.15976175048085509,0.16285513270640162,0.1986919678753266,0.20137675828136614,0.19256870551078373,0.19441371407726987,0.19342143522913285,0.1927120814988581,0.19325548550206856,0.19355335883040914,0.19398826894997273,0.14339623728205947,0.18732117709156054,0.1642403722336534,0.21293062966132958,0.20736697889979505,0.2496551613477016,0.22036531988047958,0.21710929925605982,0.2215972809682828,0.22046225888763438,0.22099026653713677,0.2178540416305834,0.2178146279591417,0.22309876341772558,0.22495786056225042,0.2183715083885256,0.21839652692577977,0.2149772394109051,0.22426782449753827,0.25824201726333584,0.1696731236888504,0.26429185986942844,0.19051359334201912,0.2771753250579298,0.3151030166612049,0.19928231487362585,0.27823877016439813,0.2780687428341383,0.278248125413976,0.27917813643611084,0.19823030570579514,0.19401627175372094,0.19584397399626663,0.1931516100648884,0.3730936002477545,0.20240682653612205,0.19467068137063856,0.18923717406900878,0.23145005435654156,0.17892475392475027,0.1746075227417574,0.18520255683522813,0.19524861332837098,0.2544897930912148,0.18646835759815544,0.19871286830185952,0.18604224629267407,0.2253467713256449,0.20495860489077147,0.20913290929384218,0.09843327192628078,0.009100099917487146,0.19679016119950424,0.15898940609764148,0.16158213534104024,0.19904112579113006,0.20232412377739983,0.1914470329495302,0.1930947625857729,0.1967028240093754,0.19627107154113616,0.1968767131448207,0.19302449712933617,0.1900967202712282,0.1929345351151015,0.21270574791197547,0.2491942245441514,0.22310086107593285,0.22000856905676228,0.2206680479227886,0.22474997879524045,0.21829413229335956,0.21844670448868098,0.21550371534468948,0.22182051719752888,0.22629121394222476,0.2195347791901448,0.21912886061981274,0.21539335240993462,0.2271095149572312,0.26044818275987835,0.26384342577654624,0.18869825265865192,0.2783558941498241,0.2779519542964002,0.27895122874209216,0.27795757074084815,0.2785713428546013,0.1974808307572548,0.19420133900961417,0.19510105587650234,0.20350582818260682,0.19189801767066883,0.18961534524243584,0.23082092570912272,0.1789416208078826,0.17475910951094342,0.18382035642989697,0.1960181909459911,0.25408770106018763
