,lapgyn4_anatomical_structures,lapgyn4_surgical_actions,lapgyn4_instrument_count,lapgyn4_anatomical_actions,sklin2_skin_lesions,identify_nbi_infframes,laryngeal_tissues,nerthus_bowel_cleansing_quality,stanford_dogs_image_categorization,svhn,caltech101_object_classification,caltech256_object_classification,cifar10_object_classification,cifar100_object_classification,mnist_digit_classification,emnist_digit_classification,hyperkvasir_anatomical-landmarks,hyperkvasir_pathological-findings,hyperkvasir_quality-of-mucosal-views,hyperkvasir_therapeutic-interventions,cholec80_grasper_presence,cholec80_bipolar_presence,cholec80_hook_presence,cholec80_scissors_presence,cholec80_clipper_presence,cholec80_irrigator_presence,cholec80_specimenbag_presence,derm7pt_skin_lesions,idle_action_recognition,barretts_esophagus_diagnosis,brain_tumor_classification,mednode_melanoma_classification,brain_tumor_type_classification,chexpert_enlarged_cardiomediastinum,chexpert_cardiomegaly,chexpert_lung_opacity,chexpert_lung_lesion,chexpert_edema,chexpert_consolidation,chexpert_pneumonia,chexpert_atelectasis,chexpert_pneumothorax,chexpert_pleural_effusion,chexpert_pleural_other,chexpert_fracture,chexpert_support_devices,pneumonia_classification,ph2-melanocytic-lesions-classification,covid_xray_classification,isic20_melanoma_classification,deep_drid_dr_level,shenzen_chest_xray_tuberculosis,crawled_covid_ct_classification,deep_drid_quality,deep_drid_clarity,deep_drid_field,deep_drid_artifact,kvasir_capsule_anatomy,kvasir_capsule_content,kvasir_capsule_pathologies,breast_cancer_classification_v2,eye_condition_classification,mura_xr_wrist,mura_xr_shoulder,mura_xr_humerus,mura_xr_hand,mura_xr_forearm,mura_xr_finger,mura_xr_elbow,bean_plant_disease_classification,aptos19_blindness_detection,lapgyn4_anatomical_structures --shrink_train 800,lapgyn4_surgical_actions --shrink_train 800,lapgyn4_instrument_count --shrink_train 800,lapgyn4_anatomical_actions --shrink_train 800,laryngeal_tissues --shrink_train 800,nerthus_bowel_cleansing_quality --shrink_train 800,svhn --shrink_train 800,cifar10_object_classification --shrink_train 800,mnist_digit_classification --shrink_train 800,hyperkvasir_anatomical-landmarks --shrink_train 800,hyperkvasir_pathological-findings --shrink_train 800,hyperkvasir_quality-of-mucosal-views --shrink_train 800,hyperkvasir_therapeutic-interventions --shrink_train 800,cholec80_grasper_presence --shrink_train 800,cholec80_bipolar_presence --shrink_train 800,cholec80_hook_presence --shrink_train 800,cholec80_scissors_presence --shrink_train 800,cholec80_clipper_presence --shrink_train 800,cholec80_irrigator_presence --shrink_train 800,cholec80_specimenbag_presence --shrink_train 800,idle_action_recognition --shrink_train 800,brain_tumor_classification --shrink_train 800,brain_tumor_type_classification --shrink_train 800,chexpert_enlarged_cardiomediastinum --shrink_train 800,chexpert_cardiomegaly --shrink_train 800,chexpert_lung_opacity --shrink_train 800,chexpert_lung_lesion --shrink_train 800,chexpert_edema --shrink_train 800,chexpert_consolidation --shrink_train 800,chexpert_pneumonia --shrink_train 800,chexpert_atelectasis --shrink_train 800,chexpert_pneumothorax --shrink_train 800,chexpert_pleural_effusion --shrink_train 800,chexpert_pleural_other --shrink_train 800,chexpert_fracture --shrink_train 800,chexpert_support_devices --shrink_train 800,pneumonia_classification --shrink_train 800,covid_xray_classification --shrink_train 800,isic20_melanoma_classification --shrink_train 800,deep_drid_dr_level --shrink_train 800,deep_drid_quality --shrink_train 800,deep_drid_clarity --shrink_train 800,deep_drid_field --shrink_train 800,deep_drid_artifact --shrink_train 800,kvasir_capsule_anatomy --shrink_train 800,kvasir_capsule_content --shrink_train 800,kvasir_capsule_pathologies --shrink_train 800,mura_xr_wrist --shrink_train 800,mura_xr_shoulder --shrink_train 800,mura_xr_humerus --shrink_train 800,mura_xr_hand --shrink_train 800,mura_xr_forearm --shrink_train 800,mura_xr_finger --shrink_train 800,mura_xr_elbow --shrink_train 800,bean_plant_disease_classification --shrink_train 800,aptos19_blindness_detection --shrink_train 800
lapgyn4_anatomical_structures,0.0,0.044949224343660735,0.052437903962025675,0.09503665456261376,0.2598284774191916,0.28526271600997377,0.5314093627504932,0.2202688249690674,0.34893807646398456,0.48874161029155694,0.263401560246165,0.25297285485821,0.3038587226948237,0.2858903409471644,0.5547086747144468,0.5707772249414416,0.12629928975902585,0.12159343631568412,0.18164842681795904,0.14928055579958655,0.09066201411271965,0.09200544957185375,0.09118930738815587,0.0908860654844259,0.09045160730575053,0.09063748646573198,0.09030506390896101,0.2632323884987845,0.23965324141809924,0.26726816701446493,0.41577061949841443,0.34758630981418814,0.4341281962091942,0.27403405914400186,0.27598662043895195,0.2886299712112878,0.27103241901807307,0.2910023552599864,0.27018442526976716,0.2692688008592805,0.2931838172282503,0.2870871437644323,0.28070681287507077,0.2662653593871875,0.2748112767025017,0.297716252121871,0.35496958044795557,0.28894744119805116,0.3564364284529138,0.33283142569604984,0.4778045203527661,0.3816253760880246,0.31397035682933916,0.47987964195160115,0.47950420237122515,0.48011800670752436,0.48063257288962224,0.31620682029535657,0.31009976734238665,0.3095659384355278,0.4067537616664807,0.6278976530811876,0.359768279546566,0.27770238230735167,0.3318259096774664,0.3274532170806936,0.32287446745505355,0.3140075663644586,0.3320300106938948,0.3398300284197423,0.40771174686594025,,0.05730863546071335,0.05187566180821835,0.09653078098973276,0.5331323589916288,0.21949898027851217,0.4854000476629634,0.3062129671145415,0.5535468102726938,0.1252205037348505,0.12072381246715297,0.18330811262316987,0.14835016270494916,0.0913950318025408,0.09130545544754162,0.09171852575248282,0.09426415612333244,0.09351675215008137,0.08865625505223923,0.0940433978928036,0.24289002912238583,0.4161632485701325,0.4320785306116268,0.2776134282778082,0.2774214896760004,0.2876175777071728,0.27381265019557366,0.2896343471880387,0.27105305993665385,0.2666176794396791,0.2903181130109227,0.2909876002723467,0.28276901600245663,0.265549221010724,0.2749364247958029,0.29921488634743354,0.35533341357180936,0.35707451772508547,0.32906784126279104,0.47927359832090055,0.47900795124745954,0.4814201022254305,0.4801771475953742,0.4794035644460036,0.31414862739103266,0.3122538210179792,0.3091527924170604,0.36045678280659543,0.2758418857281406,0.332203489837841,0.32673522518366177,0.3230190365497829,0.31618172977309,0.330808254167408,0.3404517064077945,0.4053620700087758
lapgyn4_surgical_actions,0.044949224343660735,0.0,0.020586159854064624,0.03162706797985693,0.2864508326875125,0.3090639784684613,0.5503508420000484,0.22003054130068922,0.3629739677599644,0.48378891908912813,0.26490590893414123,0.2509436178786847,0.29976263623535654,0.28864498085189594,0.5336418509898695,0.5568451590784762,0.15050669804428296,0.14584188137895382,0.18546386381692362,0.14572238436462245,0.06805642812108306,0.06908538497769648,0.06821395999421745,0.06842217819224519,0.06768791944522548,0.06814505368351935,0.06763361086436778,0.28249844828904624,0.2133222368215034,0.29002388670734125,0.4402127279808977,0.38986426250991163,0.4319684049941419,0.26859458549063797,0.2694713357900078,0.28033102692895995,0.26607715230356505,0.28271405334296473,0.2644979024089137,0.26420919954413835,0.2858438943526216,0.27896910597291724,0.2732222462827719,0.261115388678261,0.27003868696722755,0.28821308565542453,0.34995675987384445,0.3102668709536589,0.34982959444855366,0.370313644194733,0.49598931033444404,0.36245038452633466,0.3012848198717516,0.4978919243807347,0.4972867232899436,0.4977248716366131,0.49817931574732477,0.3050948576197513,0.30650336540406786,0.3071380144876976,0.4087720547412945,0.6348366879905767,0.3269458058942859,0.2611092021871218,0.3166922877545306,0.300153698897624,0.2943201450049795,0.2885336189170513,0.3062988836121649,0.3420636449722448,0.41952665203432216,0.045881912353616924,,0.019331884643446744,0.03210901393598956,0.551816277825184,0.21938346281730806,0.4804117271504607,0.302298398205443,0.532419398853117,0.15036979738045625,0.14452344671586453,0.18660391643703225,0.14527802923879962,0.069472339970296,0.06857136389411,0.06839227094877534,0.0710971961905344,0.06830970483872156,0.06658395324373553,0.07156530611012872,0.2145758430452851,0.44039867656370946,0.43028398788952993,0.27155103436606043,0.27017845633288606,0.27887803200934114,0.26795727908152744,0.2820773467862828,0.26560848482889987,0.2624475257710115,0.28275987546512926,0.2820019460617318,0.2755170732330029,0.26022545239582123,0.2692389275749762,0.28922432788661,0.34949836310843985,0.35093394139967504,0.3666286708510861,0.4971020669330014,0.4968961421103482,0.4992574571327173,0.4978913238286119,0.4975220545996092,0.30314508633538917,0.3084997643471419,0.30663810289677973,0.327638044747934,0.2590531193458062,0.31580519377127364,0.2997775269912695,0.295237421102566,0.2911585395884061,0.3058151623854638,0.3425738100175711,0.4170141944782445
lapgyn4_instrument_count,0.052437903962025675,0.020586159854064624,0.0,0.02733434017777147,0.2629492652303721,0.2903776986181114,0.5306311808139572,0.21971753042473896,0.33649645014756846,0.46716814511986715,0.2401785245914861,0.22630905328564405,0.28226683259756474,0.26992858195506453,0.5183490146627578,0.5367133512159958,0.14136649448531008,0.13669444165736372,0.1905481934719208,0.16022619567360158,0.05647151454393706,0.05782708581275377,0.05661675681939128,0.056561922148731514,0.056342397208527295,0.05660277859588961,0.05605440877091687,0.26551736134342974,0.22270496873588724,0.29141064779923964,0.41703510531292287,0.35872733717243005,0.4189299118613714,0.27482443887196706,0.2780739556796551,0.29030125270751606,0.272377222923777,0.29282771603308533,0.2711574439185985,0.27084575446832193,0.29560166064076243,0.28825948624484576,0.2817716863826085,0.26687413898748413,0.2774906729279506,0.2987209714897838,0.35035927737565264,0.2947450969717956,0.3518903243864041,0.35260806960278496,0.46973272441271097,0.3723877799066646,0.302011313062186,0.4716325983237908,0.47114781642176895,0.4714551984698009,0.4719135900146617,0.29343340088971737,0.2982737645272443,0.2993762093379198,0.40672397307964164,0.6125656134566373,0.31745364494973427,0.25538458541772635,0.2989372742226318,0.301897159852593,0.28124665681597255,0.27915154637621586,0.29424583684847205,0.3332306372121637,0.3967772053836398,0.053032929244160365,0.02476411942102103,,0.02936696731793358,0.5320337992032187,0.21891205420608234,0.46374592920305,0.28464377790769335,0.5168390481388008,0.14115496148448498,0.13503208316121879,0.19177917733614572,0.159888382500195,0.05790394534355143,0.05696846805260018,0.05779285687094379,0.05917367892461857,0.05701956474815323,0.05457823991422035,0.0588723361538112,0.22543279205110153,0.41731475673242135,0.4174069535936773,0.2789298134113455,0.2792098919132801,0.2884552262495188,0.2750204490635313,0.2913470278111354,0.2723601614085741,0.26870545854094163,0.29242417161235323,0.29211730730818586,0.2841886157845491,0.2657877599931747,0.277141783621,0.30000986332452256,0.3508437460358731,0.35301658940602804,0.3492909877040118,0.4709008404033108,0.4707338283106553,0.4731960070077132,0.47172406703207437,0.4711383671697986,0.2919450790404924,0.3000438902003507,0.29890096687182416,0.31833294047575067,0.25314196488334806,0.29821500622449887,0.30143446326939405,0.28175163234359235,0.2810467043498803,0.293381128215669,0.3338046813731413,0.3944887316623893
lapgyn4_anatomical_actions,0.09503665456261376,0.03162706797985693,0.02733434017777147,0.0,0.33416645124709476,0.3549150239646556,0.5868579141520505,0.2753779631413171,0.388589958455683,0.512797780397874,0.2916794934404865,0.27773150102447575,0.3327008281174185,0.3245119699416489,0.5594772870728211,0.5799911120630488,0.21128685645736606,0.2044421875785952,0.24278480519646994,0.2084389281413001,0.09997426291257198,0.10122785830621407,0.09964419423903025,0.10015458073975872,0.09952144119526121,0.10007995108583234,0.09920899309347708,0.333303446283201,0.25505473547027846,0.3542581090843564,0.4896017410286443,0.43381838308031356,0.47220059208558124,0.31910290044646816,0.3212399318963853,0.33122676720340033,0.31755037083572,0.3334060937216838,0.31547883066765,0.3163984220278419,0.3367284023948547,0.32910172138681204,0.3239808277654568,0.3124334837011629,0.32064610523638737,0.3378444143509134,0.39498355252777184,0.3612617902435055,0.39518922651148847,0.42598914073006644,0.5380457944428212,0.4012626137001827,0.3521315481934286,0.539997120805167,0.539442122431794,0.5394628382995538,0.5401239142849696,0.34994893764131335,0.3579439684566813,0.35967951760136185,0.4611043708778352,0.669236742414727,0.35803777738527104,0.30447756186727926,0.3503980603472588,0.3368982300795327,0.32462219311153606,0.31795052255934375,0.34133623131855984,0.3776852037424211,0.45993507041944975,0.09596116359242403,0.03835053732623804,0.026626693406490418,,0.5882525624337356,0.2746190672856567,0.5099751993365451,0.33546266930437124,0.5578254769292801,0.21110351575425207,0.2029456333565646,0.24367632201262426,0.20815801593504202,0.10219053860373936,0.10068014401223868,0.10091481619720526,0.10270838191351023,0.09810247610688827,0.09810934938540093,0.10315512383462044,0.2563405020003624,0.4898965261408592,0.4712063143836671,0.3222406051308728,0.3217394598738935,0.32938234889971096,0.31933656013826583,0.33279423958731436,0.3168221874332098,0.31454489327924284,0.33393576044657214,0.33187134341790786,0.3264151237850107,0.31177939329258375,0.3196795159346748,0.33883890294698227,0.39503600775280556,0.3963484919130369,0.4228124533480504,0.5389257704548325,0.5389989211169219,0.5414665845925942,0.5397617532008383,0.5395277283806923,0.3482987219538265,0.35968707020572394,0.35891442523290085,0.3587165111182331,0.30195583048918606,0.3491077362615702,0.3366990341501668,0.32556801212621267,0.32011156918515454,0.3408853164098599,0.3782383105863546,0.4576837057131516
sklin2_skin_lesions,0.2598284774191916,0.2864508326875125,0.2629492652303721,0.33416645124709476,0.0,0.27528589871172326,0.4495921528267298,0.29640387149447006,0.31773669602372656,0.4362262522322542,0.23785247663902287,0.22687891409675762,0.28233244775866734,0.25327952021668115,0.5114748072563052,0.5141909045008752,0.17633804585042556,0.19201626756845003,0.2853571053837218,0.2790821154254312,0.25032136024547014,0.25233118027392426,0.25200233937474814,0.2504756558245712,0.25105830195475215,0.25122329658206294,0.25151334828346017,0.09349149288444603,0.30461866589438524,0.22139426484342198,0.3627449727381096,0.18609371266110206,0.39998997996632824,0.32319151891266873,0.33040444992704665,0.3433068837626303,0.32026561149741467,0.3466235326900038,0.3198680778502943,0.3177598639306072,0.3490342159616373,0.34330837732288966,0.33239360413111974,0.30972055347930294,0.33131528825102535,0.3525381921730263,0.4076111871356469,0.08909792430597682,0.41255320985662364,0.14571947678057096,0.3518454749470966,0.4544323901564311,0.32573148737513924,0.3540354143091321,0.35405815367519033,0.35409201008366264,0.35546626658935915,0.2527062843427364,0.2375759466166792,0.23967169207929348,0.35551855523085896,0.5232993828443129,0.38832224625343037,0.3110047023216677,0.34639705207944416,0.3925182999643654,0.35486097112747966,0.3541390780826901,0.34301549778536944,0.31200151398651754,0.2941951365088753,0.25791758594082126,0.284724883686556,0.2690001493843345,0.3364058334030924,0.45097319032935657,0.29434105571453967,0.43247211850700146,0.2834405483786864,0.5100717596273194,0.17693238255893926,0.1889633955464526,0.2857442904600003,0.2806907740062897,0.24819269400427146,0.2517545912136076,0.25448619161235564,0.2545649287116889,0.25776403087466954,0.24977494006467216,0.24762167722990494,0.3128198791419603,0.3629941831023531,0.39738485511099036,0.3295286095511576,0.3341900583996925,0.3410874287528459,0.3233432641273032,0.342381435552862,0.3203716375909873,0.3137963889644912,0.3457742629156464,0.3473912365304328,0.33458209831691205,0.30873286600060723,0.33350598918380897,0.3551824775087417,0.40933102418337797,0.4126422841599642,0.14461992927315515,0.35343448496227314,0.3530716275998873,0.3560645605303755,0.3537578170658159,0.35390208093507003,0.2502004537089709,0.23785710274355126,0.23936321042102543,0.3903624050766923,0.30858539580228495,0.34775953133526294,0.39132445400056215,0.3543518411012408,0.3554341286959384,0.34083211944840336,0.31185484374741196,0.2920676584257661
identify_nbi_infframes,0.28526271600997377,0.3090639784684613,0.2903776986181114,0.3549150239646556,0.27528589871172326,0.0,0.2741084865373059,0.3789319444993605,0.24721542994034967,0.30791122898015355,0.19706386853714705,0.18667714261204466,0.2587398304008963,0.21865287956985724,0.45683993860750866,0.4569860404947918,0.2570623497802761,0.26645760764969034,0.3488045742337116,0.32997270045665084,0.29610733621991914,0.2996527496451563,0.29734957834580156,0.2957968849713377,0.29734208977143856,0.29705208383737836,0.29920458437061215,0.22342249206655662,0.3109627052981052,0.23233535520273668,0.32420643966410906,0.2945519999702808,0.4335673625185399,0.3617944233940954,0.3553854126298694,0.36261948528965005,0.3616179967412563,0.36268803071948763,0.3578221750137164,0.35722433691321476,0.36492846293756354,0.3684300612602849,0.35766611179538504,0.3566951468200186,0.35602846833117197,0.3667776546026139,0.4206986164071294,0.24234581863287802,0.4298483901245487,0.2343143451198691,0.46317088430666653,0.5080946603825116,0.3802747257809265,0.4646248236582199,0.46469373713259654,0.46463387578692616,0.4661587087343285,0.40266544738362964,0.39506224883771535,0.3968311303167068,0.2952832560887776,0.6111273712759033,0.39292608462990397,0.35209884141041964,0.353666361519912,0.4325213931991667,0.35267846740685915,0.3600950945181489,0.3652653588122091,0.35550786385423594,0.4263436312488137,0.2838876035492492,0.30061891553913234,0.2953155982932266,0.35787974388005106,0.273742567531465,0.37582983608308485,0.30880886223884746,0.26024966976176633,0.45510351086962186,0.25573845043595356,0.26155668484691064,0.35038786288758916,0.3308156508722974,0.2933727901136036,0.2945862870429383,0.30064114015270277,0.3023913890017603,0.3042573647945038,0.297004043631257,0.29315656418979075,0.32060050136431617,0.3262060475819155,0.43169657671373113,0.3657673316950068,0.3593372859677557,0.36183496314932795,0.36884647501715506,0.3572881026392762,0.35617022093661077,0.35279883609880247,0.3621429093694378,0.37143191607559123,0.35891154978238005,0.3573667889395673,0.3572107525576095,0.3705186201951472,0.4238559430505547,0.42972856062688236,0.23411242242660446,0.4641150844585129,0.464756700622897,0.4658461246001895,0.46448440834168087,0.46510111400952425,0.40224542166945654,0.39538901104996627,0.3945759032745369,0.39494275595724404,0.3491134118445098,0.3555591381813169,0.431818542855441,0.3523620698038414,0.3599554218090692,0.3630521142714931,0.3561506986733552,0.42441239658737995
laryngeal_tissues,0.5314093627504932,0.5503508420000484,0.5306311808139572,0.5868579141520505,0.4495921528267298,0.2741084865373059,0.0,0.5883485139150634,0.3583800807384658,0.29521822189252817,0.31953684540089855,0.3195677032044106,0.3122408343608162,0.2748072368673655,0.5231567194248316,0.5150562165539225,0.5061886421793798,0.5096026207548074,0.569958865033695,0.573868908705491,0.5549797677166999,0.5584482522591578,0.5560036609347421,0.5544077905601384,0.5560242345130522,0.5560873909505065,0.557524185854067,0.37969960740739017,0.5220509343907607,0.4504993876508048,0.49638872859698335,0.44621654061487914,0.6199761015518586,0.5960416402458601,0.594600051872686,0.5973096554306168,0.5978918745100343,0.5977421535176737,0.5937148317334353,0.5950400197439616,0.5995042951800016,0.6020340395807966,0.5933422100760511,0.5940750325957531,0.5908515720803731,0.5981828785362597,0.6302441579736766,0.43270540405804053,0.6400975575698932,0.3435070668281276,0.6214114661750976,0.716123196102508,0.5970234257733877,0.6228658791945252,0.6226286916999284,0.621889068484131,0.6241045898555557,0.5685560002746928,0.5587921785397542,0.5620690174862919,0.4591170904087105,0.7411701217923287,0.5724600335129513,0.5581077641103744,0.5563700454682023,0.6213497796676748,0.5497688800751201,0.5494227160129054,0.5571652374351332,0.5390234124497321,0.6113023269695741,0.530175591800451,0.5623728476209522,0.5362822948161854,0.588713556929009,,0.5854776084343745,0.2982854578409068,0.31249971256697295,0.5207761510432027,0.5058753809768448,0.5065920373229046,0.5708241528484088,0.57485424995826,0.551924849685417,0.5543887101244027,0.5596702145678343,0.5611401818137998,0.5623374868252038,0.5545094096905916,0.5516160283918465,0.5338707573353672,0.4971536205174803,0.6188747907197278,0.600901534308525,0.5983557648303676,0.5960114416333147,0.604133982638781,0.5932263042039061,0.5928163922132137,0.591115498490371,0.5976874943599711,0.6037805119267141,0.5939011763536148,0.5950085399343468,0.5912626195280855,0.6032712258971498,0.6331005556341383,0.6398802910445862,0.3459404180472413,0.6228413533755391,0.6230772990409872,0.6233744790457896,0.6219127165657813,0.6233366762091269,0.5678140674635686,0.5592344548008781,0.5603175555359733,0.574456186000469,0.555141799110492,0.5575722187104121,0.6213917616319228,0.5494890648281653,0.5502243499531076,0.5565157755960184,0.540300160663548,0.6100414512181771
nerthus_bowel_cleansing_quality,0.2202688249690674,0.22003054130068922,0.21971753042473896,0.2753779631413171,0.29640387149447006,0.3789319444993605,0.5883485139150634,0.0,0.429938081235931,0.4826132771585877,0.3121036157096789,0.296639978054276,0.3285538834806784,0.3155612730584274,0.5506322461638182,0.5622969376946307,0.12326083434768373,0.10054651806710653,0.043088720505067485,0.0935152140124181,0.1641575976150353,0.16406551248109313,0.16400734723251098,0.16464319181801412,0.1644926380725207,0.16428258349090502,0.16466655257116708,0.302129603222007,0.18241792592120615,0.3398830772433441,0.45848716118731747,0.43198749671740694,0.3948871800673859,0.28647829057747354,0.28220452034647614,0.29427522754914637,0.2818942116521062,0.295330069226665,0.28060833062231466,0.27789803201278784,0.29896353100690637,0.2965154088803169,0.28692799730953283,0.27635576977346626,0.2913317684142413,0.30312092320013484,0.3899126208676481,0.3265667241067863,0.3895511201462891,0.3958395727047904,0.443918884081936,0.40244690907960307,0.26653113695888536,0.44556954892599754,0.44511213190402216,0.4457406683005337,0.4454342280064557,0.20796022777700882,0.20146934198383196,0.1994610218109782,0.44549997839978905,0.5777208447400409,0.34686464523157357,0.24437687098414806,0.29825420397787805,0.3200008272690347,0.312733017934558,0.29030084022581,0.2975930556331967,0.4210877841391749,0.3676017773620107,0.21982457986049425,0.23063261640315644,0.22099022623695902,0.2747340247255001,0.5900877899242637,,0.4775676832138862,0.3290928393485719,0.5505005390404832,0.12330775884649263,0.10431132282606204,0.04314702182111509,0.093394460155587,0.16308120229416384,0.16624115907417672,0.16607388511847881,0.16585846450626318,0.1672518811701001,0.16451519025560696,0.1638079261868517,0.18323748635204784,0.45942831601399725,0.39279175285627566,0.2911018974696369,0.28355963275977014,0.29234124885614976,0.2840840552119148,0.29397509887086604,0.2813202837466592,0.276351762431133,0.2961544357688706,0.30065464084421645,0.2893675937520547,0.2747407872309021,0.29131168255567397,0.30466961868198655,0.3889302519415197,0.3907785143593048,0.3931814578230206,0.4454268197783048,0.44441462901278195,0.44633536655442885,0.4458107543833666,0.4441434179702122,0.2065508913283236,0.2037378301137752,0.19860580665990143,0.3486761155688538,0.24165502848776532,0.298081554958967,0.3194415818166357,0.3123688251188942,0.292445040885423,0.29675552911092284,0.42161929737559845,0.36482609865673427
stanford_dogs_image_categorization,0.34893807646398456,0.3629739677599644,0.33649645014756846,0.388589958455683,0.31773669602372656,0.24721542994034967,0.3583800807384658,0.429938081235931,0.0,0.35433932407476443,0.09527102763173707,0.09329013506459312,0.17995755523893242,0.17394039144758644,0.44482935695358466,0.44974104173987894,0.3339501014040251,0.34681849278422405,0.4079523538388467,0.40346351945787085,0.37357524219147054,0.37675213116257517,0.3747370460430176,0.37299697937465237,0.374108491921995,0.37445736206304014,0.3756910866287144,0.26862114354834044,0.38732342037248946,0.30077771175140233,0.35833634472153153,0.2976273406387401,0.421499923627884,0.4265581319642545,0.4228677976564289,0.4270533304281436,0.4278829823814265,0.4275494788570474,0.4239243934105685,0.42350921135290676,0.42969943441067293,0.43175896319836193,0.42345838891581455,0.42577956029854025,0.4205210402873282,0.43032778636791347,0.4654831104600594,0.31234550702609143,0.47366457825289565,0.306221800019655,0.45630389613133615,0.5306904711469025,0.38857923200113176,0.4577528522137811,0.4582249993382772,0.45741370561613925,0.4593319893703044,0.4114611760397703,0.39976887998531124,0.4024676168289574,0.3667147987447401,0.5682411627815076,0.37983416323786334,0.37747024856602546,0.35379821851968424,0.4391655966179472,0.33582463463744505,0.35149100696764846,0.35499300505191733,0.3343893998113364,0.43433556047118843,0.3464924813214925,0.3590927045680506,0.3416530685128656,0.3917932219143595,0.3581549960287351,0.42769269910435637,0.3524566657247203,0.1827291802008672,0.44342919308782697,0.3333764716258587,0.34374037864973295,0.408663373940079,0.404549990137288,0.3726721345000367,0.37431774876475266,0.378945949887568,0.3786447179885522,0.38003054647769335,0.37425940870846186,0.3703986159756133,0.39674123154581054,0.3591680463371736,0.4212371643014313,0.43088320795730983,0.4264436830273305,0.4272239657940705,0.43385734607830095,0.42366851737954236,0.4245284193577735,0.4199797672918144,0.428012300311141,0.4339229023587001,0.4244555363685553,0.42580452545722186,0.4196349726524561,0.4344886030583044,0.4681878155867474,0.4735439070176406,0.30770501792552546,0.4569765638499489,0.4580228323238677,0.45901894597741033,0.4570418605672754,0.457999391813055,0.41121748532174485,0.4006859606557335,0.40027374297178453,0.38198761140411897,0.3729785303550154,0.3547607429545632,0.4390821276049216,0.33546612600364506,0.35224242277511414,0.3536785088869715,0.3345661145000378,0.4332718531331148
svhn,0.48874161029155694,0.48378891908912813,0.46716814511986715,0.512797780397874,0.4362262522322542,0.30791122898015355,0.29521822189252817,0.4826132771585877,0.35433932407476443,0.0,0.2856417093575162,0.27311293996343006,0.17179525171964288,0.14592163325728377,0.33043384490411565,0.32516331549447286,0.43943361050337937,0.4387544554178685,0.4683632108953685,0.4693694506719779,0.4671352637037855,0.4702619284222326,0.4677928117218604,0.4671491638162679,0.4683459214425332,0.46818604215653703,0.4700382487998176,0.3964897107764944,0.4422942443153253,0.4155905414935722,0.4555534152490778,0.4981394490561687,0.540945344296099,0.4744276053405484,0.467160675253448,0.4707895158767859,0.4741021943017598,0.47050366316828596,0.47077365460026954,0.47059635899079044,0.4730637563440797,0.47656971671155424,0.46734221215547844,0.47050229957864653,0.46625261807534263,0.4733503126104244,0.5319317061118201,0.43310659647439953,0.5388040761263204,0.41636834738017464,0.5895352117807768,0.5978368214703755,0.4823345551628143,0.5908369775707885,0.5909060939623589,0.5901239393266353,0.591488821307816,0.48447865695582315,0.47258692808068653,0.4756063661552609,0.44514143708783305,0.709358975169569,0.43067069068198005,0.4293593370467542,0.42445057969334965,0.4828891203179493,0.4114176742603465,0.390689069754373,0.4130963307377731,0.4990909366258324,0.5623316699906706,0.4889917214225815,0.4833824003049786,0.4709597085906584,0.5130571988116046,0.29636734460084213,0.47977996777870036,,0.16969574202362325,0.3300258913901116,0.439720883853452,0.4361481031352368,0.4680286812139095,0.4714866761807607,0.4642130574032137,0.4670689839704417,0.47160888131409917,0.4736327609702365,0.47378393979042704,0.4687910428704548,0.4636772977535606,0.451328217278091,0.45646573689477693,0.5402035865789376,0.47891254230899233,0.4703401621224542,0.4692401778862872,0.48041926058931456,0.4660567387070311,0.47064748310671023,0.467661138762415,0.4716545952087322,0.4783490909997603,0.46926055543569045,0.47209008518417284,0.4668260921268128,0.47667156699964863,0.5339202667522993,0.5388131893916644,0.41798253823655207,0.5906088671515093,0.5906637802402719,0.5913448970447414,0.5899180961178279,0.590227280206223,0.4829539612233604,0.4720160297067359,0.47412555668165657,0.4331284068759383,0.4264673634496896,0.42520672594041475,0.4831414033435113,0.41115647892314267,0.391011626455559,0.4124561059715626,0.5000815319292243,0.5609291087542867
caltech101_object_classification,0.263401560246165,0.26490590893414123,0.2401785245914861,0.2916794934404865,0.23785247663902287,0.19706386853714705,0.31953684540089855,0.3121036157096789,0.09527102763173707,0.2856417093575162,0.0,0.012630013013226053,0.11086313552620776,0.09397829097937967,0.34594049757855533,0.3529141561553675,0.2347452351205665,0.2378958615377758,0.2961213616836548,0.2871747453713094,0.2630486212940608,0.2658726028874101,0.263803301397333,0.26236727784591285,0.2636015373781865,0.2640917090596164,0.2650353262832574,0.19589186817524487,0.2632084119897594,0.24074149193234426,0.27616026832644053,0.26530481066772676,0.3274625433015622,0.3218605156541743,0.320561151937263,0.3278683198466751,0.3230701826045115,0.3282228544584728,0.31915734962562126,0.31931849125198875,0.33074193445855704,0.33020259807150654,0.3214195220680509,0.3199508928883108,0.31982804590799124,0.3316992862093217,0.37335043831895826,0.24404422763619393,0.3794911371095342,0.24476844815977986,0.37178756208332064,0.43147984520295,0.2696294215443306,0.37358995493196806,0.3733402224161273,0.3727675912701054,0.3745969588698099,0.2837029451754022,0.27595844274341796,0.2790316997907671,0.30079329192712184,0.4935534812672585,0.26946189778716495,0.26348428183961087,0.24719343373024874,0.3174048851939416,0.22825586759279315,0.23183476555511706,0.2426120681580216,0.26139215106049307,0.3433370467571901,0.2618957558660745,0.26548405062104913,0.24578740618730222,0.2937558890023387,0.31914827393737394,0.30982049771948084,0.28238780287029686,0.11328939525076441,0.344571458263889,0.23449440256832266,0.23616606625441036,0.2964885924916948,0.2885556221497078,0.26198233822127454,0.26360355905284794,0.2682195308188352,0.26833487307405857,0.26929438220833085,0.263922281389746,0.2596952565568057,0.2717500857071729,0.2769997719330458,0.3270082029096463,0.32677572275189437,0.32458987470324946,0.326622208654634,0.32909392767823253,0.3252209344856879,0.32015883482477725,0.31587015493446585,0.32865348388090987,0.3328272519627283,0.32321375497157434,0.32004185255786277,0.31898097961466065,0.33565543206914095,0.37571417074922075,0.3797558608281587,0.24476775638811082,0.37279316102035354,0.3734549524683109,0.37430216146983764,0.37274679926222065,0.37372384013357135,0.28319638250008394,0.27698870804976095,0.2770831805438013,0.2718558569267633,0.2585407991311388,0.2476297996529948,0.3171407300855118,0.22810202018672168,0.23301077932126635,0.24100090408942026,0.26171247370937,0.3424060178221111
caltech256_object_classification,0.25297285485821,0.2509436178786847,0.22630905328564405,0.27773150102447575,0.22687891409675762,0.18667714261204466,0.3195677032044106,0.296639978054276,0.09329013506459312,0.27311293996343006,0.012630013013226053,0.0,0.10686286884885578,0.08755459974092625,0.3411201319747384,0.3488509460763236,0.22001138272927323,0.2234578656074167,0.2830291671335927,0.27098473995726124,0.24394178379647052,0.24674891373625618,0.24464377341693277,0.24332123425480226,0.24458941384925775,0.24499602990792757,0.24597455699052226,0.18672333414217912,0.24628648610772796,0.23085065060001553,0.27159204039124774,0.25999713769148464,0.31206642591901945,0.30245536140311957,0.30205219548738144,0.3100965178950913,0.30385577233264166,0.31067983434016816,0.2999337243368649,0.3003277136956155,0.31315122134308915,0.31190954779710744,0.30328526516372434,0.30063521804741655,0.3013137247087945,0.31440924874329035,0.35476813247117694,0.23362301695786003,0.36069622073754637,0.23852184950746083,0.35136969908465177,0.4121078389874139,0.25359065665391256,0.35314992906979203,0.35302911523657515,0.3523288083929723,0.3542444973389343,0.2690135402645356,0.262294153185746,0.26552490582029986,0.2893970064022767,0.4735776986411995,0.24586474445949613,0.24040353565772438,0.221839332862711,0.29902879484161154,0.2026095264238919,0.20839445786102634,0.21825043475881561,0.2547528474861134,0.32311627018863176,0.25177505596660055,0.24724075246710847,0.23199965798176142,0.27945995720194705,0.3193164401552985,0.2944848278296809,0.2699497632902842,0.1088050836181981,0.3397105866163703,0.22013983750533223,0.22161517261254526,0.28325842339201307,0.27244843567596744,0.24281791200538666,0.24450446374482546,0.24885204188484078,0.24926624061288538,0.2500587915095048,0.24512389049290362,0.24035718939071865,0.2551057893611972,0.2724928725976686,0.31143341277986875,0.3076858218652167,0.3060027109316611,0.30881042270067616,0.30963467889696605,0.3077462729417261,0.3009940808282906,0.29680822108174126,0.3108644432906701,0.3147356566375685,0.3051058874631767,0.30059110539086253,0.3005256219456513,0.31835027799069515,0.3571788923629665,0.360882520566267,0.2385998851273501,0.3523809696881761,0.3530923281444076,0.3539236658690904,0.35249156503066903,0.35313979906485904,0.26842170150482597,0.26325820932201494,0.2636188990894617,0.2482823754869475,0.23534389080606022,0.22210846527760103,0.2989143941070511,0.20233554612178012,0.20946702768831604,0.2167448238466521,0.2551120120944785,0.3223207242438889
cifar10_object_classification,0.3038587226948237,0.29976263623535654,0.28226683259756474,0.3327008281174185,0.28233244775866734,0.2587398304008963,0.3122408343608162,0.3285538834806784,0.17995755523893242,0.17179525171964288,0.11086313552620776,0.10686286884885578,0.0,0.01815356123610966,0.31699171593393377,0.3256218170952843,0.2659324240940812,0.26528328046709365,0.31254665176329444,0.2995772530248251,0.2877750886288369,0.2904341183018034,0.2886057285973215,0.28783959242291235,0.2884947679610279,0.2888252864649764,0.28978453770027246,0.2451603070419459,0.29363663710984167,0.26017537020349996,0.35487795229751107,0.34590269332708024,0.4023859856676301,0.3345118914391371,0.3304701643123062,0.3377055142504055,0.3338999030649152,0.33778950536539254,0.33095045907610177,0.329910400309378,0.3410904904839455,0.34143043499957176,0.3329366557880869,0.3311056165665241,0.330189621404973,0.34289938396106545,0.405128195826897,0.2858070366253559,0.4105647947436821,0.3245296334800256,0.44707427644135844,0.45534714533984455,0.31366600744246426,0.4489056617916892,0.44839692130125536,0.448307176867083,0.44964427275077423,0.31905500250879515,0.31391181003643154,0.3169950951959056,0.3212157730646732,0.5775717880708016,0.3213616277670006,0.2955944825409428,0.30007638066409853,0.35170635220850044,0.28555345106613295,0.27994017592041415,0.2902756018427147,0.32591274808351733,0.4065992119206203,0.3027513633097829,0.3006793293197738,0.2865142980882638,0.3341734303615377,0.3133878588380469,0.32624498849158484,0.1685036302309775,,0.3161454531866914,0.2651137810259031,0.2634684834990564,0.31288357856926635,0.30127137567618334,0.2862894685388871,0.2886401739880632,0.2923152196489802,0.2925803321897552,0.29373613051401926,0.28918567399681455,0.2847933044625617,0.30062595406852954,0.3548942281435593,0.4017636756297619,0.3386452242390425,0.33345188343664,0.336703765901991,0.33889191722625267,0.3350865277698084,0.3316845248985002,0.32751858705574866,0.3389266747572544,0.34368331126180596,0.3349692602534785,0.33095584054166566,0.328834133772855,0.3465946719470625,0.40708656750451955,0.41080575058067914,0.3233191831940613,0.4485038884954762,0.44834907338279295,0.44961024187804877,0.44828591216052316,0.4489334660724902,0.3177667267685746,0.31425620593026493,0.3159048061020877,0.3234696198484126,0.2914332352987049,0.30013580654439964,0.35132035648675236,0.28555860695385854,0.2810504040180867,0.28919751635764346,0.32637406433815774,0.4049832897300302
cifar100_object_classification,0.2858903409471644,0.28864498085189594,0.26992858195506453,0.3245119699416489,0.25327952021668115,0.21865287956985724,0.2748072368673655,0.3155612730584274,0.17394039144758644,0.14592163325728377,0.09397829097937967,0.08755459974092625,0.01815356123610966,0.0,0.2977383997146814,0.3029446514851108,0.24681217186789303,0.24652805850907333,0.29796538422850516,0.287540158793686,0.27430549512161173,0.2770428711244157,0.2752353661623815,0.27429158866073433,0.27522233427112647,0.27551971901056416,0.27655491658760356,0.21390627016646063,0.2771279219248308,0.2365736258392866,0.30769674127960295,0.31255751192666426,0.3740065536430805,0.3173446327355127,0.31429266412048523,0.3219803527795566,0.3172396962432476,0.3221355035972077,0.3141952968477531,0.3133876179189875,0.3248882634586162,0.3252187295674389,0.3165161158967613,0.31421578910461,0.3124952259523829,0.326936079369337,0.3839440383115617,0.25657301720653036,0.3893501819865698,0.2838361569816428,0.4143595157249509,0.44273416798726106,0.2933466569487958,0.416282120991731,0.4158849841506639,0.4157141128271782,0.4172369139692479,0.2995296981889992,0.29260874297296513,0.2957868575939481,0.3000497072849587,0.5516375625711543,0.30028408744140045,0.2791635933252191,0.28309236275784716,0.33569536720817883,0.26679995883667973,0.2607752822234185,0.273029491697637,0.3035491329560633,0.3786193032621582,0.28473201370062673,0.28873773528714597,0.2744512984415495,0.32600479589756715,0.27614544091882065,0.3131158104537833,0.14283793250867094,0.018982283659837094,0.2968189791591211,0.24626671617418042,0.24460098521781465,0.29834098700123335,0.28935051836987147,0.27264456306209006,0.2750793114817768,0.2790556251090318,0.27980127508524744,0.2809492210690473,0.27558224878758664,0.27098353183669444,0.28514004091976125,0.30797251681948123,0.3730644879955184,0.32168157322930774,0.3177936570555948,0.320917362217396,0.32263535316061653,0.3188760344242247,0.3147615718455599,0.3106840452166919,0.32277997769157,0.327780198553738,0.31839795429948203,0.3144554195528192,0.3119055993176425,0.3307908347077529,0.38600660635336337,0.38938284563696723,0.2826879071131634,0.41589449677754114,0.41589020731904947,0.41702103384020583,0.41582987759599827,0.4162188174750901,0.29836899891512403,0.29278465171171575,0.2945785157248805,0.30241253124790785,0.27494488839955644,0.28356976229418906,0.33525249198800156,0.266829634388357,0.26175004856979667,0.27181854457193966,0.30417003013886484,0.37725354972010444
