,lapgyn4_anatomical_structures,lapgyn4_surgical_actions,lapgyn4_instrument_count,lapgyn4_anatomical_actions,sklin2_skin_lesions,identify_nbi_infframes,laryngeal_tissues,nerthus_bowel_cleansing_quality,stanford_dogs_image_categorization,svhn,caltech101_object_classification,caltech256_object_classification,cifar10_object_classification,cifar100_object_classification,mnist_digit_classification,emnist_digit_classification,hyperkvasir_anatomical-landmarks,hyperkvasir_pathological-findings,hyperkvasir_quality-of-mucosal-views,hyperkvasir_therapeutic-interventions,cholec80_grasper_presence,cholec80_bipolar_presence,cholec80_hook_presence,cholec80_scissors_presence,cholec80_clipper_presence,cholec80_irrigator_presence,cholec80_specimenbag_presence,derm7pt_skin_lesions,idle_action_recognition,barretts_esophagus_diagnosis,brain_tumor_classification,mednode_melanoma_classification,brain_tumor_type_classification,chexpert_enlarged_cardiomediastinum,chexpert_cardiomegaly,chexpert_lung_opacity,chexpert_lung_lesion,chexpert_edema,chexpert_consolidation,chexpert_pneumonia,chexpert_atelectasis,chexpert_pneumothorax,chexpert_pleural_effusion,chexpert_pleural_other,chexpert_fracture,chexpert_support_devices,pneumonia_classification,ph2-melanocytic-lesions-classification,covid_xray_classification,isic20_melanoma_classification,deep_drid_dr_level,shenzen_chest_xray_tuberculosis,crawled_covid_ct_classification,deep_drid_quality,deep_drid_clarity,deep_drid_field,deep_drid_artifact,kvasir_capsule_anatomy,kvasir_capsule_content,kvasir_capsule_pathologies,breast_cancer_classification_v2,eye_condition_classification,mura_xr_wrist,mura_xr_shoulder,mura_xr_humerus,mura_xr_hand,mura_xr_forearm,mura_xr_finger,mura_xr_elbow,bean_plant_disease_classification,aptos19_blindness_detection,lapgyn4_anatomical_structures --shrink_train 800,lapgyn4_surgical_actions --shrink_train 800,lapgyn4_instrument_count --shrink_train 800,lapgyn4_anatomical_actions --shrink_train 800,laryngeal_tissues --shrink_train 800,nerthus_bowel_cleansing_quality --shrink_train 800,svhn --shrink_train 800,cifar10_object_classification --shrink_train 800,mnist_digit_classification --shrink_train 800,hyperkvasir_anatomical-landmarks --shrink_train 800,hyperkvasir_pathological-findings --shrink_train 800,hyperkvasir_quality-of-mucosal-views --shrink_train 800,hyperkvasir_therapeutic-interventions --shrink_train 800,cholec80_grasper_presence --shrink_train 800,cholec80_bipolar_presence --shrink_train 800,cholec80_hook_presence --shrink_train 800,cholec80_scissors_presence --shrink_train 800,cholec80_clipper_presence --shrink_train 800,cholec80_irrigator_presence --shrink_train 800,cholec80_specimenbag_presence --shrink_train 800,idle_action_recognition --shrink_train 800,brain_tumor_classification --shrink_train 800,brain_tumor_type_classification --shrink_train 800,chexpert_enlarged_cardiomediastinum --shrink_train 800,chexpert_cardiomegaly --shrink_train 800,chexpert_lung_opacity --shrink_train 800,chexpert_lung_lesion --shrink_train 800,chexpert_edema --shrink_train 800,chexpert_consolidation --shrink_train 800,chexpert_pneumonia --shrink_train 800,chexpert_atelectasis --shrink_train 800,chexpert_pneumothorax --shrink_train 800,chexpert_pleural_effusion --shrink_train 800,chexpert_pleural_other --shrink_train 800,chexpert_fracture --shrink_train 800,chexpert_support_devices --shrink_train 800,pneumonia_classification --shrink_train 800,covid_xray_classification --shrink_train 800,isic20_melanoma_classification --shrink_train 800,deep_drid_dr_level --shrink_train 800,deep_drid_quality --shrink_train 800,deep_drid_clarity --shrink_train 800,deep_drid_field --shrink_train 800,deep_drid_artifact --shrink_train 800,kvasir_capsule_anatomy --shrink_train 800,kvasir_capsule_content --shrink_train 800,kvasir_capsule_pathologies --shrink_train 800,mura_xr_wrist --shrink_train 800,mura_xr_shoulder --shrink_train 800,mura_xr_humerus --shrink_train 800,mura_xr_hand --shrink_train 800,mura_xr_forearm --shrink_train 800,mura_xr_finger --shrink_train 800,mura_xr_elbow --shrink_train 800,bean_plant_disease_classification --shrink_train 800,aptos19_blindness_detection --shrink_train 800
lapgyn4_anatomical_structures,0.0,0.08934878583491726,0.09407811285586415,0.1289731725174523,0.2529971471488338,0.2958516256121755,0.5085023381510895,0.23270747620793247,0.3401610812460374,0.4522202623647179,0.26335418480082706,0.2546241990768207,0.28976922132327504,0.27182134329179475,0.5141257408804725,0.5257086658098307,0.1515998535431322,0.1499121465435672,0.20386540731075173,0.18367479109324725,0.12928398316615497,0.13048254794467617,0.12979196745350147,0.12925685949992569,0.12907850352249634,0.12923077520737622,0.1291140234699575,0.25698533689569925,0.23964178136717712,0.2654792835023827,0.41446552461275343,0.35216473302921963,0.38744982708582776,0.26291896795698033,0.2643999422136492,0.2727350655122235,0.26107303510157187,0.274126263194308,0.2599972366936104,0.2596840453806539,0.27607698103944706,0.27233040142178894,0.26719923251068384,0.2576009899298668,0.2619987959387776,0.27899109266807554,0.3200679905851949,0.280435329311465,0.3225543531255629,0.3328412129897842,0.43245237846092976,0.3535300484396631,0.2958218269885915,0.4338804379411978,0.43382037640398496,0.4344711390049373,0.4345609639141105,0.2973115619162729,0.2912277367218312,0.29079918012843387,0.36414643763618776,0.573436471963272,0.32487755441332716,0.26314146103112934,0.29972785542103636,0.30758790426099225,0.29391650691850657,0.2872358224939683,0.30459458689410024,0.3082337404885028,0.3740864488893662,,0.09773294437710398,0.09395944633479786,0.13020417220172031,0.5107422140396408,0.23241207868970168,0.4487567042466992,0.2918911362781317,0.5127727444028811,0.15088228005980395,0.14914615650501006,0.2052087051771669,0.18288755878480825,0.13020903169344816,0.12972681553688478,0.13101729860721917,0.13240514438296444,0.13169397900754765,0.12787226057992937,0.1315498785835445,0.24286206180421507,0.4144432709910713,0.38575578706883507,0.2657905364958102,0.2663377435811308,0.27244820708238665,0.2639371794265214,0.27299040840345823,0.2609764737710051,0.25703099924153294,0.27374614641289596,0.27503455863745563,0.2685494351768788,0.2576304983941132,0.2625902771631285,0.28057515007391987,0.32114507168470147,0.32246796245258746,0.32824610957804773,0.4341409020131263,0.4326850129611717,0.43520268430811215,0.4344053394873021,0.43371076606173137,0.2961880974368383,0.29316649057684196,0.29023174446896177,0.32527302257204666,0.26213653897365896,0.3002762685281925,0.30697210390520635,0.2938135042750177,0.28865885312220196,0.3038108067572156,0.3087679091024761,0.3721165953169784
lapgyn4_surgical_actions,0.08934878583491726,0.0,0.0664267029606571,0.0743653097949821,0.2900345080738166,0.33491446005713627,0.5588069106044224,0.23269639482195065,0.3627098254648906,0.47184495351566746,0.2717564995542165,0.2589045026125955,0.29398637131188554,0.28261432280503607,0.5278295988209577,0.5460331702286958,0.17356578499666842,0.1718166511196762,0.20566499706628003,0.1760219629201747,0.10700066492100199,0.10785774119361646,0.10705135442053515,0.1071367067773535,0.10661342679973042,0.10714520442016688,0.1066880281987847,0.2888923881198631,0.22136559126876154,0.2965765639762966,0.4559322119160869,0.40697001063045757,0.40601639860962824,0.25930068230622094,0.25999864056444233,0.26760702159675887,0.2577288066302279,0.2693320443985012,0.256101898289863,0.2560622055860316,0.2719318817670894,0.26699525144801517,0.2625860841367111,0.25402103811605237,0.2594980543208154,0.2734133005713497,0.3240248236841457,0.3151705236853706,0.32464858379813966,0.3850777771715863,0.4716863169153627,0.3397438069484034,0.2899865096759132,0.47303580058087247,0.47285928297140467,0.47320158105252025,0.4733823983395775,0.29548877521856076,0.2957507709042311,0.2962571837188354,0.3858557006762636,0.6048325476861038,0.30542130105496945,0.25226134300475056,0.2961571075857425,0.2877539036645658,0.27744754914922004,0.2720973753214982,0.2892444159004529,0.32423325049892693,0.40247753884507304,0.0906065062807263,,0.06540411670422563,0.07463015755357603,0.5611124672607001,0.23242219653422502,0.4680663770673579,0.29654373708971093,0.5263417631890223,0.1733707899955435,0.1707215431406082,0.20660285017623778,0.17559250926041703,0.1084569999031296,0.1077298923777803,0.1078228097864508,0.1096877296415229,0.10717959106618002,0.10605351584095711,0.10981192663944703,0.2225937355402925,0.45585142970886555,0.40461262336049175,0.26167529969132053,0.2610243397515204,0.26690043365120153,0.25925840406030976,0.2690053959117008,0.2574016547958308,0.2546604930970837,0.26957333799858985,0.2691175588626771,0.26444003081391576,0.25370057649930716,0.2588820258982194,0.2744903998211066,0.3243672285064741,0.3252519546664247,0.3802941957973033,0.47318088178790507,0.4718019303892764,0.474269821265671,0.4733933472748564,0.472991696708304,0.2941939322535224,0.2974133280333816,0.2959182750593383,0.3059581645221069,0.25060491429540077,0.29553663773518213,0.2876144439863906,0.27804766253196833,0.27438706679580394,0.2888345877049828,0.3247637101310328,0.40030690593733875
lapgyn4_instrument_count,0.09407811285586415,0.0664267029606571,0.0,0.07038058324964855,0.26813425468076935,0.31195192893025964,0.5266505081972508,0.23428247429275778,0.3357439646344819,0.4480811961181693,0.2504952944545569,0.23834880352945848,0.2777364952285034,0.2654339836282207,0.5047849721272776,0.5197977894552172,0.16659375849744584,0.16584453753290035,0.21193330194581222,0.19166146906181974,0.09826663303889897,0.09960542649568184,0.09837194537197656,0.09837648292899273,0.09811242336822193,0.09842801806333516,0.0980974443957717,0.2699233094701035,0.23042497504460735,0.2931424109955972,0.42870084733511027,0.3728844310396251,0.39031676040471996,0.2661601523194725,0.2684648923691544,0.276722203272573,0.26444716408090313,0.2784018606828723,0.26330810284695993,0.26344736580583716,0.2807162320467923,0.27583777122075037,0.270768636349043,0.26068710058662514,0.2668047205209316,0.28275158145041535,0.3232720989105431,0.29684810783250126,0.3255217991434264,0.360134050856541,0.44391607717364523,0.34990867806146286,0.2916020375565301,0.4451656720822367,0.4451962483654591,0.445486287102107,0.4456289879913866,0.28546848894935717,0.289028635773818,0.2898647979686364,0.37559606710648785,0.5791109856357852,0.2959386812041652,0.24873716066093227,0.28035588724966276,0.2890027000359048,0.26591865771582746,0.2641841755293042,0.27877051265961655,0.31332209872707606,0.3815310556169924,0.09498532905465343,0.06858259780248169,,0.07232312687013831,0.5287176703780784,0.23389329166584696,0.44445055468097083,0.28003438481821585,0.5032826538533856,0.1665185993370597,0.16429436855294854,0.21296648770966933,0.19120656427258892,0.09992308630232977,0.09888412622248802,0.10005070528800522,0.1008233682587952,0.09873370624612754,0.0970616669019702,0.10018235476057688,0.2330108992421715,0.4287077121386158,0.3889187572039735,0.26951993819686004,0.2698621781973107,0.27567880760598934,0.2672386274847367,0.27729061835453284,0.26457222884527276,0.2614740140482677,0.2783469181052423,0.27851596531197165,0.27249047534838655,0.2603818718646448,0.2667993578239657,0.28408894811257757,0.3245812555730522,0.32638504858094286,0.3557981857962877,0.44547881638289405,0.4440837681670254,0.44646821552557286,0.4456777883659385,0.4450370951549175,0.2847899845471753,0.29064129941863304,0.2895097875967144,0.29636325673606934,0.24729568513886846,0.279922548421912,0.2888056659030719,0.26619986304426807,0.26583962736661354,0.27812328117846885,0.31381244287390575,0.37955161024414974
lapgyn4_anatomical_actions,0.1289731725174523,0.0743653097949821,0.07038058324964855,0.0,0.3239355584556433,0.3603733246031894,0.5722014777722955,0.2776891698109045,0.3776124900740274,0.4851204184743697,0.290935572500328,0.27844023645238203,0.3184859733082246,0.30917227880214165,0.5385879547695009,0.5560939092349115,0.22096205802468444,0.21946583759695543,0.25168727027617366,0.22938212939013294,0.13444422890559932,0.13566770503804698,0.13423971840401938,0.1344610048833361,0.1341440008038079,0.13480401149059837,0.13416502091390936,0.32269509711924305,0.25546707653993117,0.34226276520801535,0.4842934389160631,0.4302464267409495,0.4331611054973716,0.30044331433970006,0.30199172625946924,0.3084496310430522,0.29962635552631334,0.30989666918122505,0.2976849916488797,0.2987451954897734,0.3127892471442323,0.3073368117159652,0.30349146380041736,0.29599172317449596,0.30016774512927447,0.3129172600756618,0.3590533923583865,0.34787247146277267,0.3602983936169638,0.4162995111281116,0.49950937076104746,0.3713782058517111,0.3310280577228585,0.5008127231719565,0.5006388141254892,0.5008728090793544,0.5011465505712241,0.33131219195062905,0.33703518445702074,0.33816788247636603,0.4193775352229977,0.6255034205356,0.3268950777029138,0.2873261452636763,0.319617921784759,0.3150197721562732,0.2986454686350321,0.2941376637439729,0.31374542885633944,0.3491081397602146,0.434025379322967,0.1300564401607401,0.07764889854703971,0.06990311983300025,,0.5743107767386241,0.27712368449841795,0.4819134200871975,0.32104918323896003,0.5367304799564487,0.22079147218005574,0.21797070738621693,0.2524964412770227,0.22921594459674743,0.13668199399656136,0.13506595455992093,0.13599525138107582,0.13724398562306112,0.13326664396401303,0.13325248252655936,0.13687720482196383,0.2569887710241454,0.484420765558113,0.43209945504787467,0.3030199666759775,0.302899450626376,0.30736578389655245,0.3016567969362973,0.30921531464048313,0.29897459791056963,0.2969181085986876,0.310456866419893,0.3091915065750656,0.30529848672169857,0.29606536049283205,0.2996054690815709,0.3139288594248213,0.35982797636142394,0.3611446715855189,0.4120485144984829,0.5008673672200277,0.4996560584154941,0.5020473643871348,0.5008633043042883,0.5007571905546111,0.33043700733988846,0.33857715657485665,0.33771829127076036,0.3274097212390713,0.2854045747060175,0.318960982117969,0.3149644415602949,0.2993735854296622,0.2961322752874064,0.3136562210603896,0.34967670729965206,0.4321901163628369
sklin2_skin_lesions,0.2529971471488338,0.2900345080738166,0.26813425468076935,0.3239355584556433,0.0,0.27470681274714304,0.417652340549197,0.3035215258903423,0.30654419353715456,0.3963990023185453,0.24756260788487525,0.24221933253384167,0.2775713047091948,0.25203377264012355,0.4632919796218061,0.4656016159680141,0.19952215587986044,0.21232017627317268,0.29543397801033483,0.30151011820571216,0.2712321203648701,0.27321019852397377,0.2730112705752543,0.27103473794783767,0.27182327556481245,0.2718961477813438,0.2725063034428359,0.12916212807649996,0.3049014068747111,0.22330902151463433,0.3589324198286033,0.2169679708009255,0.36537956352119,0.31599383056902186,0.3196231668899636,0.3277766895458094,0.3146332444290453,0.32935096861442364,0.3136100816980266,0.31254372713385553,0.33108437273813895,0.32981805387661345,0.32071356328284845,0.30708314848676316,0.3194235383299509,0.33293708487953333,0.37021653369825236,0.12164341535077049,0.3770279913334047,0.18101195407797482,0.332156223614109,0.4247192556128199,0.32215726577523307,0.3338644594718073,0.3341752989826727,0.334418088491927,0.3350716669017239,0.25730274892356764,0.24521642660233894,0.2468405780913545,0.30792284111270785,0.4851339053213778,0.3632179221827365,0.3091763257541044,0.32246221109064166,0.3771276923618429,0.332142618241661,0.33478399266870196,0.32909701021128157,0.2884899027905039,0.2837083983137118,0.2513061228186189,0.2876133822627297,0.2727460994557078,0.3268591079801242,0.4194390039838017,0.30179150432661667,0.3933796136781257,0.2780708639324039,0.46178687886095293,0.19967878538869138,0.20980960897533218,0.29642380009469704,0.3024993899666098,0.2701726795828462,0.2718340661423262,0.2755557809287362,0.2752546578777544,0.2776064206468199,0.27048612237785397,0.26913623061967074,0.31201195375096147,0.35905490928991846,0.3632735753872379,0.32104965855416334,0.3236926754544962,0.3267845543586544,0.31877791100022046,0.32507971032857574,0.313761602428539,0.3085469466383941,0.32876269080879883,0.3323548353644332,0.32174846899803,0.3072351127656591,0.3219911059134928,0.3359090841776632,0.3729286096350276,0.37647808721898546,0.17899466943453163,0.3338700023318428,0.33264039327582046,0.33545983356928755,0.3340709642726801,0.33385318499383876,0.25595692298589523,0.24549231017890696,0.24609310036103454,0.36454268668441103,0.30759110795531885,0.3239163563989488,0.37577707566716745,0.33153926358630303,0.33500418203863874,0.3272686582659938,0.2887129681090436,0.2821061749705429
identify_nbi_infframes,0.2958516256121755,0.33491446005713627,0.31195192893025964,0.3603733246031894,0.27470681274714304,0.0,0.23895054414192707,0.3957592617119789,0.23325015891183398,0.2822006927578009,0.2149311459370192,0.21312277431791593,0.27231674036754006,0.2386733472284987,0.38081974305750577,0.37692274101453727,0.28495143255820915,0.29761105659381926,0.37641694062005493,0.37317733991628,0.3350412062157019,0.33824444109285234,0.3362233760129112,0.33423696394525026,0.33620640205632735,0.33561515814973897,0.33782920268958316,0.22856427137834823,0.3288192679348721,0.23591884601691063,0.287599342887095,0.26196174443264747,0.37147336420063126,0.3709966648079253,0.36391443878186275,0.3667200792613272,0.37199154157814274,0.36544226161745225,0.3682186995195968,0.3683623779920681,0.36745508708382735,0.37430723284078093,0.36448564814419127,0.3682328563022689,0.3634194130055861,0.367271903953475,0.3891924328934363,0.23903663528159458,0.40026312555459087,0.21985626374385198,0.3919325410496298,0.48818193543600424,0.3798831389825186,0.3925764091268181,0.39337551026395556,0.3933512756442904,0.39451948591828007,0.4022703796045629,0.39703990292691727,0.3981706634065372,0.25648216193448975,0.5112266419291263,0.3734576371870849,0.35856203697134814,0.3322938817445833,0.42417116945368055,0.3379105187479293,0.3524569467277637,0.35331605339100597,0.31744805648985586,0.37438896491735174,0.2943719948947092,0.32509135955442126,0.31627393044348195,0.3645454280357529,0.23911328843495028,0.3938051980624455,0.2834803742877786,0.2729061771526417,0.3787630520996186,0.2832994726391766,0.29359071988336005,0.3783189517737689,0.37289649977324274,0.33399968497966703,0.33328581441707295,0.3395662106240479,0.3400652389167859,0.3415030068432317,0.33507794351728426,0.3322943140891922,0.33738547373799155,0.28910252222440197,0.3704193812882778,0.37389661710271593,0.3682834343617431,0.3670484760232354,0.3799044414849164,0.36025005937855137,0.3661758289075559,0.36369403765521585,0.3653004827561452,0.37610616183105966,0.3648062385943977,0.37002851278525684,0.3658551871533422,0.371085624006145,0.3934985563657579,0.39966566911664814,0.2193087254328479,0.3923914544481679,0.39285756408314143,0.3939604497590678,0.39283491855938923,0.39349221230435494,0.4033214766706845,0.39808410090859003,0.39508202610544574,0.3747130138255703,0.3570983739046406,0.3340281667852841,0.4233925623194243,0.3372994736148788,0.35130326921132116,0.35102311111126666,0.3179639291805576,0.3734315089962532
laryngeal_tissues,0.5085023381510895,0.5588069106044224,0.5266505081972508,0.5722014777722955,0.417652340549197,0.23895054414192707,0.0,0.5989438914470879,0.31402567234122036,0.2792512086367456,0.3216512940602282,0.32978209651358953,0.3516115233012911,0.31636218439576036,0.41822000711170537,0.40269558908023695,0.5025005583181513,0.5134012757765358,0.5860337836333813,0.6108530667511438,0.5698511807734068,0.5735521689698646,0.5712300680129376,0.5686711421419625,0.5707510584439,0.5704112925689561,0.572323471899953,0.3520308200745429,0.5260772219135859,0.4142901927064867,0.3927402055880884,0.35489064392697567,0.511101519150477,0.5916583095966632,0.5865949929907174,0.5856075397274363,0.594487056794635,0.5837059811497909,0.5900179239605576,0.5917206020622763,0.5855605917513615,0.5939053940977237,0.584455236883078,0.591603630724522,0.5823713949107264,0.5829265331604541,0.5798118115981186,0.37990112399000464,0.5938887011371035,0.2898241839501363,0.4974343546303146,0.6889982914500532,0.5746113589683847,0.4982435204436576,0.4990546997403885,0.49860499127296365,0.5000569354704739,0.561858851148937,0.5553261253737097,0.5575437861719823,0.3872275645550056,0.5897321471416131,0.530712978933601,0.5567863783813192,0.5088300063683124,0.6032184511669422,0.513388336261405,0.5258582325021206,0.5285089790223001,0.46575999009285024,0.5145388101601345,0.5066352572872461,0.5560076429428774,0.5319861671061688,0.5763205893409475,,0.5966820459737225,0.2837308063846472,0.35068665525180465,0.4158634170728909,0.5012647175475137,0.5107589991064511,0.5876325124694177,0.6107334798183237,0.568279269114882,0.5681664892534433,0.5753430231581239,0.5748490526283674,0.5761084619507737,0.5689056749999258,0.5663199348778893,0.5373457883564274,0.39382700938918697,0.5105882386120328,0.5947123946194232,0.5915893775565728,0.5852960309569468,0.6032398133592329,0.5781893540720049,0.5884598216059042,0.5863967364993924,0.584148201244773,0.5949640502485554,0.5838899164313249,0.5936430510450337,0.5846784097114598,0.5880475400185332,0.5850105327838417,0.5924968746678368,0.29207917501274994,0.4979628560106537,0.49899001617539257,0.49904246916874634,0.4978167295362848,0.4991631390497243,0.5631637468627178,0.556096483608698,0.5540196811800575,0.5319199657650585,0.5549082337206617,0.5105842365654846,0.602890049426702,0.512256563145285,0.5243676251453746,0.5270022587312889,0.4669299136887757,0.5146421015898668
nerthus_bowel_cleansing_quality,0.23270747620793247,0.23269639482195065,0.23428247429275778,0.2776891698109045,0.3035215258903423,0.3957592617119789,0.5989438914470879,0.0,0.4237690905442264,0.47977609407226884,0.31752683471833093,0.3033820942306478,0.31987164455417605,0.30773725338225166,0.555620651204229,0.5699787315125926,0.1512920848671928,0.1334647162803226,0.08244724945743971,0.12927645038122026,0.19010076967699063,0.1901929588077521,0.19012207578303955,0.19035303831603617,0.19026684670931598,0.1900435001304343,0.19054448077569763,0.3151599210852236,0.20489912048722575,0.3485933237228369,0.4859219066971351,0.45229792779218836,0.39355790700294946,0.2884239682999771,0.28346400402755556,0.29212971210782024,0.28471473098984323,0.2923840218102677,0.28332291064709064,0.2811582716307872,0.29571221007212745,0.29519175918275253,0.2870790785628784,0.2805322599306662,0.2902813964035461,0.2986209732501912,0.37165555901726144,0.33301837616525537,0.37215761882905973,0.41752588276785696,0.45519343875009577,0.3941865543804023,0.2710245139075712,0.4564172128128242,0.45631088329879876,0.4570165943107955,0.4565581812305284,0.21903682637703142,0.21345877275819816,0.2117492209290466,0.42690009552564895,0.5886230191039172,0.3372858581696652,0.2524747390816555,0.2979024420875472,0.3142273148475101,0.3067931825528889,0.28448943345541533,0.2956073117515778,0.39223346864375486,0.37787399977313585,0.23257358612269308,0.2417604407634595,0.2351908166340297,0.27719694289020114,0.6013004771032249,,0.47442665759210667,0.320539353795394,0.555016651676508,0.1510466815851869,0.13661660850997664,0.08268136236991436,0.12883587709752953,0.18936054524010226,0.1918018132011735,0.1918467953189471,0.19163050889276345,0.19279751914967044,0.19034741828250537,0.18995600570956322,0.20549103641406408,0.4861770777514306,0.3917517507265782,0.2920245067526388,0.2853831524679199,0.2909601071836796,0.2866527654928492,0.2914812550095338,0.28421302601056453,0.2797243259304435,0.29363604176909786,0.2979737966264101,0.28916422208980413,0.2796478192929568,0.2901422372328837,0.2999671531619615,0.3714965077077453,0.37294579427569374,0.4134917220181557,0.45727916000452495,0.4548968157807017,0.4573304770303906,0.45709273621904256,0.4556499964137938,0.21787242825666597,0.2155256034886786,0.2109574418912128,0.33859431818704877,0.2508468094621741,0.29784241042157944,0.31386837752524466,0.3065690639841123,0.28649859910755693,0.29515657254272676,0.3927303782031427,0.3753262994291746
stanford_dogs_image_categorization,0.3401610812460374,0.3627098254648906,0.3357439646344819,0.3776124900740274,0.30654419353715456,0.23325015891183398,0.31402567234122036,0.4237690905442264,0.0,0.31716362092727746,0.12339986520320644,0.1239956452191648,0.19724319275524027,0.18792386179227505,0.37790963582583603,0.37431814209673164,0.33389775725503457,0.3480432700434182,0.40762446036067457,0.412499964875274,0.37944325249407634,0.38247289478073543,0.3805674588536954,0.37875131340587714,0.37982748835209457,0.38010414352356475,0.38141387545178984,0.2558885181768443,0.37475500139280404,0.290484707725869,0.3175694275922557,0.2704945626880787,0.368190143744158,0.41393851932803316,0.40940220340192246,0.4115509582557445,0.4157583516496442,0.410795723759104,0.411759630131869,0.4116972340365903,0.4129816361340705,0.4175889637222129,0.4096958730056054,0.4137684641788485,0.40769321415069537,0.41263976411225145,0.4323039218242348,0.2876422216266218,0.4419513431474443,0.27601102616581424,0.4005092345416105,0.5073580911913914,0.37587324384569387,0.4012899960135082,0.4020321898413787,0.40171798986535867,0.40309031576235577,0.4018823856205032,0.39170581230365686,0.3938655881482716,0.3225721337690918,0.494761489238931,0.35700066557923155,0.3749844222234114,0.3365886945381547,0.4217036339543533,0.324063960628327,0.3410381005476161,0.3441273439415273,0.31354688802732056,0.38703954315277006,0.338446615736184,0.3555482648029955,0.34017369061355496,0.38147715815399297,0.31462688494757807,0.4219609984308813,0.3164664015216191,0.19951735506166557,0.3758710103766688,0.33303146363414887,0.3453078271314249,0.40871334800417275,0.41292351841974506,0.37931805410255864,0.3795340983018747,0.3849586144935875,0.3840645341119875,0.38520870236424964,0.3797110706031409,0.37641603043575844,0.38300787694898153,0.31843419512078963,0.3685441610054426,0.4177631586545502,0.41342396621707206,0.412048297197299,0.42236168675067,0.40713100276606823,0.41221614522109284,0.4079239234134403,0.41133980203215953,0.41937236519202126,0.4101303543780107,0.414285068818276,0.40783406528577526,0.41644783216961195,0.4360965706741964,0.4417301788376563,0.2767408467873449,0.40072375373619895,0.401580587604858,0.40267984304475446,0.4008519443113553,0.4021631202416087,0.40242399802279183,0.39300417302653284,0.39119521066326046,0.3587876193636468,0.37193984576708244,0.33746102927571664,0.42138940769113126,0.3233027769731013,0.3408431281965154,0.34267743947303164,0.3137437876088068,0.38665949795357946
svhn,0.4522202623647179,0.47184495351566746,0.4480811961181693,0.4851204184743697,0.3963990023185453,0.2822006927578009,0.2792512086367456,0.47977609407226884,0.31716362092727746,0.0,0.2787289101690333,0.2776825021963887,0.20759791309982079,0.18525908222298476,0.2744805731512634,0.2691570794678253,0.42368152993910535,0.4296653974510847,0.4701059945472409,0.486347033055637,0.47003187194441387,0.4730582831643586,0.47098194046502223,0.4694931930538391,0.47108892627172005,0.470771063188339,0.47258061380617256,0.3549382564841358,0.43372530089292927,0.3789096874723765,0.3878826258055796,0.39728773489030744,0.4581098855030117,0.4714245554737282,0.46317464475543824,0.4634674521917895,0.47212217667303574,0.4615455077527116,0.4686681054802621,0.4689490373743791,0.4638770521069697,0.47087321164447266,0.46242795441644413,0.46957078803100466,0.4612953370163837,0.4627032417667378,0.48783173231108057,0.37871937502712494,0.4981847573601118,0.3497861363259043,0.4905821581575545,0.5726953660608012,0.46319603700929113,0.4912729261444667,0.4919491483626779,0.4918100624018526,0.4925445964439879,0.46579597791606053,0.4590639300682018,0.4614117222343069,0.3831277501629488,0.592142164704484,0.4131681630928974,0.4341051489737522,0.39903540209088206,0.4734391986927876,0.39869000086460016,0.3925995973727007,0.40603575939551123,0.428818732599465,0.4848233438037958,0.45158071520656556,0.4677883947656516,0.45172616392414555,0.4873793582194006,0.28047740311751457,0.4774339847187835,,0.20533468521671022,0.2739077636953885,0.42293942576874777,0.42753061992849806,0.4708297303753066,0.4874534943238236,0.4684166213260421,0.46914655969452057,0.4748288110069085,0.47565562268614203,0.47578082286057516,0.47061598352946976,0.46703006790876306,0.4423504880143051,0.3883408675815635,0.4575672329836578,0.4747854094635128,0.46689573890710556,0.4627982241172524,0.4792848593458594,0.4570908883829107,0.4680900159161852,0.4653100697750233,0.46300589826293637,0.47185425969638783,0.46294166037442286,0.47175849170705014,0.462592843378322,0.46602489779764794,0.49171765289107133,0.49728098664933235,0.3507286617298474,0.4913893244429159,0.49130120034829466,0.49205301749936736,0.49131398866491377,0.4913826331979808,0.4663755501252012,0.4592485797248046,0.45904783305964436,0.41461599797021975,0.43241865231942767,0.4003844486638142,0.4733366393190052,0.39808551372660717,0.3919443348518277,0.4045625929420462,0.4295852889157259,0.4846044640097351
caltech101_object_classification,0.26335418480082706,0.2717564995542165,0.2504952944545569,0.290935572500328,0.24756260788487525,0.2149311459370192,0.3216512940602282,0.31752683471833093,0.12339986520320644,0.2787289101690333,0.0,0.0610995171465395,0.1382566234252846,0.12336665491686333,0.33199773989234904,0.3335473441526028,0.24618402128578498,0.2529269464541181,0.3052357814560255,0.30403903526811155,0.2782293334377969,0.2806980656100114,0.27889776486601936,0.27739044940311297,0.2784592628128713,0.27890420545868777,0.27986957856495986,0.20792631418113336,0.2719952443228442,0.24871153555018538,0.2839914203089566,0.26543540108461844,0.3055911213693293,0.3211209876325333,0.3181962363227405,0.3225978467985,0.322674560960306,0.3218529354515215,0.3186820647760658,0.3191779685927612,0.3245671812581772,0.32645406297773233,0.3187191744436697,0.32036752617974634,0.3181257666879901,0.32418312308096364,0.35110901877625866,0.24446277788340706,0.35812105927016563,0.24928650709507677,0.3475313285073738,0.4164079387879184,0.2748996900045635,0.34869372551795796,0.3490504827781922,0.3488624786507517,0.3500759456428462,0.29437024070934703,0.2867331752705794,0.28910382746289676,0.28418804359384137,0.4574606103915953,0.2621417047089346,0.27223129374778066,0.2457640996001687,0.31246149562182435,0.23012484421731688,0.23487885493660882,0.24537778480361466,0.25354061195152194,0.3238272975926221,0.26233596610787874,0.2691551991037717,0.2553597232046494,0.29361351932301355,0.32244669588119956,0.3158050644307627,0.27625349970473634,0.14046147465691858,0.3302586712853066,0.2460260413223575,0.25125255897589704,0.30588099988083517,0.30505337684246325,0.2778596079240607,0.2783388689718554,0.2833698199939082,0.28275305462952627,0.28330712251252266,0.2790012056035919,0.2756144609294262,0.2794656781092757,0.28471191313626354,0.3055418270792763,0.32513954571231274,0.32236856340718123,0.3220480102815416,0.3286348947032033,0.3193976338526176,0.31929288632482744,0.31581270309729215,0.32283123229809274,0.32835297382034556,0.3199479088254875,0.3208619395200371,0.3179531886304568,0.32793406852090456,0.3539985329920092,0.35810874124781666,0.24879826064768945,0.34840001236932616,0.34842939115203675,0.3496786708482091,0.34829511292947046,0.34930401357445223,0.2946364352008252,0.28791073219388963,0.28674604531163383,0.2642710893383078,0.2686488202040942,0.24603319749665503,0.31219165575596813,0.22980544054607363,0.23567430562091837,0.24419135030776135,0.2540533511666031,0.32341679314583927
caltech256_object_classification,0.2546241990768207,0.2589045026125955,0.23834880352945848,0.27844023645238203,0.24221933253384167,0.21312277431791593,0.32978209651358953,0.3033820942306478,0.1239956452191648,0.2776825021963887,0.0610995171465395,0.0,0.13572232703348788,0.1194166022402506,0.3353235794058157,0.3388448334945623,0.23501117664309684,0.24176860669853978,0.2934861793812835,0.2885638123095837,0.2616001632055339,0.2640239485148944,0.2623039584222978,0.2608707979532164,0.2619502981715505,0.2622580700071675,0.2633747173336088,0.2032902027296285,0.25684954894776124,0.24458689687165006,0.28584339241746504,0.2663078016688274,0.29770593688969016,0.30576425282602837,0.30356298548791194,0.3087249395062659,0.3073268577505273,0.3083672244852167,0.30351147887262386,0.30414131566622227,0.31092908985136447,0.3122288416925032,0.3044904402768206,0.3051737827975778,0.3038636966235713,0.3111407698744336,0.33810594244479997,0.24032755482644505,0.3447104992728467,0.25017288643490887,0.33776604816562505,0.4024951529018257,0.26213495047057955,0.33904399049719414,0.339344064413986,0.3391083140158357,0.34030060466214396,0.28280640552103115,0.2760316642608858,0.2786658450443704,0.2796119728449443,0.4482407837359254,0.24633783750517102,0.2543161921667801,0.22863989692505773,0.2991194897297802,0.2119345014512824,0.21813160675299686,0.22832426959283195,0.24971723832773676,0.3125604701842752,0.25403160401892655,0.25408890990601474,0.24287045081090033,0.28097253899754454,0.33059708346102484,0.3019384017563562,0.27506404191224776,0.13760979083681585,0.3335450286645313,0.23497548058745546,0.2400350890602291,0.2942258322328565,0.28942985668629295,0.26129615894765923,0.2619674192479861,0.2663400373501138,0.2661447052727127,0.26668598786773917,0.262688751718093,0.25894761477768913,0.2642936528189157,0.2865242424803573,0.2974053578170905,0.3100789782626516,0.30761851432670917,0.3082588897502423,0.3132688534643863,0.30606389722562355,0.30429548845457177,0.3008689723988254,0.3091594762463337,0.3143295751853936,0.3058616451480701,0.3055390522650847,0.3035451375437975,0.314719201584823,0.3409673926835051,0.3445381829965354,0.24938841568917414,0.33874589916654174,0.33881655560077306,0.3400098615658146,0.3387792670375887,0.33960508171131465,0.2830533296957715,0.2773108149075386,0.2764381128809956,0.2484048893762151,0.2506158414729742,0.2287820594022038,0.2990264135717323,0.21159938388291372,0.2188979404333457,0.22709849605729512,0.2500197803538796,0.31221222736350496
cifar10_object_classification,0.28976922132327504,0.29398637131188554,0.2777364952285034,0.3184859733082246,0.2775713047091948,0.27231674036754006,0.3516115233012911,0.31987164455417605,0.19724319275524027,0.20759791309982079,0.1382566234252846,0.13572232703348788,0.0,0.06370459070877421,0.3192146075532002,0.32545435148698887,0.26584400710533485,0.2688795033526844,0.3096094444594287,0.30635425334750793,0.29100866907018075,0.2933189911129352,0.29179796112362744,0.2909817166933004,0.2914692137454485,0.29178931565911975,0.29279133346037367,0.24687207110594825,0.2850128051640694,0.2674585707364743,0.3561578965964335,0.3318455148123044,0.3684283418436142,0.3261828699202214,0.32115097336234266,0.3258041591987157,0.3261970410331746,0.3251396644197607,0.3230964781774961,0.32233977432936445,0.3283159918734993,0.33098145968005205,0.3230217204997602,0.3239333369955418,0.32175940687910976,0.32911916370897953,0.3748210629730587,0.27480103532815237,0.381448357495657,0.3115154752169314,0.4059688264487815,0.4303835003002009,0.30448998435525376,0.40715587431426625,0.4072407336922593,0.40747652382649224,0.408124596529452,0.30895183085183087,0.3047445485951156,0.3070636372724146,0.30262078566195116,0.5266961560490631,0.3029709130222218,0.29371558913146534,0.2843155918686118,0.3357084772585033,0.27396882272412126,0.27078699659053473,0.2814800358970195,0.3015943485129718,0.372263814885456,0.2891472725040813,0.29386672199722363,0.2811137102916548,0.32037404056383867,0.35350400893272244,0.31812887613956753,0.20416544818548232,,0.31838114123831246,0.265066308252191,0.2676196451890222,0.31012453918991983,0.3073049439170359,0.29039312787434146,0.2914827516640075,0.2954434432579308,0.29511381154682254,0.2959050425381128,0.2922648862717866,0.2888765903152976,0.2911811400005096,0.35653894432987354,0.36805935724541644,0.32972385602116117,0.32442475000952203,0.3255076124318701,0.33120172171597173,0.3226008168776877,0.323558161322821,0.3200880913204074,0.32655911762436046,0.332603637681108,0.3244312251080994,0.32415973980167223,0.32115287656351715,0.33240017949315404,0.377492756088739,0.3813816274659054,0.3096372896170898,0.4073599884152333,0.40660000911647837,0.40798859291385947,0.4071667515062057,0.40757933200858754,0.30859571178593936,0.3053767557689347,0.3057032515502529,0.30459140418329117,0.29099764276409057,0.2846169567469052,0.33543636452257536,0.273843119685219,0.2716229963105299,0.28045094930529624,0.302077880173825,0.3710221689414975
cifar100_object_classification,0.27182134329179475,0.28261432280503607,0.2654339836282207,0.30917227880214165,0.25203377264012355,0.2386733472284987,0.31636218439576036,0.30773725338225166,0.18792386179227505,0.18525908222298476,0.12336665491686333,0.1194166022402506,0.06370459070877421,0.0,0.3010597813906941,0.30475349132421925,0.24830004674958447,0.2514241258655142,0.2960458461513652,0.29470268770368746,0.2788406898155812,0.2812974764373768,0.2797195243921228,0.27871322269651166,0.27932935716241103,0.27986806840799733,0.2807228971035214,0.21917465046502677,0.27061560768178083,0.24415900912850344,0.31635755592906933,0.30198322042528947,0.3409223268619763,0.311060179813413,0.3068778918665316,0.3118368481905943,0.31146765463927384,0.31102721530125377,0.30837495447071234,0.30785393138002687,0.31392483890338985,0.316483587797336,0.3086281360712616,0.3090843083288487,0.30586004943864853,0.31484297917976034,0.35542317927125194,0.24962684497182888,0.3616936763182076,0.27768675380452656,0.37887926759102764,0.41817453148432304,0.2865456034089263,0.38022615775853746,0.38032724771021176,0.3803587881978081,0.38124650838624213,0.292457973253615,0.2868033051558359,0.2893108825876981,0.2825899354360948,0.5043884618802463,0.2846518162131354,0.2795900606024573,0.2705779614992522,0.3216738759464047,0.25848552458227125,0.2551294320616163,0.2672179527761668,0.2794445982389759,0.3485022881752126,0.2709086551828599,0.28256568333362725,0.26898384327156855,0.3112251377952161,0.31813117428934523,0.30573378053843814,0.18191726212812004,0.06466836264883402,0.30004168708251144,0.24771345262900918,0.24998808285680246,0.29655306396693953,0.29569624594934285,0.27806196712087794,0.27933563484681867,0.2834754269456976,0.2834708992741809,0.2843206844422519,0.2798182980322912,0.27632149870362077,0.27752379101022273,0.31650114055594375,0.34021767325486074,0.3146345810150233,0.31059737800422843,0.3113615788433477,0.3168808624258647,0.30830577095475126,0.30858753304254366,0.30538913679403706,0.31231527809636117,0.3182343536629809,0.30983352482805904,0.30959097612737707,0.30604571722669005,0.3181983822168022,0.3581235550810379,0.36175972992196936,0.27579815160556864,0.38047635707362165,0.37963866674619123,0.38110832523400845,0.3802304856538725,0.3805075524482291,0.2923745805768869,0.287558893292017,0.2876954708518743,0.28649912030927616,0.2769057822359067,0.27109067025622346,0.32130908000307373,0.2585644312939515,0.25581025414847014,0.2660859915540871,0.2800834953657936,0.34756851393325294
