,lapgyn4_anatomical_structures,lapgyn4_surgical_actions,lapgyn4_instrument_count,lapgyn4_anatomical_actions,sklin2_skin_lesions,identify_nbi_infframes,laryngeal_tissues,nerthus_bowel_cleansing_quality,stanford_dogs_image_categorization,svhn,caltech101_object_classification,caltech256_object_classification,cifar10_object_classification,cifar100_object_classification,mnist_digit_classification,emnist_digit_classification,hyperkvasir_anatomical-landmarks,hyperkvasir_pathological-findings,hyperkvasir_quality-of-mucosal-views,hyperkvasir_therapeutic-interventions,cholec80_grasper_presence,cholec80_bipolar_presence,cholec80_hook_presence,cholec80_scissors_presence,cholec80_clipper_presence,cholec80_irrigator_presence,cholec80_specimenbag_presence,derm7pt_skin_lesions,idle_action_recognition,barretts_esophagus_diagnosis,brain_tumor_classification,mednode_melanoma_classification,brain_tumor_type_classification,chexpert_enlarged_cardiomediastinum,chexpert_cardiomegaly,chexpert_lung_opacity,chexpert_lung_lesion,chexpert_edema,chexpert_consolidation,chexpert_pneumonia,chexpert_atelectasis,chexpert_pneumothorax,chexpert_pleural_effusion,chexpert_pleural_other,chexpert_fracture,chexpert_support_devices,pneumonia_classification,ph2-melanocytic-lesions-classification,covid_xray_classification,isic20_melanoma_classification,deep_drid_dr_level,shenzen_chest_xray_tuberculosis,crawled_covid_ct_classification,deep_drid_quality,deep_drid_clarity,deep_drid_field,deep_drid_artifact,kvasir_capsule_anatomy,kvasir_capsule_content,kvasir_capsule_pathologies,breast_cancer_classification_v2,eye_condition_classification,mura_xr_wrist,mura_xr_shoulder,mura_xr_humerus,mura_xr_hand,mura_xr_forearm,mura_xr_finger,mura_xr_elbow,bean_plant_disease_classification,aptos19_blindness_detection,lapgyn4_anatomical_structures --shrink_train 800,lapgyn4_surgical_actions --shrink_train 800,lapgyn4_instrument_count --shrink_train 800,lapgyn4_anatomical_actions --shrink_train 800,laryngeal_tissues --shrink_train 800,nerthus_bowel_cleansing_quality --shrink_train 800,svhn --shrink_train 800,cifar10_object_classification --shrink_train 800,mnist_digit_classification --shrink_train 800,hyperkvasir_anatomical-landmarks --shrink_train 800,hyperkvasir_pathological-findings --shrink_train 800,hyperkvasir_quality-of-mucosal-views --shrink_train 800,hyperkvasir_therapeutic-interventions --shrink_train 800,cholec80_grasper_presence --shrink_train 800,cholec80_bipolar_presence --shrink_train 800,cholec80_hook_presence --shrink_train 800,cholec80_scissors_presence --shrink_train 800,cholec80_clipper_presence --shrink_train 800,cholec80_irrigator_presence --shrink_train 800,cholec80_specimenbag_presence --shrink_train 800,idle_action_recognition --shrink_train 800,brain_tumor_classification --shrink_train 800,brain_tumor_type_classification --shrink_train 800,chexpert_enlarged_cardiomediastinum --shrink_train 800,chexpert_cardiomegaly --shrink_train 800,chexpert_lung_opacity --shrink_train 800,chexpert_lung_lesion --shrink_train 800,chexpert_edema --shrink_train 800,chexpert_consolidation --shrink_train 800,chexpert_pneumonia --shrink_train 800,chexpert_atelectasis --shrink_train 800,chexpert_pneumothorax --shrink_train 800,chexpert_pleural_effusion --shrink_train 800,chexpert_pleural_other --shrink_train 800,chexpert_fracture --shrink_train 800,chexpert_support_devices --shrink_train 800,pneumonia_classification --shrink_train 800,covid_xray_classification --shrink_train 800,isic20_melanoma_classification --shrink_train 800,deep_drid_dr_level --shrink_train 800,deep_drid_quality --shrink_train 800,deep_drid_clarity --shrink_train 800,deep_drid_field --shrink_train 800,deep_drid_artifact --shrink_train 800,kvasir_capsule_anatomy --shrink_train 800,kvasir_capsule_content --shrink_train 800,kvasir_capsule_pathologies --shrink_train 800,mura_xr_wrist --shrink_train 800,mura_xr_shoulder --shrink_train 800,mura_xr_humerus --shrink_train 800,mura_xr_hand --shrink_train 800,mura_xr_forearm --shrink_train 800,mura_xr_finger --shrink_train 800,mura_xr_elbow --shrink_train 800,bean_plant_disease_classification --shrink_train 800,aptos19_blindness_detection --shrink_train 800
lapgyn4_anatomical_structures,0.0,0.045051599954492566,0.05245462381098874,0.09534647596470633,0.2618748877892802,0.2904327118482639,0.5502970767857882,0.22136620067603505,0.3553802978180559,0.49927569534509686,0.2682967461627593,0.25611299422426326,0.30570004366181247,0.28851306459837733,0.5707967402541054,0.5878779999037368,0.1263364649625942,0.12159621396102765,0.18193617123349953,0.15029550043503873,0.09112481506478703,0.09250793290413993,0.09166994968571135,0.0913509169339914,0.09092241533715129,0.09110913965142632,0.09078166274935712,0.26697148670466775,0.23970599467079806,0.2689400222629682,0.42295519314995067,0.3543711951316091,0.43433815425668465,0.27410218673861675,0.27598078876725024,0.2886182641819235,0.27110261509824884,0.29099248268442607,0.2702131886501021,0.26930178741301825,0.29318387231579046,0.2871215998839236,0.28068019392123833,0.2663183435722857,0.27477644928710954,0.2977029287749532,0.35529578765041403,0.2925760073209086,0.35706722334704344,0.34113476800244436,0.478475487270851,0.38338059764298565,0.3140052020638481,0.48055437950088686,0.48016267619326203,0.4807836880489903,0.4812300442979299,0.3162468390527832,0.3101709562394843,0.3096381891274387,0.41140217923346933,0.6278906651543905,0.35974357310037164,0.2778652253590229,0.33182106477145434,0.32814152044242517,0.32286645359596045,0.3139397213960356,0.33201467508779914,0.3408190588823491,0.40753324575090233,,0.05729456843757719,0.05190600151253629,0.0969203348039362,0.5524404905453981,0.22056965509965826,0.49550411818266743,0.3081309029313567,0.5698227389735468,0.12527097210376914,0.12072350546828028,0.18360893705145342,0.14934551583125139,0.09188163604493679,0.09174444099019359,0.09223102340632029,0.09481483710734187,0.09403077799028833,0.08909836507604345,0.09450449185780761,0.2429946644171223,0.42311145863101307,0.432314451142799,0.2776858981626581,0.27743594567166974,0.28759197442251805,0.27395170538165964,0.2896115794627684,0.27109329021353334,0.2666295557317044,0.290303329570943,0.2910153211840857,0.28274955787056844,0.26562735898046674,0.274908531720208,0.2992299065148726,0.35575604179093606,0.35765634976151367,0.33695735706763946,0.4799955919661847,0.4795999015092452,0.48212368222252633,0.48086291676100895,0.4800445178459225,0.31420632972150386,0.3123267707134586,0.3092035369146404,0.36043399795042286,0.2759850396821011,0.3322038198850841,0.3273826937825073,0.3230134838614266,0.316129028975422,0.33079365334304356,0.34143471943575016,0.40519306958034507
lapgyn4_surgical_actions,0.045051599954492566,0.0,0.020600279391849607,0.031626453984915676,0.2912437750205662,0.3189207208650743,0.5781935194574376,0.22001724059954159,0.37199526760942314,0.5001175872237649,0.2718712487208719,0.25607938148882575,0.30369129312432214,0.2934262280190594,0.5540521857563367,0.5776340366456105,0.15121913691653618,0.14630318581844365,0.18550294106004056,0.14587537852258844,0.06809123018304006,0.06912984662965518,0.06825422448895752,0.06845603155515659,0.06772730383032569,0.06818392167111703,0.06767377317970785,0.28935665200486393,0.2133517098346055,0.2949346419037104,0.45291499542756547,0.40129598821355156,0.4330055407947736,0.2686565589983937,0.2696043015408759,0.2805099101069586,0.2661287650775257,0.2829221074179432,0.264566726645972,0.26427155850982276,0.2860511055831679,0.27908069680415937,0.2733869992372029,0.2611711246357648,0.2702494470558429,0.2884387354774596,0.34941259280526693,0.31779450763407946,0.3493682196726977,0.3841622637642456,0.4984929249359551,0.3627524516999123,0.3013569285016953,0.500387443950331,0.49975677322984624,0.5002177233660509,0.5005412607617439,0.305117767791824,0.3065407487257284,0.30712954347936927,0.4157046604369164,0.6363524579115603,0.3271002882020523,0.2611834464657698,0.31732713516597943,0.30016166153488205,0.2948920770133607,0.2889145284917535,0.30659556548546124,0.3444091428331879,0.42004425124245837,0.046006802564916516,,0.019342611361809953,0.03210939991234574,0.5801352560231403,0.21936100967240904,0.4962337945496922,0.30632883459579957,0.5529355940186567,0.15114381489853887,0.14501501999856087,0.1866400681210565,0.14542221771424554,0.06951290337868266,0.06859689928321613,0.06844503517563727,0.07115595339649097,0.0683606228823638,0.06661265097365231,0.07159469028238127,0.2145819614168935,0.45277110460015246,0.4313651469399425,0.27161272927518654,0.2702937243297373,0.27906090740932277,0.2679765300412761,0.2823392673297854,0.2656841183184092,0.26254016762589116,0.28296004198382124,0.2821216236861133,0.2756913879931646,0.26025711886880376,0.2694138406115627,0.2894080009142272,0.3489739106919562,0.35045927604377347,0.3799026219580568,0.499691856095133,0.49924515673521164,0.501807702491664,0.5004192656509299,0.4999745494919162,0.3031380057592671,0.3085277615843134,0.30665195928598643,0.32779910908974247,0.2591367431269648,0.31643653599479504,0.2997755075062567,0.2958240732660945,0.2915781371092631,0.30614784786217764,0.3449494453338187,0.41750419765555746
lapgyn4_instrument_count,0.05245462381098874,0.020600279391849607,0.0,0.027356753717992358,0.26581498789957425,0.2988250480967475,0.5528792377839091,0.21998796030745799,0.34368515055765886,0.47977532029177017,0.2455967759203298,0.23018590078335543,0.2847413538836975,0.2731361641242366,0.5331240305037768,0.5521189116534572,0.14167590041460643,0.13684703433813672,0.19055584965102984,0.16069464472296213,0.05658487499702053,0.0579537949800176,0.05673619334096636,0.05667645059216987,0.05646038678784407,0.056720711709158066,0.05617332865787314,0.2700861802052189,0.22270711654687275,0.2943490509788175,0.4264881277372967,0.3669213573435817,0.41897199630429727,0.2748262646869697,0.2780624968958334,0.29030165930435203,0.2723794559798509,0.2928347167248362,0.27115039835968535,0.27083728786633393,0.2956086034011588,0.28825712550438265,0.28176708187005806,0.26686997620732333,0.27749705415626275,0.2987321362870812,0.349923851037821,0.2998450932469193,0.35166512897669305,0.3627754539616529,0.470739416373788,0.37332105619183154,0.30198714385285474,0.47262081183252824,0.4721191300161791,0.4724554361624285,0.4727949875725699,0.2933253566437173,0.29817736717998555,0.2992541300325937,0.4105711802210095,0.6127395218484246,0.3174497266798554,0.25538439700083676,0.2993696816846002,0.3021372187265674,0.2815558860646058,0.2792925694011942,0.29441253224474967,0.3344244957590209,0.39667442751839044,0.05306180719250671,0.024753730609162347,,0.02940184276151054,0.5546864697383149,0.21916340787848543,0.47593599078080673,0.28719588879556657,0.5317382264415436,0.14150846276523837,0.13519881809762416,0.19179295282317385,0.16033496857292062,0.05802843017124136,0.057069162308594074,0.05792674661778639,0.05932207003028342,0.0571525357276946,0.05468491681201483,0.0589846841228622,0.2254532372527503,0.426470949760103,0.41749284748890686,0.27893312634871026,0.27919703160598097,0.28845583021062865,0.2750434304867502,0.29136903940597436,0.27235560168039874,0.26869454436298684,0.2924293083535846,0.29211573258241924,0.28418780452743897,0.26579347444556034,0.27713957277131684,0.3000130737282718,0.35047081704154437,0.3527571440447253,0.3588855280583283,0.4719750737489586,0.4715985677574129,0.47422984206805185,0.4727515950784319,0.4720958486206572,0.291824667308691,0.2999333461086118,0.2987867525584308,0.3183292596782865,0.2531403279152796,0.29863988948494147,0.30164660323137166,0.28206943622294034,0.28121190181108213,0.2935762634358933,0.3350257572660608,0.3943789101792642
lapgyn4_anatomical_actions,0.09534647596470633,0.031626453984915676,0.027356753717992358,0.0,0.33899416524672615,0.367998960239473,0.6172449672941281,0.2753900565219086,0.3986331001887241,0.5320121457164995,0.29926521281569934,0.28339154988050624,0.33742555282722075,0.33041816719565015,0.5799233186228407,0.6010557050371389,0.21234239227000226,0.20513602001936898,0.2428707853766573,0.20856060708261986,0.10002679523459643,0.1012915716182492,0.09970315708128394,0.1002063421312128,0.09957916109705814,0.10013705006496537,0.09926734206817914,0.34056819693264695,0.25509894175905123,0.36019205485964056,0.5042993268393154,0.4455909445638429,0.47356396097132325,0.31916610098806997,0.3213967517965224,0.33145122402813565,0.3175971751903044,0.33367483231784134,0.31554580922890074,0.3164551503353755,0.33699933075431776,0.32923729656100503,0.3241799525226625,0.31248504081471695,0.3209155283025431,0.33814425400510045,0.39462161122922645,0.3690241256417235,0.39486980037185926,0.4401376208677978,0.5402160486661145,0.40164249744664493,0.3522200412433535,0.5421450751179431,0.5415519421461776,0.5416116282082826,0.5421332673170342,0.35014359113216886,0.35816908807120046,0.359868786005086,0.46895512378411225,0.6702315066948421,0.3582333452698706,0.30464760877651686,0.3515074894147651,0.3369133080684542,0.32540114063562614,0.3184913601361432,0.34187581185053495,0.380554641829552,0.4604981526954755,0.0963253432407465,0.03836502308486474,0.026644050397723988,,0.6190098315081975,0.2746236407567352,0.5286922170628059,0.34028493921424985,0.5783730898217081,0.212251526794148,0.20367346916685752,0.24375279393077726,0.20826927525072575,0.10225056676888616,0.10071998318305767,0.10098781228391424,0.10279194210121309,0.09817757934446394,0.09815458652287073,0.1032020172927754,0.2563552247939833,0.5042322665298864,0.47260517398729796,0.3223060365984687,0.32187032714840097,0.3296073269321912,0.3193396004560758,0.3331415034249342,0.31690248448668457,0.31464516775421103,0.334197722852736,0.3320217543834229,0.3266315610500487,0.31179760912668303,0.31989788955038967,0.3390845659801658,0.39468460041254083,0.3960204522946439,0.4363067446405639,0.5411648872480503,0.5410016903997752,0.5436456796951061,0.5419337157838637,0.5416325420167505,0.3484492928635664,0.3598894624081129,0.3591459484200915,0.35891941683629325,0.30213021088529546,0.350192270880063,0.33670739337159866,0.32637334040139887,0.32070404328080754,0.341476770378421,0.38114972241530165,0.45821958619323233
sklin2_skin_lesions,0.2618748877892802,0.2912437750205662,0.26581498789957425,0.33899416524672615,0.0,0.28099659763708473,0.4591993482604843,0.30260108958654564,0.3191560713921472,0.4373524148349073,0.23802722477844768,0.22629096820529299,0.28241880716844564,0.2532768478468963,0.5121057945448738,0.5166213228897784,0.17758036147294187,0.1936041168391002,0.28957636996986313,0.2857655394400577,0.25498496957459027,0.25716779087002306,0.2567245149676023,0.25514107692206567,0.25579342195437954,0.25597038350184304,0.2562788203375079,0.09373966976671205,0.30815786570872405,0.22138548253906368,0.36370185077140144,0.18755601028339353,0.40058970293454,0.3289922479200792,0.3354932459769744,0.348124495843937,0.32612104235592454,0.35121025642181836,0.3255164629447897,0.32339496777434956,0.35375450601022845,0.34874702207891417,0.33731115279700646,0.31533732276961746,0.33609919026200497,0.35704279623816376,0.41367320151232145,0.08943165671085918,0.41954392952741987,0.14753927157035895,0.3516841029064098,0.4657970997231743,0.3301870073942377,0.3538619389371513,0.35390591331048304,0.35393713228994395,0.35530903506182077,0.25602271955040334,0.24090186734195151,0.24301414452293324,0.35554166410676713,0.5231858742952001,0.3910986740682243,0.3153166737481602,0.34786047954459265,0.3995112526662045,0.3565621079503093,0.3555032327539537,0.34504675353662706,0.3120977647547013,0.29483709815553283,0.2598077965138401,0.28882998856682496,0.272098986241209,0.3417118160045668,0.4608747504217782,0.30040611647313714,0.43340696533704426,0.28353100832044187,0.5107194669411286,0.17810078668875381,0.1904494804329205,0.29002976738371644,0.28730450276709163,0.25285409578346285,0.25628285862601863,0.25943940119289705,0.25948936468653805,0.2627491152283329,0.25434957967637484,0.25212826479503625,0.3167689798707486,0.3639134218946925,0.3979785199359518,0.3354173017503742,0.33951057052259864,0.3458162610423544,0.32964294549707107,0.346618002702581,0.325955484357222,0.3191747190129365,0.3505185187231916,0.3527406394951177,0.33951460068359574,0.31457819818671384,0.33847657427478234,0.3599194304769192,0.4156893240133236,0.4195214960714165,0.14629003784787575,0.3532718112208239,0.3529086353367603,0.35589853183329717,0.3535975902130538,0.35373999719013016,0.25360768368818914,0.24116781778433782,0.24265104388541028,0.39306379084140924,0.31279525632949545,0.3493184683318419,0.39820960809413813,0.35604078316509025,0.35668570299871794,0.3427680404112744,0.31195801122330513,0.2927502741477077
identify_nbi_infframes,0.2904327118482639,0.3189207208650743,0.2988250480967475,0.367998960239473,0.28099659763708473,0.0,0.2705375146370037,0.3950145313842507,0.24663519524652444,0.3079892204348912,0.19645459321322295,0.18656222574320133,0.2645908989935644,0.22264660341539244,0.4563739778449671,0.45604101925585216,0.26290938332696406,0.273188639698735,0.3618713787892912,0.3419352518930884,0.3073852298449049,0.3111164026711706,0.30868243991726824,0.3070332094592779,0.3086494768177567,0.30841298088456914,0.3106039801904705,0.2262207352291419,0.32452671120785737,0.2369923062329386,0.3253351272820801,0.2957903517148284,0.4443011769871511,0.37479587504680734,0.36705944556869685,0.3743971766258981,0.3746162911086426,0.3740673535016447,0.3703647834223476,0.36979799453867196,0.37671550963935185,0.3811439168825075,0.3693713487627326,0.3692200995065477,0.36786710506424425,0.3784087023268027,0.4395543275879102,0.24648113027348306,0.4496949208540353,0.23483996987268543,0.47342958258189594,0.5307753068132066,0.3978494739900299,0.47487476712888266,0.475066072097928,0.4749999986431247,0.4765957474215597,0.4204399740340672,0.4128150223148032,0.41453556700729766,0.29710486945444825,0.6243284022970308,0.4095563491826315,0.3639206467988115,0.3643264358755979,0.4508105544461393,0.3654644454132911,0.37214886913856937,0.37854037204225355,0.3633848422524095,0.4405014245638984,0.28877908219337,0.3096887447929446,0.30398444439854083,0.3716248003520567,0.27020262287943614,0.39182327586259563,0.3091562707970454,0.2661471327286019,0.4545738650618265,0.26135535318973857,0.2680973817567508,0.36358477240409603,0.3426364641679492,0.30463348797603246,0.30562063355809976,0.3122803243507658,0.3141772153754122,0.3159449494622421,0.30806435028146195,0.30430324827442407,0.3348905220219231,0.32742879863165697,0.44230347610653953,0.3788151877988255,0.3713243814864419,0.37357954480650823,0.3823849394304505,0.3683068311520982,0.36859182661222434,0.3649149320847006,0.37372987447899975,0.38416351011678285,0.37073538786791205,0.37024067268576444,0.36915186205508027,0.38247519176053313,0.4430830333874467,0.4494629260469323,0.23468883218769038,0.47428271663362187,0.4751149624858588,0.4761427998963444,0.4747678741474782,0.4753900087611625,0.42012370190085946,0.41317412969724515,0.41207709353165456,0.41154468501734043,0.36088480121646627,0.36653627183351056,0.4498621099088186,0.36510438998406686,0.3717377336827327,0.37598303469603045,0.3640553054703367,0.4386619151594795
laryngeal_tissues,0.5502970767857882,0.5781935194574376,0.5528792377839091,0.6172449672941281,0.4591993482604843,0.2705375146370037,0.0,0.6242773540061383,0.3539012055734438,0.2989221553496806,0.315732258025486,0.31662449534685355,0.31939085194500416,0.27884514734315835,0.527822739145033,0.5179595599501469,0.5231191541915305,0.5286158509252308,0.6010975427561064,0.6078498009199395,0.5843489813148399,0.5883620094411535,0.585478267230661,0.5836869179961746,0.5854027896509361,0.5855515539961778,0.587191296031427,0.3825064313210901,0.5548804274348116,0.4624964319536029,0.5034484074410543,0.44891806749629226,0.641123907285441,0.6256594001265099,0.622463240167788,0.6251435717181708,0.628024240907645,0.6248666308393703,0.6230237536189043,0.6244864507256176,0.6271943993015199,0.6315002429215503,0.6210559694024747,0.6240932055871583,0.6187162462552993,0.6255681234597976,0.6597508940746623,0.43824593140543366,0.6708958863959025,0.34458799894916814,0.6433743483933834,0.7577025899836016,0.6341894261367482,0.6449200069736127,0.6448140449722917,0.6441427025096208,0.6464082949058061,0.5964950615305532,0.5867955593974645,0.5901632439567612,0.46552310333209346,0.7707141874275116,0.5957177177413424,0.5861897676109407,0.5769713248665469,0.6551934178413474,0.5720993898376651,0.5721827403040249,0.5789053947934657,0.5555293588195528,0.6380897325579893,0.5485958219635068,0.5878975717565206,0.5592024036789608,0.6200141576248048,,0.621103067164575,0.3023663033267536,0.31975854653021835,0.5251921804113773,0.5226419678722324,0.5251152043759972,0.6024457695638359,0.6087150253380604,0.5810805183019341,0.5833906800077835,0.5897143231924575,0.5915149555209815,0.5925675122985001,0.5836715132653305,0.5803259320750017,0.568046855888096,0.5045157947959477,0.6397197828468931,0.6307625263354224,0.6269461732408744,0.6237358737779783,0.6354072552521178,0.6195036351789298,0.6219412586700525,0.6196809260191025,0.6252420707818199,0.6332067585207893,0.6216527985890143,0.6255779287668572,0.6196364755701147,0.6312371081330683,0.663316511513403,0.6704037940763181,0.3470065945732259,0.6447133131451488,0.6452618567567745,0.6455547687022904,0.6440691851135336,0.6454270818431183,0.5959188034339533,0.5870335956269186,0.5881787459328752,0.5978359102094044,0.5829889675732859,0.5786178397616077,0.6551717066577865,0.5714272238482758,0.5724179197682605,0.5778197742430979,0.5568700377187119,0.6369436315061126
nerthus_bowel_cleansing_quality,0.22136620067603505,0.22001724059954159,0.21998796030745799,0.2753900565219086,0.30260108958654564,0.3950145313842507,0.6242773540061383,0.0,0.4397125187566928,0.4989928007827943,0.31902196318553366,0.301975449343046,0.3320188751184054,0.3199902979604385,0.5743795953023394,0.589093353598066,0.12422334171964888,0.10105985660776759,0.04315655461859651,0.09352386387337933,0.16409327414600905,0.16399736541035487,0.16394274140638565,0.16458312320943802,0.16442569291249015,0.16421732999977584,0.16459771926617295,0.309496661233685,0.1825745537488231,0.34619060091239395,0.47551172240680484,0.4486282718446983,0.3982722519626269,0.2864925434437437,0.28223720983197886,0.29432314151029715,0.2819076874872454,0.2953815634436343,0.28062396948660173,0.2779135588255668,0.2990217091084593,0.29654159208645614,0.28697882056242496,0.2763788678514608,0.29142109636809344,0.303197063737061,0.3899672397565385,0.3351235011347997,0.3895162006531142,0.4126540685144579,0.44907565515291187,0.40274517610955973,0.2669139802697369,0.450761417811283,0.450172993949544,0.4508758006018178,0.45052286460742463,0.20832630865280544,0.20174948677555088,0.1997179554357437,0.45527074784681343,0.5826660046118002,0.34713191051450343,0.24442737814531612,0.2992708303260213,0.32001741023558605,0.3134221297789602,0.2909877151172513,0.2980168692736313,0.4249488964495339,0.3700149054712657,0.2210273914724935,0.23070740032564327,0.22121329725908973,0.2747225106988119,0.6264724893770917,,0.4932290042170539,0.3326834025059382,0.5743212832801952,0.1243291305125164,0.10485675068603982,0.04320879507223198,0.0933955874164465,0.1630174729620114,0.16619162215011563,0.1660034489352194,0.1657801292695419,0.16718270798711704,0.16445907610569102,0.163755909750381,0.18333562493113548,0.47619701171916107,0.39622142315743575,0.2911133683854265,0.2835862390964472,0.2923956283721619,0.2840865032305433,0.2940622702657809,0.28133914559245576,0.27637919872710626,0.2962062288520215,0.3006836178525102,0.28942246521347104,0.27474989572206066,0.291381045634581,0.3047165545099335,0.3889475882830441,0.39075204874565495,0.4094996767727289,0.4507114580501237,0.44944046184687986,0.45154673125445455,0.4509474994870855,0.4492981452823341,0.20689109308595532,0.20405246853225228,0.19885241370835655,0.3489710334738414,0.24170201321276602,0.2990608722931173,0.3194471210033735,0.3130672826014106,0.2932122780559266,0.2972236293599775,0.425496157439048,0.3671585517406327
stanford_dogs_image_categorization,0.3553802978180559,0.37199526760942314,0.34368515055765886,0.3986331001887241,0.3191560713921472,0.24663519524652444,0.3539012055734438,0.4397125187566928,0.0,0.35123708187112535,0.09532546209152093,0.09342365268938632,0.18122493325194416,0.1745023967904807,0.4400950977202962,0.44320696648111935,0.3380210821799817,0.35188059469833016,0.4159731747826952,0.4141418233788874,0.38250722210113863,0.3858599360291522,0.3836794075932908,0.3818576753664149,0.3831144125954792,0.3834525773423422,0.38470653405442434,0.2684126882182348,0.3956387626530273,0.3027715175640369,0.35549883035601615,0.29397060324628843,0.42564416184603177,0.435925523522703,0.4317419528565956,0.43587413886415505,0.4373336253032093,0.4362314101626633,0.43321414449238227,0.4327913978326048,0.43844233037971697,0.44095625837322594,0.4322236394993833,0.43499260353567937,0.42882673585240605,0.4389051002283215,0.47577476718867834,0.3118799896233965,0.48481724412151417,0.30261569232268365,0.45807779177955965,0.5455668412590786,0.39701281780589914,0.45949449933050146,0.46008689766092037,0.4592700568266427,0.46120589983475546,0.4172214309001583,0.4057335608177991,0.40848986347815613,0.36410250728006754,0.5710541452874311,0.3865435261268496,0.3845896850119067,0.35807582453322306,0.4490578309801116,0.34047660667799684,0.35595591206064603,0.35992066239388265,0.33637066772971325,0.4400184913673448,0.3527422120833529,0.367906172996046,0.34909531576025354,0.40220293963034165,0.3538520226709921,0.4373502360007183,0.3494918188922891,0.18399636749519405,0.43862865713748284,0.33728374127700494,0.34865714142842336,0.41676504631397615,0.41509818468078663,0.3815495733795853,0.3830454685429834,0.38811856488484076,0.3880224711516003,0.38931540024455236,0.38305346593256206,0.3790490714216672,0.40558831752856994,0.3563820604111486,0.4253536893200228,0.44036103117443887,0.43551565863217423,0.4358634513299712,0.443709633261635,0.43196057289498346,0.4337470198512926,0.4289704553867509,0.43665847915208866,0.4430692918244571,0.4332059395448248,0.43525653532670816,0.4281174166115388,0.4433250425922057,0.47885416993073526,0.4845621483184875,0.3040971256255221,0.4586862834830867,0.4598605384584527,0.46080641008458,0.4588649053090617,0.45979522865485123,0.4170758665133167,0.4066920109090454,0.4062170532915545,0.3886633895492715,0.3799084638029431,0.35911186318260546,0.44885890237727466,0.3400768303000856,0.35656540302045014,0.358454732175516,0.3365689281078952,0.4390908169766858
svhn,0.49927569534509686,0.5001175872237649,0.47977532029177017,0.5320121457164995,0.4373524148349073,0.3079892204348912,0.2989221553496806,0.4989928007827943,0.35123708187112535,0.0,0.2817280869094989,0.268056132334074,0.17287642282832205,0.14622685751001338,0.3303565949776561,0.3252509380984623,0.44665206644208044,0.44669352676429064,0.4822624825055009,0.4861559471675526,0.48304922454652965,0.4865182218898887,0.4838386232093211,0.4829688130920363,0.48440727405031175,0.4843106130681864,0.48616069510617316,0.3952617952636449,0.45379448584063664,0.4165125029633191,0.4555443472394477,0.49777872755784325,0.5500511483575325,0.49244149809889454,0.48497850812653087,0.4887732237746552,0.4923194982736687,0.4882939443842831,0.48877708636653816,0.4885105750122775,0.49092865756092574,0.49509132210480566,0.48504229461400417,0.4884154843324576,0.4830241832132125,0.4912268786785832,0.5482751974168781,0.4327628775110023,0.5561657592071283,0.41596388328873407,0.5959110057507352,0.624123438793061,0.49482366676292344,0.5972532027885703,0.5974240857283656,0.5966172590341915,0.598048870099547,0.4962455598596363,0.4844382323015518,0.48764724947576743,0.44673573827865476,0.7188447414212277,0.43997368656983826,0.4425382328594037,0.43191434382834926,0.5001722200228378,0.419306408705754,0.39802242483350525,0.42064679275420996,0.5042865771082383,0.5714141342304402,0.4992027898181658,0.4984382224324701,0.4840878176783472,0.5328786333158553,0.3002271180292877,0.4959021583727591,,0.1707203039337014,0.3299422151590202,0.44665924076692787,0.4438553418402429,0.4821270271715914,0.4882223324173471,0.4799635191518753,0.48267586781094746,0.48807731726316794,0.4902472646271401,0.49039014229492467,0.48457605192121833,0.4790536677811711,0.4638052044456924,0.4565025963880481,0.549125444701346,0.49711551666389353,0.4884217753752617,0.48696405004916454,0.4991206379667297,0.4832588801352472,0.4884993660476865,0.48502140941798755,0.48945931221218375,0.4969867231606139,0.48690529493372003,0.49025074747405395,0.48383795123331486,0.49502697672492646,0.5507606699350991,0.5559817602804967,0.41756177175892,0.5968887541457599,0.5971570331979945,0.597824110548766,0.5963878141997239,0.5967081167968518,0.4948913751207851,0.48392393831870045,0.4858787943056355,0.44248343380879696,0.43948866539449777,0.4328269742877578,0.500259264203529,0.4188849404484858,0.39809115529074,0.4198054291035158,0.5052788342352315,0.5700723866230281
caltech101_object_classification,0.2682967461627593,0.2718712487208719,0.2455967759203298,0.29926521281569934,0.23802722477844768,0.19645459321322295,0.315732258025486,0.31902196318553366,0.09532546209152093,0.2817280869094989,0.0,0.012629973864422325,0.11131639056162407,0.09407849035636445,0.34221367911052736,0.34745770304478596,0.23740736481696958,0.241165341826156,0.3016364019466646,0.29421075340561165,0.26978125501939687,0.27275967492951836,0.2705878788203542,0.2690859259120292,0.27041804892056,0.27090205795001876,0.2718615487406295,0.19504075649598898,0.26874761294324195,0.2411998373660013,0.27413745161252856,0.2618905056827658,0.32935020096285805,0.3299038484459732,0.32820090773403104,0.3353822921677103,0.3311970181385221,0.3355932895893079,0.3271349674568694,0.3273307708908415,0.33816206057134734,0.33807109968527904,0.32888530405278893,0.32787884313908244,0.32703348532215604,0.33891916115351706,0.38142819131726724,0.2428049569543903,0.3883522959544593,0.2410138751229958,0.37137690952926317,0.4433827277840736,0.2750760501926525,0.37314822015343035,0.37298437997077716,0.3724075856513453,0.3742443746853147,0.287361150699627,0.2799247221938607,0.2830615331706038,0.29703931785340476,0.4936235354402815,0.2742467621492757,0.2688778441768307,0.2498774279289732,0.32439560717583515,0.23144496400599857,0.23481391404011867,0.2457876835728589,0.2618567633470261,0.345779284680353,0.266578855922717,0.27217413809161517,0.2514423732566876,0.30164891269192184,0.31564896996150527,0.3166415169462681,0.27864011997847404,0.11373353459333274,0.34080715006782636,0.2370595170796585,0.23932832643323898,0.30207875928691874,0.2955782278756212,0.2686888223444145,0.27025676536907217,0.2751992296297989,0.275395515658227,0.27630660536912255,0.2706308174898313,0.266187676526547,0.2777389135418833,0.27501327387313745,0.3288738179485192,0.33490252126778575,0.33235871865631494,0.33401223230255617,0.3375514379080987,0.33221752754781153,0.32803940991858593,0.3236353625086985,0.3360370444008993,0.340626464120367,0.3306596161468234,0.3281844390799957,0.32634618184242725,0.34312193445829964,0.38408321569442294,0.3884887993102562,0.2410015657683618,0.37233883011847146,0.3730762733233156,0.3738910416574702,0.37236286122489215,0.37332376605466333,0.28690171131493303,0.2810077524156416,0.28102444682395245,0.2766259788756493,0.26379674600535286,0.2503821690798327,0.3240510010841027,0.231261455676252,0.23589866766254292,0.24407959161876386,0.26219056195428014,0.3449600229415264
caltech256_object_classification,0.25611299422426326,0.25607938148882575,0.23018590078335543,0.28339154988050624,0.22629096820529299,0.18656222574320133,0.31662449534685355,0.301975449343046,0.09342365268938632,0.268056132334074,0.012629973864422325,0.0,0.10692217942844487,0.08721527277904603,0.33606958585671826,0.34201316586359337,0.22171698487284963,0.22561710858838813,0.28716715243798663,0.2764232430748322,0.24898956643618186,0.25192671674774847,0.2497374070712754,0.24834971285319063,0.24970544737975336,0.25010974204438363,0.25109771133164094,0.1852851718296002,0.25027203807002635,0.23053486467462642,0.26933183505831315,0.25579413173607984,0.31241010181356405,0.3088138025480081,0.30807863497373955,0.31597692527723487,0.31030294274710435,0.31642696809853144,0.30626035687426567,0.30668533450913704,0.31890702108858154,0.31810140125749486,0.30914391559996,0.30692486764862725,0.3068593344757009,0.3199977353597673,0.3605292070802181,0.23165437935862862,0.36722587350113467,0.23479321739105835,0.3495331026087267,0.4219587261446622,0.2576081040967249,0.3512760162590072,0.351233123220815,0.3505308533230356,0.3524433811046387,0.2714292194774297,0.26496865710952383,0.268248225413506,0.2847812043072516,0.47181314631773497,0.24929893718727997,0.24436834366921845,0.22341730044359986,0.3047386747580979,0.20471691274126466,0.2104686836331705,0.22049544173903396,0.2542865526193141,0.32396409686421646,0.25473617454883224,0.25217615434613544,0.2360783716398684,0.28537435274242917,0.31666049645767136,0.29973320950978527,0.2650557927077949,0.10883502744190812,0.33461233658503564,0.221751520926983,0.22368355994635347,0.2874607364534098,0.27786987403753766,0.24784175325373214,0.2494889271926059,0.25410838421526727,0.2545842358138241,0.2553429336029892,0.2501463822803749,0.24521757886297746,0.2594681018923588,0.27025068765758875,0.31177589278269524,0.314102892670147,0.3121393680305048,0.3145894314345982,0.3163801497812163,0.3131408738763244,0.3072205789288649,0.3029282278032477,0.31661916486061503,0.32085309649386484,0.31093063513401825,0.30708307213860875,0.3062229323714855,0.32416010569476295,0.36321852991945913,0.36728988015902025,0.23480750978726433,0.35050679599617585,0.35126793886490143,0.352080769296631,0.350670751402428,0.35130611938956585,0.2708904375895331,0.26596877445812594,0.26626237412822307,0.2516889000883998,0.23920878904083737,0.2237506502695615,0.3045414697282658,0.20442328459646536,0.21146403569051908,0.21890224773103006,0.2546588107148493,0.323289683947084
cifar10_object_classification,0.30570004366181247,0.30369129312432214,0.2847413538836975,0.33742555282722075,0.28241880716844564,0.2645908989935644,0.31939085194500416,0.3320188751184054,0.18122493325194416,0.17287642282832205,0.11131639056162407,0.10692217942844487,0.0,0.018161747081196743,0.31621891716786776,0.3246862010998854,0.266455157292467,0.2660797127286653,0.3150080533637196,0.30299442438272595,0.29082685083425364,0.29361721598851476,0.2917227423496353,0.2908944496233329,0.2916367732893072,0.29196378221060093,0.2929328089294171,0.24591109186520546,0.2964258028602175,0.26007772295023934,0.356065157742002,0.3475105250437733,0.4025106338209825,0.3393828404448292,0.33502415645363404,0.34221419731075686,0.3388385303905368,0.3421581921758433,0.335783932907925,0.33474911865332313,0.3454767859930006,0.3462617980070267,0.3373919948237968,0.3358836470611649,0.3343216690271632,0.3472035996395653,0.4097779204983195,0.28597013793294795,0.4159212388204133,0.32642312031238413,0.4457699428035854,0.46465077454879766,0.31678741552222034,0.44756511298299273,0.44710915131020196,0.4470188575323455,0.4483483182699055,0.3206689334184191,0.31559161920279377,0.3187091583756919,0.3194128219687997,0.5762091302362091,0.3236354615361642,0.29851240632855347,0.3009080463687598,0.35602250041220873,0.2866383595369312,0.2809841880214594,0.291582826136321,0.32574586757366264,0.40704390738113244,0.30444827971758287,0.3041542697919315,0.28920960343316215,0.3391859680014,0.3209000731015449,0.3296215507415555,0.1695359080288376,,0.3153591327721111,0.2655945533910393,0.26420639281518876,0.3153936740651175,0.3046619409644955,0.289334778321118,0.29167736797877497,0.2955871975159492,0.29586495252778544,0.29708153909356816,0.2922543966793242,0.2876648755536195,0.3037809093542578,0.3559825826876226,0.40188877470014445,0.3435852529932734,0.33815128039117126,0.341116240623482,0.3441381576451793,0.339122688651293,0.33640591912468076,0.33212701835625646,0.34330942318276414,0.3484916663655321,0.3394056129234064,0.33588553095207097,0.33315864195941336,0.351090442422206,0.4119687493404379,0.416052991187215,0.32498530175018964,0.4471843291623785,0.4470367338145051,0.4482877622968767,0.44698265741479004,0.4476197384621904,0.31943474097733815,0.3159804361838319,0.3175749063263421,0.32571767678976915,0.2942458585091181,0.30101047088244015,0.35552093128740847,0.2866093627537549,0.28202933674337627,0.290426024112651,0.3262125326816997,0.4055076356389472
cifar100_object_classification,0.28851306459837733,0.2934262280190594,0.2731361641242366,0.33041816719565015,0.2532768478468963,0.22264660341539244,0.27884514734315835,0.3199902979604385,0.1745023967904807,0.14622685751001338,0.09407849035636445,0.08721527277904603,0.018161747081196743,0.0,0.29639887795315367,0.3016619177194023,0.24788210876869668,0.24783426407435682,0.30123805388910274,0.29147230267229796,0.2780935076661215,0.2809772442966139,0.2790892510255961,0.2780938240976014,0.279103830648039,0.27940625084411896,0.2804419412768763,0.2141770767605118,0.2805472470621275,0.23664489062301747,0.30778576680807923,0.31287457905501637,0.37505174911904093,0.32373065319874444,0.32038977905179367,0.3280823931068614,0.32369900796053097,0.3280888661622421,0.32053357785559905,0.31971980934412453,0.3308750255327619,0.33165443723817545,0.3225074499534316,0.3204809572246079,0.3181232629544063,0.3328456503079955,0.3903030863718109,0.25637234461168223,0.3964213879034497,0.2843907051152149,0.4138583474067388,0.4539677682644216,0.2974144868958024,0.41575757357203014,0.4154122769721542,0.4152391782682904,0.4167631856871569,0.3021344821471531,0.2952781267829023,0.2985040390816027,0.2982661102184252,0.5513321715801643,0.30336298124445055,0.2830060836060717,0.2846270816109375,0.34092552074226157,0.2685169563943751,0.262237841334467,0.27487146319313305,0.3036368300161354,0.37999390910990727,0.2871943309828515,0.29313359119111004,0.27790504165656793,0.3322259000132428,0.280507493226598,0.3174425596933398,0.14311828993853642,0.0189905641690525,0.2954695295856197,0.24728038941956793,0.24582833730554948,0.30165464512304274,0.29325713219797783,0.2763979723894326,0.2788428303830162,0.28309528242442406,0.2838370087515184,0.2850435722584636,0.2793716863494393,0.27457672678118183,0.28896375598600166,0.3079931258609975,0.3740933332389965,0.32817804801033856,0.32404453952106316,0.32688559222792357,0.32940436411856244,0.32447677772919403,0.3209936519959955,0.3167639163780631,0.3287498095368063,0.33420748711381376,0.32438614715682174,0.32087775560730236,0.317733452875838,0.3369168031857456,0.3926091778771771,0.3963492695239632,0.28309218236943867,0.4153707801555901,0.4154009955868428,0.41651546842390386,0.41534034390471963,0.4157203867217394,0.30103438377115543,0.29550045010571113,0.2972444443529983,0.30548379687277016,0.2786574755380652,0.28515582973302733,0.3403717308252418,0.2685047223127855,0.26314502114005833,0.2735731001994003,0.3042630525228244,0.37870275473144516
