,lapgyn4_anatomical_structures,lapgyn4_surgical_actions,lapgyn4_instrument_count,lapgyn4_anatomical_actions,sklin2_skin_lesions,identify_nbi_infframes,laryngeal_tissues,nerthus_bowel_cleansing_quality,stanford_dogs_image_categorization,svhn,caltech101_object_classification,caltech256_object_classification,cifar10_object_classification,cifar100_object_classification,mnist_digit_classification,emnist_digit_classification,hyperkvasir_anatomical-landmarks,hyperkvasir_pathological-findings,hyperkvasir_quality-of-mucosal-views,hyperkvasir_therapeutic-interventions,cholec80_grasper_presence,cholec80_bipolar_presence,cholec80_hook_presence,cholec80_scissors_presence,cholec80_clipper_presence,cholec80_irrigator_presence,cholec80_specimenbag_presence,derm7pt_skin_lesions,idle_action_recognition,barretts_esophagus_diagnosis,brain_tumor_classification,mednode_melanoma_classification,brain_tumor_type_classification,chexpert_enlarged_cardiomediastinum,chexpert_cardiomegaly,chexpert_lung_opacity,chexpert_lung_lesion,chexpert_edema,chexpert_consolidation,chexpert_pneumonia,chexpert_atelectasis,chexpert_pneumothorax,chexpert_pleural_effusion,chexpert_pleural_other,chexpert_fracture,chexpert_support_devices,pneumonia_classification,ph2-melanocytic-lesions-classification,covid_xray_classification,isic20_melanoma_classification,deep_drid_dr_level,shenzen_chest_xray_tuberculosis,crawled_covid_ct_classification,deep_drid_quality,deep_drid_clarity,deep_drid_field,deep_drid_artifact,kvasir_capsule_anatomy,kvasir_capsule_content,kvasir_capsule_pathologies,breast_cancer_classification_v2,eye_condition_classification,mura_xr_wrist,mura_xr_shoulder,mura_xr_humerus,mura_xr_hand,mura_xr_forearm,mura_xr_finger,mura_xr_elbow,bean_plant_disease_classification,aptos19_blindness_detection,lapgyn4_anatomical_structures --shrink_train 800,lapgyn4_surgical_actions --shrink_train 800,lapgyn4_instrument_count --shrink_train 800,lapgyn4_anatomical_actions --shrink_train 800,laryngeal_tissues --shrink_train 800,nerthus_bowel_cleansing_quality --shrink_train 800,svhn --shrink_train 800,cifar10_object_classification --shrink_train 800,mnist_digit_classification --shrink_train 800,hyperkvasir_anatomical-landmarks --shrink_train 800,hyperkvasir_pathological-findings --shrink_train 800,hyperkvasir_quality-of-mucosal-views --shrink_train 800,hyperkvasir_therapeutic-interventions --shrink_train 800,cholec80_grasper_presence --shrink_train 800,cholec80_bipolar_presence --shrink_train 800,cholec80_hook_presence --shrink_train 800,cholec80_scissors_presence --shrink_train 800,cholec80_clipper_presence --shrink_train 800,cholec80_irrigator_presence --shrink_train 800,cholec80_specimenbag_presence --shrink_train 800,idle_action_recognition --shrink_train 800,brain_tumor_classification --shrink_train 800,brain_tumor_type_classification --shrink_train 800,chexpert_enlarged_cardiomediastinum --shrink_train 800,chexpert_cardiomegaly --shrink_train 800,chexpert_lung_opacity --shrink_train 800,chexpert_lung_lesion --shrink_train 800,chexpert_edema --shrink_train 800,chexpert_consolidation --shrink_train 800,chexpert_pneumonia --shrink_train 800,chexpert_atelectasis --shrink_train 800,chexpert_pneumothorax --shrink_train 800,chexpert_pleural_effusion --shrink_train 800,chexpert_pleural_other --shrink_train 800,chexpert_fracture --shrink_train 800,chexpert_support_devices --shrink_train 800,pneumonia_classification --shrink_train 800,covid_xray_classification --shrink_train 800,isic20_melanoma_classification --shrink_train 800,deep_drid_dr_level --shrink_train 800,deep_drid_quality --shrink_train 800,deep_drid_clarity --shrink_train 800,deep_drid_field --shrink_train 800,deep_drid_artifact --shrink_train 800,kvasir_capsule_anatomy --shrink_train 800,kvasir_capsule_content --shrink_train 800,kvasir_capsule_pathologies --shrink_train 800,mura_xr_wrist --shrink_train 800,mura_xr_shoulder --shrink_train 800,mura_xr_humerus --shrink_train 800,mura_xr_hand --shrink_train 800,mura_xr_forearm --shrink_train 800,mura_xr_finger --shrink_train 800,mura_xr_elbow --shrink_train 800,bean_plant_disease_classification --shrink_train 800,aptos19_blindness_detection --shrink_train 800
lapgyn4_anatomical_structures,0.0,0.034716059454786355,0.0411712510143431,0.07948263057249966,0.22722440303758717,0.2297938056122817,0.4732106230998893,0.19684808309216092,0.27585816770796834,0.4421395554617411,0.21360811671974284,0.2042765054080645,0.2700625687495454,0.2525518656369935,0.505178531318743,0.5170568663802658,0.1056797712089201,0.10282668608880677,0.1575719915049527,0.12924573632276606,0.075934331078916,0.07723721829471478,0.07639507450781172,0.07621378971732254,0.07579004115194776,0.07601798223256043,0.0756059511330349,0.23114665798616651,0.21266014510474274,0.23208681025801203,0.35845239100987425,0.29323790665090416,0.3789315898264647,0.24193402267327674,0.24418187807701192,0.2559322192323824,0.23957516040296245,0.2578209950738577,0.23853940636142706,0.2381747392641118,0.259609950236183,0.2540741203936683,0.2485412186602638,0.23563017007386056,0.24280546229081948,0.2639115749038723,0.305710837546901,0.2550336795514374,0.3073464821777426,0.2896985960939653,0.42190079810409786,0.3349169580291106,0.2837362010695742,0.4238157515785857,0.4233977293863449,0.42392852257741265,0.42445425056370367,0.28460631105107354,0.2797375677249098,0.2792875029602617,0.3644328239585081,0.5494098187271527,0.31743210486410117,0.24845688547697192,0.29495436324365926,0.2923027610631279,0.2858378718515483,0.2785800253419227,0.2946492542984267,0.2965528228271195,0.3623327577953964,0.0004975959214716939,0.04571488138902169,0.040812432124886826,0.08102973253747173,0.4749403557726032,0.19612021116060327,0.4389948643020204,0.27227715632150307,0.504031580623959,0.10456525103527028,0.10193696140888206,0.1590554999210092,0.12830200263753386,0.07667697658480982,0.07628059827405745,0.07682299731993722,0.07924438764382497,0.07831223174301193,0.07394351460805323,0.07888308496146162,0.21611492427339773,0.35850169857800046,0.3770796142026306,0.24515366177075887,0.24512470412808451,0.2546192415374407,0.24193698798677588,0.2567586836943614,0.2395034181116772,0.2355853072648309,0.2569210189028987,0.2570308633660767,0.24999965859052659,0.23531656036602422,0.24282293485731538,0.26516554443179086,0.30596114451285683,0.3075274305689434,0.2861642735089106,0.42293266755006653,0.4231066824300468,0.42530150194893046,0.424009076855664,0.4235282182853303,0.2825536941257798,0.2815454798213374,0.2788841991656935,0.31818528891753783,0.246529086051331,0.2953598624022667,0.2917294368060753,0.28596991092353985,0.2806912748653986,0.2933488574902755,0.29712462130969786,0.3603997499076126
lapgyn4_surgical_actions,0.034716059454786355,0.0,0.012847226073916963,0.022642997425415395,0.25749121223177673,0.2569808523576006,0.49954065176362716,0.19598045379496903,0.293319816544354,0.4436044237620126,0.21794918217815804,0.20505157087652867,0.26845974304892123,0.2577194881732315,0.48956854060582256,0.5076624648265844,0.1301579984358215,0.1270199597881969,0.16217518783754886,0.12643358548607975,0.05527877912614319,0.05635576626031501,0.05530208248019468,0.05553014894851372,0.0549478412432374,0.055311914927757035,0.05478961862129778,0.25282574334792823,0.18841674514602177,0.25738683904585696,0.3876240460305052,0.3404223649115158,0.37832879873005343,0.23772153883176436,0.23907716758071862,0.24904158240509652,0.2358043121087238,0.2509673334185814,0.2342628208341468,0.23440812949345957,0.2537453510919624,0.24732016876319612,0.24249594237031272,0.2315703975593793,0.23961754922980685,0.25597441544325655,0.30330830509435946,0.2804034150715613,0.3033039585569615,0.33205036251776565,0.44087796632534415,0.3168919280554868,0.2703347170372524,0.44262668342368583,0.4420370417973982,0.44235159445584094,0.4429078998750072,0.2733801891367834,0.27613693230880376,0.27677027123349773,0.36740216442943985,0.555638268034138,0.2865201958205529,0.23379159473708305,0.28184200393605563,0.2655087181404123,0.25938516140708545,0.2552057519180626,0.27041353699475557,0.301137986654647,0.37351999073895953,0.03536918047374504,0.009718391758261617,0.011764389639962942,0.023065366823078866,0.5011652637047852,0.19552606472953038,0.4402162809222231,0.27087238799139024,0.48830598035850536,0.12996971334060634,0.1255504275827899,0.1633353654691901,0.12603251513656327,0.056369639790894495,0.05555951788748899,0.055400946671064,0.05776811574476581,0.05527240316585159,0.053785300613558844,0.05824538239970485,0.18987311448766128,0.3873251866751576,0.37680408605794713,0.2402253368684381,0.23929876352216414,0.2474457140871173,0.23729655818881168,0.25064969522143554,0.23531006463311582,0.23259038846772379,0.25074688283636054,0.24962014514228897,0.2443093011284608,0.2310642229747435,0.23872276875161957,0.25675374677687535,0.3027147111123295,0.30403742086666574,0.32838418750465526,0.4416551821442412,0.4418042837117015,0.444013246984427,0.44256414732611893,0.4424171987420956,0.2715128913254834,0.2777714177184111,0.27616148050960515,0.28736326680371593,0.23169650688817536,0.28103999196656615,0.26538144610078573,0.26008260499501756,0.2578141958419958,0.2699861341793581,0.30166427624179215,0.3714381311158812
lapgyn4_instrument_count,0.0411712510143431,0.012847226073916963,0.0,0.018708455425314893,0.23425948955085568,0.23925910541772044,0.47558108733079807,0.19502221523154908,0.26898220208105206,0.423609811907388,0.19580736212049943,0.1832547703091595,0.25180728452125944,0.23992074842762015,0.4677680048081665,0.4820232615679412,0.12086213067146422,0.11774469092067011,0.1659491758651539,0.1393806262889594,0.043908737635313194,0.04519035765166823,0.044051182409302045,0.044028996515053834,0.04385876831057903,0.044168499783865785,0.043533066402079025,0.23618710398282977,0.19807415076196233,0.2587790050526363,0.36404555492707125,0.31005698903806655,0.36834993503115765,0.24327021542899463,0.2467305443674917,0.2579831721936881,0.24130676764227854,0.26007571232497767,0.24010320287070813,0.24020407039788452,0.26242042179177116,0.255639541905628,0.25008282064348974,0.23650781757175177,0.24599502101319976,0.26550452171201255,0.3039432270655191,0.2648208085079502,0.3056417520107785,0.31431129411368736,0.4136922042685389,0.3263114279083932,0.27155531356072976,0.4153341515743361,0.41493177888960064,0.41519856713100034,0.4157139704954484,0.259577758398464,0.26615034398898096,0.26718040784759944,0.3644011629993844,0.5307179182915347,0.2776101585657837,0.22757957091903502,0.26306170768875803,0.2660732336810579,0.2452382650641471,0.2453150111152343,0.2578118318185831,0.2919204575639583,0.3512026303628298,0.04153817359235842,0.016698132217548903,0.0005945440280483651,0.020481278862434275,0.47706581642678336,0.19448067388734314,0.42031297499848985,0.25394463493005814,0.4662776117677804,0.12059997719512915,0.11590768248996422,0.16708109369873783,0.1389652136288872,0.04509841370684117,0.04425618860400028,0.04498470333333005,0.04617436876131993,0.044131664890985925,0.04224717714650557,0.04586155516985538,0.2007918825935079,0.3638124015811066,0.36688111998015416,0.24682105261039247,0.24731052977841514,0.2559930449763104,0.24350905632311837,0.25894215558395145,0.24132778491915208,0.2380492398703059,0.25947673526000403,0.258704173635022,0.2521343209133951,0.2358424541771017,0.24572527997904497,0.2664020557387845,0.30413644867408074,0.3064071145210784,0.3109434272854754,0.4144919102699627,0.41459672541088766,0.41687576543143656,0.41541372529241793,0.4150571779341946,0.2581477666341485,0.2675039259453338,0.26658248998757367,0.27839910904447174,0.22517568962797563,0.2623414294534038,0.2657998487954797,0.24565896322844163,0.24731212171654582,0.25704599403525974,0.2925087177134931,0.3494042691314961
lapgyn4_anatomical_actions,0.07948263057249966,0.022642997425415395,0.018708455425314893,0.0,0.3029832730211265,0.304756513745123,0.5391320939001439,0.2483695182741424,0.3208460784659792,0.4756555795256715,0.2445777336599757,0.231319851648557,0.30074736082809056,0.29279352709604634,0.515392193869774,0.5319091114924033,0.1873679168351143,0.18174203239379216,0.21659843296352477,0.1853056902511629,0.08298243574816315,0.08416850778482049,0.08267524735102097,0.08305233144002314,0.08260230968895996,0.08312032626828117,0.08220527794879176,0.3014846202758593,0.22823107521972208,0.3204300639290257,0.4390633432854496,0.3847122794693456,0.4209240333992656,0.2856086522166109,0.2881323326148444,0.29729535231396764,0.2844444895599517,0.2991904257863339,0.28251720168360217,0.2837449041551491,0.30210518234881834,0.2948446674257642,0.29053253661600253,0.2799578816815007,0.287543660471139,0.30317378861688715,0.3477917323962343,0.3295347114186251,0.3481544049185514,0.3875620729544861,0.48198834859703665,0.3541605817637859,0.3192690932402643,0.4837605428294358,0.4831563736452826,0.4831443788546938,0.48392877249447785,0.31469969852828483,0.3242723836462583,0.3258566164062454,0.41933162827590353,0.5903307001391508,0.3165226161961422,0.2745792176795714,0.3127577863853783,0.2991848905916609,0.28693763146274776,0.2823141394823252,0.302657293774217,0.33552334347414636,0.41244550965465115,0.08006371577261151,0.02878882286307219,0.018109520850610183,0.0006404072772563499,0.5405387542609649,0.24788113626300246,0.4726879289362056,0.3033037680100459,0.5137599218429914,0.18728333535908226,0.18002720775952075,0.2174337978155284,0.1849399116418043,0.08492551328088493,0.08339626575997938,0.08375849406100672,0.0852849495531228,0.08114123676194634,0.08135004743317382,0.0856249016984284,0.22963386469982433,0.4387804436715258,0.41985251608884067,0.2883554454103715,0.2881825635118288,0.2954052968195714,0.28588074411115755,0.29886599532877645,0.2838373784475038,0.2818296166747936,0.29940033432296537,0.29705477099788735,0.2927023748081513,0.2796368287060442,0.28659311254163367,0.3037915175077204,0.3476588488130953,0.34895423388518154,0.38422162888197353,0.4824949239243772,0.48291183752434264,0.48512408750197766,0.4833931283398813,0.4834558260897731,0.3130807644402037,0.3256573312252261,0.3249754716341544,0.31732893540243257,0.27203770781815984,0.3115101284407109,0.2992019189979837,0.28780272470399915,0.2846019296414055,0.3022349537911851,0.3361095756543484,0.4106436811887906
sklin2_skin_lesions,0.22722440303758717,0.25749121223177673,0.23425948955085568,0.3029832730211265,0.0,0.2193054456392715,0.38323027572158264,0.2627860730645275,0.24593497840190828,0.37411359567763414,0.1863611578892232,0.17728886274212394,0.24575237480260387,0.21777552907691938,0.44030540750284597,0.44137923448410277,0.14661038618466388,0.16238173095097158,0.2497446872574493,0.24946884023737634,0.22254108761733865,0.22448794893303162,0.22438686854625461,0.22273049508738066,0.22351352490277804,0.22355510250145894,0.22348428830207212,0.07141169113068371,0.2717912956495915,0.1847140044010292,0.3020293167910986,0.14025931352424748,0.33822370341874824,0.28707796126432583,0.2937783456298742,0.3057099323793884,0.2843863808670942,0.30853020247773844,0.2838854486800517,0.2821231461125062,0.31053215741140416,0.3058067798076131,0.29558025687925205,0.2743252076906763,0.2933155400366174,0.3138146133374321,0.3605409103116658,0.06857468724635063,0.3661908726608712,0.11558023170290906,0.28904493374376933,0.40962803619062854,0.2904574390702462,0.29095946279767587,0.2907614568708356,0.29075965063900644,0.2921337875397565,0.21738805476874862,0.20505350210291898,0.2067181360142494,0.2984867892709332,0.43227645329378017,0.3426340930465803,0.27720773575310587,0.3040311226398831,0.35210021154941695,0.31033776758011916,0.3114374283692502,0.30003539500029164,0.2664376940510073,0.2430280471532618,0.22543113669404558,0.25495066185568915,0.23977186662634156,0.3056771600951558,0.3844992265142161,0.26105722471235604,0.37102475394212775,0.24650243401803643,0.4392999467540327,0.14735197439745196,0.15906892023378916,0.24996991093983278,0.2509276857706467,0.220634827421474,0.2237825251762301,0.2268070668999853,0.22645463372079522,0.22912580669143523,0.22177906124498092,0.2196400202583796,0.27976940399950145,0.3018668557259958,0.3363177178440856,0.2928888607065636,0.2973542363259152,0.3032453538315012,0.28761357264255216,0.3041126839500015,0.2846276147629967,0.2781793364355056,0.30749187613147666,0.30922265499639123,0.2974694182875647,0.2738188333678449,0.2957364243154529,0.31611329762697693,0.362448783036607,0.3659971195928331,0.11456201348959244,0.29033419231267965,0.2900117996180325,0.29283040424850826,0.29044634116404444,0.29085586653776263,0.21493794697461166,0.20498878254324784,0.20676572779034624,0.3441382716754384,0.2744266511346867,0.3052484000278789,0.351103180465024,0.30971197959830066,0.31236378374526685,0.297642143962875,0.26636381294416367,0.24132319459150237
identify_nbi_infframes,0.2297938056122817,0.2569808523576006,0.23925910541772044,0.304756513745123,0.2193054456392715,0.0,0.2257363623878762,0.32582168105070036,0.19431100992161332,0.25127057242900697,0.14987932191471381,0.14235786255397592,0.21545127042977896,0.17730332636379514,0.3723121116244778,0.3702373664108997,0.1960232525618324,0.20528767660511682,0.2900837326152327,0.27499215859588033,0.24451543356040423,0.24758534236134544,0.2461067924806764,0.24446112638096396,0.24606360586774537,0.24598625569753513,0.24726647104073188,0.17474174038477192,0.2650086901316967,0.1819190819632581,0.2571194562448966,0.2321483942450301,0.3714884191976682,0.3044565575009831,0.2969648489751105,0.3040363470385302,0.30434358621870383,0.30310533228888137,0.3000234712637899,0.3000264820899169,0.3055286993132069,0.3100847158101213,0.29911556874786926,0.29905650131479544,0.29640256537043874,0.3073142658757673,0.36068719397655663,0.1905212601344865,0.37064819947663835,0.17927967545212425,0.3913414351891155,0.4503847237587085,0.3317226696966421,0.3926080648647719,0.3928798113499916,0.39256191978176036,0.39391454086484595,0.3437357457907599,0.3374347502869246,0.3385866984973839,0.2246479743142758,0.5181712705649691,0.3417143677766097,0.2944409306270938,0.29506086831472256,0.38108510949219954,0.2981750439040415,0.305694020768936,0.30968063994946127,0.2983153733787507,0.37085439464723413,0.22827886167746597,0.24811149808301747,0.24375536522721516,0.308584912637143,0.22539015732941695,0.3228942467621431,0.25181590668135223,0.21604765328517098,0.3702086990734437,0.1944383134465518,0.200518546832236,0.2916101206333995,0.2756476535580185,0.24199718260680603,0.24379783153374712,0.24949300147917128,0.25074999389767505,0.2520383301105153,0.24470584414733187,0.24073513304024735,0.27376139479239714,0.2585978895247041,0.36930535979119494,0.30805403611468796,0.30079557675284607,0.30283428604436274,0.31142386335016936,0.29762653519006554,0.29918903909062555,0.29548889707571246,0.3027856826755567,0.31226000893658257,0.300221909909847,0.300906734501858,0.29851597295965904,0.31124083072608505,0.3634604014195105,0.3701681785721524,0.17823681624862725,0.3921104395845504,0.39292789356908153,0.39381319503921164,0.392484820209634,0.3931200774404654,0.34335289030542404,0.3374207564857228,0.3370058595203448,0.3429442833830088,0.29146919128064946,0.2970600129823072,0.3795866173295204,0.2978418892133061,0.30492059506222075,0.3070004317065091,0.2994855369846965,0.3693765164311157
laryngeal_tissues,0.4732106230998893,0.49954065176362716,0.47558108733079807,0.5391320939001439,0.38323027572158264,0.2257363623878762,0.0,0.5394400983470407,0.2896160288297215,0.23288722008448515,0.2533197850079908,0.2568250294897798,0.25511849468728004,0.21873626240689192,0.42679237154684363,0.4223176987438261,0.4368492901404484,0.4425362303560746,0.5141332048865037,0.5239804663685899,0.5045631022938708,0.5081173233508631,0.5061376074826874,0.5044853250682743,0.5060240625432855,0.5063770956960125,0.5071532289728691,0.3169195212414923,0.4820317905216812,0.39455097928124944,0.42299547416147387,0.3684686220312237,0.5586849405134663,0.5406642051709418,0.5372952968528196,0.5402602565570893,0.5434729085694934,0.5393429086779585,0.5379354584039313,0.5399830847636284,0.5416507059271762,0.5463636691958487,0.5360682397023342,0.5390132586314853,0.5326056076983234,0.5406429630021901,0.5757977473961824,0.36780820892500354,0.5869882622034114,0.28285350731059,0.562017677437014,0.6757992551305205,0.5596002404056795,0.5633054895840375,0.5632710138966652,0.5625969323844424,0.5645855760557893,0.5089670715326949,0.49962317590340555,0.5021183189300678,0.3859156773262935,0.6771112676368842,0.5176372775709337,0.5062390833637445,0.4982851779238974,0.5765570776299171,0.4940775885412995,0.49584648364301687,0.49855813816743666,0.4730922417722978,0.5655719918736175,0.47187096098513126,0.5093342445727398,0.4811572957797782,0.5419911659275725,0.000290917791032595,0.5366405833610102,0.2357105097573834,0.25472234513896064,0.4235238624787895,0.4365249199971468,0.4390229744073676,0.5151111253785425,0.5252431845551665,0.5014400291604473,0.5047547190124086,0.5105112518443002,0.5116662244855101,0.5123054182760778,0.5036924285599117,0.49992222446192236,0.4936337498599628,0.42361368365549845,0.5572351053766691,0.5456161957231302,0.5416150890897352,0.5388239801743722,0.5506391260842742,0.5341515741626268,0.5374647982643305,0.5350105069966742,0.5402476050524134,0.5477012345563965,0.5365294837270831,0.5412680996854426,0.534459121775178,0.5462408417970193,0.5792823714951771,0.586354382848094,0.2838651985888291,0.56310727920094,0.5636614107537528,0.5639633313556309,0.5624071289615618,0.5638880160596891,0.5082709856645391,0.49940171311939763,0.5011699906126489,0.5191114910285208,0.5027600353452158,0.49962014302100693,0.575931274848499,0.49325517243941164,0.4956295779370613,0.4972269453035575,0.4750912436998924,0.5645710154537653
nerthus_bowel_cleansing_quality,0.19684808309216092,0.19598045379496903,0.19502221523154908,0.2483695182741424,0.2627860730645275,0.32582168105070036,0.5394400983470407,0.0,0.35236640564156474,0.43611009143683743,0.2533533086100807,0.23839292203605145,0.2869950395707235,0.27438463377690103,0.5018191454811324,0.5112695791188175,0.1036259837108796,0.08306877158798914,0.03140179627019578,0.07533602474683757,0.14367838551346873,0.14367610428658978,0.14349947271041408,0.1439772324888337,0.14406893723718214,0.14364431331817995,0.14419127562169332,0.26554246653220004,0.15480790197144584,0.30179352367930445,0.40521809138366194,0.38320511377180455,0.3328407087483335,0.25182483030397873,0.24765433117423216,0.25865860783354694,0.24757758922395257,0.25918777598805276,0.24634862290054158,0.24401686640321946,0.2627729219013575,0.26091403567935534,0.25194712473603886,0.24270969286131316,0.25649488744494414,0.2664338441754348,0.33904662312770467,0.29167695838946534,0.3386698763724562,0.3570035314549782,0.3816190454798243,0.3531456126604563,0.23225046028458468,0.38299846650467007,0.38243842318473065,0.3831277297922183,0.38284684136344155,0.17234427875978015,0.1681648289756169,0.16633604911927952,0.39608236387778084,0.49203013427691156,0.29711247739871743,0.2115712164528259,0.2544001809502284,0.27945658915296845,0.2654364372459045,0.24778337235970152,0.2527861028762347,0.3760613642507251,0.3129206540558481,0.19658496692593375,0.20558546375423667,0.19598840149730706,0.24785798937257267,0.5411007619366923,0.0004219230302632542,0.43071240804760674,0.28739021009413374,0.5015263065908653,0.10395115127247162,0.08653743953842968,0.03139051971195207,0.07518032571786958,0.14216352164632579,0.14516401247769137,0.1453296507959719,0.14487330446036129,0.14640639529095065,0.1439378105479477,0.1429289127486796,0.15613374371595534,0.40584689197501134,0.3311679639811862,0.2561409457696372,0.24879110814785477,0.25663546175848917,0.2497576592498594,0.2579649937242529,0.24702690283563167,0.24243797286359217,0.26004445404998355,0.2645719525378528,0.2542231541701773,0.2413843920067243,0.2563388643761503,0.26796571060100116,0.33827902434597057,0.3399269102829313,0.3541175700258092,0.383002689757058,0.38190734763203926,0.38391044445410105,0.38328857850656806,0.38184400541906216,0.17103580152189482,0.16983073051730213,0.16517279400329268,0.29889839633510706,0.2087855179350005,0.25413816526640437,0.27915738437576143,0.2648976630207951,0.24987001626934274,0.2519199085676232,0.37653172779201993,0.3103648283697501
stanford_dogs_image_categorization,0.27585816770796834,0.293319816544354,0.26898220208105206,0.3208460784659792,0.24593497840190828,0.19431100992161332,0.2896160288297215,0.35236640564156474,0.0,0.284136459784896,0.07108827284330252,0.07133587332692969,0.13504151314303242,0.13048080555251473,0.36020781562684917,0.365935917284295,0.25196635106073323,0.26521557824920083,0.3245367212391864,0.32650163791882847,0.3014626223882112,0.30419707718706074,0.30268976327232194,0.3011936910167219,0.3022156432083354,0.30294741248543877,0.303160386087448,0.20847363600762425,0.3244528668936779,0.23652898645424753,0.294478111982665,0.2370922454238749,0.35036249344149695,0.3512633628996756,0.34788068800813965,0.35211830517989884,0.352437749229479,0.3521954515115431,0.34884722665539747,0.3489777590721796,0.35378694080640816,0.35583980246128843,0.34819568051069494,0.3503126028277554,0.3435992299659867,0.35450394874107255,0.38664790990639397,0.24256173784992666,0.3958959661008008,0.24230459197314086,0.38131564816078195,0.45358260179937715,0.3216894277076262,0.38273330669169614,0.3828476305178089,0.38227329072714145,0.3839069618839539,0.32723963364739694,0.3173244916939791,0.3193272597110668,0.2898513565057906,0.48117090952549396,0.31771297801446474,0.30749590465154875,0.2876954698694264,0.3689066262796842,0.2733710298213442,0.28713045197046183,0.2884113395539156,0.2659023259697878,0.36680671024934197,0.2730950291227897,0.290894457165907,0.27332670052839403,0.3244485699635459,0.2892363880820573,0.3501493388267828,0.28233689677439344,0.13712675559355902,0.3588944917359258,0.25070345412379386,0.2624148745533442,0.3251418733416953,0.3272083550258874,0.3005532704132284,0.30262934196508084,0.3071123961022608,0.30643756380030396,0.30729784436036095,0.3016661276457649,0.2980135727626055,0.33288969346306996,0.2948352019630215,0.3499031615479187,0.3553213006798479,0.3509881851817184,0.3514081546552007,0.35782380737558983,0.34805980196829295,0.349967919730114,0.34548060975626493,0.3522720935179385,0.3571365054277146,0.34895301708001614,0.35120656461242084,0.34395229238575564,0.35849352272540513,0.38930024492237336,0.3952928208087979,0.2425553246725825,0.3819981353075874,0.3832062877156124,0.38361313209356,0.38197263734301246,0.3830044326458437,0.3264819574501812,0.3180715189803612,0.3176014642287921,0.31904992489785244,0.3030985555831123,0.28850636840320865,0.36830802058137946,0.2730319139633807,0.2873255911932193,0.286640406895838,0.2666137208174211,0.36606183292216865
svhn,0.4421395554617411,0.4436044237620126,0.423609811907388,0.4756555795256715,0.37411359567763414,0.25127057242900697,0.23288722008448515,0.43611009143683743,0.284136459784896,0.0,0.22728173186295997,0.21578316611626008,0.13476554418205725,0.1104244324121092,0.25163470204194816,0.2505232342184911,0.380743245167394,0.3832785882402081,0.4184393273817669,0.4239692450607335,0.42515273768276224,0.4282210460916886,0.4261778599518826,0.42542626357525826,0.4266152254538156,0.42668012317276305,0.42785311232719864,0.33814054519841286,0.3984237775103461,0.35908223298306297,0.38859932749973614,0.4293000245940619,0.4830393865164162,0.4281658138466263,0.4217968319184073,0.4255504052515437,0.42831903343709693,0.4248413830675948,0.42478635633584283,0.4251428560659341,0.4269358679900904,0.4307709396779662,0.42173687575353963,0.4245685452047522,0.41824518835437297,0.4272705367447508,0.47619904564552407,0.3740133529064488,0.4846311010873761,0.3557570730887839,0.5222385447332746,0.5562063054150375,0.4367520442218069,0.5232496276809574,0.5234185872395642,0.5226135910965987,0.5239070334290041,0.4299491157615596,0.4187923315406579,0.4213618737927002,0.3783144300697713,0.6264537387297371,0.37921489168672584,0.38491595209296237,0.37146560167251247,0.4398093029141215,0.3593291844367288,0.3412882289027538,0.35955433108366497,0.4415376839857426,0.5080554126368222,0.4420100063036989,0.4411673662886456,0.42752673448590817,0.47683261774519126,0.2336479360144196,0.43344095149806,0.0006198615513858799,0.13242881247175836,0.2508074514245957,0.3804877948374552,0.38044653179121257,0.41829569853848225,0.4258732629430696,0.4221698431126561,0.4253514686015833,0.4305677719386265,0.43171215843121447,0.43174936698866995,0.4264764687229421,0.4208062469484781,0.4076230128510096,0.38869783192859286,0.482108875704213,0.43229270460809,0.42519593364691555,0.4234384242967407,0.4345910175406326,0.41992913859744596,0.42491851115368406,0.42147342009920885,0.4255759378355031,0.4323229452317766,0.423209341110376,0.42694646794553526,0.4193856607410995,0.43119475651230366,0.4788903559868638,0.4840091679526921,0.3563298482353874,0.5228340708129735,0.523407754890916,0.5238741630752124,0.5222646796255006,0.5231455783889702,0.4286774358474005,0.41805390904044903,0.42008615030303453,0.3812904681265372,0.3816756143126637,0.3722390087173322,0.43974105421674153,0.3587271928912459,0.34070273375016624,0.3589478781108133,0.44284280847917623,0.5068062711292523
caltech101_object_classification,0.21360811671974284,0.21794918217815804,0.19580736212049943,0.2445777336599757,0.1863611578892232,0.14987932191471381,0.2533197850079908,0.2533533086100807,0.07108827284330252,0.22728173186295997,0.0,0.005770963467201589,0.08554143800137456,0.07200549190211619,0.27864630871249224,0.28557655059740705,0.17787448732514227,0.18069103238990633,0.23383460375210907,0.23118720934672707,0.21476819802347896,0.21727704073686716,0.21575913585198456,0.21456636970114018,0.21564655853464387,0.21617613052041879,0.21645796614776414,0.1549456415769944,0.21853650947446251,0.19316198252764163,0.22556284454806103,0.21699918522380068,0.27134268968463887,0.2677259978522664,0.266849931112008,0.27342792817334516,0.26878946393393865,0.2736747707624543,0.26528039401996667,0.2658725779919973,0.2755052419094868,0.27502793739009956,0.26728245266442247,0.2655475920784135,0.26424805300156123,0.276502520080246,0.3095528136069195,0.19444812820852891,0.31657811287090754,0.193944951680173,0.30682579538786225,0.36808468591174065,0.22341979434515624,0.30866651578227683,0.3081975697029131,0.3076998015828828,0.30939349523081694,0.22253196091447558,0.21631330861624992,0.21855891890148393,0.23889352326841545,0.40924840039538896,0.22514409860612106,0.21500306752736775,0.19940213837872178,0.2660001408793823,0.18413873052786894,0.1881341324430277,0.19497260716950543,0.21391160165515502,0.28696430349586,0.21177397179227164,0.21935663544033718,0.20048340177963647,0.24692507255187418,0.25303824304561834,0.2514924958970048,0.22452970043819848,0.087325994214796,0.27740214480377623,0.17741035855495058,0.1790490820390644,0.23410885283193425,0.2322813157162877,0.21361967225614034,0.21583099622439472,0.2201256706151734,0.21981530460267162,0.22010535055012362,0.21543135206445257,0.21140474474791796,0.22614704143366968,0.22596822500860653,0.27086809320444705,0.2718390746579775,0.2699727050752504,0.2716914094685957,0.2740156682621475,0.2701927285826079,0.26640683605133997,0.2627193664859012,0.27382261615930725,0.2768651479222655,0.26880053977691337,0.266506512780875,0.2643495782319675,0.28008434827754336,0.3117297931461429,0.31622144656790374,0.19354118593731456,0.3075590823767227,0.3084980841664587,0.3090387433025007,0.307595876068726,0.30868237486961336,0.22167586387928398,0.21692608112273626,0.21714533468016609,0.22650623752504773,0.21032289160784418,0.19970941411266552,0.26534437195627114,0.18402445967550451,0.18883009780912463,0.1930205159358435,0.21483160281767832,0.2864196400170764
caltech256_object_classification,0.2042765054080645,0.20505157087652867,0.1832547703091595,0.231319851648557,0.17728886274212394,0.14235786255397592,0.2568250294897798,0.23839292203605145,0.07133587332692969,0.21578316611626008,0.005770963467201589,0.0,0.08250642512813144,0.06738841760101855,0.27234071662658416,0.27887053405532286,0.1641983170314617,0.16791697956828727,0.2213713562635683,0.2156268496492877,0.1966679652537809,0.19907865302766747,0.19759072341435374,0.19646020409632092,0.1975008104528037,0.19800285227312558,0.19836122372914786,0.14749341232874616,0.20246363658231892,0.1852008304847756,0.22132298028009123,0.2130688126614189,0.2563516091731061,0.24821587157074448,0.2482002926361607,0.2554250526918446,0.24949002997865827,0.2558859945397077,0.2460269896523562,0.24672389570908487,0.25757278028447983,0.2564204325910451,0.24897657604455084,0.24624991506215027,0.24564378039522072,0.2588540840418413,0.2898967714704738,0.18588033485235061,0.29671705955743016,0.19008427087698634,0.28581727849103455,0.34798654385772815,0.2066145871132999,0.28743998586052816,0.28711271757128487,0.2866077833229936,0.2882332932218852,0.2086935275496978,0.20315535291211695,0.20548375858458232,0.22796260971663157,0.38522307531197497,0.203282965293842,0.19309237881208907,0.17695884853399957,0.24814998128682392,0.16152584185499708,0.16720510231573937,0.17369272129829832,0.20697639872213205,0.26757807388670984,0.20274686434459172,0.2021720005712402,0.1879121548769706,0.2332496454146698,0.25662100689211403,0.23662274923698196,0.2129609977431119,0.08396098267822273,0.2710765443909109,0.16406348333747242,0.16619606138683524,0.22147637500944178,0.2168400042782494,0.19540497373589805,0.19765352690341081,0.20165381182563505,0.2016881444120107,0.20185724735018779,0.197562214445834,0.19312882231117634,0.21004915646075012,0.2217809961557496,0.25576915627988606,0.25263604499931275,0.25123273309870575,0.2536104584837783,0.2544851538377215,0.25252149788097905,0.24721769657898351,0.24362554744552078,0.2557238348361963,0.258374184985435,0.2504982641422251,0.24712312468401876,0.24576451988396913,0.2623149118428691,0.2921268958049439,0.2963252541603314,0.18965758287033727,0.2866377001452095,0.2874557244889382,0.2878765353026868,0.2865327872335077,0.28750537540562643,0.2077490561867379,0.20376741433572418,0.20412894030514794,0.20469041580334246,0.18841461055531994,0.17717033297094897,0.24765137862785253,0.16130323479503209,0.16789041432966414,0.1718588588782896,0.20785687532782304,0.2671552659827007
cifar10_object_classification,0.2700625687495454,0.26845974304892123,0.25180728452125944,0.30074736082809056,0.24575237480260387,0.21545127042977896,0.25511849468728004,0.2869950395707235,0.13504151314303242,0.13476554418205725,0.08554143800137456,0.08250642512813144,0.0,0.010372795575444956,0.2545820891466112,0.2633510530715354,0.22756723023783637,0.2277914553205314,0.2693803137443982,0.2617536179954645,0.2549959200261871,0.2573034266648241,0.25594470076539677,0.25530601251426344,0.2559198746341765,0.2562816053733683,0.2566911953341683,0.21530560579165636,0.2617948371431954,0.22630031930968975,0.30120503463849563,0.2987116016361173,0.35282474032670663,0.2984039879019469,0.29494298455400747,0.30156737317094595,0.29793483507785756,0.30147604386362137,0.29524495763234626,0.2946844845764749,0.3041699378768229,0.30461298465860503,0.2970296493843769,0.2953898893762321,0.29323024931807107,0.30592270842357167,0.3580955235838803,0.25023381831902475,0.36401734989965295,0.28397786910499057,0.3889906632779464,0.4095887090770449,0.2784915128819487,0.390490533061711,0.38989272107788975,0.38976785361544725,0.3911059677898869,0.27692251818762326,0.2730512171424675,0.27556990050443786,0.27327325143085235,0.49536834720912415,0.2843857339325272,0.26236445881663834,0.263772421727545,0.3120701653461404,0.25009717607989235,0.24520932283767105,0.25313649654876025,0.28394882544189115,0.3590397953378175,0.2687763282748855,0.26911704931646646,0.25532642033990766,0.3023363112367971,0.25594163605463904,0.2851250232383701,0.13191754869718844,0.0006297933895741443,0.25397324335946897,0.2267970417539902,0.2260468599877638,0.26973785747724094,0.26325690439786187,0.2534709719646798,0.2560212062917013,0.2596267692691324,0.2593300866106709,0.2602400020203437,0.2561710378260569,0.2519760198562603,0.2681976656213422,0.30052597783632673,0.35248982729861833,0.30190091345195064,0.29748907704296257,0.30018305184018435,0.3023590971904104,0.2985881937939068,0.2961097684778995,0.2923474565399868,0.30229574034313345,0.30618011546710566,0.29886159854521743,0.29583366688054935,0.2925326180875687,0.3093381166297636,0.3597354116560845,0.3638186930485322,0.2824841993820492,0.3900040772654878,0.3901767678511906,0.3910498074953826,0.38969721672014557,0.3906633489820065,0.2754980227338576,0.2731166867111948,0.2747655154180931,0.2858598995241928,0.25818696593966206,0.2637957783146345,0.3116793763253787,0.2500165511403074,0.2458543199789558,0.2520277665462539,0.28473013635830335,0.3578513574132022
cifar100_object_classification,0.2525518656369935,0.2577194881732315,0.23992074842762015,0.29279352709604634,0.21777552907691938,0.17730332636379514,0.21873626240689192,0.27438463377690103,0.13048080555251473,0.1104244324121092,0.07200549190211619,0.06738841760101855,0.010372795575444956,0.0,0.23241029283943704,0.23871546141805222,0.20845202353481396,0.20916317562040912,0.2549939005295914,0.24969531033837603,0.24216313436745823,0.2445728399100431,0.24324902990611433,0.24240837295494685,0.24321968940350625,0.24353551961878184,0.24402862227979338,0.1858676276091787,0.24620522428958208,0.20474609339473004,0.25764062734853743,0.26700387134878456,0.3270482404394268,0.28173735198054595,0.27922384106063763,0.28623531517480316,0.2817139637034276,0.2862391469712747,0.278855165603092,0.2785444829495387,0.2884202844753934,0.28884541358647914,0.2810618594103265,0.2787760059349788,0.2759049663011238,0.2904676109979743,0.3372615965513527,0.22213997376131545,0.3433283934898731,0.24545300484216545,0.35790229976319854,0.39785544679828067,0.25915922157463844,0.3594160128055499,0.3589904449903156,0.3589084562137431,0.3602208666789648,0.25919399272313143,0.25362057894350387,0.25606646133171307,0.25390258952184275,0.47075680383640195,0.26632546514834693,0.24741946853215346,0.24953408478918662,0.2979469509856425,0.2348638753708011,0.22870902177217722,0.23899597590181582,0.26356988738394815,0.3332201268171732,0.2511743597971663,0.2577105174135423,0.24371871747853546,0.29453910365330016,0.21967646888018183,0.2724289044008783,0.1077400749790952,0.010874972062456236,0.2315894555821178,0.20785225494813475,0.20726715168615759,0.25528374217107364,0.25123638841034596,0.24042818865070045,0.2431163659013913,0.24703407372765485,0.24716198101781334,0.24799141155498278,0.24318281904617278,0.2388257051497813,0.25343820656238303,0.25715877323294967,0.32638632169919746,0.285412360635935,0.28212218615790247,0.2846343032150995,0.286415948272262,0.28285457276845405,0.27971408061512515,0.2759395033797712,0.28665319318855625,0.2906877680062787,0.28274885171501307,0.27955519449252547,0.2759659630542707,0.2939973676023357,0.33919370857920594,0.342875362288683,0.24417581434350494,0.3589848614660858,0.3592050319234444,0.3600508825097162,0.35875885359454074,0.35951442694464947,0.25790049527502806,0.25349979373021847,0.25531543237629806,0.2677338188943931,0.2432948066274946,0.24989189246478316,0.2973761383996849,0.23474366829003013,0.22926584412963522,0.23763887924704086,0.26440039562581974,0.332232158362608
