,lapgyn4_anatomical_structures,lapgyn4_surgical_actions,lapgyn4_instrument_count,lapgyn4_anatomical_actions,sklin2_skin_lesions,identify_nbi_infframes,laryngeal_tissues,nerthus_bowel_cleansing_quality,stanford_dogs_image_categorization,svhn,caltech101_object_classification,caltech256_object_classification,cifar10_object_classification,cifar100_object_classification,mnist_digit_classification,emnist_digit_classification,hyperkvasir_anatomical-landmarks,hyperkvasir_pathological-findings,hyperkvasir_quality-of-mucosal-views,hyperkvasir_therapeutic-interventions,cholec80_grasper_presence,cholec80_bipolar_presence,cholec80_hook_presence,cholec80_scissors_presence,cholec80_clipper_presence,cholec80_irrigator_presence,cholec80_specimenbag_presence,derm7pt_skin_lesions,idle_action_recognition,barretts_esophagus_diagnosis,brain_tumor_classification,mednode_melanoma_classification,brain_tumor_type_classification,chexpert_enlarged_cardiomediastinum,chexpert_cardiomegaly,chexpert_lung_opacity,chexpert_lung_lesion,chexpert_edema,chexpert_consolidation,chexpert_pneumonia,chexpert_atelectasis,chexpert_pneumothorax,chexpert_pleural_effusion,chexpert_pleural_other,chexpert_fracture,chexpert_support_devices,pneumonia_classification,ph2-melanocytic-lesions-classification,covid_xray_classification,isic20_melanoma_classification,deep_drid_dr_level,shenzen_chest_xray_tuberculosis,crawled_covid_ct_classification,deep_drid_quality,deep_drid_clarity,deep_drid_field,deep_drid_artifact,kvasir_capsule_anatomy,kvasir_capsule_content,kvasir_capsule_pathologies,breast_cancer_classification_v2,eye_condition_classification,mura_xr_wrist,mura_xr_shoulder,mura_xr_humerus,mura_xr_hand,mura_xr_forearm,mura_xr_finger,mura_xr_elbow,bean_plant_disease_classification,aptos19_blindness_detection,lapgyn4_anatomical_structures --shrink_train 800,lapgyn4_surgical_actions --shrink_train 800,lapgyn4_instrument_count --shrink_train 800,lapgyn4_anatomical_actions --shrink_train 800,laryngeal_tissues --shrink_train 800,nerthus_bowel_cleansing_quality --shrink_train 800,svhn --shrink_train 800,cifar10_object_classification --shrink_train 800,mnist_digit_classification --shrink_train 800,hyperkvasir_anatomical-landmarks --shrink_train 800,hyperkvasir_pathological-findings --shrink_train 800,hyperkvasir_quality-of-mucosal-views --shrink_train 800,hyperkvasir_therapeutic-interventions --shrink_train 800,cholec80_grasper_presence --shrink_train 800,cholec80_bipolar_presence --shrink_train 800,cholec80_hook_presence --shrink_train 800,cholec80_scissors_presence --shrink_train 800,cholec80_clipper_presence --shrink_train 800,cholec80_irrigator_presence --shrink_train 800,cholec80_specimenbag_presence --shrink_train 800,idle_action_recognition --shrink_train 800,brain_tumor_classification --shrink_train 800,brain_tumor_type_classification --shrink_train 800,chexpert_enlarged_cardiomediastinum --shrink_train 800,chexpert_cardiomegaly --shrink_train 800,chexpert_lung_opacity --shrink_train 800,chexpert_lung_lesion --shrink_train 800,chexpert_edema --shrink_train 800,chexpert_consolidation --shrink_train 800,chexpert_pneumonia --shrink_train 800,chexpert_atelectasis --shrink_train 800,chexpert_pneumothorax --shrink_train 800,chexpert_pleural_effusion --shrink_train 800,chexpert_pleural_other --shrink_train 800,chexpert_fracture --shrink_train 800,chexpert_support_devices --shrink_train 800,pneumonia_classification --shrink_train 800,covid_xray_classification --shrink_train 800,isic20_melanoma_classification --shrink_train 800,deep_drid_dr_level --shrink_train 800,deep_drid_quality --shrink_train 800,deep_drid_clarity --shrink_train 800,deep_drid_field --shrink_train 800,deep_drid_artifact --shrink_train 800,kvasir_capsule_anatomy --shrink_train 800,kvasir_capsule_content --shrink_train 800,kvasir_capsule_pathologies --shrink_train 800,mura_xr_wrist --shrink_train 800,mura_xr_shoulder --shrink_train 800,mura_xr_humerus --shrink_train 800,mura_xr_hand --shrink_train 800,mura_xr_forearm --shrink_train 800,mura_xr_finger --shrink_train 800,mura_xr_elbow --shrink_train 800,bean_plant_disease_classification --shrink_train 800,aptos19_blindness_detection --shrink_train 800
lapgyn4_anatomical_structures,0.0,0.09254262122445665,0.10037398288730275,0.14260540333596272,0.30863517759651016,0.3392782958716156,0.5889978339560249,0.26794468683613504,0.4076760033166891,0.5404044040968463,0.31921459697381716,0.30723894476772173,0.35256688034900147,0.3357000227290773,0.6060961592123036,0.6234334338579772,0.1740264104673589,0.1690016684227582,0.2287765935476367,0.19793073243770984,0.1389078798375436,0.14027149332584055,0.1394356593367117,0.1389234899005772,0.13865024955558386,0.13872206778309404,0.13850476915995888,0.31386690359130515,0.28713826948011334,0.3151714507245413,0.46601819235013475,0.4006598678100756,0.4751059761798522,0.32012584266865274,0.32196336655356983,0.33426704194068113,0.31720379662299053,0.33657356020734597,0.31608208290993955,0.31543492430510395,0.3390489690716843,0.3330540857730331,0.32660015172000745,0.3121857686264431,0.32083452765927967,0.34339002022278364,0.3987105058717235,0.33908542778319156,0.4005548068680209,0.38663023159439486,0.5185893677646151,0.4264006906905502,0.35980621483932546,0.5206621258676177,0.5201747030558291,0.5210820391996398,0.5210880335911967,0.36172135436022473,0.3555115313835106,0.35509036372697966,0.45482203668246246,0.6638619084697353,0.4047691112009112,0.32388231750010865,0.37729113404050896,0.37307112664739217,0.36847329373137283,0.3593400668572172,0.37729769937659685,0.38552155882214745,0.45166826523974835,,0.10496717535418362,0.0998298477717774,0.1441072418848794,0.5909680039092153,0.26721863233276766,0.5366255594767944,0.35485770089082747,0.6054295472337501,0.17313186735526714,0.16841444126266522,0.23047785827375733,0.19696154311712782,0.13984820408434936,0.13956721072868808,0.14016765463489245,0.14253889608976758,0.14169935684543272,0.13706442333435237,0.1425065040454631,0.2903659241809836,0.46584608325404675,0.47307749401515486,0.32378564474059635,0.32336247604283996,0.3336028098956576,0.31984228840526446,0.3354215198395559,0.31720081960009694,0.3127244738854716,0.3361660414011438,0.3369156297138318,0.3287254100742113,0.3117230355661217,0.32103002013076004,0.3449334578610685,0.3994531250779835,0.40086414103446,0.3823108036873284,0.5201392879833567,0.5195325889978086,0.5221237287144357,0.521003484934851,0.5200754893906653,0.3598338581211665,0.357844564174852,0.35462157809734846,0.40562446836269095,0.3222220870320484,0.37772351441209984,0.37224707542508273,0.3684688614809287,0.36141441744376335,0.3763352765286705,0.3859700702007321,0.4489682411896774
lapgyn4_surgical_actions,0.09254262122445665,0.0,0.06825491797148878,0.07850503642860912,0.3376580910658953,0.36739615675702064,0.616629475474805,0.26674885755902134,0.4238872457255224,0.5413165877071385,0.32234568277333536,0.3070460460100248,0.35081170022707636,0.34077871728356185,0.5896365042597141,0.6135354276869104,0.19919863033740232,0.19381204129845506,0.23231656462420905,0.19373221049308983,0.11566505142322825,0.11676070307695408,0.11583448063127082,0.11610182124727325,0.11528431963273053,0.11579413887293938,0.11528002562294623,0.3360521030778256,0.2606996597451507,0.3408319694955201,0.4951504798416403,0.44657863627556416,0.47384310519993045,0.31468257062435445,0.3157120033024612,0.32629237555286944,0.3123446060042737,0.3286389003529173,0.3105576427073689,0.31038740769917894,0.33175223786866564,0.32511015382924857,0.31947004416520186,0.3071468289998896,0.31643458033573246,0.33399250704983396,0.3927779921599671,0.3641069258503753,0.3928796323219084,0.42920221434513917,0.5380519818003889,0.40586579138074186,0.34719282476188673,0.5400044448014991,0.539399433758212,0.5398372362854194,0.539905727844344,0.3505888475454968,0.35192183075377437,0.35249053385645224,0.45939805672620637,0.6717627744282153,0.37217325317600547,0.3073334502951385,0.36290251067656343,0.3450415438509079,0.3405129694567536,0.33440171061409474,0.3520982279983397,0.3892284146150832,0.4635706926912294,0.09370878502664348,,0.06681428554551216,0.0791387112409042,0.6183462183662158,0.26619404163999083,0.5376196184495206,0.3533877942212601,0.5888603049302865,0.1989467302638643,0.1926452344794251,0.23345974018598936,0.19303245311294825,0.11733341187423643,0.11640995117405259,0.11627671295775142,0.11886725897537898,0.11616446798441017,0.11433030430432578,0.1193975727161333,0.26195036043240605,0.4950712792740526,0.47218343064540197,0.3177049789038271,0.31633635390731507,0.3251730363062103,0.3138325798613706,0.3282325682824009,0.31190461507140343,0.3087798699650875,0.32879010400407593,0.3281044817746591,0.32162019311486617,0.3063546781808353,0.31557258557943013,0.3352313526236977,0.39257662341135313,0.3937673731350819,0.42495221090569163,0.5392566225552686,0.5387321663883466,0.5411634893678854,0.5400895436141981,0.5396043034314295,0.3487475731012871,0.35394767397022414,0.35207193276932763,0.37294648781787365,0.3052878899684857,0.3619612595487802,0.34463992400513943,0.34133558140986353,0.3370858733345946,0.35159373703672536,0.3896285878406413,0.46101223442159067
lapgyn4_instrument_count,0.10037398288730275,0.06825491797148878,0.0,0.0740772885590624,0.3126829628984825,0.3477125763594019,0.5916300906460188,0.26713946713232556,0.39594011366172144,0.5212814055712225,0.29642508039450666,0.2815600358865593,0.3320600521986884,0.3207005630856006,0.5691440348805697,0.5885118410325848,0.18984981079684093,0.18483144892099038,0.23792606624576387,0.2087771015900709,0.10442928310676258,0.10601018737732269,0.10461860881957157,0.10457320515846652,0.10427934139963146,0.10453947338743631,0.10413033066150695,0.31703116660390707,0.2703312251703447,0.340455415972153,0.4694030425831264,0.41282356023721367,0.460100330923446,0.3211809850907068,0.32440064920998524,0.33627627233279433,0.31855394175195056,0.3388301378470904,0.31741491265431987,0.3173740612944574,0.34155463710600453,0.33454981465625366,0.32810066103245417,0.3132011345938188,0.3238936546798093,0.3447221354434346,0.393498297874585,0.34624536965542474,0.39522978284419474,0.4081187186067763,0.5109894335276812,0.4167020704034305,0.34814323727928204,0.5128976323107179,0.5125305520841653,0.5128756630016733,0.5128674832962614,0.3389140228806393,0.34376075271887363,0.3447687951669832,0.454349288404707,0.6491597926497428,0.36292675644089845,0.3018423684005101,0.34521070406124443,0.3472908141306025,0.3276814277844212,0.3250328211449247,0.3401614692195213,0.3792592302439965,0.44084220050082057,0.10103052281301667,0.07219923714895997,,0.0766259931346612,0.5931765167578731,0.26629981524508484,0.517496464604957,0.33443731435023716,0.5682523782574007,0.1896437824190475,0.18320324233623375,0.23899046746273966,0.2083121217368987,0.10615539252339812,0.10525679302442578,0.10603401144954916,0.10759032324312882,0.1051072758058316,0.10290484913930267,0.10716923598560471,0.27303638163496596,0.4693167858053309,0.4584913350447889,0.32545847638983166,0.32545063571046307,0.3346972719726271,0.3213030321098283,0.33757623342954035,0.3187323556282691,0.31517996900058565,0.3386157650999838,0.338256690164741,0.33038812339674484,0.31231473516194375,0.3235273703410611,0.34612082135761035,0.3942426549294018,0.3964360574343684,0.4041798207451879,0.512282685742258,0.51176343361424,0.5143273298332206,0.5132261736032872,0.5123885056221218,0.3378016843125754,0.34579179477805677,0.34440517108519875,0.3636340587712876,0.2997725471444295,0.3444447463461109,0.3468706536688252,0.32804432103633174,0.3269583476784137,0.33955849441802666,0.37961302091771415,0.4384663301377695
lapgyn4_anatomical_actions,0.14260540333596272,0.07850503642860912,0.0740772885590624,0.0,0.38466837523520897,0.4153179267601196,0.6546427775805324,0.32130039287248147,0.44936701743252244,0.5722621942047839,0.348838377638167,0.33316053593795325,0.38374872988849507,0.3768800423281168,0.6150415966419731,0.6362705341106505,0.25931430402671274,0.2519720654073375,0.2889086416451692,0.2554304169804323,0.14686949876284397,0.14820030726762284,0.14663668142779027,0.14703787290161868,0.14643789089794437,0.14714946719035135,0.14627722251950837,0.3865375132712596,0.3016722437339675,0.4052419707359225,0.5451757083724146,0.4898492524662623,0.5134567016671736,0.3644116034496043,0.36674404737952615,0.3766235235221609,0.3629818696509154,0.3786009391597333,0.36081023554023584,0.36184641865627476,0.382096861039719,0.3744295226651807,0.36960912272170277,0.3578090053384411,0.3662738493994969,0.38316693479386355,0.4375886151647631,0.41404763608442363,0.43767302054889334,0.4839769575486602,0.5786398328150831,0.44427603848865915,0.3973251232610469,0.5805898744611528,0.579983310922356,0.5802324659513617,0.5803984964751163,0.3946854039797402,0.4026611554271532,0.40418317433922046,0.511801309878737,0.7045937541573501,0.4026453186503508,0.35004315683897663,0.3961221320419597,0.38113242624874477,0.3702890645893422,0.3631503502738979,0.38638597034669236,0.4246236942157918,0.502974238645747,0.14369812259370718,0.08514382023777586,0.07346099021629482,,0.6561533887777077,0.32035696362750044,0.5688656961252307,0.38648052631719115,0.6136389167151761,0.25934519143541357,0.2504669998629786,0.2897269493756255,0.2552931963560175,0.14928748903162353,0.1476768785691881,0.148014411805196,0.1499449060304927,0.14537802221156626,0.14526689058080108,0.15026715663866466,0.3029068597077573,0.5451571633691666,0.5123028501622425,0.3677291981775991,0.36709829986921594,0.3748790929326501,0.36462139818791367,0.3781972406973858,0.362157448700699,0.3600507906576169,0.37927512070098923,0.3772132754151156,0.3720091552872554,0.35730284070917373,0.3653120213566359,0.38411306559146857,0.43766369869599964,0.438911408399987,0.4801280639636778,0.5796605312365217,0.5793195814969994,0.5818559479980955,0.5803658480297269,0.5801176616806518,0.3932568781491744,0.4046010712306122,0.40364726711446025,0.40347308258833003,0.3475582082464792,0.3948742793899783,0.3810093389810293,0.3712070477642539,0.36544014229068117,0.3862970517831603,0.4249829340215368,0.5005807408637257
sklin2_skin_lesions,0.30863517759651016,0.3376580910658953,0.3126829628984825,0.38466837523520897,0.0,0.3303209506872859,0.5004970201374065,0.3490932665633856,0.37232127205087395,0.4801521736035975,0.2891186082827839,0.27751755826880486,0.3293967903043241,0.30036822441928057,0.5490241313410231,0.5537056939718203,0.2245805225876968,0.24067037438475442,0.33598506285207286,0.33261465541335755,0.30147896518123274,0.30385648409707566,0.30358301978355384,0.30137825731457235,0.3023245858713999,0.30262838497723354,0.30297433479830976,0.1417698836050538,0.3547971773540062,0.2683419206841279,0.40809346220061804,0.2359232070763716,0.4424785181770695,0.3747145826836808,0.3811684265324623,0.3936884948929672,0.37193165475726786,0.39659800585585014,0.3711824674811869,0.369145612743878,0.39915727523081856,0.3943107167157507,0.3830644926073804,0.3611192659445127,0.38200729106863207,0.4023540579342437,0.4568659247383717,0.13733239930652702,0.46269219215053115,0.1947515786768334,0.393686524318157,0.5083235901481238,0.37602237351406115,0.3958472603995258,0.395836618059318,0.39629522906624154,0.3970964779885462,0.30195720962945743,0.28684456385461204,0.288938644508632,0.40017979191792413,0.5617339593237963,0.43556558542352897,0.3609385479182869,0.39253535220084,0.4435907886607318,0.40111351262440625,0.4002430862737476,0.3894748365888595,0.3568413629755376,0.3402154577086294,0.3066217165968159,0.33516637734585075,0.3188530289160878,0.3875226878211718,0.5020769193850982,0.3469164687993003,0.4762584119509945,0.33040835698666593,0.5479473728880289,0.22528921817933475,0.23742739573671556,0.33661852247807533,0.33405266783367976,0.2998929019372718,0.3029997053823755,0.3062407670426138,0.3062292405195529,0.30960908531482284,0.3011114144884658,0.29894798884226015,0.36318211622345903,0.4082382839254881,0.4401036162504069,0.38121858443119067,0.38538889536385257,0.39150973518638865,0.3754192121618471,0.39213094897551404,0.37176379719177144,0.3648728506012568,0.3960014932950803,0.3982943230573608,0.3852537643958367,0.3605651627041323,0.3843776388725002,0.40531360636162794,0.45895017350902667,0.4626412505429791,0.19351620679418222,0.3952869593318535,0.3947986203968815,0.39769356239271847,0.39577228231986683,0.3958393694654643,0.29957109404142174,0.28734240865262833,0.28859671898582506,0.4374526251019504,0.3583615345032828,0.3941840651422416,0.4422125233549955,0.4005254422195591,0.4012280033248793,0.3874788478233837,0.356896302446871,0.3379805085666706
identify_nbi_infframes,0.3392782958716156,0.36739615675702064,0.3477125763594019,0.4153179267601196,0.3303209506872859,0.0,0.31411651717388767,0.44228281243789946,0.29866634951605886,0.3530051568067115,0.24706461672220006,0.237224362420208,0.31274461400843406,0.27099414474092554,0.49550401676162,0.4956438351983248,0.3121070360729369,0.3224613707101892,0.4097359692028088,0.39043203099341517,0.35587637348476164,0.3599329249075477,0.3571122663317874,0.35551202329312204,0.3574292084602892,0.3569313427892702,0.3593250885443345,0.2753713693948859,0.3727136392871336,0.28673428733093165,0.370381019489481,0.3445166300961143,0.48716196077830587,0.4225338080105849,0.4147557875526152,0.42191486254848587,0.4223446788543771,0.42168525736647255,0.41797984255141973,0.4175212400347834,0.42437599405941784,0.4289834220006603,0.4172041565807201,0.41688632239522644,0.4156758747951781,0.42599681395027966,0.48518620994822403,0.2953769599968086,0.49515685530346476,0.28322427923033844,0.5161881104235271,0.5748464166863179,0.4452371955859379,0.5176371521127238,0.5177203305911275,0.5177366312004216,0.5191759788066668,0.46782518942788465,0.46027966795328523,0.46175847331686193,0.34459459630955863,0.6634982014968727,0.4557181360436426,0.41183424289823545,0.41145646920092266,0.4964420986837131,0.41199493493282413,0.4184225679411289,0.4252307827791368,0.41018777245885574,0.48665322662288246,0.3377989988707315,0.3582631276105055,0.35261017274866285,0.41909595322986515,0.31356037500603895,0.4393844105573309,0.3542638185512522,0.31425375255046356,0.49396371146864443,0.3105396933869917,0.3173706927802539,0.41137347732517837,0.390843991288214,0.35363452111610516,0.3541411863187792,0.3608407769618782,0.3629500715424453,0.36472318326675923,0.3570473723211023,0.3532692608640225,0.38291943543028034,0.37258563580981024,0.4851856393956474,0.42647384234758556,0.4191219634360347,0.42138489048067784,0.42999722734381496,0.41610859941045975,0.4162674323242229,0.41275633723562877,0.42125991296029097,0.43194261744823603,0.41858670052192354,0.4181270924743612,0.4171839896904175,0.4302174093844823,0.48905127981007046,0.49497786719155934,0.2831396790182322,0.516882639419153,0.5176176133680107,0.5187460909022995,0.517675427187825,0.5182626436388991,0.46764882949584874,0.4608060080032978,0.45934599074443605,0.4577270506440524,0.4087745019366281,0.4135140945465797,0.49555545990951,0.4116271853840704,0.4181584014363914,0.4226610089774553,0.410856742516253,0.48456170027054113
laryngeal_tissues,0.5889978339560249,0.616629475474805,0.5916300906460188,0.6546427775805324,0.5004970201374065,0.31411651717388767,0.0,0.6622946873738974,0.40107538210911176,0.3415766948227705,0.36137623992826184,0.361876255323599,0.3625292200678135,0.3221508625670859,0.5647005467438655,0.5555400494861436,0.5621913040101554,0.5677431524658086,0.6395603679039017,0.6463017523166407,0.6225451631400387,0.6268647467022785,0.6237799672926816,0.6218192415569106,0.6237698823861186,0.6238933824032369,0.625486869304483,0.42443388455774544,0.5943258605466819,0.5028074277189423,0.5427505640660385,0.4913048551148875,0.6776533274880705,0.6641730951713041,0.6609161752211914,0.6635478500045621,0.666432307386164,0.6631517913841078,0.6614687801087378,0.663096763463858,0.6658779051653194,0.6698946310871445,0.6595596881327409,0.6625637861934888,0.6575446145267217,0.6641379832287096,0.6961604958147021,0.47916564885814267,0.7071593763039565,0.386308271230829,0.6792937176592624,0.7927342718160055,0.6729711949962112,0.681046487537744,0.6808889182081659,0.6804056231158413,0.6822590582741968,0.6353080612756945,0.6256739746588251,0.6291784617072669,0.505377727426501,0.8036502247485845,0.6341208053439423,0.6247747727988076,0.6151658440500812,0.6929314047611951,0.610317376640453,0.6105960247063196,0.6172762685843938,0.5944927286196331,0.6758087395685293,0.5874995915773416,0.6262467740760735,0.5977196952428792,0.657628186606219,,0.6594254460506039,0.3451384165708543,0.3631264434916993,0.5621209890401055,0.5619271663471226,0.5644895982621752,0.6405647785844442,0.6470617960245407,0.6196957260200222,0.6217259658626497,0.6281930074596316,0.6297151408287747,0.6309049528855191,0.6222950366758809,0.6190575259593363,0.6071865864435956,0.5438061561689245,0.6763892851870255,0.6692957620928278,0.6654753076856545,0.6622285345851427,0.6738538425436837,0.6582327244808578,0.6606295704187364,0.6582073690805781,0.6635993200772188,0.6716807503465992,0.6601607492441799,0.6640999913206409,0.6584568374503506,0.6696424466341345,0.6997280078782661,0.7065266199943876,0.3887237282083277,0.6807784687536178,0.6812728383317919,0.6814797771758272,0.6801005747809736,0.6816732896883009,0.6347300974132575,0.6262506566551611,0.6269902821625639,0.6362868986314081,0.6215230230151452,0.6168311304255175,0.6929381457180013,0.6096159094227147,0.6109703138865863,0.6164253675683944,0.595866451218022,0.6745608277023613
nerthus_bowel_cleansing_quality,0.26794468683613504,0.26674885755902134,0.26713946713232556,0.32130039287248147,0.3490932665633856,0.44228281243789946,0.6622946873738974,0.0,0.4909338832969964,0.540560990332248,0.36926614211626363,0.35255202048759593,0.37897977964003365,0.367280003487013,0.6101757943308531,0.6253028357544004,0.17125324458283647,0.14798445214649716,0.08962992285581417,0.14054249706725755,0.21088223822611368,0.2111500821895041,0.21099878947799477,0.21134919231373972,0.21117544142758699,0.2109619864695732,0.21145014762833697,0.3561048368283941,0.2296377480258893,0.39166594559125933,0.517935176454793,0.49322801365683433,0.4396860130796705,0.33208421716382774,0.32784870800978205,0.33974617299299814,0.32758347545975053,0.3407504338360209,0.32610195946590853,0.32350186918878,0.34437811559026166,0.3422285758085294,0.33253521464171454,0.32203629552535007,0.33715061864918977,0.34835539386598113,0.4329825771250887,0.381119110506422,0.43243812609374754,0.45732598759916937,0.48954231890719746,0.4451422851254485,0.31277695649770704,0.49118595989616254,0.4907590340739339,0.49148784260686884,0.4907342699217952,0.2538726478418657,0.24723711008940147,0.24521870638686005,0.49848089524096906,0.6189297971110527,0.39197579059665,0.29048652329604974,0.3446559517335545,0.3646156425254883,0.35873028781302907,0.33617359751036346,0.3433163335192651,0.4684780450381879,0.4139847871876715,0.2678058725240419,0.2773025667803404,0.26809032602705607,0.3206602058233088,0.6642841777288464,,0.5349068392677093,0.37949812923198584,0.6104014504381547,0.17160711796795586,0.15178893401692728,0.08979833145718052,0.14032787709948896,0.21007763860006165,0.21311054513772287,0.21302425021352467,0.212722646278881,0.21422621028157343,0.21156518349752296,0.2107304813902946,0.23017769844306174,0.5185059790340775,0.4377934788110256,0.3367231149759894,0.3293798752757809,0.33796697452025537,0.329612492066073,0.3394758047665011,0.327032525639245,0.3219906105055932,0.3416153061415042,0.34603697299069414,0.3348687423860765,0.3207285717030779,0.33699834580337684,0.34997752937354876,0.43196810556392523,0.43355614864837333,0.4540313004821915,0.4911602630755725,0.48977058986053945,0.4917563768495773,0.4914396954347733,0.489841172024527,0.25251379059850854,0.24967596918414858,0.2443787580173718,0.3938170941804659,0.28801757398575256,0.34452303399338297,0.3639480312891691,0.3583949628839077,0.3383182105677268,0.3427794590105674,0.46895893838931707,0.4109939935730585
stanford_dogs_image_categorization,0.4076760033166891,0.4238872457255224,0.39594011366172144,0.44936701743252244,0.37232127205087395,0.29866634951605886,0.40107538210911176,0.4909338832969964,0.0,0.40031136099337145,0.1458213536015503,0.14377139428565167,0.23282577630870954,0.22638340458615985,0.4843057714478538,0.48713960612116525,0.39100625179684967,0.40464933366292805,0.46766373621070556,0.46601007463660427,0.43466791928070114,0.4382645891604363,0.4359415781838741,0.43402895406775516,0.4353746801250702,0.4357176052437808,0.43701075677706264,0.32098258744689834,0.4471894932826326,0.35509626988309284,0.4025774053811498,0.3432797279246199,0.47196892232287346,0.4870095574381686,0.4828330017016349,0.4868319125511998,0.4883783613959752,0.4869622226311555,0.4843202625749249,0.4839437941331979,0.4894252416079411,0.49213725787816276,0.4835536853437147,0.4859607763459678,0.48013272698304,0.4897088483134755,0.5250996258758869,0.36348510811925216,0.533991702673591,0.3536848719555351,0.5035731628222673,0.5934928847364909,0.4480277683696357,0.5048925652685101,0.5053186231486249,0.5048414368397285,0.506498959836286,0.4691832770593013,0.45776344849685047,0.46039996552830864,0.4153866405522637,0.6122647324577734,0.4365396164620363,0.4362400778235856,0.40957586614513375,0.4985815082163566,0.3915839931654209,0.4065351599139028,0.41100201532126684,0.38611656262263333,0.4884411543181505,0.40525496774757686,0.4195565276081893,0.40113219242571363,0.4531487851791032,0.40095319652859235,0.48861158589394404,0.3987417791001522,0.23573048331537141,0.4827711997449573,0.3903354516401495,0.40155864756706117,0.4683818702996338,0.46686132100733213,0.43406222814004425,0.4351044083973141,0.44042842233181,0.44038184867950836,0.441643487446987,0.4354686718140948,0.43145433247532616,0.45666964208313515,0.4035767794348439,0.4718356560189166,0.49154775669435036,0.4866122919952516,0.4868698295344678,0.49466118791081587,0.4831419669240147,0.48501362162058675,0.48020502659926334,0.48761186566464587,0.4940650511257244,0.4843384535408051,0.4864955665423152,0.4796016766445679,0.4940909803840634,0.5282893833722807,0.533793116950782,0.35525984419846146,0.504061342397522,0.5050084199220091,0.5059602327841684,0.5042383938755688,0.5053519384674309,0.46921124140984,0.45888084830499076,0.4580647701217002,0.43887995850459594,0.43177313912541987,0.41057196483347,0.49842861856949683,0.39107631428163153,0.40711164782193704,0.4096056277561514,0.38616184848303625,0.48727092995650256
svhn,0.5404044040968463,0.5413165877071385,0.5212814055712225,0.5722621942047839,0.4801521736035975,0.3530051568067115,0.3415766948227705,0.540560990332248,0.40031136099337145,0.0,0.329554362189611,0.31585684316391915,0.21826180523195154,0.19190714007069226,0.3707137924095059,0.3658283350734104,0.48869289198331967,0.4885770758774207,0.5240369449925577,0.5279652922949576,0.5246107298553802,0.5283029273260209,0.5255849603472322,0.5245817529014535,0.5261091897943231,0.525951052195692,0.52781660406258,0.438379364908738,0.4969109610587746,0.45909118818163014,0.4974762122098614,0.5387693107546266,0.589221228984278,0.5339720095108065,0.5264124405372933,0.5302189575222238,0.5338600689426303,0.529563686623086,0.5302624408911839,0.5300602770340778,0.5323416651549757,0.5366835998915268,0.526724882550744,0.5299311749986643,0.5248666395544419,0.532628993525673,0.5879886616658907,0.474742343992561,0.5958619465692195,0.4577826935548054,0.6335481434551069,0.6625227528487561,0.538132385352938,0.6349286171614089,0.6350468659397432,0.6343107336448599,0.6355342552828782,0.5380889609629989,0.5264832084013567,0.5296020774979693,0.4885005534725391,0.7532821496215857,0.48269776323076014,0.4851499465795446,0.4743484223151663,0.5420287824980539,0.4621051956910034,0.4410478233422874,0.46331046092262446,0.5451307481553874,0.6115648280633699,0.5402999823422789,0.539584933866341,0.5255342292103498,0.5733529947345235,0.34279087079034154,0.537574533696918,,0.21623165545896983,0.37038875708831753,0.488831176577368,0.4858497197696837,0.5237848452021969,0.5300070910555885,0.5219478697840092,0.5242800635600573,0.5300207477803867,0.5321754351539603,0.5322712684812503,0.5264419651364505,0.521092025221497,0.5067116819360752,0.4984869833676002,0.5882505738438164,0.5386405318040037,0.5300328890893062,0.5286732784097244,0.5406490054516669,0.5247615864497049,0.5301513157242888,0.5266538602522433,0.530904356459428,0.5383606137430526,0.52846121750084,0.5318779349995926,0.5257353391934405,0.5365357384297781,0.5905988070609176,0.5956298773129263,0.4592810121354547,0.6345918609141193,0.6346030357831405,0.6354202749043067,0.6341225806258914,0.6344997689932332,0.5370845114520603,0.5262164291145907,0.5279826882511551,0.4851420661883833,0.48205259410982404,0.4753455414179524,0.5421235032556431,0.4615398397803011,0.44110298447891283,0.4625970198335108,0.5461410273793923,0.6099759543576617
caltech101_object_classification,0.31921459697381716,0.32234568277333536,0.29642508039450666,0.348838377638167,0.2891186082827839,0.24706461672220006,0.36137623992826184,0.36926614211626363,0.1458213536015503,0.329554362189611,0.0,0.061831967150167866,0.16140137381586456,0.14430754123798065,0.38537730159677086,0.3902662651198643,0.28865231126022217,0.29231070060983844,0.3522551024574525,0.34500549148455484,0.3207646736858976,0.32382792771227087,0.3216152972911752,0.3199630907495405,0.32123148224049736,0.3219032764595545,0.32274171181557954,0.24539163135963804,0.3191159738097892,0.2917040456680452,0.3200052374568948,0.3092655423770362,0.3747150747105341,0.37977119044866425,0.37806812135942724,0.38518787716672187,0.38110510937884073,0.3850203325518985,0.37695849825402444,0.37723980501618676,0.38800705064840557,0.38783308150805906,0.3788916285711754,0.37767516372647775,0.377066208282647,0.3882565731050249,0.4290576900726394,0.292652167154007,0.4358786692832338,0.28968366228151504,0.4153485533126019,0.48997033552833735,0.32544381209202544,0.41704422456704326,0.4170825976305246,0.41664424335539046,0.41816947258079173,0.3375730009892196,0.3302067027798995,0.3333056713095556,0.3465397593947768,0.5344116411286928,0.3228952606435451,0.31905626163685513,0.2995549677454695,0.3729801647618527,0.2807912124064532,0.28386783409434035,0.2950199872789148,0.30995268113319197,0.393158238508417,0.3175435694495381,0.32263036819191204,0.3023600881988918,0.35137700293085916,0.3608978268184485,0.36705253820745,0.32650837372993946,0.16404972119857536,0.384042924155471,0.2884967056809541,0.2906682425034851,0.35251364633284343,0.34652051320432964,0.3199175547414377,0.3210517685059356,0.32640672082328215,0.32652528724377766,0.32736615518081297,0.32178497116514404,0.3175043454275919,0.3280785472445029,0.3209923767452259,0.37442097383435086,0.38478830377631507,0.38243115633787406,0.38395367304792094,0.3873014817207582,0.3820534631769107,0.3779032971215393,0.37354713254422867,0.38583898674597433,0.39032744550025644,0.3805163717580464,0.37826249401181994,0.3763876185521011,0.3927119560965134,0.4317897118360887,0.43591263139404296,0.2898932993183086,0.4162612593511559,0.4168784167269438,0.41777456789805034,0.4164266078701127,0.4174512287401862,0.33743865276537977,0.33139566853498326,0.33107977106756015,0.32543399781208293,0.31409335355881673,0.3000385345204353,0.37269201332993573,0.28052493226709463,0.2849147807661148,0.2936511155665854,0.3102371800514396,0.39214489507378814
caltech256_object_classification,0.30723894476772173,0.3070460460100248,0.2815600358865593,0.33316053593795325,0.27751755826880486,0.237224362420208,0.361876255323599,0.35255202048759593,0.14377139428565167,0.31585684316391915,0.061831967150167866,0.0,0.1569804431656298,0.1373749822515814,0.3789881743946002,0.3846603376693185,0.2733586407736308,0.27721101620294325,0.337993633779032,0.32765417338066405,0.30030627180546954,0.3033213463599732,0.30116248371222715,0.29950248324077344,0.30105865185378194,0.3014388542934858,0.3024938761190352,0.2356818831631711,0.3008190237228169,0.28110615353107304,0.31512845674525203,0.3032010453605058,0.35775952626683377,0.3589204017309686,0.35817865964830975,0.3660012584503072,0.3603385708836503,0.36623473683218144,0.3563416702667108,0.35689179317308506,0.368853060789664,0.3683685493190375,0.359329394101386,0.35703236406307937,0.3573135400012892,0.36983287642114554,0.4084581615645023,0.2813767672486619,0.41508354399949565,0.2835261860114968,0.3934431558946493,0.46881659923006946,0.30790191697266334,0.3953510833853331,0.3953337984556591,0.3947152484556244,0.396209813867746,0.32169335521202247,0.31536910822318764,0.31869822026802874,0.33420525985156957,0.5124701369421989,0.2980449986644991,0.29477555667117616,0.2731828680580748,0.35342921154547424,0.2541475967515372,0.259454173820973,0.2698533448757061,0.30239124989284805,0.3712906532582163,0.30610230161055235,0.3028824969973329,0.2871929114758756,0.33561215601889677,0.3617476276750836,0.350553007928707,0.31295580622665853,0.15905638219821355,0.37761911641522805,0.2734351519711698,0.27533486448815936,0.33828033987509265,0.32905189092784204,0.2996456894249337,0.30079271863587376,0.30539124718130783,0.30602732569874636,0.3068498029271589,0.3017310222502332,0.29690535184191136,0.30984649517820706,0.31604076451797736,0.3572303917643786,0.3643453015639775,0.3623480641577637,0.36487730872631097,0.3664893217764723,0.3633381666245443,0.3574857485621541,0.35313244327374405,0.36667807823099174,0.370971977015021,0.3611725341165096,0.3574925424265092,0.3566390769560609,0.37411075815206574,0.41127906050842644,0.4148236681873494,0.2834746768723203,0.3944627787260052,0.3951178841634462,0.39600208673467696,0.3948128594251952,0.3955546030396315,0.32159696417900935,0.31648719122769486,0.31651493185462254,0.3004330869307861,0.2897700243289223,0.27354856741438205,0.3532916686817571,0.25386582983482053,0.260397608371906,0.2684887879251261,0.30258473070952524,0.3705519857462217
cifar10_object_classification,0.35256688034900147,0.35081170022707636,0.3320600521986884,0.38374872988849507,0.3293967903043241,0.31274461400843406,0.3625292200678135,0.37897977964003365,0.23282577630870954,0.21826180523195154,0.16140137381586456,0.1569804431656298,0.0,0.06619740621191555,0.35695100634088694,0.365372243064066,0.31368812179064026,0.31331319859860973,0.36215268456966554,0.35038753016950974,0.3381933427231425,0.34111240568487045,0.3391922536766443,0.33827886567029564,0.33902368217753165,0.33934655278326564,0.3403993175767235,0.29269474821593544,0.34359929556912194,0.30636777499627965,0.4003274095940074,0.39232777732022406,0.44496935373732416,0.38548363453580703,0.3811114280875807,0.3881692570591635,0.38513319658350487,0.3880321324173418,0.38200052208827906,0.3809210018408563,0.39147002657100705,0.39247793016355814,0.3835517560666778,0.3820566840528353,0.38077817082597587,0.3931154679612896,0.45359056123473285,0.33193735240911026,0.4597942320870184,0.37143525540848443,0.48676796136572203,0.5079184052940868,0.36421131690342806,0.48849206658699174,0.48821477521800805,0.48825184663331056,0.4892124730120501,0.3672201947449737,0.36218447988634594,0.365082641410039,0.3643354747182348,0.6141183700542829,0.3697158852365453,0.3451727314361436,0.3470778598174489,0.40190821522673836,0.3330887625804839,0.3274039235330729,0.3377866209785215,0.37077525231390396,0.4512764396807587,0.35136071806833963,0.35104220538531516,0.3363781886354003,0.38580044972303595,0.36401389887151314,0.3766634464937221,0.21515789491791265,,0.3564384884624856,0.31305421366588737,0.31162509809519645,0.3624615399642793,0.35195280135123286,0.33703643749076295,0.33903725041857524,0.3430587399774069,0.34342558520492866,0.34444268528770516,0.3399046177488473,0.33541982758250666,0.35085860427013776,0.40058044043666774,0.44448414366098005,0.3898399901912726,0.38432768758181035,0.3872866917936047,0.3903020754629795,0.3851845856256364,0.38269354851313314,0.37840542420992185,0.38931834915317926,0.39466546908947153,0.3854950230978905,0.3822894049270994,0.3797042380693154,0.397104311320309,0.4559892440196949,0.4597648675780711,0.37009116146661203,0.488203205089152,0.48799849840325354,0.4891257076729606,0.48807627549727817,0.48882430826932993,0.36617706328262006,0.3625995594280953,0.36392843197350144,0.37169401543025926,0.34118170805342385,0.3473272298054668,0.401383665887921,0.33295313490869405,0.32853181462388426,0.33667609910976104,0.371067096887608,0.4494110552235871
cifar100_object_classification,0.3357000227290773,0.34077871728356185,0.3207005630856006,0.3768800423281168,0.30036822441928057,0.27099414474092554,0.3221508625670859,0.367280003487013,0.22638340458615985,0.19190714007069226,0.14430754123798065,0.1373749822515814,0.06619740621191555,0.0,0.33736032653301573,0.3424819335353238,0.29539480627782966,0.29537946966366213,0.3486225933840854,0.33920070292581816,0.3257145480051453,0.3288038336947218,0.3267909803589787,0.32567992774733806,0.32662419399624343,0.3271726028550908,0.3281874586237082,0.26102455147930265,0.3280939715005548,0.2833440194596101,0.35264107644878023,0.35828166147655105,0.41766417981284976,0.37002996990125164,0.3666542888441215,0.3742573719772924,0.37013890949273176,0.3741296076489996,0.36696984776305763,0.3661156922561784,0.37722304463678735,0.3781016977960153,0.36906957607486013,0.3669341376440133,0.3646574561994467,0.37904122530477424,0.4344641284796875,0.3026277500786957,0.4404084834328267,0.3296025318276127,0.45522535760592453,0.49740092344052594,0.3451304316349697,0.4571555643337609,0.4568681266913849,0.4567107517399359,0.4579099203718232,0.3486871030924106,0.3420086634112227,0.3452130221137112,0.3433161444702861,0.5898044113885986,0.349335216408172,0.3298767311984523,0.33094994362731917,0.3868493867097571,0.31473269408349747,0.30860650511112175,0.3209323776896226,0.3488907407778976,0.42444061586153203,0.33431122929548457,0.3404884792853319,0.32527411361073877,0.3789958727350573,0.32352674810027926,0.3646789585117959,0.1889213376677012,0.06708571285165851,0.33689060541615207,0.29499205749206503,0.29348165072729343,0.34894544884205797,0.34085006534004925,0.32439311422584866,0.32660763759493705,0.33093614421784,0.3317733414666421,0.33277603685300206,0.3273217208971372,0.32239541678269934,0.33637779714718463,0.35285209979457977,0.4168289941688783,0.37452642223733407,0.37048668974427185,0.37319444390907397,0.37578010927286787,0.3707563336192342,0.3673914060517178,0.3633548623450148,0.37507716787871864,0.38053657606047475,0.37081288733703077,0.36740811806426277,0.3644359278208026,0.3831563413416351,0.43686324826217093,0.44055210644326126,0.32839267099771874,0.4568255076534201,0.4566170634718505,0.45783043078909,0.45678372752967633,0.4572454119517785,0.347980049771914,0.3425005143395526,0.3438506274822454,0.35156093434422736,0.3258576544192115,0.3313834513534861,0.3863249344179427,0.314840294451994,0.30953720380675803,0.319769838089902,0.3494864882389007,0.42301564003754205
