,lapgyn4_anatomical_structures,lapgyn4_surgical_actions,lapgyn4_instrument_count,lapgyn4_anatomical_actions,sklin2_skin_lesions,identify_nbi_infframes,laryngeal_tissues,nerthus_bowel_cleansing_quality,stanford_dogs_image_categorization,svhn,caltech101_object_classification,caltech256_object_classification,cifar10_object_classification,cifar100_object_classification,mnist_digit_classification,emnist_digit_classification,hyperkvasir_anatomical-landmarks,hyperkvasir_pathological-findings,hyperkvasir_quality-of-mucosal-views,hyperkvasir_therapeutic-interventions,cholec80_grasper_presence,cholec80_bipolar_presence,cholec80_hook_presence,cholec80_scissors_presence,cholec80_clipper_presence,cholec80_irrigator_presence,cholec80_specimenbag_presence,derm7pt_skin_lesions,idle_action_recognition,barretts_esophagus_diagnosis,brain_tumor_classification,mednode_melanoma_classification,brain_tumor_type_classification,chexpert_enlarged_cardiomediastinum,chexpert_cardiomegaly,chexpert_lung_opacity,chexpert_lung_lesion,chexpert_edema,chexpert_consolidation,chexpert_pneumonia,chexpert_atelectasis,chexpert_pneumothorax,chexpert_pleural_effusion,chexpert_pleural_other,chexpert_fracture,chexpert_support_devices,pneumonia_classification,ph2-melanocytic-lesions-classification,covid_xray_classification,isic20_melanoma_classification,deep_drid_dr_level,shenzen_chest_xray_tuberculosis,crawled_covid_ct_classification,deep_drid_quality,deep_drid_clarity,deep_drid_field,deep_drid_artifact,kvasir_capsule_anatomy,kvasir_capsule_content,kvasir_capsule_pathologies,breast_cancer_classification_v2,eye_condition_classification,mura_xr_wrist,mura_xr_shoulder,mura_xr_humerus,mura_xr_hand,mura_xr_forearm,mura_xr_finger,mura_xr_elbow,bean_plant_disease_classification,aptos19_blindness_detection,lapgyn4_anatomical_structures --shrink_train 800,lapgyn4_surgical_actions --shrink_train 800,lapgyn4_instrument_count --shrink_train 800,lapgyn4_anatomical_actions --shrink_train 800,laryngeal_tissues --shrink_train 800,nerthus_bowel_cleansing_quality --shrink_train 800,svhn --shrink_train 800,cifar10_object_classification --shrink_train 800,mnist_digit_classification --shrink_train 800,hyperkvasir_anatomical-landmarks --shrink_train 800,hyperkvasir_pathological-findings --shrink_train 800,hyperkvasir_quality-of-mucosal-views --shrink_train 800,hyperkvasir_therapeutic-interventions --shrink_train 800,cholec80_grasper_presence --shrink_train 800,cholec80_bipolar_presence --shrink_train 800,cholec80_hook_presence --shrink_train 800,cholec80_scissors_presence --shrink_train 800,cholec80_clipper_presence --shrink_train 800,cholec80_irrigator_presence --shrink_train 800,cholec80_specimenbag_presence --shrink_train 800,idle_action_recognition --shrink_train 800,brain_tumor_classification --shrink_train 800,brain_tumor_type_classification --shrink_train 800,chexpert_enlarged_cardiomediastinum --shrink_train 800,chexpert_cardiomegaly --shrink_train 800,chexpert_lung_opacity --shrink_train 800,chexpert_lung_lesion --shrink_train 800,chexpert_edema --shrink_train 800,chexpert_consolidation --shrink_train 800,chexpert_pneumonia --shrink_train 800,chexpert_atelectasis --shrink_train 800,chexpert_pneumothorax --shrink_train 800,chexpert_pleural_effusion --shrink_train 800,chexpert_pleural_other --shrink_train 800,chexpert_fracture --shrink_train 800,chexpert_support_devices --shrink_train 800,pneumonia_classification --shrink_train 800,covid_xray_classification --shrink_train 800,isic20_melanoma_classification --shrink_train 800,deep_drid_dr_level --shrink_train 800,deep_drid_quality --shrink_train 800,deep_drid_clarity --shrink_train 800,deep_drid_field --shrink_train 800,deep_drid_artifact --shrink_train 800,kvasir_capsule_anatomy --shrink_train 800,kvasir_capsule_content --shrink_train 800,kvasir_capsule_pathologies --shrink_train 800,mura_xr_wrist --shrink_train 800,mura_xr_shoulder --shrink_train 800,mura_xr_humerus --shrink_train 800,mura_xr_hand --shrink_train 800,mura_xr_forearm --shrink_train 800,mura_xr_finger --shrink_train 800,mura_xr_elbow --shrink_train 800,bean_plant_disease_classification --shrink_train 800,aptos19_blindness_detection --shrink_train 800
lapgyn4_anatomical_structures,0.0,0.04134304558164551,0.04494222843408821,0.07839922542030335,0.1905117105558513,0.23515643144482393,0.4457283008223307,0.17423885188724977,0.26719151912557,0.3771469383446844,0.1949302762636011,0.18647848566302083,0.217934313992204,0.1993232890491618,0.44986344237541986,0.45923069883943013,0.09710479085087034,0.09684224462322916,0.1491875534422657,0.13113125589582747,0.07842599718179169,0.07950153496865205,0.07892380825368617,0.07844869099621629,0.0782884673087352,0.07851297882242922,0.07828734359065359,0.19372414316232914,0.17659607867201463,0.20370379333987831,0.3532558214085108,0.2887135794406216,0.3152713186721441,0.1967442763160093,0.19806593938393802,0.20543428143118114,0.19516507255897547,0.20681766794318085,0.19431714996433117,0.19380347408594753,0.20845892326687265,0.20528552603511344,0.2004548256473761,0.19216250200887813,0.1955913840383397,0.21098916375951865,0.24931707800874733,0.21751017529962596,0.25160087934280895,0.2722143061760214,0.36146860212793475,0.2836375764898733,0.22837642608995068,0.36270924848181435,0.36276029683289324,0.36316551965474847,0.36361905792018745,0.22786129441740496,0.22230755585151674,0.22183586052939852,0.29082081740963583,0.5025946267892534,0.2499110778405073,0.19583661755768383,0.22738836878174196,0.2384285163471187,0.22087127156336278,0.21531796280078,0.23259855803405627,0.23826550526582813,0.30165604034763016,,0.04825110518649428,0.044923189676905256,0.07955440678264722,0.4485813357698897,0.17387174235489467,0.3736847051499578,0.2198413470523749,0.44799185487775156,0.09626723798604586,0.09587072852857777,0.15039058672882866,0.13049561732236653,0.07916155463218916,0.07872039840394728,0.0801577101459891,0.08140244945026956,0.08069471085733676,0.07698060489176231,0.07995551943559612,0.1797282079554192,0.3533087204339322,0.313815583490001,0.19926654273147842,0.20028096847147164,0.20506706121459534,0.19805247915455731,0.20540743110244752,0.19501219480578263,0.19124838828834517,0.20612606109240633,0.20762273502165146,0.20156790746584485,0.19205926479014185,0.1962383602478016,0.21244995601697259,0.25027550590527,0.25162967583118945,0.2677341532871409,0.3631709426642289,0.361658316850041,0.3642199984969979,0.36311121332632784,0.3626506638455186,0.22667427661105777,0.2240261223287131,0.22123833435323348,0.2501954690077861,0.1948084583914514,0.22776403996680653,0.23779872878960773,0.220808204776793,0.21674437126912258,0.23169682894020763,0.2389899364325171,0.30011910076997733
lapgyn4_surgical_actions,0.04134304558164551,0.0,0.01829638416956733,0.02626926137740096,0.2283172416529119,0.27624807597688267,0.5004687927064492,0.17379574196576886,0.29037788175423224,0.39997129610906756,0.20425925358729555,0.19120514235320232,0.22216636226836864,0.2102445496115319,0.46933118064156354,0.4854186201928809,0.11709391505687461,0.11724696654006,0.14977442636729976,0.12218261111245605,0.05612585436531373,0.056978229010717356,0.05608999234867652,0.056189913644954924,0.05585430872613613,0.05634735574593645,0.05585709260149271,0.226973702523688,0.1600636794523652,0.23506884763266422,0.39781556900262044,0.3452076466811337,0.33785599766223195,0.19247295334214637,0.19291847453695132,0.19972590890121336,0.19091173537543532,0.20135684661415118,0.18954025135197325,0.1894555133093277,0.20403094453960108,0.19928323310385668,0.1951716328568592,0.18779157051724915,0.19231628942659768,0.20522775162294984,0.2546488512038249,0.25326741380836254,0.25495413583900645,0.32614758119180814,0.40509677465662597,0.2701566662530829,0.22349096220878956,0.40629898765188055,0.40609869011704525,0.40649926121769886,0.4068610755637092,0.22751285081017547,0.2280812694596241,0.22852560770981412,0.3153361556103147,0.5401955541006598,0.23271376901895516,0.18513939763801074,0.22491158342055126,0.21977540785865357,0.20586507484091088,0.2013947846631137,0.2180417797755192,0.25587376829979047,0.3335853113335163,0.042412078859596684,,0.01747420649194286,0.026246911385390648,0.5033665803872032,0.1735606057584942,0.3959610520846464,0.22460315298604971,0.46736836608848553,0.11701991120261412,0.11605493458081208,0.15058783173830886,0.12199957402160413,0.05734186756310994,0.056662844683805426,0.05686595537288676,0.05859144253023512,0.05595703677797634,0.05525856451318738,0.0583510021374248,0.16117035323072687,0.39762413519580586,0.3365727844315154,0.19461622934083234,0.19420359741858328,0.19898578375768564,0.19262520501895383,0.20097654502514706,0.19071531968534133,0.1880176484809843,0.20149740753854162,0.2011104389115437,0.19689067092214763,0.18748600055798942,0.19172796362131317,0.20606487809715637,0.25478224737258837,0.25569709521859807,0.32142307869043263,0.4067733754348379,0.40508458815993165,0.4077797036475497,0.40650170231561233,0.40627771489323417,0.2261307577282453,0.2295958359860008,0.22818552268553086,0.23314275845272642,0.183558253849114,0.22432794924521804,0.21958879299352618,0.20644237324428322,0.2036484175259587,0.21777375459452433,0.25652042689919424,0.33159802520787013
lapgyn4_instrument_count,0.04494222843408821,0.01829638416956733,0.0,0.0225526167251063,0.208133659445132,0.25258054635785565,0.46706244020878906,0.1760711908083823,0.263787142437092,0.37593931608280984,0.18469235579259374,0.17239864441172859,0.20707693523346246,0.19437578406241485,0.4463418314270128,0.4594619566776703,0.11112512295466363,0.11236213527102987,0.1561968176620082,0.137996894214851,0.04831137632083486,0.049455912634657234,0.04836651462856341,0.048217949154207726,0.04823232528050414,0.04856559978498044,0.04809717373360718,0.2086421994615794,0.16960418502584912,0.2311373074623264,0.37054941093973953,0.3113475569856819,0.3224641201045013,0.1996634899529837,0.2015593390532857,0.20888815842004232,0.1984223552031231,0.21039176951096294,0.1971689400103474,0.1971343814994962,0.21277374301341292,0.2082985298433972,0.20358719812329643,0.19499994154983366,0.19989724934218758,0.21431579359773592,0.2543187189613465,0.23555505347792052,0.25649695449842624,0.300861215420564,0.37836966090551916,0.28039585797444405,0.22610262562824704,0.3794772806073229,0.379391623719934,0.37975552006811564,0.38014345502361846,0.2193765652813474,0.22296637129347696,0.22374959147265738,0.30407598108755896,0.5144635119951049,0.22445470288980068,0.18326325147958328,0.21070863815337146,0.22184638071762872,0.19577769183420413,0.19525429521460774,0.2092871159619754,0.24558986480086717,0.31468186261826264,0.045777054456090184,0.01974887547811723,,0.02402247970615478,0.46978959244557406,0.17572290022201062,0.37219352645831316,0.20921876691938027,0.44422563884123323,0.11103233812667321,0.11075905744044946,0.15733705080298338,0.13774544142900227,0.04967235760982844,0.04866405545062576,0.04998964972032842,0.05041959953860843,0.04853753509922298,0.04695393092047311,0.049700167911258086,0.1720093785755794,0.37049998959450625,0.3212939356698152,0.20261486464447914,0.20327126349335659,0.20791567855687176,0.20093613096078594,0.20926000991518384,0.19837527024836998,0.1952402683935549,0.21023266047186878,0.21067608706418806,0.20519330236349492,0.19465664136817085,0.19989719860919136,0.2154566039663225,0.2555180419043322,0.2572296192964177,0.29658014801734905,0.38002467756777514,0.378402601500778,0.38097971042431444,0.37975224534423946,0.37946590459025653,0.21841089895859073,0.22427380673531377,0.22336950292790217,0.2249729446541906,0.18174541074043907,0.21034565391917132,0.22153835703902858,0.19605425500216095,0.19685605152176802,0.20856460130224946,0.24631518962267346,0.3129769463528631
lapgyn4_anatomical_actions,0.07839922542030335,0.02626926137740096,0.0225526167251063,0.0,0.25928899278299156,0.29698014991193294,0.5095797950085469,0.2160249783403646,0.3030217873232824,0.40996026138269087,0.2222772563311537,0.2099386270193767,0.2448904631873613,0.2349676655748331,0.477375244838267,0.4933481388211123,0.16106648798827866,0.16216694562704137,0.1926621168063753,0.17316544883560805,0.08319795393858431,0.08427249885178455,0.08283952044064842,0.08304656260937004,0.08288361250510717,0.0834558494053317,0.08281046901773718,0.256794972569231,0.1926341349234967,0.27572208105338414,0.4219323672098296,0.3640806591120408,0.36235366960332993,0.23072563387848796,0.23183061831851104,0.23732183148316455,0.23003370176406868,0.238661818364162,0.2282069134046362,0.22914216656432057,0.24148258184890015,0.2366180719632706,0.23295326388237786,0.22684751276810888,0.22997984234509747,0.24128772578188734,0.28689698940434216,0.2819119415772925,0.2882488211375852,0.352304932314359,0.43044254953843963,0.2990108568607278,0.26207281066926474,0.4316107824967892,0.4314104566809075,0.4316177230459629,0.4321786447596744,0.261905489801295,0.26732225521084685,0.26840596752046786,0.3442748952016879,0.5587643373130716,0.25218154749424515,0.2181296685453601,0.24594391908655272,0.24485484533857557,0.22499110196247699,0.2221861299366032,0.2403645748132006,0.27834583704227855,0.3639598318467383,0.07940666429679952,0.02817809854531788,0.022223171940075864,,0.5123521096493145,0.21559452774277282,0.40663865483542955,0.24736167809887283,0.4752234098814413,0.16093114125502817,0.16068252203438066,0.19348454185889807,0.17296538064856012,0.08511544042728159,0.08364918686723152,0.08458374871870404,0.08561638095112464,0.08174566890987038,0.08189707389514478,0.08496117483519887,0.19406045323855198,0.42191981958356956,0.36153792301244514,0.23294173409462687,0.23300637750609313,0.23632616881544355,0.23191685547480242,0.23797793573135173,0.2295014259702598,0.2273490764548346,0.23916870762549353,0.2381270512193291,0.23462289544182108,0.22689368339614416,0.22939955698353448,0.2422853059639461,0.2878287480106587,0.28900687695747146,0.348146709785697,0.4319565635137978,0.43053891353736845,0.43308013571000986,0.43165738364993955,0.43160125931995785,0.26089908985658716,0.2685156950351139,0.2678124738790928,0.2525345799885215,0.2162469686257884,0.24528549337911257,0.24470784712493865,0.22564858200326443,0.2240899245766117,0.24013024846048464,0.2790720719665663,0.36235249983936846
sklin2_skin_lesions,0.1905117105558513,0.2283172416529119,0.208133659445132,0.25928899278299156,0.0,0.2130262652975016,0.3557749682544536,0.2438557225564949,0.23537000735186486,0.32514645196080716,0.18556995317904879,0.18147116054031326,0.2118719253340003,0.18710906545486522,0.402541743116669,0.40358831423533087,0.14603026587757434,0.15826853885759626,0.23736909891366956,0.24544349938128995,0.21616793909764312,0.2180493500934222,0.21764153229646352,0.21613176090334907,0.2167590581905791,0.21673178714591945,0.21740287695795305,0.08046679508342948,0.24505297942784768,0.16706101741529014,0.30092154200214,0.16367747875564526,0.3021599698925469,0.25386763933925716,0.2567750717938817,0.26384149018627556,0.2527518317281074,0.26518779992734753,0.2518555570321487,0.2508760127818037,0.26690578428572376,0.2662263183276613,0.25766313218938197,0.24621883752307033,0.25639052545559743,0.2683927165854446,0.30154006070666156,0.07301060534776908,0.3083004431932887,0.13223198092795668,0.273041097245457,0.35625244326165517,0.26287092846721505,0.2747249562548364,0.27510315264144514,0.2751497770212801,0.2760808510466861,0.19639333163461903,0.1857715363840629,0.18727487650585523,0.24025772870121925,0.42221029873995897,0.29698658483724505,0.24976888134849073,0.2585273893493879,0.31283584062966824,0.2669276724396228,0.27071861839021355,0.2668444844000877,0.22603233295976222,0.22361887190373245,0.1888103975671797,0.22597950191191513,0.21216628535854637,0.26208495352877553,0.3580490256875874,0.24229047401086906,0.32213131101711645,0.21219282999207517,0.4006390653748957,0.14587034592648473,0.15607635629292754,0.23827919164106082,0.2462802227583759,0.21494813029713816,0.21642250521140044,0.22011229847053349,0.2199666117603188,0.22184734717616905,0.21523745304626352,0.21412324941238242,0.2517957606295348,0.3008987100948971,0.3000528466879966,0.25835208423281997,0.26069511639308895,0.2630649172660917,0.25695951187326027,0.2610332981815521,0.2518517127526134,0.2470759000198786,0.2646220170820643,0.26836763321772206,0.258498699529229,0.24624503308003104,0.2589262172089173,0.2712508864104944,0.30416931145123943,0.30770192897123516,0.13018500752206982,0.27485633239506546,0.27345393204460733,0.27641240452381577,0.2747805565287773,0.2747469120349817,0.19520677232260852,0.18569566308434016,0.18645977247563147,0.298228871044563,0.24837196012702578,0.2596949936447965,0.31151664378842736,0.2663799214583832,0.2708942413141099,0.26489716738049884,0.22624405168625383,0.22234245255357005
identify_nbi_infframes,0.23515643144482393,0.27624807597688267,0.25258054635785565,0.29698014991193294,0.2130262652975016,0.0,0.18108434604593626,0.3350020834793799,0.16747827844925653,0.21639317569742816,0.15667332291466213,0.15659645856658583,0.20929007691690837,0.17699618954438942,0.3161847439038149,0.31109837091365444,0.2276697486164612,0.24094618835764328,0.3186537246379192,0.318406131470812,0.2797708551858433,0.2825721627842997,0.2808557357241325,0.2788559227998086,0.2805829505144951,0.2803010816720661,0.2821623993039639,0.16894819236165806,0.26893423568733044,0.17603766624837439,0.22486520902905294,0.19509144382092883,0.29811242461992327,0.3089750804353153,0.30242236370539477,0.30448435710610355,0.31017877569004426,0.3029770851917378,0.3066118697941941,0.3068655433349433,0.3048214334148626,0.3116079491310191,0.30243072400905757,0.3069522056930904,0.30162268654710866,0.30422837433651895,0.31695601679207597,0.17878999050529737,0.32816225750758266,0.15985585121160975,0.31823463754963766,0.4177300895251497,0.3159997202356068,0.3187431175551885,0.3196206294158289,0.31972492899176197,0.32087834896153117,0.33364329247067115,0.33001581652094114,0.3312330470618632,0.18869689520595928,0.43231347962052585,0.3047379810388228,0.29651981969276614,0.26464581798074865,0.35767390378924846,0.2711432341107326,0.28821306468809366,0.2866898001574152,0.24696831597676622,0.3000011596508691,0.23359318502598297,0.2663506701982785,0.2567302345975462,0.30098887167237864,0.18194678722173158,0.3331220854480559,0.21734529296387017,0.2095225240309176,0.3136656555791236,0.2260920668474122,0.2371588382196949,0.3206616862942433,0.31822361520891573,0.2786767140886203,0.2779446955673839,0.2840804887737861,0.28404276406683304,0.28519727066858236,0.279112489028408,0.27667308185974615,0.2771005620023579,0.22603198182241824,0.2972999550651384,0.31173787668793734,0.30665459864581085,0.30464348350380216,0.3179272163620568,0.29775067847195824,0.30470757946371885,0.3021819322948933,0.3027461377351841,0.3133214526642663,0.3024763165572876,0.3084608411173726,0.3039822666574533,0.3079032262530865,0.32118569663145774,0.32736908384275304,0.15891820552901728,0.3187055898044752,0.3192451151598046,0.3202664937175022,0.31889645198508326,0.31970366841371184,0.33468048194061495,0.3311173142300674,0.3279305511373112,0.3058768754600089,0.29530936732717183,0.2664279938630552,0.35685999223345644,0.2704920894138588,0.2867051817935585,0.28457166790347266,0.24740227027592437,0.29957244062584126
laryngeal_tissues,0.4457283008223307,0.5004687927064492,0.46706244020878906,0.5095797950085469,0.3557749682544536,0.18108434604593626,0.0,0.5396901515002045,0.2482714781485899,0.22612002742781503,0.26564191424217926,0.27536242679881007,0.30481238962168866,0.27080075708657203,0.35661827603777146,0.3405059097961846,0.4426966292508001,0.45485276659447715,0.5287189854599132,0.5573130314636192,0.5126983638073616,0.5161014731356542,0.5140526313039284,0.5115056701389994,0.5133766162068959,0.5130668236302565,0.5150062508805981,0.2930746332788389,0.46671242481286856,0.35214724740312253,0.32446566978344077,0.2853129559232347,0.4336689244445527,0.5292270877566567,0.5241494527831846,0.5226724565884215,0.532101605250399,0.5205239574793074,0.5278375248709407,0.5294037385618107,0.5220850548792766,0.5309901197965743,0.521841435609441,0.5294802126124037,0.5196755132428857,0.5193342760812183,0.5084224282503623,0.316569452199687,0.5231352460572117,0.2313934053520657,0.41779351742244464,0.6194078141464643,0.5094834785168803,0.4184253041671693,0.4193042986303004,0.4188462745785579,0.4205016280412569,0.49759698728640606,0.4925579580863093,0.4944673559460956,0.31952014859890454,0.5038138522434662,0.4640028829364656,0.4963503776023204,0.44106655847067355,0.5380811719036283,0.44787983859847225,0.46355467722014376,0.4647150387511797,0.39391065939461967,0.43553503018272166,0.44379285191757883,0.4943093938438348,0.4721191448421618,0.5136274939592765,,0.5373908802291227,0.23058148655759697,0.30331590473502285,0.3541878869801456,0.44117397936188973,0.4523335038264939,0.5306772999649165,0.557071328276783,0.5112715259066661,0.5108606461444168,0.5179086463679813,0.5172092878553448,0.5183227954043863,0.5114090161604781,0.5088566151786617,0.4775786900119926,0.3254237762058144,0.43320948557400085,0.5317794677186681,0.5292151441544601,0.522364517708992,0.5408353672257089,0.5147962481424804,0.5260359617033488,0.5240991271820337,0.5208552723960945,0.5319273617819296,0.5210232618984474,0.5313899287225672,0.5222239753539095,0.5244861098672734,0.5140022714293637,0.5214889052812928,0.23327272756382933,0.4181431082952768,0.41926969798432495,0.4193997549049209,0.4180700779404817,0.4193847989540713,0.49914675218402815,0.49328672195084744,0.4907151207431513,0.4650424105141567,0.49471086352412247,0.44286570095424493,0.5375157273716695,0.4467143445341739,0.4616544014162027,0.462804262131693,0.39497890673099467,0.4359927281357256
nerthus_bowel_cleansing_quality,0.17423885188724977,0.17379574196576886,0.1760711908083823,0.2160249783403646,0.2438557225564949,0.3350020834793799,0.5396901515002045,0.0,0.34996348041234815,0.41093947041531037,0.250871838621395,0.23698387264983348,0.24872049296988924,0.2361372147586893,0.4999725897573917,0.513778311772466,0.09827176367964427,0.08232235136545017,0.033958287180848215,0.07880292209870918,0.13646624306261734,0.1363653980668747,0.13629008722331803,0.1367067179635782,0.13665079625564763,0.1364487954664419,0.1368663797054277,0.2559064414012661,0.15005343033431037,0.2885305356663326,0.43002015858754217,0.3914622264045415,0.3338160799536608,0.22782716038750328,0.22280759446390686,0.2306471300819962,0.2243232923949811,0.23084751432337947,0.22313173982132162,0.2210387466982887,0.23415700454761293,0.233644347923056,0.22622427989082997,0.22061793177596928,0.22886872424926388,0.2368572259128227,0.3066760513292296,0.2729026169655202,0.3073859699873476,0.36065472165561235,0.3991888802595963,0.33263512094634284,0.21137355884592435,0.4003652044657007,0.40017943074625884,0.4009504017313561,0.4007320416953257,0.16086589696506748,0.15619174031422509,0.154638853363614,0.3588263100249881,0.5359194902195836,0.2711104606812993,0.1940626264574546,0.236341319976276,0.25077538077373107,0.24197566904461534,0.22023995008272973,0.2324260942234381,0.32181072659856913,0.318618357014424,0.1738427360647869,0.18209296468118977,0.17702188228801247,0.2153880686439653,0.54256754676,,0.4054404344858965,0.2492859980186778,0.49888000508285235,0.09780955604485625,0.0851720691029397,0.0340747328126999,0.07849996310701265,0.13554445307604793,0.13791212608044406,0.1379374656419422,0.1377780161631525,0.1387603410856955,0.13634262690726653,0.13611105993474604,0.1506916009751446,0.4301493531805509,0.331951609693095,0.2310817052076975,0.2247572282520967,0.22964986304689075,0.22626105618539757,0.23006935899314707,0.22385085591443382,0.21960039281783866,0.23205967733941515,0.2363985985187153,0.22819916813945013,0.2196080372305604,0.22867304901244717,0.2379924137018694,0.3067376597987171,0.30817979425677583,0.35669949379509985,0.40144006914005914,0.3988450765278754,0.40160624445817183,0.4010141954058931,0.3996553297219543,0.15948357788012993,0.15807713945964647,0.1537887239295562,0.2723994619769641,0.1924173545908699,0.23609410935572528,0.25054552496388655,0.24176282327773163,0.2222150637194022,0.23191718058987587,0.3223928750882863,0.3163388818549162
stanford_dogs_image_categorization,0.26719151912557,0.29037788175423224,0.263787142437092,0.3030217873232824,0.23537000735186486,0.16747827844925653,0.2482714781485899,0.34996348041234815,0.0,0.2435649649393316,0.06681475219673755,0.06762233501085589,0.13232807102676114,0.12157567535729684,0.3088584770064443,0.3041013792141092,0.26204249746645575,0.276646669530753,0.33608443653819325,0.34227667833976044,0.3085263219795361,0.31117995575323265,0.3094576113423493,0.3077746989205686,0.30880371512610255,0.30910225231044075,0.31029193671425115,0.18603801131365497,0.300401094884214,0.22152934190316814,0.25237389772301855,0.2011316377209542,0.2915699876227351,0.33821911176831715,0.33377539705186515,0.3357433445194409,0.3400224577817224,0.3348384350647383,0.33608418494804365,0.3361006894253449,0.3369550033879114,0.34157797605581114,0.33385769251046993,0.3382559349587689,0.3324957090470928,0.336566296699238,0.3526886912626221,0.21676116273431845,0.3624285538730751,0.20733906929257662,0.3251452992398877,0.4277381539701539,0.30304706854125574,0.32604956616952935,0.3266314458206038,0.3263553008077461,0.32783151954594647,0.3247553654455026,0.31571144058447387,0.3178836178430705,0.24626819691118146,0.4192482498092357,0.28072600301910916,0.30275306796485435,0.26172138480323826,0.34572984503868776,0.25052206070638827,0.26865901716750995,0.2705088440286767,0.24265529908637704,0.30787610652293773,0.26568595829573394,0.2820806009253203,0.26800576222616307,0.30659393721778383,0.24933419145657737,0.3483691453158646,0.24276984273853308,0.13437025266354904,0.30654730352753995,0.2612799542963501,0.27401070381541354,0.33738166286096327,0.3426933196859288,0.3083309141385346,0.3085715947175934,0.31369716744715553,0.3126189480937502,0.31362813283618973,0.308389239608493,0.30539780940325123,0.3085402458122732,0.2529439171764665,0.291855706699492,0.3416506735263573,0.33788931015020324,0.3360632255960699,0.3466490691081874,0.33118451488574074,0.3364832211447486,0.3322686626228085,0.3352349464753039,0.3434313921907859,0.33439264843139094,0.3383131092525375,0.3327343601314243,0.3401923412413339,0.3565302060406949,0.3620520652368665,0.20755951274875944,0.3255110074960962,0.3263003826979084,0.32751074249423734,0.32556182420184876,0.3267180437442743,0.3251708403598124,0.31695084939827434,0.3151615540040593,0.282252564116212,0.29983962142398934,0.26260316289622215,0.3452653605249277,0.24978343689887422,0.2683043544069825,0.2690636418245578,0.24298155686738987,0.30780265595717377
svhn,0.3771469383446844,0.39997129610906756,0.37593931608280984,0.40996026138269087,0.32514645196080716,0.21639317569742816,0.22612002742781503,0.41093947041531037,0.2435649649393316,0.0,0.21219459750330094,0.21379627301347037,0.15881672325507074,0.13773302958727213,0.21452041721698528,0.2105370632275867,0.35351508767274364,0.36128401601078736,0.4028730770321022,0.42209324525391334,0.40279225951186215,0.4054736780467799,0.4035135751407639,0.4020801336645465,0.4034634328149853,0.40339688975272736,0.4050372945270374,0.28443585657549886,0.3641126246866637,0.3083951509754248,0.3177591373639884,0.3180503474574021,0.3774623971338731,0.40188996177314396,0.39371359667132994,0.3934797934384483,0.4025430140593419,0.3913355730274902,0.39928214771724196,0.39949688457382887,0.39366164777385637,0.40084642710386637,0.39265165581468164,0.400295951742621,0.39188308737777167,0.39219958245804637,0.41105039749625844,0.3067969487115523,0.4217356930099039,0.28002995692158694,0.40993164709333574,0.4971993367147305,0.392456394746712,0.41062774518835726,0.4112713837174236,0.41136183298596035,0.41214772518663045,0.3921389261834979,0.3871672462336911,0.38949367415875297,0.3084575001057458,0.510088964153188,0.3430103179528635,0.36747065565685527,0.3277189712545993,0.40281309841603624,0.3297264100878288,0.3273188179380653,0.33852421424670115,0.3486842536284427,0.4038000611330115,0.376522162395887,0.3954059390276504,0.3792664844400896,0.4121810774886603,0.2274587386869631,0.4086725786184306,,0.1565694805218993,0.21358361263869508,0.35251283762289454,0.3593235132531776,0.4039437602771039,0.4229168447651255,0.40123407917643533,0.40179338382886426,0.4071075078758017,0.407654665349758,0.40768610587251985,0.4028172431432755,0.3996522418420679,0.3723151626159218,0.31792456101002226,0.37702397227889006,0.40480664896532276,0.3973772024263854,0.3926760133877757,0.40957304427747526,0.3870659001713256,0.39857533469992884,0.39573143626298213,0.3927988050812262,0.40189116914800604,0.3929906108361062,0.40223619748825,0.39317551239671217,0.39534233203662483,0.4151534279896513,0.42074787388029466,0.2805738805081477,0.41088067576235454,0.41076206571920226,0.4114761169473874,0.41072595200722267,0.4108672128633465,0.39272177511625367,0.3874514047001465,0.3868457774333059,0.3444020819845986,0.3661098682325959,0.32909641122860567,0.4025552947309029,0.3292728464683444,0.3266553271420991,0.33673838002378487,0.3493702419979904,0.40407665209928134
caltech101_object_classification,0.1949302762636011,0.20425925358729555,0.18469235579259374,0.2222772563311537,0.18556995317904879,0.15667332291466213,0.26564191424217926,0.250871838621395,0.06681475219673755,0.21219459750330094,0.0,0.011495895595428926,0.07831049522229663,0.06322734491414672,0.2756793758296418,0.2763154024604113,0.18108154648664082,0.18943383218535126,0.23969388572467182,0.2402383661954896,0.213810924440277,0.21608109780893764,0.2143900248867341,0.21313065199999393,0.21407115036793678,0.21438792052533023,0.21541853683233236,0.14728976794735069,0.20851196180486734,0.186747601346701,0.230576815875168,0.2039548233349935,0.23991804253500898,0.2526350413499543,0.2494124881927712,0.25317169278368334,0.2541803315402296,0.2525017048934063,0.25033281687821296,0.25082790483716627,0.2551425177335863,0.25734384422990497,0.24983246488154273,0.25240740998516753,0.24972326607778914,0.2549336076883033,0.2788837927133527,0.1822477792753092,0.28583184417175334,0.19067777549242554,0.2837545396415463,0.3444843163786255,0.21082076267720432,0.28495199170276386,0.2851270852197453,0.28502259156077464,0.28636014279834443,0.22857747150599442,0.22120670020933234,0.22342295023251976,0.2166281594561729,0.3935460757221215,0.19495987337289794,0.20807143184844124,0.18017784623936717,0.2451361472390081,0.16511881810759502,0.17099445797747995,0.18073390886568133,0.18831246019321957,0.25608259219990304,0.19398280279077024,0.20039172290067875,0.18890085317213492,0.224796753056242,0.2670758902742054,0.2492683848168429,0.20972479657150492,0.0801193204768628,0.2735442516137677,0.18087179766031752,0.18768728760033598,0.24053607799979115,0.2409229273640014,0.21331797250504245,0.21393168189220668,0.21855568678063902,0.21787732322417436,0.21829803864190478,0.21432847027505592,0.2111698066183615,0.21546387035561537,0.23094863959081127,0.23975477339750262,0.2563129946081169,0.2534587012460822,0.2526682227791983,0.26001312830342505,0.2500854584861563,0.25092331491920766,0.24761818696542795,0.25337101334252476,0.25920525671461686,0.25103760696059785,0.2524937012607654,0.2496951601346094,0.25821022503269914,0.281734503271396,0.2858089881085895,0.18972759100462838,0.2848409620150519,0.28463621604506184,0.2860245847004492,0.28444605252641797,0.28546888863137826,0.22853206847239904,0.22249392019776298,0.2212957448966413,0.19693644133985194,0.20467761526547443,0.18049025361448126,0.2447372841448274,0.16481923112315217,0.17168476696253046,0.17943077989902373,0.18885604762876512,0.2559744839194609
caltech256_object_classification,0.18647848566302083,0.19120514235320232,0.17239864441172859,0.2099386270193767,0.18147116054031326,0.15659645856658583,0.27536242679881007,0.23698387264983348,0.06762233501085589,0.21379627301347037,0.011495895595428926,0.0,0.07610425493383713,0.059909310572608496,0.2810507915183694,0.28378270243654513,0.17057260806104216,0.1789827053280787,0.2282494226413103,0.22467599679362665,0.19785929899161384,0.20009339319016567,0.19836020349553374,0.1972345853142778,0.19809146070263778,0.19839855072541224,0.19944915925871226,0.14350745844967777,0.19381750880612947,0.18374783044936507,0.23357916804579104,0.206150395185106,0.23428779425669527,0.2385063972694692,0.23584306822199588,0.24039191567539006,0.24004958027567658,0.23992422083229054,0.23625666155504485,0.23680547151064324,0.2426220313223735,0.24406593764566764,0.236707417630574,0.2382562222024176,0.23638587059274893,0.24269022436941795,0.26750914939385473,0.1795579376931692,0.27415672160217186,0.19292442243311902,0.27696510768566796,0.332246720632729,0.19916381983005818,0.2781384679683515,0.27834018806221156,0.2782086000208134,0.27960867522255994,0.2178961670525857,0.21125890398207212,0.21364159085345524,0.21353064642271613,0.3875149738315128,0.18149831036163125,0.19168670284910483,0.1656382424898527,0.23336323263687522,0.14935885845238173,0.1564743595518875,0.1659866130154868,0.1848819492051997,0.24750626965267816,0.18583216631115823,0.1860616651792512,0.17652574119174505,0.2120645967633168,0.2767674505521274,0.23550763270445396,0.2111399117941194,0.07774099860828942,0.2789148910554029,0.17055947386859682,0.17722162456180154,0.2290729235231871,0.22545207790593036,0.1972361475704773,0.19810510594996592,0.20237326916744924,0.20193711748601265,0.2022929469012404,0.19852802868104252,0.19519235450907108,0.20074976816250142,0.23400239263333333,0.23393057863511374,0.24234762352724837,0.23983999809942252,0.23980553245091824,0.2456453648943009,0.2377281567746818,0.2369515815635553,0.23373332393907664,0.2407193983451328,0.24604350770291308,0.23803894889175525,0.23824006683606502,0.23622353896468648,0.24591170131816514,0.27029104476292215,0.27412120036174437,0.19178737014917036,0.2781304076142756,0.2779103924746856,0.2792805219851685,0.2777552467054271,0.2786269221485589,0.21772974907648562,0.21248036473521445,0.21161871975914465,0.1835480288353713,0.1882170503970254,0.1657459404648048,0.23313085044600002,0.1490886479630099,0.15726900840167268,0.16468759667243768,0.1854456014070081,0.24728970615925444
cifar10_object_classification,0.217934313992204,0.22216636226836864,0.20707693523346246,0.2448904631873613,0.2118719253340003,0.20929007691690837,0.30481238962168866,0.24872049296988924,0.13232807102676114,0.15881672325507074,0.07831049522229663,0.07610425493383713,0.0,0.015354495459149173,0.2688138259825864,0.27493457512951486,0.1978052674281183,0.20216171329192137,0.24027620529210159,0.239029635878802,0.22272130177351313,0.2248399711713377,0.223370882043372,0.22267764653556302,0.2230672185318263,0.22344919215753412,0.22426142647868907,0.18263458044404163,0.21449588167510739,0.20529804621089054,0.2979554058310204,0.26330353982118954,0.2972425935058117,0.25530155604624,0.2501323847506533,0.2544512065846739,0.25510265487123446,0.25362050801877933,0.2521813552502552,0.2515179185577715,0.25692322259210953,0.25949497324608817,0.25188608822544145,0.2531197362033882,0.25106690339271365,0.2574936583916677,0.2997961080950946,0.20903280318014145,0.3062725000385004,0.24667505598059014,0.33511312392398873,0.35450898679478404,0.23604557032047338,0.33630228548066105,0.3362945424146661,0.3364978850959045,0.33737199084640956,0.23599144555751797,0.2328189843507543,0.235170991067504,0.234282400158823,0.45641710987542605,0.22959452621648763,0.22527178213437035,0.21325961022364356,0.2630033385330175,0.20280328784025475,0.20071040622938735,0.21141592085585775,0.23019749235248416,0.2981753918140685,0.21733905105654305,0.22197809275916036,0.21017968661006342,0.24643481740428416,0.3069883622753512,0.24703449469770228,0.15525077936062207,,0.26742244060462234,0.19691856190674117,0.20090221665894398,0.24089348984836684,0.2399189724897285,0.22201115033999497,0.22309203175464642,0.22683282337036323,0.2263648257334082,0.2270973347458782,0.22356526021534429,0.2205337629520699,0.2203227448355524,0.2980765605874366,0.29684892042937494,0.2584414792337691,0.2534175047402306,0.25413792529300916,0.260040375055843,0.25133906058622285,0.2526044856613693,0.2492614346269612,0.2551081167417715,0.2610404352226461,0.25320520590426937,0.25300492794280205,0.25051139015804613,0.2605359853296274,0.30241410790736556,0.3063260068728367,0.2445701359457621,0.3366593523745613,0.33560274284548997,0.3373218158373268,0.3361755971860132,0.3366470153026174,0.23559240988685726,0.23355226063729123,0.2337400633990908,0.23129453050556514,0.22258700912422877,0.21349964945367586,0.26268719737265334,0.20281063743532468,0.2014022440445002,0.21031231230154412,0.23087457943547238,0.2972947650370292
cifar100_object_classification,0.1993232890491618,0.2102445496115319,0.19437578406241485,0.2349676655748331,0.18710906545486522,0.17699618954438942,0.27080075708657203,0.2361372147586893,0.12157567535729684,0.13773302958727213,0.06322734491414672,0.059909310572608496,0.015354495459149173,0.0,0.25073430282063236,0.25453893562677443,0.1800928584209949,0.1844425983467447,0.22638994503485405,0.22684164165489418,0.21042034336075582,0.21256200455077431,0.211126360274971,0.21026835350679984,0.21086417300311133,0.21123313247388878,0.21207599977524552,0.1558606457562901,0.20047951912174436,0.18149057317264272,0.25942747044828074,0.23439921946312525,0.2702680506134166,0.24010298510588315,0.23582418399808755,0.2403324367187199,0.2403593825820316,0.2394931510765854,0.23737440178834127,0.236944400703682,0.24233063719307538,0.24489472675386526,0.23735519572146183,0.23831747853392776,0.23530506389284384,0.24306583416866845,0.28060161857202703,0.1847761879298451,0.28686558858397315,0.21464840380397912,0.3095544800264645,0.34197148502653507,0.21842315459966927,0.3108743961017186,0.3108981016906129,0.3110809360440507,0.3120212548679533,0.22027184708136816,0.21546261449815912,0.2177995165509235,0.2144485708364399,0.4350043797815305,0.21268640189744298,0.2114422552642533,0.20062488885003588,0.2496630424405505,0.1888957472881207,0.18645913954708368,0.19854070857704115,0.20773415936129191,0.27560860414805893,0.19865770913450345,0.21009309717618116,0.19756286141032092,0.23668838665274328,0.2729638673822067,0.2343928598728069,0.13431350586739996,0.016366082854774002,0.2491740302904201,0.17935828789500588,0.18315074532409875,0.2270214155670504,0.22774659526217647,0.2095032932789262,0.21068181672464692,0.21462729354596674,0.21442505663068567,0.21528715743944932,0.21094846400546186,0.2079364913293153,0.20698286850436312,0.25952201025417104,0.2695514555777683,0.24328816583526197,0.23942948257754654,0.2399128793352448,0.24553315381320728,0.23690071114974176,0.23765983818350472,0.2343844140315005,0.24067817984054068,0.24666203040315043,0.23856347653200874,0.23849405958458514,0.2353269828182653,0.24618590184821165,0.2832259978663145,0.2867456123016358,0.21247954243856199,0.3112068446961316,0.31025755127616417,0.3118708753313244,0.31078694950736757,0.3111328488403393,0.21991832588735455,0.21615973100697894,0.21619663123874985,0.21438089416119754,0.20884115382428595,0.20117641817482124,0.24927451537849843,0.18895017311822737,0.18712380393532105,0.19732882167206234,0.20849011643990023,0.27485759461920645
