,lapgyn4_anatomical_structures,lapgyn4_surgical_actions,lapgyn4_instrument_count,lapgyn4_anatomical_actions,sklin2_skin_lesions,identify_nbi_infframes,laryngeal_tissues,nerthus_bowel_cleansing_quality,stanford_dogs_image_categorization,svhn,caltech101_object_classification,caltech256_object_classification,cifar10_object_classification,cifar100_object_classification,mnist_digit_classification,emnist_digit_classification,hyperkvasir_anatomical-landmarks,hyperkvasir_pathological-findings,hyperkvasir_quality-of-mucosal-views,hyperkvasir_therapeutic-interventions,cholec80_grasper_presence,cholec80_bipolar_presence,cholec80_hook_presence,cholec80_scissors_presence,cholec80_clipper_presence,cholec80_irrigator_presence,cholec80_specimenbag_presence,derm7pt_skin_lesions,idle_action_recognition,barretts_esophagus_diagnosis,brain_tumor_classification,mednode_melanoma_classification,brain_tumor_type_classification,chexpert_enlarged_cardiomediastinum,chexpert_cardiomegaly,chexpert_lung_opacity,chexpert_lung_lesion,chexpert_edema,chexpert_consolidation,chexpert_pneumonia,chexpert_atelectasis,chexpert_pneumothorax,chexpert_pleural_effusion,chexpert_pleural_other,chexpert_fracture,chexpert_support_devices,pneumonia_classification,ph2-melanocytic-lesions-classification,covid_xray_classification,isic20_melanoma_classification,deep_drid_dr_level,shenzen_chest_xray_tuberculosis,crawled_covid_ct_classification,deep_drid_quality,deep_drid_clarity,deep_drid_field,deep_drid_artifact,kvasir_capsule_anatomy,kvasir_capsule_content,kvasir_capsule_pathologies,breast_cancer_classification_v2,eye_condition_classification,mura_xr_wrist,mura_xr_shoulder,mura_xr_humerus,mura_xr_hand,mura_xr_forearm,mura_xr_finger,mura_xr_elbow,bean_plant_disease_classification,aptos19_blindness_detection,lapgyn4_anatomical_structures --shrink_train 800,lapgyn4_surgical_actions --shrink_train 800,lapgyn4_instrument_count --shrink_train 800,lapgyn4_anatomical_actions --shrink_train 800,laryngeal_tissues --shrink_train 800,nerthus_bowel_cleansing_quality --shrink_train 800,svhn --shrink_train 800,cifar10_object_classification --shrink_train 800,mnist_digit_classification --shrink_train 800,hyperkvasir_anatomical-landmarks --shrink_train 800,hyperkvasir_pathological-findings --shrink_train 800,hyperkvasir_quality-of-mucosal-views --shrink_train 800,hyperkvasir_therapeutic-interventions --shrink_train 800,cholec80_grasper_presence --shrink_train 800,cholec80_bipolar_presence --shrink_train 800,cholec80_hook_presence --shrink_train 800,cholec80_scissors_presence --shrink_train 800,cholec80_clipper_presence --shrink_train 800,cholec80_irrigator_presence --shrink_train 800,cholec80_specimenbag_presence --shrink_train 800,idle_action_recognition --shrink_train 800,brain_tumor_classification --shrink_train 800,brain_tumor_type_classification --shrink_train 800,chexpert_enlarged_cardiomediastinum --shrink_train 800,chexpert_cardiomegaly --shrink_train 800,chexpert_lung_opacity --shrink_train 800,chexpert_lung_lesion --shrink_train 800,chexpert_edema --shrink_train 800,chexpert_consolidation --shrink_train 800,chexpert_pneumonia --shrink_train 800,chexpert_atelectasis --shrink_train 800,chexpert_pneumothorax --shrink_train 800,chexpert_pleural_effusion --shrink_train 800,chexpert_pleural_other --shrink_train 800,chexpert_fracture --shrink_train 800,chexpert_support_devices --shrink_train 800,pneumonia_classification --shrink_train 800,covid_xray_classification --shrink_train 800,isic20_melanoma_classification --shrink_train 800,deep_drid_dr_level --shrink_train 800,deep_drid_quality --shrink_train 800,deep_drid_clarity --shrink_train 800,deep_drid_field --shrink_train 800,deep_drid_artifact --shrink_train 800,kvasir_capsule_anatomy --shrink_train 800,kvasir_capsule_content --shrink_train 800,kvasir_capsule_pathologies --shrink_train 800,mura_xr_wrist --shrink_train 800,mura_xr_shoulder --shrink_train 800,mura_xr_humerus --shrink_train 800,mura_xr_hand --shrink_train 800,mura_xr_forearm --shrink_train 800,mura_xr_finger --shrink_train 800,mura_xr_elbow --shrink_train 800,bean_plant_disease_classification --shrink_train 800,aptos19_blindness_detection --shrink_train 800
lapgyn4_anatomical_structures,0.0,0.5220379109278427,0.5498548796138165,0.574324331660282,0.8013663949245314,0.978069778058192,1.2683047025101937,0.564175921971307,0.9835300241185944,1.0365647640232483,0.79755420778537,0.773226389605808,0.7204085594990217,0.7381683548292481,1.1269679396435337,1.1553132493531197,0.5942520823404471,0.5728274744798709,0.5556570392480037,0.4922683622744657,0.4767625455120943,0.47702812512546067,0.4759058326257728,0.4781034141876198,0.4773349776998726,0.47745930527228475,0.47620436714863723,0.8307686189411858,0.6120654678710837,0.8178400900851521,1.0632598912820834,1.0509936696223499,0.9417622246309945,0.6656793680338816,0.6663125493315485,0.6842369618608077,0.6605384580961431,0.6883652415011351,0.6591119741778917,0.6563597849825173,0.6928320533948136,0.682177965636584,0.6744605181558532,0.6550931913709859,0.6765149461094763,0.6998093161548353,0.8306931246209702,0.862910212304495,0.8237837150664405,1.0245588991927073,1.0287233301152297,0.7995383703209391,0.6992929979690059,1.0306881598200603,1.0298044007607066,1.0301995472669978,1.030229970701287,0.7135184154560084,0.7036901706335794,0.7036695881375638,0.9844512305087635,1.2169795988824537,0.7588996299622333,0.641617266418963,0.7535512536217375,0.7006364769348488,0.7239771642130521,0.680199582786094,0.718985637160477,0.8727684138142165,0.9129007851195041,0.6131621664218371,0.535664685118324,0.5474325745372088,0.5698558544885389,1.2711887796756915,0.5640701856279765,1.0271031981138417,0.7242204022261982,1.1281788787766227,0.5973528189906466,0.5734607931180011,0.5550918482459144,0.49393254169003,0.4759884372902023,0.4807555374928414,0.47504633981509015,0.4776240380867376,0.47851005338907515,0.4804767075253219,0.48100242926780545,0.6090781323839249,1.061937473019552,0.939590616322207,0.6717321663466131,0.6671882833139462,0.6825630725180954,0.6587608821146477,0.6906906371756469,0.6610737181174482,0.6591304455154227,0.6889049492926169,0.6877918444887944,0.6801595102417259,0.6513992635459743,0.6732013481652597,0.6988907480059776,0.8292799918034761,0.8258968380963936,1.0177419710304363,1.0306567404978213,1.0283673790783903,1.0320411885547975,1.0311304267049444,1.0308742919019755,0.7091254119267061,0.7052687028940035,0.706015371999055,0.7612169716874686,0.6375950413783069,0.7515291696818875,0.7012307264902603,0.7242585976094369,0.6851022162390539,0.7194516442247806,0.8738927570658529,0.907439991348619
lapgyn4_surgical_actions,0.610092133912139,0.0,0.5498917957153788,0.5742889025626061,0.8015607169336288,0.9782686764765259,1.2685321423893146,0.5642667938517753,0.983690907840795,1.0367108240720717,0.79767974831284,0.7733427867873177,0.7205284711468529,0.7383021949841965,1.1271221225614685,1.1554803102655076,0.5944067262829354,0.5729832509183006,0.5557590156823381,0.49234488259523523,0.47680274046792726,0.47706699012590553,0.47594506057835484,0.4781439695159699,0.47737449579384794,0.4775000062381227,0.47624397338602537,0.8309501024305321,0.6121106428967487,0.8180180976965918,1.0634826942913234,1.0512384349744675,0.9419088538452326,0.6657708826202049,0.6664007532659306,0.6843233184318345,0.6606304049736316,0.6884524389687754,0.6592019790476982,0.6564513037411753,0.6929207419892149,0.6822633955001,0.6745489532922856,0.6551834438260051,0.6766091033957424,0.6998943737847887,0.8307949615246992,0.863099573885124,0.8238793972727527,1.0247887605503978,1.0289299273466834,0.7995877257035789,0.6993722537932383,1.0308940074015067,1.0300097151895986,1.0304061294156313,1.0304357377113584,0.71360756283697,0.703801100943831,0.7037814677353939,0.9846011214712532,1.217159324688897,0.7589476769561228,0.6416877784405035,0.75363888545766,0.7006782113645708,0.7240354314900224,0.6802665606702553,0.7190509045000408,0.8729065063668524,0.9130725652568094,0.6133398257370652,0.5356760653745972,0.5474670830022283,0.5698160451259913,1.2714174271469598,0.5641597501017243,1.0272559531572745,0.7243416300483424,1.1283326297332963,0.5975092684274099,0.5736156114126093,0.5551924478998901,0.49401078058057035,0.4760296209849993,0.48079646758019384,0.4750838907850456,0.4776632680117203,0.47854376937028165,0.48051815706670004,0.48104381687680636,0.6091182456570194,1.0621620699573497,0.9397377910862025,0.6718222292552711,0.6672743445742212,0.6826482068212266,0.6588493765621432,0.6907800339832801,0.6611642517443086,0.6592240792291095,0.6889942872313012,0.6878771187799386,0.6802481946937154,0.6514881309695844,0.6732915183703562,0.6989736399254246,0.8293788217312973,0.8259951870880186,1.017973097738677,1.030862943750359,1.028574613673993,1.0322475908146242,1.0313362804877233,1.0310814488929778,0.7092156702314079,0.7053785538044512,0.7061255053655907,0.7612649220306865,0.6376638075718909,0.7516145704298187,0.7012758681493809,0.7243209546075586,0.6851721108967024,0.7195174166247359,0.8740303361960066,0.9076115231356232
lapgyn4_instrument_count,0.6100650636487838,0.5220406344537344,0.0,0.574238422070923,0.8014706522653187,0.9781864816979816,1.268414937860748,0.5642392851724534,0.9835921934166398,1.0366162255165028,0.7975925426362827,0.7732574884726513,0.7204499554866423,0.7382215318637093,1.1270257471898695,1.1553787503457311,0.5943541512480484,0.5729327737425111,0.5557435592587724,0.49235834964489733,0.4767459812497882,0.47701162515195994,0.4758885495895906,0.4780871457171874,0.47731859893055945,0.47744333036055925,0.4761876908279084,0.8308697500904105,0.6121033551778448,0.8179814149203974,1.063382145420707,1.0511208777151952,0.9418464912908531,0.6657621814950327,0.6663958900661788,0.6843210054568649,0.660621323822956,0.6884501545995803,0.6591943837533198,0.6564436907993465,0.692917991966251,0.6822615765878745,0.6745431385984615,0.6551743605418325,0.6766010066957793,0.6998925280955386,0.8307710827092564,0.8630231269148029,0.8238601631824203,1.0246957300783044,1.0288298291929252,0.7996028182839651,0.6993547282033409,1.0307930176406115,1.0299099423753528,1.0303059429042771,1.030335891436284,0.7135530286052344,0.7037535110776223,0.7037367120451204,0.9845535222427109,1.2170627325599885,0.7588959643654554,0.641647497863276,0.7535690327807503,0.7006595625919958,0.7239770527651477,0.6802179945278466,0.71899539548848,0.8728532283607277,0.9129958673593903,0.6133118034646676,0.535655037156102,0.5473987901343694,0.5697700062863855,1.271298983106006,0.5641324963896268,1.0271619131602006,0.7242617143838979,1.128237163741781,0.5974567608710981,0.5735646556077802,0.5551765127135586,0.4940237962447125,0.47597348118766414,0.48073961333937887,0.47502942053899305,0.47760626890001445,0.47848795670955313,0.4804604845714493,0.480985377065281,0.609115442402402,1.0620617862065795,0.9396747500300822,0.6718170222441285,0.6672717371748498,0.6826445714188886,0.6588453664385719,0.6907746584245532,0.6611578788843726,0.6592147132774773,0.6889909601098014,0.6878769275881848,0.6802428701178138,0.6514789171872488,0.6732858245621811,0.6989733027306694,0.8293576690953642,0.825976768935625,1.0178807255653168,1.0307624485878795,1.0284742943277965,1.0321479864013778,1.0312361451570307,1.0309807440345822,0.7091619225097299,0.7053305008060706,0.7060811238976412,0.7612137339641262,0.6376238646537864,0.751544870723419,0.7012563851790471,0.7242611311594878,0.6851213624271828,0.7194615898999925,0.8739776099653931,0.9075359388506461
lapgyn4_anatomical_actions,0.6100755040384116,0.5219887525195926,0.5497877488748006,0.0,0.8015406032141025,0.9782331723745974,1.268473364875729,0.5642951283020605,0.9836240165077533,1.0366536760442693,0.7976142542972805,0.7732764435626827,0.7204792333761473,0.7382545598948954,1.1270726554383954,1.1554283208745944,0.5944225926351665,0.5729999704334732,0.5557883716400502,0.4923874742757617,0.4767568245447642,0.4770224294976084,0.475898941588664,0.4780978138180633,0.4773293402955259,0.4774549071220687,0.47619870425263217,0.8309287543386135,0.612096569373076,0.8180380877780351,1.0634763211350742,1.0512046873965728,0.9419079882912768,0.6657854608190855,0.666415949538929,0.6843395601493425,0.6606461460262292,0.6884672067152137,0.6592160860940555,0.6564689114424473,0.692936682682041,0.6822782266915925,0.6745627382245059,0.6551984492536608,0.6766216742915435,0.6999073014839028,0.830807101048205,0.8630812637937109,0.8238931032375273,1.0247681138048308,1.0289303415071402,0.7995991156334922,0.6993950767402518,1.0308950619392256,1.0300111870581727,1.0304069984867288,1.0304375621931094,0.7136123476228908,0.7038222719053897,0.7038054095964716,0.9845993990392983,1.2171522726310608,0.7589141380179103,0.6416796213820056,0.7536028695659218,0.7006633229947243,0.7239941408050458,0.6802278437689184,0.7190230345137616,0.8728739956303315,0.913078171875053,0.6133224261603925,0.5356058856810282,0.5473644234420626,0.5696485960112911,1.2713587174325085,0.5641853827877369,1.027206021332443,0.7242920788043423,1.1282825713510936,0.5975248307434261,0.5736312539636446,0.5552210460277631,0.4940534746292632,0.4759856957908122,0.4807513832678003,0.4750402833782722,0.47761897801986797,0.4784955658697529,0.4804719581646502,0.48099730407274965,0.60910638942945,1.0621578322802552,0.9397365358607191,0.6718383176008353,0.6672919091019249,0.6826628425094583,0.6588686347256646,0.6907927508506323,0.661179382895603,0.6592400672381036,0.6890115761325271,0.6878920929706124,0.680262514596227,0.65150351862733,0.67330359219218,0.6989874034233743,0.829393243432399,0.8260109020490144,1.0179540714121804,1.0308633456030456,1.0285762502372044,1.032248699218071,1.031336390919758,1.0310833287082968,0.7092215636521946,0.7053990466647817,0.7061466686661202,0.7612320253864602,0.6376546952689947,0.7515787943831005,0.7012612481480075,0.7242804319007009,0.6851327213153138,0.7194912884728302,0.8739990338839018,0.9076193832363775
sklin2_skin_lesions,0.6100490987930771,0.5221842148386345,0.5498973851554096,0.5745006741286733,0.0,0.9776614876602336,1.2677634364752717,0.5640289464188023,0.9830780357590684,1.0361302703749247,0.7971252225341842,0.7727946512108859,0.7200354787886623,0.7377623001423123,1.1265967659359546,1.1549128521921925,0.5939821995707001,0.5725994675705804,0.5555660626985695,0.4922406931504526,0.47674177431251386,0.47701345986967353,0.4758882503477593,0.4780804681190174,0.4773167734776981,0.47743941901613923,0.47618936831299474,0.830058333872764,0.6118610475832265,0.8173504097013251,1.062796609196614,1.0502654132600164,0.9413779368872042,0.6654813528874315,0.6661183160039207,0.6840447305899944,0.6603382239226278,0.6881801412151353,0.6589127248967711,0.6561565206986624,0.6926461679962915,0.6820004895032072,0.6742655459363128,0.6548762187112906,0.6763311063973741,0.6996169577589832,0.8305193771960668,0.8621166681324406,0.823623256516999,1.0237930461003844,1.0281010723657897,0.7994605567731337,0.6990136876269301,1.03006477829083,1.029180359527619,1.0295756147640907,1.0296077199519529,0.7130572366538214,0.7032066124831533,0.703191466529045,0.9839690003058745,1.2164408097802095,0.7586470014249731,0.6413764481503887,0.7532507973932768,0.7004920420166887,0.7237247789836083,0.67996092631294,0.718689054515506,0.8723824429696279,0.912279871741379,0.6132900682374073,0.5357866133902788,0.5474949488967127,0.5700418182551861,1.2706438988644675,0.5639195998396522,1.0266757151213293,0.7238435904186593,1.127807513301128,0.5970846835503851,0.5732295966722205,0.5549994721947674,0.4939111536285331,0.47596189772195746,0.48073553614137976,0.47503294207559443,0.4776116066118973,0.478507600094016,0.48045866591660374,0.48096574494164246,0.6088930841188489,1.0614761719910355,0.9392059933476677,0.671543941477915,0.6670058856806962,0.6823686915822877,0.6585651877811597,0.6904911732674399,0.6608643432664388,0.6589222240584195,0.6887168951834475,0.6876140322382301,0.6799607091921417,0.6511761681859863,0.6730180702721122,0.6987094368260142,0.8291143399325979,0.8257369810676529,1.016980939690866,1.0300345504503845,1.027744054194331,1.031420436553609,1.0305060496573069,1.0302527711419531,0.7086629210107317,0.7047823136271185,0.7055344118056499,0.7609744725031963,0.6373539213583946,0.7512311623529194,0.7010927110576962,0.7239999659221765,0.6848676550912891,0.7191500669306595,0.8735063717928686,0.9068198536116681
identify_nbi_infframes,0.6095534756999722,0.5217135490121821,0.5494002703647087,0.5740363440416112,0.8004313934718716,0.0,1.2665658278824092,0.5637843393255545,0.982154661516582,1.0351550918532662,0.7963090423624523,0.7719865060633463,0.7193226393072526,0.7370278512548508,1.1256814474624262,1.1539878481613457,0.5936102473568683,0.5722315760849552,0.5552776361021832,0.4919156511679327,0.4763099261535817,0.47659785787736875,0.47545082476833933,0.47764099616272027,0.4768892280854757,0.4770030527276122,0.475767764507988,0.8296343584530117,0.6112526009778156,0.8167459465201585,1.0619105593846587,1.049738657324252,0.9408367879455071,0.6650876817965086,0.6656857224525194,0.6836021904067527,0.6599546804644836,0.6877250721449987,0.6585195751835541,0.6557652102426871,0.6921936532622187,0.6815845942289678,0.6738285097731316,0.6545055939920055,0.6759064967234895,0.6991523505445603,0.8300426653514558,0.8617699547141762,0.8231637338809094,1.0232231133870389,1.0277890029703753,0.7992300945546911,0.6986354487108913,1.0297511436260876,1.028868986687987,1.0292632233502312,1.0293034500266258,0.7129773626806654,0.7031494507196696,0.7031361075487352,0.9831626141036471,1.2160707216711963,0.7580437596658096,0.6408922852589842,0.7526363094800754,0.7000283325141016,0.7231016600837705,0.6793631150480943,0.7181217609640631,0.8718321020112728,0.9120507003339989,0.6127952699136964,0.5352934968963519,0.5470046522591008,0.5695756679431209,1.2694433821215858,0.5636722632985516,1.025710597472972,0.7231357397907228,1.126892171388083,0.5967119694403783,0.5728526855796688,0.5547043258626465,0.493581733977955,0.4755364994495884,0.48027483769846646,0.4746046323388161,0.47719447238853085,0.4780933457642228,0.48003918454871985,0.48053960788025973,0.6082931123538114,1.0605960893628466,0.938670300289507,0.6711533543749361,0.6665863789327922,0.6819293494759698,0.658218485864757,0.6900324469053466,0.660449849817133,0.6585253394861931,0.6882665348934175,0.6872012381932621,0.6795320557370077,0.6508017384814596,0.6725785457607707,0.6982618296455462,0.8286402103235408,0.8252733409299893,1.0164161973418835,1.0297131735507468,1.0274349878887794,1.031103940469311,1.0301924707303167,1.0299455172899632,0.7085985327496946,0.704727733017984,0.7054653780071237,0.7603649470302863,0.6368612669827329,0.7506285445064359,0.700654963652161,0.7233826965383887,0.6842673281202161,0.7185789319570545,0.8729568753580571,0.9065930033669458
laryngeal_tissues,0.6093981542617081,0.52162133975296,0.5492407922711935,0.5739402117862809,0.8000409275029609,0.9759712712986988,0.0,0.5636829272410718,0.9814949453581365,1.0342819184361869,0.7957218258567764,0.7714254400646142,0.7186615622093542,0.7363525028772397,1.1250158000788193,1.1532769954745195,0.5934944630458974,0.5721188495235319,0.5551981366190295,0.49194112721992234,0.47625736381614514,0.4765564662120217,0.47539923098474246,0.4775813597029607,0.47683545412449746,0.4769441712420654,0.4757160275834081,0.8291400480369306,0.6110396183400499,0.816450336969049,1.0613971041848893,1.0491742527104435,0.9405035855318963,0.6650580459575817,0.6656546715438104,0.6835559834356024,0.6599225967487141,0.6876794880358534,0.6584891442993819,0.655732734784457,0.6921510673293652,0.6815568537117689,0.6737877140280366,0.6544778282263886,0.6758687859338427,0.6990947358183096,0.8299276836023544,0.8613690093862278,0.8230693574917215,1.022583498348566,1.027411720445782,0.7992837974870862,0.6985130742918745,1.0293762217020812,1.0284968141138726,1.0288847889099146,1.0289282953432872,0.7127304723221749,0.7028830841129172,0.7028712187156233,0.9827794060599063,1.215715526732181,0.7577216604150048,0.6407361648846567,0.7523916646326168,0.6998518961662218,0.7228281752934345,0.6790782515196375,0.7178521888410867,0.8714885468097497,0.9117900268551214,0.612640783260631,0.5352293043112388,0.5468557670688219,0.5694843106736001,1.2681009422587892,0.5635697517560683,1.0248451872657451,0.7224666346931476,1.1262185242007976,0.5965970086690211,0.5727385769565496,0.5546289470381933,0.49360852731984867,0.4754801719811955,0.4802188530346946,0.47455691434765174,0.4771501167975676,0.4780587028010618,0.4799914964070274,0.4804858169471126,0.6081104488217958,1.0600823984996883,0.938332487428154,0.6711373735051578,0.6665721462040123,0.6818819856548688,0.6582069376955112,0.6899851867615064,0.6604151539576353,0.6584832281409451,0.6882297347820092,0.6871724915684566,0.6794865992332169,0.6507670701735521,0.672534272620313,0.6982226056660514,0.8285380412100285,0.825171747643186,1.0157845430252954,1.029333952797273,1.0270634681020723,1.030727564437721,1.0298149864635733,1.029568565176976,0.7083492239841405,0.7044613490899744,0.7052017654615138,0.760048602972227,0.6367011233317519,0.7503872919276795,0.7004928992785441,0.723102979213519,0.6839885367624889,0.7183100667880861,0.8726175510914987,0.9063348174814896
nerthus_bowel_cleansing_quality,0.6104155887583823,0.5224522371769453,0.5502485914306983,0.5747656427532842,0.8015543965440215,0.9783967161237672,1.2686108246191863,0.0,0.9838028009398506,1.0367062683117498,0.7977586711034481,0.7734156615399392,0.7205639445892298,0.7383365179597425,1.1271679979901836,1.1555113040029308,0.5943124295301176,0.5728452816967216,0.5553982720002648,0.4921883094143445,0.4769654542735915,0.4772281563081544,0.47610829347431627,0.47830744788587753,0.47753852021454085,0.4776637544270711,0.4764093161178417,0.8309687517947631,0.6120137809138564,0.8181194134680501,1.0634999104125278,1.051324506268274,0.9417967124978275,0.6657953785115527,0.6664100804944937,0.6843327282875932,0.6606490155840241,0.6884588835417662,0.6592231687046657,0.656466311348247,0.692928928077062,0.6822867166628446,0.6745612697900705,0.6552012590890108,0.6766391240648172,0.6999061523971082,0.8308662681636128,0.8631059586910437,0.8239512824867018,1.0248402232995555,1.0287966414802125,0.799691564891817,0.6992596623758708,1.0307606160699185,1.0298782479941189,1.0302749483846998,1.030300575702226,0.713340451246879,0.7035123547566273,0.7034882253921306,0.9846667059071511,1.2170158389391827,0.7589703053453729,0.6416329469329722,0.7535830191001032,0.7006853764769526,0.7240582157734194,0.6802414827431436,0.7190150073834288,0.8730657740364643,0.912921560821017,0.6136646376405123,0.5360877270537328,0.5478329192592093,0.5702919936861786,1.2714938518510324,0.5636349541789407,1.027242857369167,0.7243717882800578,1.128380722473531,0.5974134368931843,0.5734880428767148,0.5548294136732141,0.493854621430237,0.4761892840639572,0.480962263762483,0.4752504250715887,0.47782402343866603,0.4787150449497045,0.48068592564476953,0.4811981746771753,0.6090184373706495,1.062182182597854,0.9396254545199108,0.6718488988899141,0.6672852345100682,0.6826559784868744,0.658866284912726,0.6907861678490999,0.6611837182914952,0.6592389930179755,0.689003409465762,0.6878999956910975,0.6802596017126442,0.6515045465068329,0.6733263929493387,0.6989875293810588,0.829450766214683,0.8260664834346939,1.0180256910784056,1.0307339780898865,1.0284415584848763,1.0321161816867015,1.0312039183136168,1.0309462850725128,0.7089460769333158,0.7050931764203765,0.7058332786205799,0.7612881476713136,0.6376106873906273,0.7515610911956717,0.7012814369606453,0.7243412569476255,0.6851469270690935,0.7194805083957081,0.8741919345663416,0.907461131451846
stanford_dogs_image_categorization,0.6096127003756131,0.5217248693451756,0.5493897389712845,0.5740153175720724,0.8004641514623219,0.9767755879115176,1.26677302496104,0.5638077197514291,0.0,1.0352116238504867,0.7959660841303365,0.7716556592047936,0.7189768315864623,0.7367497313442932,1.1257231666156895,1.1540312746487018,0.5936761353415765,0.5723128561586688,0.5553269141680749,0.4919812059801318,0.4763718821045123,0.47666299163029163,0.47551914502203274,0.4777002430342694,0.476952174330755,0.4770610298366436,0.47582878472637624,0.82963614618558,0.6113455701231539,0.8168174636479032,1.06196677382163,1.0497105310838295,0.9407896502503766,0.665212517465665,0.6658240573422642,0.6837369691609181,0.660077603222835,0.6878649285060461,0.6586512811412328,0.6558853393029695,0.6923360509651966,0.6817129178208876,0.6739644068501218,0.6546372148309874,0.6760326880974796,0.6992815645697776,0.830184850426241,0.8618636356669052,0.8233066626716234,1.0233325246035392,1.027826352653624,0.799318051924275,0.6985272923821864,1.0297908332913326,1.0289079967668167,1.0293024206003458,1.0293454754329594,0.7129001701279093,0.7030481572132816,0.7030451518684087,0.9833411065695157,1.2160892104478496,0.757942402328677,0.6409127890997988,0.7526075536212595,0.7000011639547749,0.7229971935387198,0.6792788911806932,0.7180455494613275,0.8717344882204072,0.9120980094478428,0.6128495574531398,0.5353217169384902,0.5470041642752317,0.5695547225740994,1.2696602375493562,0.5636957625325696,1.0257585169155368,0.722790118101521,1.1269308698785518,0.5967874981822978,0.5729371554424273,0.5547538873689929,0.49364902935349186,0.4756181530189011,0.48035508505079605,0.4746698303782805,0.4772736389388217,0.4781526270391945,0.48011605977132255,0.48059851940379184,0.6083998119749379,1.060650821573482,0.9386261741415749,0.671286002006465,0.6667231787677941,0.6820710745747001,0.6583404553300124,0.690173778749832,0.6605867539448418,0.6586446029607644,0.6884074975320378,0.6873365395690781,0.6796731403029738,0.6509275876442937,0.6726848420367002,0.6984046492546926,0.8287897856426257,0.825415516721534,1.0165443853297502,1.0297530342162484,1.0274767727509844,1.031141601041255,1.0302275164120978,1.029985077884799,0.708523278452081,0.7046217985344768,0.7053752871390755,0.7602718004527779,0.636872245989582,0.7505919810002356,0.7006226053910538,0.7232799923319024,0.6841927146235889,0.7185147372537569,0.8728583366058962,0.9066435523452046
svhn,0.609898196647315,0.5220201867165631,0.5496785268520608,0.5743080054770533,0.8006052312833153,0.9767813756301902,1.2664540486728688,0.5638805554989255,0.9822035702159467,0.0,0.7963138070465121,0.771997540367301,0.7189360827054886,0.7366812157654058,1.1251680053588575,1.1534569960293954,0.5938991809895786,0.572501745460214,0.5554195656457498,0.49213655008102974,0.4765801365838816,0.4768743035811113,0.47572525505683494,0.47791242321698324,0.47716322808621364,0.47727859101156855,0.4760430199768071,0.8298155926701777,0.6114268528737943,0.8170054361829462,1.0620342509290905,1.0499707976200447,0.9409583029350677,0.6653398406882846,0.665946754203465,0.6838542163641593,0.6602011311056251,0.6879744878758784,0.6587706681034586,0.6560059004148229,0.6924425388198623,0.6818407384378374,0.6740788522099792,0.6547492727511169,0.6761520693510426,0.6994018924431349,0.8302594932048862,0.8620143802552603,0.8233846266861513,1.0234213955162486,1.0279354033468542,0.7994620345128621,0.6987390572673604,1.0299085544097042,1.0290249468571455,1.0294103606478406,1.0294469416830623,0.7130067411921887,0.7031655291328126,0.7031627395578669,0.9834373738464657,1.2161987849964109,0.7580295624490676,0.6410351923383764,0.7527049429109942,0.7000686511989742,0.7231358468781938,0.6793468591480485,0.7181431217280052,0.8720094217251023,0.9122533419596248,0.6131426181575687,0.535620669456053,0.5472845828805186,0.5698434208842549,1.2693340347715494,0.5637714180170574,1.024819797163331,0.7227348759797991,1.1263757860549541,0.5970005832801425,0.5731284213725167,0.554846407004502,0.49380390953983877,0.47580955584978135,0.4805537272505334,0.4748814989228854,0.4774812025316012,0.4783715960897754,0.48032408805465615,0.4808077859749693,0.6084741922212217,1.0607186024904447,0.9387880883800146,0.6714133403326735,0.6668516494731258,0.6821790334639932,0.6584633412235393,0.6902919901263858,0.6606922578203149,0.6587751703047643,0.6885270698549961,0.6874547251003064,0.6797836636918179,0.65103771078691,0.6727977867459944,0.698515015501121,0.8288649649372439,0.8254982860963399,1.01662152127266,1.0298555487909729,1.0275863780115033,1.0312593438492046,1.0303441171777363,1.0300904325623463,0.7086218181275277,0.7047432917262282,0.7054886691932802,0.7603615730435066,0.636996197470273,0.7506966617595521,0.7006873445945045,0.7234158506994053,0.6842601044734272,0.7186010264958298,0.8731381997845742,0.9067987587938886
caltech101_object_classification,0.609921496877004,0.5219789673177375,0.5496876014017722,0.5742648841639357,0.8008167549431714,0.9773101485448885,1.2673152572849824,0.5639237385347571,0.9824174001177561,1.0356127677712776,0.0,0.7721673377898421,0.719444575370284,0.7372104832185977,1.1260419832658364,1.15435919043304,0.5939497756440971,0.5725501712971366,0.5554682851286725,0.4921179046445879,0.4765870224862603,0.47687052662540214,0.475731752657758,0.4779217099095148,0.4771636680227906,0.4772849890720221,0.4760428040673716,0.830068301011148,0.611567472792586,0.8172627784104773,1.0624113449534314,1.0502787615482512,0.9410758915823573,0.6654162154129625,0.6660330232657086,0.6839526577404614,0.6602814885224202,0.6880779383422825,0.6588496528140941,0.6560902214239126,0.6925488430042626,0.6819172793711907,0.6741738130725564,0.6548373999719732,0.67624814175785,0.6995051288368203,0.8303693872849331,0.8622869904617501,0.8234757084477017,1.0238039520428617,1.028088752976119,0.7994092926803962,0.6987294279009895,1.0300547858735627,1.029171001220127,1.029563446295234,1.0296028632857386,0.7130185478515484,0.703185751723701,0.7031783997427641,0.9837543935245151,1.21631920071044,0.75819546520898,0.641113250444292,0.7528546034602901,0.7001498853834706,0.7232614881469457,0.6795048095202274,0.7182824461085242,0.8721016383356743,0.9123374911764592,0.6131613703045593,0.5355872891509756,0.5472929723849056,0.5698004685130553,1.270199133389967,0.5638127810892635,1.0261564539361447,0.7232560064775004,1.1272498171032557,0.5970590862995275,0.5731832348511634,0.5548971196380844,0.49378463358512004,0.47582280070287375,0.4805728616300034,0.4748814055584265,0.47747700586500075,0.47836439341532555,0.4803274227207328,0.48081536357905263,0.608600683589847,1.0610952280442676,0.9389113427339968,0.6714843202424179,0.6669315869424817,0.682278722824237,0.6585304316736321,0.69039451307032,0.6607907447678159,0.6588542682004421,0.6886220353451595,0.6875348491194284,0.6798801267255766,0.6511323552840825,0.6729082607232963,0.6986130557316688,0.8289653225920919,0.8255895521578995,1.017003949846622,1.0300207032171937,1.0277383440280918,1.0314072767190885,1.0304934009807627,1.0302461376586027,0.7086358995515653,0.7047684525639225,0.7055136843635645,0.7605208481965989,0.6370787131725983,0.7508380208086074,0.7007615149107836,0.7235440067970441,0.6844174119112898,0.7187471869283745,0.8732256311161725,0.9068827766277101
caltech256_object_classification,0.6099451935340224,0.5219899878894858,0.5497036319545509,0.5742742691065745,0.800855021896949,0.9773690542921498,1.267405341574674,0.5639243397339367,0.9824746448320918,1.035661708282428,0.7965278883526263,0.0,0.7194914526021844,0.7372530207659977,1.1261125808220565,1.154436368751495,0.5939645584654362,0.572564635385759,0.5554757892792315,0.4921135692132628,0.47658498791388526,0.4768673098849013,0.47572962332142654,0.47792069690501526,0.4771621472431785,0.4772830869325364,0.47604051325213087,0.8301091061072084,0.6115755176706126,0.8173053911959427,1.0624802077425786,1.050339967895147,0.941099850392544,0.6654115980787851,0.6660315814220247,0.6839521866958995,0.6602768747752807,0.6880792589921398,0.6588459169625092,0.6560879590342138,0.6925503152377656,0.6819150257903424,0.6741733445086475,0.6548331586499747,0.6762474679292171,0.6995078771572425,0.8303687208552322,0.8623312374887757,0.8234735976905608,1.0238650331663735,1.0280970949889527,0.7993972072407048,0.6987308270875983,1.0300625732084332,1.0291788850091443,1.0295720952733263,1.0296106476169982,0.713026189325961,0.7031969777669024,0.7031902570956104,0.983789793283752,1.2163245442662054,0.7581894390956683,0.6411001661449378,0.7528464398054335,0.7001464088173093,0.7232488966481028,0.6794980385269511,0.7182730445690706,0.8721385585806427,0.9123479815459569,0.6131871698117255,0.5355910664182746,0.5473083590484975,0.5698092685528451,1.2702888974259228,0.5638145789377375,1.0262047828020393,0.7233022800967827,1.1273202758303045,0.5970737763657765,0.5731969261352023,0.554905505509116,0.4937804215667713,0.4758191924704016,0.4805718346094687,0.47487873237990885,0.4774731632980508,0.4783594691708999,0.48032504807963194,0.48081255435146425,0.6086080378774639,1.0611633130370606,0.9389331887060297,0.671480372137885,0.6669279682508997,0.6822793016774186,0.6585246165203048,0.6903974078449617,0.6607886639119295,0.6588514560938202,0.6886236662441169,0.6875334013326628,0.6798806038764591,0.6511273801018457,0.6729071280672004,0.6986140466142989,0.8289645910401962,0.8255870281926531,1.0170619104392677,1.0300291442037832,1.0277458470002918,1.0314148428947694,1.0305017521136068,1.0302537957147881,0.7086440382113446,0.7047785566305459,0.7055258554813021,0.7605153982454743,0.6370653348072571,0.7508292760308968,0.7007585023902383,0.7235312871253898,0.6844093604111792,0.7187381718178456,0.873263400553084,0.9068928838788155
cifar10_object_classification,0.6101957440534135,0.5222455899304754,0.5499792442124545,0.5745342573187181,0.8011104425136706,0.9776728414214608,1.2675704069880387,0.5641039648562687,0.9828125693265639,1.0355450853219463,0.7968864101087254,0.7725661837058561,0.0,0.7372852256502944,1.1261991795975295,1.1545196813318814,0.594223656217568,0.5728099292320231,0.5556579223562911,0.4922967205281513,0.47682883314837593,0.4771081932065905,0.4759770035055647,0.4781659265812139,0.4774071750506184,0.4775259565026761,0.4762819987632194,0.8303951098498454,0.6118236785667615,0.8175241198221658,1.06281546938275,1.0506610524889775,0.9414726749696556,0.6656228017499097,0.6662357251723005,0.6841516021863231,0.6604825354292736,0.6882745615686698,0.6590504172348084,0.6562913127501536,0.6927460758132876,0.6821179950801837,0.6743794789857077,0.6550354718045645,0.6764476645609189,0.6997119507053431,0.8306371570671109,0.8625849016583368,0.8237438595458353,1.0241856417431705,1.0284595446884404,0.7996242748313435,0.6990073077621863,1.0304259907629258,1.0295403109047832,1.0299311408481497,1.0299688680520989,0.7132611875085515,0.7034345862407664,0.7034246341754002,0.9839983718155133,1.21668667272795,0.7585535889933822,0.6413978513389235,0.7532053636738408,0.7004398952279517,0.7236174698376985,0.6798451225507582,0.718622533356172,0.8724407699965181,0.9126769082074124,0.6134377442118824,0.5358624031022262,0.5475813162876306,0.5700674428094931,1.2704577086941202,0.5639932930733391,1.0260877279849605,0.7232612559770886,1.1274099107947153,0.5973293067423162,0.5734412801794742,0.5550883803985324,0.49397041526858515,0.4760583093760647,0.4808243359336041,0.47512386461089845,0.47771318369129523,0.47859933144944256,0.48056988591623984,0.48105477247372075,0.6088569681373253,1.0614947509230317,0.9393049134853804,0.6716869367631635,0.667125654851263,0.6824770846457733,0.6587216745794381,0.6905997321704765,0.6609968392508517,0.6590631552304869,0.6888248652282687,0.6877338254792983,0.6800827012552784,0.6513307481043282,0.6731062607397054,0.6988117677210072,0.8292330647963317,0.8258586537419702,1.0173800724027526,1.0303913010911308,1.0281044741058671,1.0317769183649979,1.030865466370108,1.030611805342903,0.7088768814606521,0.705004304047412,0.7057659971800982,0.7608782419048814,0.6373655830614949,0.7511870032272526,0.7010417144908514,0.7239011450112165,0.684758112073236,0.719088373167635,0.873566604658475,0.9072187736667117
cifar100_object_classification,0.6101552753895394,0.5222201667295836,0.549949162211413,0.5745139025906578,0.8010487299209822,0.9776042559406433,1.2674878717663323,0.5640779949654775,0.982821683583913,1.0355068276347283,0.7968794263909891,0.7725569884681518,0.7195022336027531,0.0,1.1261489644891298,1.1544638951920887,0.5941826716081838,0.572768389603743,0.5556244506354632,0.49227448108495087,0.47680194904093887,0.47708057819302585,0.4759491235597729,0.47813935336005675,0.47738003569724546,0.47750083918776787,0.4762556085648386,0.8303351553688645,0.6117953654926818,0.8174770314850119,1.062714472308869,1.0505882642494329,0.9413918783416079,0.6655807650081353,0.6661976365203105,0.6841153175731278,0.6604422557724805,0.6882385175391266,0.6590113548330813,0.6562528033274709,0.6927092121392394,0.6820792688027089,0.6743418948597231,0.6549962274748473,0.6764057703516184,0.6996764153692969,0.8305733124664714,0.8625262264780529,0.8236778165075139,1.0241077570863761,1.0283685803369087,0.7995758903630129,0.6989663258437767,1.0303354522143118,1.0294498542483907,1.029841296648958,1.0298780864880626,0.7132197818402172,0.7033911212861281,0.7033812523508355,0.9839566311656824,1.2166139650705778,0.7585041850961157,0.641364791499476,0.7531718894398359,0.7003953150865734,0.7235812319373445,0.679803933124963,0.7185892444655091,0.872387247388144,0.9126051549321107,0.6133967587150321,0.5358346904966633,0.5475493943349483,0.5700491424055361,1.270373615182403,0.5639683529497757,1.0260493370001826,0.723307583973237,1.1273576536156216,0.5972867859759549,0.5733997521814567,0.5550550758549528,0.49394636561712546,0.47602915540958496,0.4807945920052396,0.4750968731846926,0.47768488552681476,0.4785730356901215,0.480538731183756,0.48102725851314954,0.6088277577522255,1.0613933815484606,0.9392222400546992,0.6716443721290872,0.6670885206364571,0.6824393981582274,0.658681303726012,0.6905611265303621,0.6609575817838372,0.659023137400934,0.6887876223104501,0.6876941347242572,0.6800438986427192,0.6512928134658601,0.6730695618284073,0.6987750429533114,0.8291689007843539,0.8257912893827412,1.017300609443197,1.0303001847452884,1.0280139494097769,1.0316865010896967,1.0307748744719545,1.0305219359353042,0.7088350202955076,0.7049635765925424,0.705722167652022,0.7608292270891676,0.6373334109905405,0.7511552168842756,0.7009978742440814,0.7238652862298991,0.6847156322967686,0.7190524118243271,0.8735126523634337,0.9071471941323597
mnist_digit_classification,0.609906728034531,0.5219867455528192,0.5496397235427157,0.5742635185694555,0.8005951859036206,0.9768234141146268,1.2666667398766045,0.5638982727115895,0.9821308135445033,1.034715809412891,0.796211048136818,0.7718995666902501,0.7190157361688396,0.7367609449067648,0.0,1.1527619533046947,0.5938256751490054,0.5724492371327,0.555413497477346,0.4921776736509799,0.476543041848425,0.47683478698087434,0.4756915137105332,0.4778792737946484,0.4771304940068669,0.47724786323029367,0.4760098094543433,0.8297682112298553,0.611403764291013,0.81701403767187,1.0617678374150812,1.0498911533179758,0.9407737412023487,0.6654272622763497,0.6660363126274564,0.6839448329985418,0.6602886368497869,0.6880704624872982,0.6588550498119355,0.6560815908050268,0.6925378471403925,0.6819344690566616,0.6741609103566046,0.654832994340369,0.6762478471582692,0.6994832867702065,0.8303447476714831,0.861983771243932,0.8234624126258394,1.0234014014473887,1.0277921188903123,0.7994689032789118,0.6985883137293933,1.0297644160808026,1.0288840128455683,1.0292704961386008,1.0293020709946894,0.7129761397433985,0.7031385311332781,0.703129712756521,0.9835110127408642,1.2160106244154163,0.7579719982619224,0.6409959091974783,0.7525715622314378,0.699967787773439,0.7230055724895392,0.6792544648878852,0.718043819194061,0.8719872504375087,0.9121524874609029,0.6131420915341428,0.5355682587226982,0.5472522394765951,0.5698036184965133,1.2695371847156356,0.5637837541740061,1.0252564407237834,0.7228157169102774,1.1255536914581463,0.5969291934370606,0.5730773659101855,0.5548397032457917,0.4938375410177133,0.4757808024418239,0.48052805266905124,0.47484393311932027,0.47745344285630703,0.47833297344589487,0.48030747152784725,0.4807751976570602,0.608456932204593,1.0604541428514178,0.9386048237000223,0.6714976345241184,0.6669436361149581,0.68227134184175,0.6585561553475716,0.6903840900472105,0.6607633642360633,0.6588592138215491,0.6886099311080925,0.6875500791277347,0.6798770958103164,0.6511195142176299,0.6728696580891254,0.6986110334412431,0.8289452794405817,0.825573727624155,1.0166085144934724,1.02971586852967,1.0274407315258896,1.0311159797683653,1.0301993108959036,1.0299396122276965,0.7085966569270443,0.7047234709495797,0.7054593354711527,0.7603046060114037,0.6369581708577903,0.7505652279979926,0.7005779987432956,0.7232869130234473,0.6841705973247381,0.7184988870789071,0.8731185567755586,0.9067022434212886
emnist_digit_classification,0.6098309829427977,0.5219242045304353,0.5495546391609717,0.5742098920741219,0.800479260647769,0.976656082843619,1.266477433065202,0.5638587443823165,0.9819614565665652,1.0345478775755155,0.7960477544664093,0.7717421712319275,0.7188694815434764,0.7366070981638885,1.1242782324554912,0.0,0.5937616982867583,0.5723845498872409,0.5553863980581293,0.49213876909386767,0.4764841147084795,0.476776765385207,0.47563080626495047,0.47781622552434616,0.47706994375506995,0.47718823763994733,0.47595050164745434,0.8296155387575213,0.611312465076439,0.8168302810469592,1.061600160116402,1.049732594600223,0.9406483326607815,0.6653272136936448,0.6659293409903094,0.6838384308990964,0.6601891621817801,0.6879640561607592,0.6587564893520368,0.6559820198757002,0.6924324713625849,0.6818324578530237,0.6740556571516193,0.6547355068024054,0.6761422825978642,0.6993734076563933,0.8302643331510051,0.8618540439031792,0.823388037889267,1.023240903363722,1.0276506970126973,0.7994249554150353,0.698484492179248,1.0296245113380111,1.0287441891432019,1.0291290205948014,1.029164654853194,0.7129234824872729,0.7030973454283761,0.7030916834330068,0.9832655517479747,1.2158861141022885,0.7578746017733871,0.6409151045420449,0.7524874270595799,0.6998991864928091,0.722900204610544,0.6791672740384773,0.7179668359688545,0.8718844634459955,0.9120289797243795,0.6130729099718633,0.5354979003760791,0.5471741819501863,0.5697497602677488,1.2693496807260343,0.5637422130007308,1.0250890949324436,0.7226685223448843,1.1254919148103522,0.5968664258624395,0.5730121302344076,0.554809807940461,0.49380095395787543,0.47572311792778654,0.48046364919317597,0.47478219466793004,0.4773977788610161,0.47827945355191515,0.4802443291136438,0.48071141108348037,0.6083719032637926,1.0602855095198545,0.9384815941900675,0.6714003293400401,0.666842571196972,0.6821645390576009,0.6584650967189912,0.6902730868432093,0.6606581674659028,0.6587563532943774,0.6885015590969013,0.6874455979461332,0.6797700946618229,0.6510186574146463,0.672759578898608,0.6985051615045533,0.8288676213016641,0.8254988791809643,1.0164492525508162,1.0295725512688902,1.0273057312663683,1.0309741238181989,1.0300585804566709,1.0298021878869612,0.7085481616734651,0.7046793952986897,0.705417672720458,0.7602069471465999,0.6368741134589386,0.7504820173551912,0.7005168796818737,0.7231813824210311,0.6840822400000306,0.7184228474264213,0.8730144267125193,0.9065792822415837
hyperkvasir_anatomical-landmarks,0.6101960697172415,0.5222887424590388,0.550069283310674,0.5746102392588608,0.801280339821316,0.9780975637318211,1.2683452156050778,0.5639967387287269,0.9835673905569967,1.0365552288292006,0.7975772602449345,0.7732417321448635,0.7204263920128888,0.7381859646868834,1.1269481369727987,1.155305281709174,0.0,0.57268377236996,0.5555041117276236,0.49220700519640515,0.47682059698557594,0.47708631545277685,0.47596542613107784,0.4781619662946511,0.4773947774675316,0.4775196732336614,0.476265752253799,0.830730948588896,0.612037900375503,0.8178549218531763,1.063254530356697,1.050957611854079,0.9416902848409996,0.6656959459543196,0.6663253753522822,0.684252990188048,0.6605523631440058,0.6883831674942935,0.6591274605468975,0.6563717683610037,0.6928492372679438,0.6822016518390227,0.6744754486077069,0.6551029317000192,0.676543871005812,0.6998280854572557,0.8307088933664637,0.8628209028637005,0.8238009533705493,1.0245266269118052,1.028627800588104,0.7995577864935683,0.6991892828877843,1.0305918546146322,1.0297085388347966,1.0301057411168055,1.0301335808651975,0.7133213978771208,0.7034952498986333,0.7034723474293157,0.9844404402150005,1.2168822941063437,0.7588797377660583,0.6415540317060545,0.7534584016127107,0.700642839133692,0.7239450448822564,0.6801695300708404,0.7189110778060164,0.8727954885662907,0.9127627502052088,0.6134391261181977,0.53589424894966,0.5476530537272835,0.5701421975857324,1.2712278550581855,0.5638940135566951,1.0270923475317288,0.7242365555053645,1.1281583575360976,0.5971707428996971,0.5733190493453748,0.5549371400413157,0.4938737048162053,0.4760462452538516,0.48081616469541677,0.4751064644592524,0.47768338761158885,0.4785724873890894,0.48054131744304845,0.48105559128573044,0.6090534407554965,1.0619344215985727,0.9395193336598198,0.6717539991252486,0.6672034776281225,0.6825789800396201,0.6587750476079398,0.6907045110508385,0.6610871408595547,0.6591429837350316,0.6889223039780381,0.6878170479263129,0.6801749923009608,0.6514049731223011,0.6732303657084072,0.6989115620406934,0.8292964776410883,0.8259159298765876,1.0177116022833406,1.0305642661536296,1.0282714852769261,1.0319473372816934,1.031035725496158,1.0307787007204938,0.7089302327107331,0.7050753254880449,0.7058162230744458,0.7611988544677183,0.6375311498219336,0.7514389004484741,0.7012373336025892,0.7242265514433546,0.6850747746756148,0.7193753732264968,0.873919399860898,0.9073034333300398
hyperkvasir_pathological-findings,0.6102257363164107,0.5223161945441819,0.5500991767821497,0.5746334320431259,0.8013537005383399,0.9781698407950578,1.26840172335106,0.5639809881055958,0.9836397057769977,1.0365969485924555,0.7976297777386185,0.7732946680252601,0.7204647215596075,0.7382273023697169,1.1270012979132564,1.1553532072503472,0.594150216291502,0.0,0.5555060972969856,0.4921930743503877,0.4768374530507329,0.47710199327894826,0.47598149351288754,0.4781786566312336,0.47741155853766803,0.4775364371662376,0.4762818652500809,0.830804619020518,0.6120286445820409,0.8179221206009262,1.0633099175429215,1.051056559129826,0.9417228305934631,0.6657423540889305,0.6663692678139695,0.6842974472929858,0.6605979881645354,0.6884266914345964,0.6591733582168424,0.656417155043884,0.692892382622262,0.6822457057427178,0.6745203691512057,0.6551472145489415,0.6765871369594253,0.6998731290042095,0.8307525348873384,0.8629019767145553,0.8238420199826723,1.0246094236874481,1.028668319365343,0.7996049748795782,0.6992098512694987,1.030631738722744,1.029748379912928,1.0301468517441836,1.030174191744334,0.7132902797426174,0.7034708342363656,0.7034487163203577,0.9844986495519418,1.2169250665138747,0.7588935986208574,0.6415842169865802,0.7534905618610493,0.7006365167622071,0.7239644316836531,0.680183448753245,0.7189350851300736,0.8728660344193042,0.9127917604983126,0.6134695894237943,0.5359313229463254,0.5476830500141798,0.570165592324025,1.2712838749155666,0.5638779673175772,1.0271333778862692,0.7242734932189102,1.1282116682838543,0.5972521869794206,0.5733262372182163,0.5549390116463682,0.49386120417458335,0.4760624273234286,0.48083309115144396,0.4751243538018951,0.4776981866665062,0.4785872923215203,0.4805581604620118,0.48107185728190677,0.6090410040304811,1.0619906753769368,0.9395515130752052,0.6717986149618094,0.6672467203220211,0.6826214931366005,0.6588193029344913,0.6907484919888537,0.6611334126327092,0.6591891902248199,0.6889657462777932,0.6878601680859735,0.6802200339214557,0.651451137624963,0.6732734186103949,0.6989543715142914,0.8293399618251498,0.8259574240697879,1.0177951869319861,1.0306043628946644,1.0283116601363484,1.0319877121483698,1.0310758097543817,1.0308180822365298,0.7088979082039164,0.7050487780529512,0.7057933092137028,0.7612129537682947,0.6375615215740246,0.7514703069233737,0.701231546261836,0.7242449695630577,0.6850876215981506,0.7193986124249819,0.8739894088072,0.9073313540527553
hyperkvasir_quality-of-mucosal-views,0.6103717559568419,0.5224162564466922,0.5502275998059702,0.5747290957570867,0.8015649133954664,0.9783732708541566,1.268602729594937,0.5638632437816504,0.9837966392858425,1.036706924758637,0.797769627012455,0.7734330788014323,0.720578319051203,0.7383483136251039,1.1271532016451817,1.1555033018676373,0.5942922140196638,0.5728443420084877,0.0,0.4921888771636368,0.4769631814298735,0.4772257958237581,0.4761056241066656,0.4783049640794898,0.4775357832160928,0.4776611388699388,0.47640667966195277,0.8309929592723635,0.6120394972966307,0.818102737850074,1.0635126466784146,1.0512967262087018,0.9418366331688123,0.6658214209277162,0.6664397670093023,0.6843616171034759,0.6606776368153153,0.6884872985598791,0.6592509432220555,0.656495592108566,0.6929563828852989,0.6823102269246908,0.6745895332666015,0.6552301570918676,0.6766590692223075,0.699933006155624,0.8308397433983623,0.8631004806321718,0.8239221172968758,1.0248258874778817,1.0288778523610522,0.7996659916208086,0.6992802020971611,1.0308423587222162,1.029958798307561,1.030357165862073,1.03038176705125,0.7134312309677777,0.7035993595586114,0.7035727311767639,0.9846634268566902,1.2171045637858224,0.7589936048201323,0.6416773458800069,0.7536287015057148,0.7007009105191908,0.7240893637578039,0.6802659027458724,0.7190472849961099,0.8730391207133539,0.9129885771577484,0.6136165852098814,0.5360493077753686,0.547809540133603,0.57025644790026,1.2714854787073362,0.5637597308810862,1.0272444436788675,0.7243889787643919,1.1283651259964347,0.5973931726476114,0.5734870257283446,0.55479866006294,0.4938550130974518,0.4761878575054147,0.48096002948940336,0.47524751767457984,0.4778238652272657,0.4787111265887273,0.48068187077045343,0.48119824058332855,0.6090450841931965,1.062193848354708,0.9396644189275245,0.6718746602691125,0.6673143689352358,0.6826859447240872,0.6588932804640433,0.6908150006986762,0.6612104844812561,0.6592695237790097,0.6890317411056428,0.6879229927937182,0.6802887588736344,0.6515343747210931,0.6733467838207624,0.6990143435810745,0.8294223022611527,0.8260375178756768,1.0180114344961342,1.0308159059494755,1.0285231257627345,1.032197913809187,1.0312855805943095,1.0310271599658944,0.7090381915263244,0.7051803912630832,0.7059169722573942,0.7613115637316492,0.6376541995456323,0.7516079190354501,0.701296635121869,0.7243730969845581,0.6851716318070058,0.7195133046393968,0.874164536653104,0.9075282791594015
hyperkvasir_therapeutic-interventions,0.6103523338523922,0.522371740622543,0.55020851329386,0.574701620957275,0.8016214762800382,0.9783850132115883,1.268710028282561,0.5639950596232881,0.983839481546581,1.0367848324602336,0.7977875927713687,0.7734419286914498,0.720600354424998,0.7383767987347355,1.1272629416263553,1.1556171641720747,0.5943456413039612,0.5728819724278503,0.5555313826258214,0.0,0.4769259011865665,0.4771883031701353,0.47606910317186857,0.478268374681284,0.47749991186923807,0.47762382900179373,0.4763696153527887,0.8310435660964781,0.6120245399338444,0.8180879170494021,1.0635673387414388,1.0513938003123628,0.9418613066143146,0.665756194526262,0.6663771441341296,0.6843038821350452,0.6606099328741041,0.6884305820369832,0.6591866710931288,0.6564283171585024,0.692898048022758,0.6822478769887449,0.6745287415484508,0.6551645567425213,0.6765998852621345,0.6998790104707544,0.8307840777069755,0.8631592674075236,0.8238624156761515,1.0248972269533265,1.0289084868116662,0.7996256978420843,0.6992464124064611,1.0308733381636679,1.0299895086728286,1.0303888455493109,1.0304170779246613,0.7135167607800108,0.7036829619021298,0.7036607102563663,0.984658470608582,1.217169753500596,0.7589819386299859,0.6416581799162469,0.7536549566729032,0.7006659956282368,0.7240847405219368,0.6802691729740911,0.719056566406848,0.8730523907950397,0.9130068633057598,0.6135990691930143,0.536006845106768,0.547789077976217,0.5702276257958577,1.271596870062408,0.563891849365314,1.0273210522548673,0.7244106419551555,1.128473949872216,0.5974509665970694,0.5735222189001354,0.5549622830158232,0.4937234580526372,0.47614830427344357,0.48092249047939706,0.47520754089462514,0.47778622676759064,0.47867316695109885,0.48064828921463815,0.4811638176364694,0.6090257622684229,1.0622456357883325,0.9396911454323353,0.6718091252974201,0.6672493281735061,0.6826277967098296,0.6588237488330001,0.6907615615217594,0.6611460097293709,0.6592047401848897,0.6889723036006734,0.6878645561151131,0.6802305440453198,0.6514660589849823,0.6732842976576772,0.6989560948569387,0.8293656072913793,0.8259771611456896,1.0180869110504782,1.0308455845133266,1.0285545800176128,1.0322293638307352,1.0313162489189989,1.0310608186538994,0.7091222005436958,0.7052637113868838,0.7060059806147754,0.7613011198646007,0.6376372528868974,0.7516318871100637,0.701264194376136,0.7243685857241833,0.6851742036693086,0.7195212715937495,0.8741772479332911,0.9075416781386589
cholec80_grasper_presence,0.6102926639888497,0.5222826038341002,0.5500687125349993,0.574535888691775,0.8016000566627078,0.9783688236733498,1.2686341564356918,0.5642358408960351,0.9838231052100701,1.0367804510263388,0.7977939435854504,0.7734499505515436,0.7206195728060382,0.7383925359674592,1.1271870843767697,1.1555459236115444,0.5944121661909512,0.572975828188192,0.5557664859047864,0.4923652725069313,0.0,0.4770522301392511,0.47593292979832297,0.47813166473774904,0.47736312904693134,0.4774875297532122,0.47623268363595167,0.831032853167655,0.6121230812209131,0.8181266899573747,1.0634969223761295,1.051316688907316,0.9419254704446783,0.6657933086074392,0.6664300862696121,0.6843632389878442,0.6606502880865744,0.6884929835931142,0.6592252956619508,0.65647208500125,0.6929586450452885,0.6823001620401237,0.6745835555340698,0.6552000760253154,0.6766418761792135,0.6999408522798303,0.8308251444965185,0.8631551330978344,0.8239092554274,1.0248769025078988,1.0288637593882957,0.7996312977559905,0.6993509653780775,1.0308250947673856,1.0299419628734874,1.0303398495627893,1.0303679087950022,0.7135543848645473,0.7037472892196315,0.7037290738554827,0.9846918200129205,1.217082157201241,0.7589751236689786,0.6416534595692849,0.7536012097716863,0.7007045582781848,0.724045074920318,0.6802818772240367,0.7190336375768709,0.8729997432393252,0.9130074678613855,0.6135415147770159,0.5358962321691814,0.5476491968042289,0.5700635262644201,1.2715194307445636,0.5641341257252798,1.027322956977564,0.7244282817049703,1.1283967476062229,0.5975156890311435,0.5736094864494541,0.5552011771406045,0.49403147844534967,0.4760164472048237,0.4807839782027939,0.4750711318367705,0.47764497125777317,0.4785313026967931,0.4805102399533199,0.48102787861940305,0.6091277210450694,1.0621745141938153,0.9397539756311996,0.6718460501070107,0.6673051176558487,0.6826869587955702,0.6588667151021665,0.6908198994855002,0.661187066561698,0.6592462016150932,0.6890324136105556,0.6879174096467063,0.6802838552274418,0.651504287857256,0.6733282104522119,0.6990171213793107,0.8294109890517816,0.8260254872092084,1.0180610852837753,1.0307974778117601,1.028506591895533,1.032180216805966,1.0312710794445543,1.0310134787058145,0.7091609537772144,0.7053246487985025,0.7060748842670113,0.7612929473282698,0.6376330613220765,0.7515778982903505,0.7012999677553431,0.7243295506365679,0.685186056210775,0.7194946757999018,0.8741230655202632,0.9075458115715653
cholec80_bipolar_presence,0.6102951216054454,0.5222842321034904,0.550071197759511,0.5745381496906339,0.8016041215954858,0.9783746130580158,1.2686421857315473,0.564235223188861,0.9838289983102136,1.0367863699336524,0.797798142544351,0.7734542413422452,0.7206238457744713,0.738397109054969,1.1271927735169598,1.1555516003886108,0.5944137222377106,0.57297740100524,0.555766184303639,0.49236416186541215,0.4767903802245664,0.0,0.47593293888456306,0.4781317133272447,0.4773632038563889,0.4774876988579842,0.47623284657944726,0.8310376861911424,0.6121222207970298,0.8181328667425478,1.063501010343635,1.0513225006494151,0.9419256229684949,0.6657939649602365,0.666430771006465,0.6843639036394148,0.6606514410722363,0.6884939472045067,0.659226182243713,0.6564729679924495,0.6929594329161125,0.6823010174029864,0.6745841068776637,0.6552014098329254,0.6766430039057479,0.6999415932722977,0.8308266145502082,0.8631603883828071,0.8239104807638775,1.02488304952343,1.0288625614762186,0.7996317497516503,0.6993503255365536,1.0308238640218155,1.0299406812373937,1.0303387518781255,1.0303669614340136,0.7135552599678595,0.7037480278805197,0.7037294159203049,0.9846979292132856,1.2170806502111424,0.7589752615014539,0.6416537156578073,0.7536031911633851,0.7007038594785888,0.7240462355458956,0.6802830357357259,0.7190342650297843,0.8730037262043083,0.9130057231464755,0.6135442518003472,0.5358981367055842,0.5476515500860081,0.5700656283708312,1.271527511877508,0.5641329378921311,1.0273283391443453,0.7244326782149347,1.1284024068541232,0.5975179166380501,0.5736106495524537,0.5552008964805322,0.49403028574131286,0.4760163688746405,0.48078436172819555,0.47507075880491023,0.47764473133527663,0.4785314358026844,0.4805099874857995,0.4810277915871171,0.609126759966221,1.0621784832836276,0.9397539666319619,0.6718468327578598,0.6673058726660058,0.6826879644679941,0.6588675880696918,0.6908202863218366,0.6611879934411314,0.6592474466497953,0.689033053169998,0.6879180865658853,0.6802849677523906,0.6515052377231678,0.673329420949726,0.6990174941617925,0.8294126467106787,0.8260274571772166,1.0180669102826292,1.0307964899276367,1.0285055033846746,1.0321791807235532,1.0312700574940892,1.031012297556149,0.7091615313884821,0.7053256570853744,0.7060747527568022,0.7612933162015735,0.6376330044588855,0.7515800867696136,0.7012991686304846,0.7243313139401529,0.685186826773354,0.7194952606304584,0.8741267563306512,0.9075439688172355
cholec80_hook_presence,0.6102948439900097,0.5222836816391744,0.5500700680130153,0.5745361569562053,0.8016054929065515,0.9783729991822541,1.2686392484643627,0.5642366023003603,0.9838271527493511,1.036783703981913,0.7977966881024674,0.7734528665043479,0.7206225643872565,0.7383957502741001,1.1271908738006506,1.1555496927576967,0.5944153840625568,0.5729789163179306,0.5557674317828394,0.49236587477819416,0.476791833627054,0.4770539329317542,0.0,0.4781331780405097,0.47736449029361555,0.477489000529402,0.47623416425841164,0.831037468460491,0.612123678448218,0.8181330767950046,1.0635012327015771,1.0513222685416481,0.9419270195491689,0.6657957855212515,0.6664327329864407,0.684365768574877,0.6606535813726817,0.6884954653800155,0.6592284911501036,0.6564750446708635,0.6929612565925477,0.6823027548034548,0.6745862244833575,0.6552029963655254,0.6766447855224226,0.6999431825011819,0.8308267905673172,0.8631605146254252,0.823910798284235,1.0248822779044273,1.028866322287226,0.799633314167347,0.6993527933484971,1.030827958086407,1.029944362216954,1.0303426351667457,1.0303704116633685,0.7135565549159896,0.7037496834764144,0.7037313260411935,0.9846973399495211,1.2170834615208885,0.7589748367750442,0.6416548119005453,0.7536024001581908,0.7007044833945548,0.7240457513746156,0.680282431627898,0.7190338484456162,0.873003213024143,0.9130088137237911,0.613544401476203,0.5358972487489881,0.5476507193537169,0.5700637981193376,1.2715241050519395,0.5641343844490996,1.0273258750454028,0.724431373653158,1.1284005655381362,0.597519284206072,0.5736124595054544,0.5552016417868428,0.49403224735599605,0.4760179510572379,0.48078546302035174,0.4750722439076765,0.47764614456470394,0.478532656212987,0.48051106916298303,0.48102881366590927,0.6091281068703898,1.0621792707438416,0.9397552776209965,0.6718491866358445,0.6673077343438538,0.6826898461612811,0.6588694820860893,0.6908220754492637,0.6611903918444997,0.659249634069554,0.6890347712019118,0.6879195366367213,0.6802865677647907,0.6515073989415315,0.6733310492284937,0.6990192188681771,0.8294126189937185,0.826027564992773,1.0180659849181595,1.0307999251622852,1.0285094026002943,1.0321830073618519,1.0312732755557752,1.031015613474768,0.7091627971958745,0.7053269268318552,0.7060767420903595,0.7612924394494005,0.63763373760846,0.7515791820649957,0.7012998629944038,0.724330341593462,0.6851864397897754,0.7194950257284122,0.8741265672856846,0.9075470754970949
cholec80_scissors_presence,0.6102908182194285,0.5222809932976883,0.5500669239839671,0.5745336463422637,0.8015978521419013,0.978365499000684,1.2686303400354257,0.5642346362317594,0.9838202095532133,1.0367783698594142,0.7977907139660472,0.7734471106119359,0.7206180949136693,0.7383908617434335,1.1271840181243744,1.155542471136445,0.5944106912980495,0.5729741389465803,0.5557654460466191,0.4923642557656246,0.47678861131454053,0.47705063437658946,0.4759311159046225,0.0,0.47736154930218594,0.47748550614594465,0.4762308303601054,0.8310305638920565,0.6121203813825009,0.8181263386499089,1.063493136524632,1.051313984179552,0.9419209387595517,0.6657924513259608,0.6664286145594444,0.684362021150702,0.6606497725026741,0.6884919413262538,0.6592244073779208,0.6564711303804587,0.6929578164598298,0.6822993433556069,0.6745818921017936,0.6551992168020014,0.6766406689379659,0.699939512924657,0.8308235816320518,0.8631534837868098,0.8239080443558569,1.0248744546022497,1.028860111870492,0.7996305591770697,0.6993487292564353,1.030821405155806,1.0299383104118927,1.0303361094601915,1.0303645208768304,0.7135528807016629,0.70374563443631,0.7037270481610771,0.9846908799112589,1.217078338574162,0.7589710132781973,0.6416509998849717,0.7535975401763236,0.7007012026676325,0.7240415876989118,0.6802788210834023,0.7190297905328877,0.8729972932532082,0.9130041527519752,0.613540146342755,0.535893791879531,0.5476473421672691,0.5700614218092744,1.2715159354004189,0.5641327525030727,1.0273204571307253,0.7244269673585975,1.1283934550077817,0.5975142461104495,0.5736076953337729,0.5552003281637714,0.49403034812489544,0.4760148787525471,0.4807823040686305,0.4750693011199518,0.4776431609613969,0.47852947170744337,0.48050836427443383,0.48102562441238694,0.6091250806508218,1.0621707417677542,0.9397498776753296,0.671845457363028,0.6673042076951071,0.6826863470647468,0.6588660402173365,0.6908182919330809,0.6611864350684366,0.6592455453517145,0.6890310613493219,0.6879159491855533,0.6802829647892308,0.6515031645664648,0.6733275133973087,0.6990157717569686,0.829409425759083,0.8260243048082878,1.0180580100484606,1.0307936010643863,1.0285028118326915,1.0321767071207884,1.0312670546807254,1.031009643154092,0.7091592620484306,0.7053230080672253,0.7060726635259712,0.7612887962236051,0.6376299816146723,0.7515744671320462,0.7012969635199627,0.7243259611009478,0.6851821966928383,0.7194903895189007,0.8741206161666814,0.9075422483571788
cholec80_clipper_presence,0.6102903199073653,0.5222798290885229,0.5500664682136059,0.5745331025678642,0.8016004108470817,0.9783697414294639,1.2686356389586835,0.5642348792353611,0.9838225188333366,1.036781341717297,0.7977924724139682,0.7734488822954663,0.7206189228411627,0.7383919991144167,1.1271886307271575,1.1555473864259593,0.5944114960162774,0.5729757563349593,0.5557649979762528,0.4923640961103035,0.4767886763026048,0.4770507702045199,0.47593101184010494,0.47813003830197714,0.0,0.4774860009543888,0.4762307058645955,0.8310321658120384,0.6121220142330355,0.8181279093979918,1.0634972540748369,1.0513164466207499,0.9419252153454462,0.6657926736078833,0.666429953196535,0.6843629530839963,0.6606503183929677,0.6884929532743862,0.6592255749754136,0.6564721115709895,0.6929588391788586,0.6823001207508002,0.6745838093320753,0.6552003549690487,0.6766421502990774,0.6999405228148184,0.8308247378753001,0.8631558989119476,0.8239087079425721,1.0248768202909766,1.0288651999425886,0.7996306759673313,0.6993512422830235,1.030826588501232,1.029943208176222,1.030341001488002,1.030369718467594,0.7135555418353866,0.7037481508293497,0.703729905994813,0.9846935708059497,1.217083216404014,0.7589733995188417,0.6416533958363797,0.75360144620255,0.7007026182814337,0.7240443466516604,0.6802813038767477,0.7190330802447675,0.8729979505168308,0.9130085479301988,0.6135391842238689,0.535893684401357,0.547646982871533,0.5700606532542777,1.2715208194758763,0.5641327346464988,1.0273238160705864,0.724427743456898,1.1283983878735404,0.5975155718321163,0.573609236819371,0.5552000666459298,0.49403065573661703,0.4760150040244948,0.4807825210993578,0.4750690478041203,0.47764320418408834,0.47852952764760825,0.48050824259092706,0.4810258519671451,0.6091267523005923,1.0621752363670929,0.9397537146536854,0.6718459862238985,0.6673053998697013,0.6826873423481757,0.6588667822437207,0.6908197827156288,0.6611872024583964,0.6592461906777847,0.6890324906407048,0.6879169501185195,0.6802841871344638,0.6515040459980149,0.6733286218944461,0.6990169281952046,0.8294102429185208,0.8260253587269065,1.0180612518541057,1.0307988073475878,1.0285079853749866,1.0321820964391142,1.0312724427202253,1.0310147686387385,0.7091616971034304,0.7053257376661977,0.7060754666877742,0.7612916556420546,0.6376330559387755,0.751577820915508,0.7012982213497303,0.7243292754384025,0.6851850820859363,0.7194940209214076,0.8741211697699713,0.9075463259105847
cholec80_irrigator_presence,0.6102911137236302,0.5222814428396249,0.5500675424352662,0.5745349350941631,0.8016009614636475,0.9783691134000297,1.2686360190189332,0.5642342748228197,0.9838235736819246,1.0367817224235267,0.7977943889924712,0.773450462060539,0.7206204945451944,0.7383940434389856,1.1271885598245324,1.1555476330387509,0.5944118548857454,0.5729758315588089,0.5557652558091496,0.49236353369587516,0.4767889505127452,0.4770512154447992,0.47593161750723467,0.4781300846957599,0.4773620654894174,0.0,0.4762313633386727,0.8310334254666163,0.612122769571458,0.8181286172327181,1.0634980239848035,1.0513180707320293,0.9419268507469396,0.6657932281719291,0.6664301149353868,0.6843628443563885,0.660650501411619,0.6884927921120361,0.6592256356881604,0.6564721023158717,0.692958665653503,0.6823001531882688,0.6745833005387223,0.6552004046199125,0.6766419272083494,0.6999406431214048,0.8308254459260053,0.863156792759938,0.8239095898772681,1.0248781908996958,1.0288647010312264,0.7996306918505445,0.6993522370356938,1.0308262526676635,1.0299426277149246,1.0303405983576814,1.0303690307727358,0.7135546299585672,0.7037473845377905,0.703729006540017,0.9846939712438316,1.2170830121676244,0.7589742269337618,0.6416533962509993,0.7536013438846667,0.7007027768855193,0.7240446766231642,0.680281548579812,0.7190332511451873,0.8729993293526658,0.9130072594606636,0.613540440269648,0.5358947236034292,0.5476482379811122,0.5700624092551957,1.2715209297682226,0.5641328002108819,1.027323995136097,0.7244293580770577,1.12839841288471,0.5975154496606232,0.5736089894573188,0.5551998386735331,0.49402977749457433,0.47601535511286747,0.48078288081472415,0.4750696844867802,0.47764374574426494,0.47853046021982715,0.4805084364928911,0.48102671021900834,0.6091273048745516,1.0621755622738323,0.9397556903517869,0.6718457626954346,0.6673053077874516,0.6826872916228878,0.6588670712001236,0.6908196005686595,0.6611870731410119,0.659246566033368,0.6890324490997615,0.6879165712505395,0.6802839775632938,0.6515039536099957,0.6733283904524157,0.6990171604100441,0.8294108279907733,0.8260259354537668,1.0180622201876768,1.0307983349600138,1.028507388357966,1.0321814735826764,1.03127195682189,1.0310142067742893,0.7091609239991712,0.7053246130699182,0.7060744829388718,0.7612923762722612,0.6376322288174271,0.7515778342257045,0.7012985546639214,0.7243296209791492,0.6851853896923596,0.7194939620977411,0.8741227778174683,0.9075455710541496
cholec80_specimenbag_presence,0.6102930503676235,0.5222826623560103,0.5500691612589372,0.5745356278198013,0.8016038530587742,0.9783755100887062,1.2686406397044074,0.5642374825545952,0.9838281206739321,1.0367863332034675,0.7977978872198432,0.7734541458788478,0.7206236550869962,0.7383968737115469,1.127193319000675,1.1555515555288283,0.594415219047232,0.5729788287573983,0.5557678956022888,0.49236717764129023,0.4767917394597453,0.4770538427011788,0.4759341180064496,0.47813276209876887,0.4773642168546917,0.4774887658819458,0.0,0.831037315319056,0.6121264229602026,0.8181330361183168,1.0635027381550086,1.051320983174986,0.9419289233069457,0.6657976037686049,0.6664344139462404,0.6843680855468001,0.6606550590555232,0.688497850670555,0.6592297954525985,0.6564765473442308,0.6929636031331956,0.6823047098047179,0.6745879663283808,0.6552048324223048,0.6766465618833151,0.6999452122107862,0.8308297806161514,0.8631597372247816,0.8239135712156938,1.0248821827387902,1.0288671401859917,0.7996346934268692,0.6993542362307095,1.0308285308441136,1.0299452732824976,1.0303434076817795,1.030371395956028,0.7135570603359586,0.7037505810919451,0.7037320144151751,0.9846989284561656,1.2170855857671379,0.7589774991066771,0.6416578211343855,0.7536058555810463,0.700706605358595,0.724049034411972,0.6802858624112625,0.719037297635259,0.873002490570426,0.9130102618725147,0.6135418030580371,0.5358964141030331,0.5476491863557056,0.5700628153438113,1.2715258868167751,0.5641356121874529,1.0273285055073127,0.7244319683896209,1.1284028394490773,0.5975191687485288,0.5736122398436524,0.555202663333864,0.4940333497147364,0.4760177983706982,0.4807856663510071,0.47507222662420956,0.47764594875211364,0.4785324250835483,0.4805110006822928,0.481028823394551,0.6091311215831904,1.0621806658833681,0.9397576566094294,0.6718504545679822,0.6673100855974632,0.6826919095260835,0.6588708992132138,0.6908242677967119,0.66119211675669,0.6592507815735876,0.6890367273694361,0.6879215936966191,0.6802882639752776,0.6515088711576921,0.673332920110699,0.6990213937491827,0.8294153732148255,0.8260301427240891,1.018066165915928,1.0308006575394995,1.02851007015129,1.0321838605395124,1.0312742951272997,1.0310165238704212,0.7091637281602543,0.7053276880818413,0.7060774880640988,0.7612956826297635,0.6376370484294834,0.7515829496957287,0.7013025142039822,0.7243337928368883,0.6851896774757564,0.7194981606568558,0.8741257671734274,0.9075483253537209
derm7pt_skin_lesions,0.609972320050747,0.522088280354024,0.5498081192434575,0.5744064903375143,0.8005592824212149,0.9774404650874071,1.2674859913422047,0.5639736748961587,0.9828641157595124,1.0359277333555978,0.7969296526414411,0.772607068968702,0.7198531251266036,0.7375760822523456,1.1263597325058357,1.154665562119586,0.5939659867074472,0.5725852735512906,0.55552835492748,0.4922093698318116,0.4767019127727655,0.47697749174056703,0.47584741151586973,0.4780399623081568,0.4772769310445407,0.4774007060241645,0.47615150442518867,0.0,0.6116934874159944,0.8172610536630006,1.062578822918423,1.0500381575366902,0.9412354378721329,0.6654376131916173,0.6660525242736455,0.6839734084936069,0.6603004233460911,0.688102134240584,0.6588660282135393,0.6561136406485698,0.6925760309827245,0.6819434118259154,0.6741998512948211,0.654847339336579,0.6762753741405457,0.6995360636388768,0.8304647995478187,0.86196127580325,0.8235741882575517,1.0235669247418115,1.0280338920675591,0.799478024406548,0.6989546598124156,1.029994547353978,1.0291100377270535,1.0295033956524418,1.0295413443690737,0.7130648109689312,0.7032224420440267,0.7032071673305385,0.9837742615272951,1.2163527783694579,0.7585293575901044,0.6413055290270822,0.7531390368547807,0.7004024496768748,0.7235977129020243,0.679854502073026,0.7185915923894755,0.8722647225838647,0.9122961748486604,0.6132158867826745,0.5356853654918773,0.5474058930873141,0.5699445961734988,1.2703674107963108,0.5638616897262212,1.0264755745054794,0.7236630864094002,1.1275683821415028,0.5970695016950912,0.5732099116605875,0.5549604192127753,0.49387988957660456,0.4759259430735339,0.4806903011249854,0.47499364825553425,0.4775752172726072,0.4784716994388014,0.4804179935407847,0.48093139471421903,0.6087273928951047,1.0612603505477975,0.9390660310941492,0.6715048504554424,0.6669448011435206,0.6822992882536719,0.6585399832768158,0.690412165109969,0.6608112479256413,0.6588764247853189,0.6886424104918729,0.6875572368643716,0.6798946756072128,0.6511473742404642,0.6729589050680489,0.6986350654969342,0.8290611691463852,0.8256852883389598,1.0167508730209116,1.0299670311040474,1.0276757815279778,1.0313509510420427,1.0304352126279641,1.0301884791148228,0.7086762985119581,0.7048004033385169,0.7055445319802048,0.7608561950939269,0.6372794380087268,0.7511216590823193,0.7010087742396178,0.7238774606022313,0.6847593362609805,0.7190529476962321,0.8733874258760415,0.9068400913681495
idle_action_recognition,0.6102724371406767,0.5222647878320127,0.5500828375563305,0.5745579897832547,0.8014147388742,0.9780836516073577,1.268316059011081,0.5639629351376101,0.9835227296737858,1.0364589847941108,0.7974849978504166,0.7731404384422853,0.7203362629081091,0.7380952807199014,1.1269351369852874,1.1552634275893376,0.59429959674281,0.5728313742686622,0.5555230155392364,0.49213590677176855,0.4767987378630754,0.47706127007625265,0.47593954479293876,0.47813820060890533,0.4773721385958879,0.47749717252097623,0.4762443350815237,0.830742588282605,0.0,0.8179012828563254,1.063293044141915,1.0511480629983954,0.9416778512612631,0.6656329895057591,0.6662373485796647,0.6841652520521092,0.6605001754904383,0.6882855092261728,0.6590599509681974,0.6563103299383223,0.6927575799608615,0.6821190380202053,0.6743910224884968,0.6550487309793276,0.6764637738370718,0.6997287647949852,0.8306652731525006,0.8628335430426611,0.8237513435540011,1.0246046584153832,1.0286026193179971,0.799603006751434,0.6990100375606738,1.0305634122377483,1.0296786518452128,1.030073794234039,1.0301072746259234,0.7133243616088975,0.7035031435603727,0.7034821634618157,0.9844048322875181,1.216857214375188,0.7588130622100706,0.6414712653383575,0.7534245247296867,0.7005826587239032,0.7238666181372709,0.6800873914043666,0.7188533725120261,0.8728669814347391,0.9127589194913219,0.6135219345687613,0.5359029632756835,0.5476736784680278,0.5700774739683637,1.2712026027101262,0.5638594715559233,1.0270034125106347,0.7241463061426363,1.1281420139819294,0.5974021673657617,0.5734669380351238,0.5549561858309655,0.49380717755284675,0.4760206963079976,0.4807974853885571,0.4750849948164689,0.4776623490666603,0.47854836058544264,0.48052263713128596,0.4810300684283288,0.608438529848858,1.0619729436745853,0.9395107513603842,0.6716858731166213,0.6671213897700181,0.6824891532481299,0.6587207112273696,0.6906121106529164,0.6610148930211474,0.6590856567360768,0.6888311908844572,0.6877340236196448,0.6800942443313348,0.6513586575805369,0.67315274363517,0.6988096541322923,0.8292509867576305,0.8258648628241735,1.01779231010637,1.030531635941204,1.0282453093718968,1.0319163402186189,1.031006662207967,1.0307576244574523,0.7089338754534792,0.705086283979316,0.7058209787966079,0.7611337177056364,0.6374423282881658,0.7514020930651073,0.7011845150552953,0.7241528572892642,0.6849951690669952,0.7193117131360104,0.8739931732848889,0.907295288005691
barretts_esophagus_diagnosis,0.6098964852099176,0.5220083435666844,0.5497828087025329,0.5743665278488874,0.800725413005171,0.977349088464297,1.2676018390443717,0.5640090588294979,0.9828268794510392,1.0359241019931913,0.7969181737551178,0.7725929074559763,0.7198238768790897,0.7375602853669039,1.1264879350794115,1.1547567095483882,0.5939529459449874,0.5725677959616733,0.5555231647564178,0.4920838108462416,0.47665445868603656,0.476929187571185,0.4758016837612723,0.4779920539758289,0.47723203311329826,0.47735270403994845,0.47610699841389686,0.8301103857590639,0.6117383237950962,0.0,1.062471677472186,1.0503622976000773,0.9412888280345484,0.6651074604382249,0.6657384873369797,0.6836590967644413,0.6599612582586077,0.6877946337839089,0.6585400909130528,0.6557769023888405,0.6922592343474672,0.6816175964014198,0.6738875241756673,0.654499287969143,0.6759377702776761,0.699237760536893,0.8301618721818709,0.8622564392049848,0.8232581819636653,1.0238701439786115,1.0282439733545774,0.7990925893965825,0.6987844501373222,1.0302127151747906,1.029330278345622,1.029728022049211,1.0297659335475795,0.7131780847883424,0.703304396936151,0.7032886312317597,0.9832722147571803,1.2165556338622234,0.758438866872428,0.6411377209902078,0.7530556253048346,0.7002673177272094,0.7235084920221966,0.6797595344567046,0.7185170854302754,0.8722571880429834,0.9124144977874233,0.613141536398923,0.5356225320788682,0.5473802010788973,0.5699053616383493,1.2704836501714967,0.563902416272209,1.0264646385844196,0.7236362496600592,1.1276956536453513,0.5970531504313428,0.5731929428005249,0.5549550898170172,0.49375569288580234,0.4758729409593654,0.48064444222353037,0.4749434791894054,0.47752929147518,0.47842298954075857,0.4803775752754714,0.4808836695356026,0.6087695304990348,1.0611455400738476,0.9391196701215214,0.6711596632246165,0.6666188060241647,0.6819868957391376,0.65818584954671,0.6901106419465365,0.6604924600071818,0.6585474868473276,0.6883310791497869,0.6872314233840512,0.6795777032585367,0.6508043483489392,0.6726208545052238,0.6983269292633705,0.828755361443241,0.8253743365817782,1.0170605059801996,1.0301834033770112,1.027893238296293,1.0315698835418003,1.0306555550870056,1.0304054860626042,0.7087914757519853,0.7048777657957346,0.7056313665084009,0.7607649243017323,0.6371112057425943,0.7510400410136772,0.7008640672912777,0.7237881629635661,0.6846643132543919,0.7189803532263521,0.8733765118022281,0.9069532548088634
brain_tumor_classification,0.6094986453399728,0.5216737214569445,0.5493198543830207,0.5740257733050768,0.8002054799463816,0.9765373043135934,1.2665554021354983,0.5636846056650793,0.9819089062683382,1.0350502224659834,0.7960098264909028,0.7717053158116133,0.7190732827630033,0.7367464971462765,1.1252599052066088,1.1535519651463366,0.593505235961526,0.5721346586677358,0.5552211516220363,0.4918687929778053,0.4762196217653991,0.4765063849690618,0.4753656435552923,0.47755224917331085,0.476798970085525,0.476919804350492,0.47567867824565757,0.8294326555528126,0.6112624797760845,0.8164383574068286,0.0,1.049493745208321,0.9402370368402861,0.6649334330572486,0.6655683674709348,0.6835027163437152,0.6597987669750314,0.687634605685022,0.6583681687032192,0.6556016192583494,0.6920942724292616,0.6814640450827726,0.6737115584911786,0.6543425529311849,0.6757663432964054,0.6990666980137696,0.829864297504777,0.8616634186602969,0.8229750530177026,1.0231015346572994,1.0271737111197974,0.7990432386013396,0.6981540572985142,1.0291453341103853,1.028265112907131,1.02865870452112,1.0286970656564753,0.7127774813635197,0.7029060240745619,0.7028917953220339,0.9830423054802913,1.2154744958937638,0.7577584261047934,0.6406948159162764,0.7524448957016286,0.699730735694198,0.7228647606460037,0.679070880919126,0.7179113639363669,0.8716451329060775,0.9115621786304317,0.6127325789251862,0.5352771800455203,0.5469188211007214,0.5695704206410424,1.2694416985961072,0.5635776328353849,1.0255881407456082,0.7228856542303517,1.126463287628379,0.5966060163454674,0.572760615278813,0.5546486241929434,0.49353611380025775,0.47544984703514387,0.4802035922331205,0.47451794474363995,0.47711271819064555,0.4780064958314011,0.4799512589248749,0.48044411744026716,0.6083123450387863,1.0594043410108471,0.938070488146064,0.6710003583788741,0.666471163238183,0.6818268951868595,0.6580420929857423,0.6899445741963574,0.6603054808295864,0.6583624182729723,0.6881691102116154,0.6870930679135727,0.6794142281400691,0.6506435086792532,0.6724322994514005,0.69817723394199,0.8284643332992923,0.825085598106388,1.0162992742842216,1.0291032546328553,1.0268319218197273,1.030494899601447,1.0295820721533202,1.0293305582147676,0.7083897262247202,0.7044882157594117,0.705224043996341,0.760091690911003,0.6366671205761052,0.7504369406626129,0.700341518161169,0.7231432052294302,0.6839797250154599,0.7183688194938173,0.8727637369609641,0.9061064391133421
mednode_melanoma_classification,0.6094911234846695,0.5217108749659756,0.549337374001797,0.5740294601458276,0.799966985825679,0.9766877550631891,1.266676664239353,0.5637939090543321,0.9820325305769937,1.0353125675287043,0.7961870283467304,0.7718738070499355,0.7192531166343665,0.7369449877173203,1.125701836909824,1.1539875032023492,0.5934760437803992,0.5721520127771325,0.5552821833686692,0.49198625356152537,0.4763442743363877,0.4766284747282957,0.47548944866243464,0.47767721353733517,0.4769217003667561,0.4770416761471664,0.47579483171939113,0.829188582538605,0.6114087086742692,0.8167237636252009,1.0618816576616865,0.0,0.9407965725581278,0.6652071338480963,0.665825261302264,0.6837512048922193,0.6600687146446278,0.6878852220583667,0.658636858524922,0.6558809543908961,0.6923554218681338,0.681720854258559,0.6739683221409576,0.65462154147134,0.6760466724371866,0.6993033625761026,0.8301777503953598,0.8613094244800751,0.8232965430735648,1.0227732072389275,1.0274808366646337,0.7992797626005106,0.6986375054166222,1.0294406884584353,1.028561793162091,1.0289550779448096,1.0289975780904106,0.7128235331793416,0.7029782754575364,0.7029693049035763,0.98325042710135,1.2158400224046426,0.7581289656123336,0.6410070334205626,0.7527321190691447,0.700118225564355,0.7231843648864436,0.6794529500523868,0.718198143945337,0.871651954728112,0.9118355573297708,0.6127274597067849,0.5352946772228526,0.5469406227691087,0.5695783737686534,1.2695554326149625,0.5636814207220984,1.0258552358632433,0.7230649564801634,1.1269162648097466,0.5965853135620284,0.572769991306929,0.5547156090887553,0.49365479325053174,0.47557490537568314,0.4803191646442283,0.47463225895185135,0.47722383265154866,0.47812815349427873,0.4800558816436068,0.4805691511533712,0.6084632191467884,1.0605701575251105,0.9386282045516763,0.6712836809021824,0.666732914206347,0.6820823326435158,0.6583261615072601,0.6901832157637467,0.6605764157247622,0.6586360145408978,0.6884158362087588,0.687342363827977,0.6796667161266607,0.650911986108664,0.6727266292531147,0.698422608016288,0.8287789687950284,0.8254089024934007,1.01597361740732,1.0294147920790244,1.027126967759858,1.0307994519866654,1.029882501796011,1.0296426775168863,0.7084419969779518,0.704562108765556,0.7052983125203349,0.7604573504026281,0.6369788981022838,0.750722123238037,0.7007358449307719,0.7234610309364427,0.6843560935092712,0.7186553823905572,0.8727763579393831,0.9063854202427157
brain_tumor_type_classification,0.6099458108215836,0.5220153116328357,0.5497436217032808,0.5743629251710185,0.8008127839043563,0.9773845772420022,1.2675185844017032,0.5637652519410928,0.9826713272852221,1.0357977172228514,0.796711701312599,0.7723740436652745,0.7197133635689927,0.7374205037143666,1.1261837609371184,1.1544911997425666,0.5939056580254543,0.5724867540075969,0.555345892318564,0.4919913749785384,0.47657963301040707,0.4768525593312303,0.4757241265054065,0.477913601932354,0.4771552243400964,0.47728139525893193,0.4760325667233765,0.8300772396764027,0.6115493890884421,0.8172686188218653,1.0621985017677829,1.0503822291065754,0.0,0.6653109041907909,0.6659330117836294,0.6838619762127348,0.6601731993520943,0.6879848226675391,0.6587405085699185,0.6559891642727436,0.6924575036145206,0.6818157141568596,0.6740762733052131,0.6547232391681646,0.6761614110027093,0.6994168366483973,0.8302134559608951,0.8622920029731984,0.8233132367028648,1.0238356863014706,1.0276056566103522,0.7993014887970954,0.698538432155507,1.029571452949713,1.028689467161967,1.029081963309456,1.0291140019685612,0.7129987096582451,0.7031490629762973,0.7031382947724352,0.9838848338837255,1.2157906413414503,0.7581023417172863,0.6409549222187798,0.7528014022420254,0.6999860257798973,0.7231893143913488,0.6794040742959097,0.7182072998199291,0.8722467902836187,0.9118468181673635,0.6131872076994654,0.5356210251070467,0.5473474216840234,0.5698920168131021,1.270402710408727,0.563657746482222,1.026344267409184,0.7235170391808308,1.1273818270638225,0.597020353968372,0.5731175263030776,0.5547760122411075,0.4936615122891805,0.4757984209868066,0.4805722712475809,0.4748730825624645,0.4774604590366607,0.4783429121032199,0.48030099128084897,0.480793746326344,0.6085860589986942,1.0608756035450195,0.9375756332880607,0.6713676726329016,0.6668287538555074,0.6821860355305209,0.6584106255674342,0.690306670301682,0.6606899807549848,0.6587521174885291,0.6885270509587565,0.687431182578925,0.6797789055280288,0.6510225827333073,0.6728402454869227,0.6985163871143982,0.8288069274321919,0.8254228339571725,1.0170265459134609,1.0295328548731306,1.0272560054528166,1.0309308253463425,1.0300094599633804,1.029749927529762,0.7086098749082377,0.7047305829065956,0.7054663645776579,0.7604171973285199,0.6369292111381812,0.7507787362947089,0.700594067301654,0.7234718828661935,0.6843117941978906,0.7186727723512155,0.8733701525125673,0.9063847416398686
chexpert_enlarged_cardiomediastinum,0.6101869614301624,0.522210833401505,0.5500201903492048,0.574526560857885,0.8012806839197796,0.9779826078447328,1.268363885217552,0.5640830749549821,0.9834468446972181,1.0364516143452793,0.7974315588023867,0.7730781808219904,0.7203013947385964,0.7380554770171158,1.127009140100496,1.1553283715502214,0.5942503433498713,0.5728426573057874,0.5556430912922743,0.49217840496296617,0.47675956293721355,0.4770247547925777,0.47590410299237806,0.47810035553861163,0.47733378021341955,0.47745904848669807,0.4762093653152289,0.8306751760813441,0.6119175183072896,0.8175190053747412,1.0631610816216046,1.0510588923477013,0.9416323434743579,0.0,0.6653692322493636,0.6832764362132521,0.6595880341261056,0.6874102780305527,0.6581676154909797,0.6554196872977625,0.691863101213885,0.6812018728310786,0.6735115025529952,0.6541617459936365,0.6755708878330532,0.6988419220680592,0.8297757160373145,0.8628445718543452,0.822864062217921,1.0245249376580632,1.028696714331036,0.7985044425679727,0.6990169808036151,1.030664487136502,1.0297830412940456,1.0301783199134804,1.0302122807117726,0.7133480779647582,0.7034652501226137,0.7034470211413859,0.9840755617556193,1.2169756373146916,0.7584637392037461,0.6409553407032296,0.7530278860979311,0.7002477417894128,0.7235807677499745,0.6798048853203289,0.7185549834184471,0.8727626126288733,0.9127733398138187,0.6134402221093049,0.5358135853878132,0.5476120729077516,0.5700521204155828,1.271249706470051,0.5639750612781793,1.0269958117667541,0.7241146123236517,1.1282181610250896,0.5973572827330809,0.5734704894292888,0.5550768070113635,0.4938481555121098,0.475981267343899,0.48075655782520205,0.47504234503868903,0.47763004596946357,0.47851587984580635,0.4804818393078382,0.4809931426018823,0.6089254964922654,1.0618372418244602,0.9394628194163815,0.6707617635300667,0.6662350169045487,0.6816018545154576,0.6577973968257014,0.689741757436927,0.6601278208701363,0.6581995201241542,0.6879398619831198,0.6868106167929273,0.6792012684718378,0.6504692912851769,0.6722572964568171,0.6979140266718534,0.828363971465205,0.8249803800735998,1.0177082446339953,1.0306386652623523,1.028342976964328,1.0320176204665374,1.031101287124154,1.0308533455349624,0.7089600037934902,0.7050422199238102,0.705803420057396,0.760783996146164,0.6369401642642614,0.7510079401131093,0.7008376931591638,0.7238617785667041,0.6847069461766123,0.7190182304011568,0.8738907030449252,0.9073046313778343
chexpert_cardiomegaly,0.6101880307827341,0.5222095061542333,0.5500226496779823,0.5745285349117659,0.801283805098755,0.9779543009063818,1.268344546436657,0.5640582358126963,0.9834278987303482,1.0364331960046766,0.7974202785504759,0.773068667322454,0.7202889619890721,0.7380464125396632,1.126997035191153,1.1553156567526333,0.5942464094731876,0.5728335253836994,0.5556224242260382,0.49216459112638195,0.47676383606167017,0.47702933169129247,0.4759087509400015,0.47810392666232776,0.47733851733423094,0.47746352794902525,0.4762142045981509,0.8306635517293628,0.6118910689827394,0.8175220047594332,1.0631695586842196,1.0510550979972617,0.941634709480058,0.6647337186095217,0.0,0.6832563295557427,0.6595994330630476,0.6873844594774574,0.6581752143865641,0.6554263481687548,0.6918423411108257,0.6811961372745557,0.6734995211469085,0.6541741361752618,0.6755731350810171,0.6988163767081623,0.8298183757420527,0.8628307893659567,0.8229099421676245,1.0245007199470877,1.0286984277302997,0.798574157019743,0.6990138623627569,1.0306640573964945,1.0297829630156141,1.0301783109870912,1.0302124394429795,0.7133425381860763,0.7034628922452255,0.7034446231803605,0.9840525758398482,1.2169695167722794,0.7584682266314368,0.6409538163969043,0.7530246409945429,0.7002594852581797,0.7235815218924824,0.6798075041421869,0.7185564946030254,0.8727798542972887,0.912767607433106,0.6134421786619902,0.5358111638806842,0.5476149285699801,0.5700542991080549,1.2712298011458931,0.5639500613832742,1.0269766720186475,0.7241017519118669,1.1282058306488065,0.5973532425954731,0.5734618908366249,0.5550558676692612,0.4938346097092381,0.47598466869987305,0.48075997731733366,0.47504671238942486,0.4776345212424734,0.47852173102813783,0.48048695754392934,0.48099639774536046,0.6088992396325981,1.0618455834639935,0.9394654613250917,0.670773243067718,0.6662242541392271,0.681583847640131,0.6578123757982302,0.6897153223110909,0.660134073533519,0.6582056720280501,0.6879207266126937,0.686801874425235,0.6791900297265713,0.6504840709717699,0.6722605016671508,0.6978891729097197,0.8284066281687144,0.8250260549280636,1.0176850304943912,1.0306405405428396,1.0283435895713453,1.032017692479885,1.0311014205750966,1.0308537092206065,0.7089547040744053,0.7050399992815957,0.7058003499699493,0.7607878661757566,0.636939019208703,0.751004573016675,0.7008501988799758,0.7238626445979025,0.684708304072752,0.7190195307559502,0.8739071421425416,0.9072990872037628
chexpert_lung_opacity,0.6101793994741279,0.5221977376012039,0.5500126340552305,0.5745151773890312,0.8012762873829611,0.9779311480007397,1.2683176603185355,0.5640487883264697,0.9834020915762327,1.0364103080350553,0.7973982679715581,0.7730483379064095,0.7202704877377231,0.7380288733347997,1.1269820932865549,1.1553006616422878,0.5942432050343085,0.5728288231728793,0.5556110131863415,0.49215877367649297,0.4767646496229876,0.47703070709943873,0.4759095812563912,0.4781049073420731,0.47733952648206746,0.4774643847073472,0.47621550090211767,0.8306494815284802,0.6118817134968049,0.8175093853647875,1.0631678904690922,1.0510433851083647,0.9416267156469331,0.6647107595022964,0.6653266935218863,0.0,0.6595776288519277,0.6873446126595603,0.6581516376110302,0.6554034395557333,0.6918032078610368,0.6811611407037378,0.6734658570674732,0.654154344511869,0.6755438059823503,0.6987729900673585,0.8297878421230936,0.8628185322583551,0.8228815540340396,1.0244785102763867,1.0286949271042047,0.7985556320634496,0.6990113109224501,1.0306602983471653,1.029779362004238,1.0301751556434104,1.030208865947368,0.7133320325457085,0.7034524569141494,0.7034341430308351,0.98403280519173,1.21696705237562,0.7584475804249122,0.6409380907912479,0.7530118487178019,0.7002463809307776,0.7235683148609438,0.6797926025058705,0.7185442548064572,0.872769455054606,0.9127605656142833,0.6134337510910123,0.5357998140325695,0.547605641177018,0.5700405519881866,1.271202470015016,0.5639403525483081,1.0269535408061512,0.7240835415639246,1.1281910145061531,0.5973495754631787,0.5734567230102985,0.5550440160167771,0.49382962536123876,0.47598531482509154,0.4807612416701112,0.4750477730869498,0.47763615028841144,0.4785228381945503,0.4804878621102168,0.480996979885972,0.6088907466264913,1.0618435751989306,0.9394571507047013,0.6707493697545319,0.6661946504059278,0.6815458250004774,0.6577910721732118,0.6896756128630411,0.6601098062628844,0.6581827998711249,0.6878833193301591,0.6867650150125149,0.679155342926538,0.6504658422673035,0.6722314705646113,0.6978461425816705,0.828375662021622,0.8249975032314854,1.0176632345956418,1.0306375716392422,1.0283397916717913,1.0320137394076738,1.0310974799420043,1.030849657076059,0.7089447263850417,0.7050296510085485,0.7057899624807045,0.760767089271007,0.6369237964583573,0.750992332591944,0.7008379133600185,0.7238489740443259,0.684692852076535,0.7190077996757859,0.873897362019876,0.9072931201086083
chexpert_lung_lesion,0.6101926658214195,0.5222175695623413,0.5500263347349618,0.5745349170962786,0.8012855357552989,0.9779940206983027,1.2683809330031446,0.5640810561870095,0.9834617595505368,1.0364654591392881,0.7974458308230661,0.7730929722621502,0.7203131559928878,0.7380686024743353,1.1270223369955938,1.1553457592222987,0.5942527885844484,0.572843029748638,0.5556427872685017,0.492177038768432,0.47676357194013314,0.47702905012239516,0.47590890343670716,0.47810471210550326,0.4773384732769621,0.4774633155796198,0.47621365006901234,0.8306874685420954,0.6119315590522522,0.8175217040346116,1.0631721447485338,1.0510723461404192,0.941641761881701,0.6647391045663641,0.6653858079604444,0.6832939503569111,0.0,0.6874292730216911,0.6581843511055858,0.6554336308031263,0.6918827684098573,0.6812212724622195,0.6735289458555758,0.6541723173726899,0.6755909117482373,0.6988621267893206,0.8298114674455315,0.862857295974424,0.8228997070737776,1.0245355987239786,1.0287105719266663,0.7985182672977738,0.6990207921314759,1.0306782972439241,1.0297968706357723,1.0301925451198066,1.0302259463874295,0.713350361993129,0.7034677927184265,0.7034495924238596,0.9840812852904098,1.2169868907390011,0.7584726027616295,0.6409678421107465,0.7530357060758511,0.7002538572384475,0.7235871098090619,0.6798124566363235,0.7185613778706164,0.872775677917929,0.9127818863149901,0.6134461894254452,0.5358209859848427,0.5476184845200898,0.5700607036828145,1.2712672830851046,0.5639731599006115,1.0270083857706673,0.7241258933050057,1.12823108900107,0.5973593363759417,0.5734709049512399,0.5550766525805089,0.4938469523522251,0.4759852286597685,0.4807605410310026,0.4750466855076382,0.47763411892194774,0.47852015104984646,0.4804860986803796,0.48099773315457267,0.6089400344165629,1.0618477653252725,0.9394722802671701,0.6707806222721713,0.6662513058370514,0.6816197449298115,0.6578109621833745,0.6897605005553462,0.6601443800758346,0.6582138114961614,0.6879593229171261,0.6868299983060289,0.6792193032529283,0.6504799003227434,0.672276598663391,0.6979343180646915,0.8283994126622594,0.8250164361034017,1.0177192138249729,1.030653266944357,1.0283566513907971,1.0320314595546844,1.0311149367962256,1.0308670026873012,0.7089616160488375,0.705044618954182,0.7058055128670897,0.7607928612340776,0.6369528851214306,0.7510152436852047,0.7008441130717774,0.7238686249124349,0.6847136177368618,0.7190246764420554,0.873902487890335,0.9073132440154354
chexpert_edema,0.610177255100831,0.5221963306091532,0.5500110877327185,0.5745138719342994,0.801272923594071,0.9779201125074647,1.2683045202634413,0.5640418451624076,0.9833933223324041,1.0363989033214418,0.797389750821885,0.7730406960459137,0.7202621056575987,0.7380202414518905,1.126970255607678,1.1552871579689798,0.5942393013088175,0.5728247305267897,0.5556051955427139,0.4921560999862778,0.476763203984241,0.47702934497897054,0.47590799314960996,0.4781033954819018,0.47733819396184934,0.4774630529228533,0.4762141876260067,0.8306403600377046,0.6118709967631302,0.8175113980159974,1.0631632347704962,1.0510345414791993,0.9416201334526118,0.6647109471252919,0.6653213123332025,0.683211100890524,0.6595795350267819,0.0,0.6581510193970003,0.6554036144554396,0.691795684057353,0.6811580342786586,0.6734607568258646,0.6541565921208049,0.6755411137056451,0.6987641754964613,0.8297948534266941,0.8628083343022052,0.8228893363076585,1.0244655153280904,1.0286867027050506,0.7985747840328383,0.6990089646981384,1.0306516882850327,1.0297706475606883,1.0301661400870405,1.030200458304272,0.7133288693010127,0.7034499715100462,0.7034312273388299,0.9840284632460696,1.2169585450099523,0.758447319961765,0.6409340531124132,0.7530074901754406,0.7002483490202698,0.7235658537622922,0.6797910091364612,0.7185419498721173,0.8727699757292984,0.9127562157377436,0.613432008746837,0.5357981704224448,0.5476042813884057,0.5700391900258337,1.2711892416764434,0.5639333361852468,1.0269421305348951,0.7240751114237953,1.1281790311503719,0.5973461896641052,0.5734528316623928,0.5550381252671942,0.4938265945976288,0.4759832970208573,0.4807593033861122,0.4750462972843027,0.4776347452508211,0.4785221336874996,0.4804867704472085,0.48099446393412737,0.6088801783519493,1.0618387122524995,0.9394513002803504,0.6707491789940341,0.6661905398056596,0.6815397178962341,0.6577937431353212,0.6896667163960205,0.6601094595508076,0.6581822775719686,0.6878758237782061,0.6867615017450327,0.6791506149313964,0.6504685243199264,0.6722298067146774,0.6978380419925726,0.8283826271818071,0.8250051934220425,1.0176507391202738,1.0306290734080061,1.0283313507764695,1.032005252534637,1.0310891030874076,1.0308413062880848,0.7089415576672873,0.7050270571711096,0.7057873627043469,0.7607661684894719,0.636919570088979,0.7509873963954824,0.7008400497263438,0.7238464086558434,0.6846908182042497,0.7190055170614716,0.873897657876817,0.9072884027693158
chexpert_consolidation,0.6101908741053842,0.5222144481294937,0.5500244438539036,0.5745309739670551,0.801283905194666,0.9779850874460132,1.2683676872122884,0.5640783989188373,0.9834525803463255,1.0364560673640386,0.7974376779237096,0.7730850619964865,0.7203060323772017,0.7380613567936267,1.1270126351432392,1.155332908122926,0.5942516633648685,0.5728424008515238,0.555639871125847,0.4921768757819094,0.4767622874117422,0.4770274330864024,0.47590740934607334,0.47810308709327665,0.47733738935277575,0.4774620660930323,0.4762122362342981,0.8306782891404897,0.6119164366130032,0.8175243400725642,1.0631692849177028,1.0510639035711895,0.9416367695308203,0.664736732624641,0.665379947060523,0.6832863782861206,0.6596024519961796,0.6874194217678975,0.0,0.6554329367094714,0.6918739485987109,0.6812158642674028,0.6735229638311362,0.6541749190957671,0.675586089848324,0.6988523888306023,0.8298065072036988,0.8628466671599452,0.8228954236212999,1.0245249325499635,1.02870177346895,0.7985339610369913,0.6990182451140672,1.0306692038219583,1.0297875314051,1.0301828668227335,1.0302166134806163,0.7133486785845733,0.7034669217537073,0.7034484771841233,0.9840770246496069,1.2169771800038425,0.7584728384079561,0.6409637096323315,0.7530339315915622,0.7002560880368996,0.7235872630983764,0.6798123741157107,0.7185613227958897,0.872771869711014,0.9127753502078516,0.613444792121332,0.5358171645788551,0.5476166087705611,0.5700564813651496,1.2712534926223122,0.5639704350125946,1.0270001225994227,0.7241192917410547,1.1282214564879225,0.5973582625705437,0.5734703141882975,0.5550732849820305,0.49384662334179263,0.47598394418494133,0.4807592928495256,0.47504542549739415,0.47763299883291555,0.47851889912578416,0.4804850348115227,0.48099616825878944,0.608924412055488,1.0618447279356147,0.9394674360086503,0.6707783058471706,0.6662459084660393,0.6816125272626595,0.6578126607396223,0.6897507223192417,0.6601416533628978,0.6582125972134952,0.6879507474461424,0.6868239053874359,0.6792129714671057,0.6504825886087497,0.6722726033674051,0.6979246278997195,0.828394676828033,0.8250117054954502,1.0177082784952272,1.0306439272431787,1.028347541009018,1.032022361749152,1.0311057773010286,1.0308577585830168,0.7089605538430765,0.7050440799923225,0.7058048852016964,0.760793210286082,0.6369488541140562,0.7510136038367365,0.7008466319093437,0.7238686159713025,0.6847142264378407,0.7190242310521268,0.8738991792349194,0.9073068982709183
chexpert_pneumonia,0.6101943101333349,0.5222181183120126,0.5500285121903785,0.5745376848709223,0.8012836438801328,0.9779883770500892,1.2683763415471732,0.5640739206764247,0.9834557709492814,1.0364632162470793,0.7974425769666674,0.7730903417466882,0.7203096510121391,0.7380653882949848,1.1270194201900028,1.1553420006512458,0.594250650542066,0.5728396990112721,0.5556371770668538,0.4921728448118527,0.4767627648362909,0.47702824956246304,0.47590806497863736,0.47810369947408343,0.47733778075219535,0.47746249458347434,0.47621314805270454,0.8306814554551532,0.6119214873855712,0.8175207628326211,1.06316959890473,1.0510694411349295,0.9416381527277436,0.6647461157628282,0.6653881214723211,0.6832953269239038,0.6596088309307988,0.6874289309526916,0.6581901895449027,0.0,0.6918841013566444,0.6812259555408454,0.673531481105583,0.6541792010243145,0.6755953513359864,0.6988629607377044,0.8298236678646811,0.8628508501888542,0.8229116300781587,1.024528303348546,1.0287050331026542,0.7985423017319555,0.6990153715551,1.030672909251234,1.0297912769389677,1.0301865589837393,1.0302202652179995,0.713347241909688,0.7034650999258736,0.7034463040919965,0.984076375147563,1.2169789225578902,0.7584753666603987,0.6409673327811128,0.7530349157350241,0.7002573311951981,0.7235872614911263,0.6798141838256359,0.7185611167785417,0.8727789722455073,0.9127749064268177,0.6134477021698778,0.5358217616975544,0.5476201616903443,0.5700634330448929,1.2712623684194422,0.5639661607079487,1.0270061214831008,0.7241230443303239,1.128228195496609,0.5973571958810872,0.5734676552468028,0.5550705743334122,0.4938430372447339,0.4759845698240266,0.48076000864562535,0.4750461076782745,0.4776335719102361,0.4785198563037446,0.4804857020126379,0.48099695655680774,0.6089293570636146,1.0618453553845861,0.9394686018101526,0.6707874615300102,0.6662540541728033,0.6816211889365643,0.6578191724860148,0.6897598537212327,0.6601500983393376,0.6582185981723082,0.6879608205899371,0.6868343677538408,0.6792222238951962,0.6504866798602564,0.6722815329324631,0.697935411406843,0.8284117272344572,0.8250287952049685,1.0177117702065164,1.0306476504046465,1.0283512751141726,1.0320260071026213,1.031109715101682,1.0308614303059325,0.7089581088137618,0.7050412502224227,0.705802363091452,0.7607957619793272,0.63695251572359,0.7510149368634101,0.7008481805030471,0.7238687010021744,0.6847159572181716,0.7190236386607568,0.8739058445479583,0.9073062129927367
chexpert_atelectasis,0.6101760485660679,0.5221970228359019,0.5500105155804473,0.5745150482987014,0.8012749827014649,0.9779213724622864,1.2683059616024785,0.564047952667806,0.9833928377771879,1.0363969582703616,0.7973904698969875,0.773041188692673,0.7202619545371541,0.7380194463105678,1.1269699925653103,1.1552862828450823,0.5942409021053666,0.5728267326582773,0.5556082818295167,0.492157437394687,0.47676367758726157,0.4770295084024524,0.4759085170978919,0.4781040827275052,0.4773388152958708,0.47746368487769225,0.4762147103049626,0.8306464227244753,0.6118767560241596,0.8175076784313514,1.0631544644842577,1.0510357109191502,0.9416194741397215,0.6646988904220179,0.6653143775768345,0.6832049643258797,0.6595679973867246,0.687330997128117,0.6581406700212025,0.6553938306638094,0.0,0.681147641472991,0.6734533869971513,0.6541467680841723,0.6755298373780632,0.6987580395390045,0.8297662165058424,0.8628143971790065,0.822860427806006,1.0244735598992194,1.028688773304389,0.7985520937964066,0.699006849997475,1.03065398443058,1.029772932455187,1.0301686609549536,1.030202482970247,0.7133327804114813,0.7034527601421553,0.7034341543792392,0.984031036495643,1.2169635810080865,0.7584442942966159,0.6409320388064335,0.7530087298179875,0.7002442878531868,0.7235659515067548,0.6797882562294183,0.7185433764393158,0.8727666499839243,0.9127598990663626,0.6134300139994544,0.5357992901514308,0.547604069345014,0.5700408594251295,1.2711907906279376,0.5639398918870031,1.0269402083721864,0.7240753316713406,1.1281785797939274,0.59734752710594,0.5734543053480115,0.555041415512529,0.49382804404712277,0.47598417541844074,0.480760213239452,0.4750467729168314,0.4776356077144191,0.47852233147073125,0.48048698119601346,0.4809956436722591,0.608885252806654,1.061829828669676,0.9394499274795847,0.6707374423577618,0.6661829955396038,0.6815329336883656,0.6577813603287811,0.6896620406460212,0.6600987226860366,0.6581729056213573,0.6878690465334073,0.6867516593395963,0.6791425365583141,0.6504583955773409,0.6722179052953885,0.6978314319472566,0.8283540378445685,0.8249762190310858,1.017658666106613,1.0306307210522814,1.0283335715749538,1.0320073761018473,1.0310907768811912,1.0308433778090573,0.7089456966988814,0.7050300979138703,0.7057906480260389,0.7607632555091789,0.6369173783299801,0.7509885551797205,0.700835561767703,0.7238468804874076,0.6846880668971389,0.7190066809679442,0.8738951156376839,0.9072916872585022
chexpert_pneumothorax,0.6101824806400484,0.5222011210526405,0.5500158885811604,0.5745158283612894,0.8012906051000426,0.9779598548716191,1.268346760198307,0.5640663427086474,0.9834227418412879,1.0364271857549772,0.7974121463486514,0.7730616516946707,0.7202838518711596,0.7380408137395568,1.1269979315879683,1.1553175822911148,0.5942523679571332,0.5728398419409322,0.5556243701374783,0.49216557001404887,0.47676516710171235,0.47703042948354624,0.4759099856567215,0.47810543347219703,0.47733982993567026,0.4774650267646518,0.47621563377108284,0.8306731179620566,0.6118990575308416,0.8175211521455267,1.0631764755106912,1.0510621021294844,0.9416358981066395,0.6647002546647367,0.6653302407404346,0.6832249746303191,0.6595686019202021,0.6873552944275056,0.6581451274972372,0.6553979441239419,0.6918097733122966,0.0,0.673469148162295,0.6541464644393733,0.6755385689827134,0.6987823259950477,0.829753483795536,0.8628429820747566,0.8228447560053698,1.024510661095913,1.0287086069497984,0.7985047828543481,0.6990148289188494,1.0306745158706012,1.029793781301255,1.0301893871251182,1.0302227824292312,0.7133420704871758,0.703460857448847,0.7034423984444569,0.984060519179853,1.216984603339835,0.7584467492572082,0.6409384731674157,0.7530166837922219,0.7002396955636105,0.7235712672574786,0.6797918212539233,0.7185475783771516,0.872769056715637,0.9127768770858133,0.6134360201454565,0.5358033386731729,0.5476081865542499,0.5700416650955086,1.27123196224166,0.5639580608965806,1.026970724405959,0.7240970002215843,1.1282063294771687,0.5973591606647652,0.5734677267494767,0.5550575979952098,0.4938358687118023,0.4759864349780575,0.48076212072538876,0.47504791416479397,0.47763633279218237,0.4785223832764793,0.4804880048475484,0.4809980319990841,0.6089077283769141,1.0618519151868109,0.9394664813602585,0.6707391835570555,0.6661968667358555,0.6815521374618002,0.6577797267677297,0.6896871063495219,0.6601041457213362,0.6581777944938796,0.687889435267452,0.6867639635709282,0.6791584451906183,0.6504564504019716,0.6722247686685794,0.6978545724062714,0.8283409990221771,0.8249604851177331,1.017695248976361,1.0306509109185458,1.0283535295427773,1.032028295531902,1.031111437058144,1.0308637761996238,0.7089547201499761,0.7050384970157568,0.7057989378792994,0.7607666135316353,0.6369240927991403,0.7509968167446532,0.7008307637336151,0.7238522777717973,0.684692068470452,0.7190109957125667,0.8738973951215855,0.9073085160693286
chexpert_pleural_effusion,0.610185058777082,0.5222049405822534,0.5500173391832937,0.5745215942024451,0.8012772475056271,0.9779462344040926,1.2683304215591693,0.5640564626469983,0.9834175018528141,1.03642149347045,0.7974089130387405,0.7730584634773983,0.7202817500043638,0.7380389265824718,1.1269866260898695,1.1553059047996663,0.5942447968707255,0.5728321259800101,0.5556193414754507,0.49216425938641906,0.47676442270171776,0.47703000744309154,0.47590920897474076,0.4781044111586835,0.47733964220519987,0.4774639217082297,0.4762146755534175,0.830657151720741,0.6118892310355202,0.8175178710546794,1.063164631398621,1.0510486468116471,0.9416236428984498,0.6647231006236427,0.6653466401284844,0.6832425719643235,0.6595896525920013,0.6873709522559387,0.658165361858689,0.6554166672245176,0.6918283135408494,0.6811820628285309,0.0,0.6541647642829251,0.6755615915167056,0.6988003241544394,0.8297949844700223,0.8628253456792111,0.8228876622012794,1.024491318626496,1.0286912950992253,0.7985574045415849,0.6990113270391082,1.0306573229992622,1.029776093471856,1.0301716335428115,1.0302054289113938,0.7133362574860423,0.7034567034851199,0.7034382870941378,0.9840465289001262,1.2169644973456106,0.7584555336858968,0.6409455069387815,0.7530177076600063,0.7002512309786227,0.7235725422895913,0.6797969529868959,0.7185481604956567,0.8727682496590741,0.9127598311826675,0.6134392493894987,0.5358069778577865,0.5476103999291315,0.5700470589341898,1.271215922414201,0.5639484573127437,1.0269653207681047,0.7240948689384619,1.1281953009230832,0.597351371332589,0.5734597694757143,0.5550526352649781,0.4938344477910232,0.4759853486829379,0.48076081400629805,0.47504740993296474,0.47763560075385203,0.4785217334803651,0.48048726584841217,0.4809968454433305,0.6088974776894565,1.0618402664696889,0.9394543119351672,0.6707629302220164,0.6662143627388966,0.6815696883636937,0.6578020903849945,0.6897017668902731,0.6601237107800552,0.6581961329635654,0.6879075259640901,0.6867871888195736,0.6791764205582865,0.6504752566468389,0.672248607158772,0.6978731303990964,0.8283827297686513,0.8250036149493858,1.0176763381962468,1.0306336195966241,1.0283365107323998,1.0320108850779053,1.0310943056926445,1.030846500380077,0.7089481924771773,0.7050340793436499,0.7057944382314931,0.7607747712760707,0.6369307039742211,0.750997745753546,0.7008421028961518,0.7238537227541264,0.6846979466292705,0.7190116376977044,0.8738961251316081,0.9072918337560589
chexpert_pleural_other,0.6101975493544654,0.5222215370832508,0.5500296682908004,0.574537898876164,0.801275543692193,0.977997231333839,1.2683828977871232,0.5640806996112231,0.9834718543656592,1.036470905975026,0.7974536893713091,0.7731012396261256,0.7203210871788552,0.7380763065548852,1.1270253465286533,1.1553489074302328,0.5942528794903568,0.5728414744056152,0.5556432824646997,0.4921788864754748,0.4767620356366445,0.47702700988683544,0.47590682678632873,0.4781028336838312,0.4773367834766422,0.47746171692745,0.4762116560098788,0.8306858058382256,0.6119305850018815,0.8175169274883982,1.063169155829231,1.0510708853304216,0.9416390052227068,0.6647647921447638,0.6654123944051703,0.6833226928128057,0.6596241241418135,0.6874584375286369,0.6582086095121438,0.6554556730396109,0.6919136524571665,0.6812512111127681,0.673556060599678,0.0,0.6756178372431633,0.6988934276872036,0.8298529130932847,0.8628536874206838,0.8229406269930268,1.024535424628156,1.0287062659133288,0.7985473753702956,0.6990171899380273,1.0306740191906136,1.029792700116783,1.0301880513344839,1.0302215063631348,0.7133447853700539,0.7034645033499101,0.7034463135988624,0.9840775526366121,1.2169787256276468,0.7584797158810732,0.6409809323314586,0.7530414532712926,0.7002595231010242,0.7235904881162007,0.6798168576336521,0.7185641133798015,0.8727768637245772,0.9127748134428572,0.6134508930993661,0.535825451846822,0.5476208726414791,0.5700641379637128,1.2712691187329446,0.5639727435958942,1.0270140572504485,0.7241342071669006,1.1282341601725239,0.5973586666187017,0.5734696298307344,0.5550771130431866,0.4938488101064543,0.47598397880229726,0.48075886492252573,0.47504510060107646,0.4776322572946085,0.4785182437238937,0.48048431688747983,0.480995959489828,0.6089387982876193,1.061845411972494,0.9394695773383832,0.6708064004390357,0.6662776282715327,0.6816484305449177,0.6578338321480961,0.6897894229988104,0.6601685934577003,0.6582360340598163,0.687989598332194,0.6868606350205385,0.679246611608521,0.6504957191273782,0.6723034755817313,0.6979655571455425,0.8284415036199397,0.8250583622569022,1.0177187130456966,1.0306488504442992,1.028352302835706,1.0320275521320401,1.0311111010238383,1.0308625991695604,0.7089556593520903,0.7050410824432094,0.7058015973987882,0.760800505529413,0.6369659910171659,0.7510210015873845,0.7008494736315852,0.7238716256685007,0.6847184686392567,0.719026729454781,0.8739031653992164,0.9073063771335186
chexpert_fracture,0.61018061560538,0.5222074730567293,0.550017882007542,0.5745208882626801,0.8012879346898049,0.9779600744885338,1.2683304006372784,0.5640795223809517,0.9834245750412322,1.0364149788533539,0.7974198379876848,0.7730702303447465,0.7202807945672177,0.7380351158202492,1.1269820261572825,1.1552994703282677,0.5942558229805586,0.5728445629919955,0.5556326377144014,0.49218022232537406,0.4767669515938439,0.4770325090184851,0.4759121668167522,0.47810748757600086,0.477341989111967,0.47746663314801085,0.476217428971895,0.8306729823950322,0.6119075788495344,0.8175154554101458,1.0631521536826714,1.0510545899589951,0.9416430605028088,0.664732186499813,0.6653703070700547,0.6832708539037882,0.6596013214369488,0.6874017976634365,0.6581783085791393,0.6554303266373498,0.6918554350159155,0.6812016928936562,0.6735116941509772,0.6541763810694944,0.0,0.6988320138031974,0.829781688255323,0.862840827329421,0.8228714966571653,1.0245118689303034,1.0287108543895584,0.7985408363619746,0.6990137450356078,1.0306778489944706,1.0297960351927744,1.0301921265799785,1.0302256049354943,0.7133451778944422,0.7034633542161248,0.7034443188080128,0.9840615094515888,1.2169898140067983,0.7584658317398644,0.6409672163875502,0.753036848150068,0.700254283479985,0.723584825326585,0.6798052605671264,0.7185641999222483,0.8727663206986614,0.9127931335545925,0.6134340021669449,0.5358113398245898,0.5476097849342056,0.5700476637485794,1.2712159547477415,0.5639706964124139,1.0269583192829255,0.7240931962271322,1.1281905022581968,0.5973619016483914,0.5734720666905001,0.55506561769717,0.49384991194252426,0.47598818219362443,0.48076386364308676,0.4750504407291454,0.47763793910248,0.4785241423605808,0.48048921938023914,0.4810000300895183,0.6089159713937227,1.0618278208929064,0.9394728819832481,0.6707724103943405,0.6662366142471106,0.6815967914793748,0.6578120669004026,0.6897332322347924,0.6601379356525402,0.6582099347418815,0.6879342999602223,0.6868087147150105,0.6792012857311045,0.6504859045367057,0.6722539449208546,0.6979048715593944,0.8283692840121671,0.8249873283121018,1.017696464033109,1.030652153730447,1.0283566518724059,1.032030287022617,1.0311142800074835,1.0308668278004967,0.7089575340341978,0.7050400180186199,0.7058004094271835,0.7607858736370425,0.6369519989870617,0.7510169659014031,0.7008448155486736,0.7238663476517264,0.6847067045471156,0.7190271176268634,0.8738939557522574,0.9073244625098033
chexpert_support_devices,0.610170670263792,0.5221875346784439,0.5500025084726314,0.5745022973694758,0.8012660454212054,0.9779083071542486,1.2682900826753347,0.5640404097125271,0.9833786705712173,1.0363847754314617,0.7973741646364249,0.773026339599664,0.7202521106972719,0.7380099786273644,1.1269607319191903,1.155277717925143,0.5942364189320881,0.5728219059170228,0.5556021476255814,0.4921536404368933,0.4767602466228372,0.4770265695400233,0.47590488697501393,0.47810038780158937,0.4773350471178651,0.4774599892973974,0.4762111018225259,0.8306330604626846,0.6118639248523029,0.8175047741920308,1.063158357151032,1.051025936400684,0.9416114960343558,0.6646934415471393,0.6653043135306871,0.6831907077488832,0.6595629311229654,0.6873154624982258,0.6581347195506742,0.6553883298877742,0.691774011678066,0.6811363114725583,0.6734411655692167,0.65414175763833,0.6755224106931205,0.0,0.8297593268418006,0.862800775774703,0.8228551161802663,1.0244562218700297,1.0286797413000963,0.7985482323258188,0.6990039973666952,1.030644448021936,1.0297640509729002,1.030159580311087,1.03019372825072,0.7133214268191693,0.7034430865789655,0.7034254440326823,0.9840177952205174,1.216953715195228,0.7584296347284998,0.6409208034941376,0.7529955076651633,0.7002361050255759,0.7235524378185825,0.6797757062413737,0.7185295862667459,0.8727544861397751,0.9127471719437535,0.613424823345992,0.5357885677398572,0.5475958710994192,0.5700277911523843,1.2711738028545296,0.5639322720445197,1.0269284803513874,0.724065434409211,1.1281693276728366,0.5973429603062543,0.573449443077718,0.5550344570035779,0.4938241415861094,0.47598081082118215,0.4807567197470388,0.4750435382722454,0.4776323675042395,0.47851880724742285,0.4804832739692585,0.4809917915812635,0.6088728696406858,1.0618336818373273,0.9394427091581331,0.670731435173979,0.666173342311549,0.6815190482463012,0.657777041475546,0.6896462242984573,0.6600921086379195,0.6581673062652997,0.687855642639397,0.686738789411233,0.6791302636705341,0.6504542836206598,0.6722101462735879,0.6978141062610218,0.8283472548564293,0.8249701782828738,1.0176416463496014,1.0306222559689147,1.028323907936295,1.031998324891385,1.0310815437469152,1.0308341741610751,0.7089343788046745,0.7050210875015535,0.7057810236083383,0.7607484307781396,0.6369063082360765,0.75097576384515,0.7008278314924159,0.7238332590562842,0.6846751941314888,0.7189933609721213,0.8738827796785058,0.907279212309827
pneumonia_classification,0.610045095682095,0.522087748988945,0.5498748818767321,0.5744045517934199,0.8011703611277946,0.977786244125719,1.268111879234305,0.5640303194391243,0.9831834105736665,1.036233545575303,0.7971873882973035,0.7728359467551745,0.7201116911035349,0.7378503372880746,1.126790217144659,1.1551163106118325,0.5941225204705713,0.5727211666432246,0.5555427816601846,0.49208587305253637,0.4766531425652899,0.4769215302867069,0.4757965048784166,0.47799247163655223,0.4772285250819766,0.4773529593877186,0.4761048789514928,0.830535185741366,0.6117996081917897,0.8173988640731609,1.0629078441659456,1.0508810147881917,0.941395695329076,0.6646371873920226,0.6653108319427122,0.6832130903338124,0.6595210220843392,0.6873519244955093,0.6580966942391456,0.6553551742305738,0.691792070438449,0.6811204269570831,0.6734428064485705,0.6541070974078174,0.6754801863424277,0.6987680156654814,0.0,0.8627218287361244,0.8221431346869664,1.0243546840992426,1.0285258828219985,0.7982316627052563,0.6988840392984506,1.0304911343674765,1.0296138117639084,1.0300092935186493,1.0300385717608396,0.7132649402525049,0.7033693159258995,0.703351484519086,0.9839723137284817,1.2168315199426134,0.7581619632289308,0.6407555766930133,0.7528047407419468,0.7000090171532025,0.723328741254307,0.6795439512000889,0.7183347546576195,0.872554688126999,0.912626053716244,0.6132941604408786,0.5356801089273298,0.5474674281154841,0.5699354161623054,1.270994972263484,0.5639221161920138,1.0267794688271112,0.7239282036410849,1.1280009934933044,0.5972334149516885,0.5733462335989612,0.55497712229029,0.493752507874182,0.4758761340915394,0.4806495215845597,0.47494136098390377,0.4775286241363079,0.47840901365008937,0.48037512927970205,0.4808894133521888,0.6088136674541956,1.061585786643654,0.9392251914075859,0.6706833120992708,0.6661696635444202,0.6815350053089371,0.65772895796867,0.6896846249440757,0.6600584925562158,0.6581359710388914,0.6878725484073588,0.6867306069504903,0.6791286525305557,0.6504158177744531,0.6721677104827919,0.6978438135498884,0.8276408018264828,0.8242563844730505,1.0175484257661485,1.0304604859098836,1.0281729346946478,1.0318481395863548,1.0309279785017762,1.0306778629243225,0.7088840628093842,0.7049538858435314,0.7057069096155439,0.7604842751667891,0.6367416075471742,0.7507844382970207,0.7006000339612053,0.7236117709305669,0.6844471510962906,0.7187975394070604,0.8736865889584273,0.9071582434724307
ph2-melanocytic-lesions-classification,0.6099669611814668,0.5220980335662271,0.54981710801813,0.574417337489511,0.800488961645754,0.9774222055721207,1.2675496726627786,0.5639691742490199,0.9828881559493801,1.0359751254381369,0.7969597900734241,0.7726325217427958,0.7198958734589912,0.7376184691061124,1.126412011232445,1.1547237634807095,0.5938871492017856,0.5725186697167474,0.5554802204337271,0.49215015629830305,0.4766712574835231,0.47694510392713807,0.4758163690122623,0.4780075387966616,0.4772466894015654,0.4773699858241552,0.47611950460660696,0.8298375034395031,0.6116345299520349,0.8172446669645108,1.062621980281611,1.050019939051112,0.941240137426775,0.6654325540605077,0.6660458051305294,0.6839694854866013,0.66029788583352,0.6880954257768234,0.6588611065567671,0.6561106835403907,0.6925678610613154,0.6819361048022322,0.67419418800694,0.6548441166869903,0.6762706183140624,0.6995303695928293,0.8304647051153424,0.0,0.8235712324810399,1.0235533369571386,1.0279668491171274,0.7994712271806933,0.6988964417423096,1.0299299306094682,1.029045216480096,1.0294391498068276,1.0294746187296941,0.7130341002465721,0.7031954489163088,0.7031761707804995,0.983768538502616,1.2163187630976142,0.7585960597890484,0.6413025664671227,0.7531542146187111,0.7004696195748711,0.7236432362889246,0.6799062638696493,0.71861838980224,0.8722739218044555,0.9122048358616472,0.6132079263183697,0.535686213618652,0.5474141916103881,0.5699501959711387,1.2704333690238818,0.5638588077235562,1.026522754530638,0.7237051667276315,1.127621515833365,0.5969899923315787,0.573146361035054,0.5549133863301631,0.493821738476792,0.4758949032094191,0.48066232899272643,0.4749617009015529,0.4775429648410984,0.478439974074664,0.48038618972419694,0.48089649665316014,0.6086679863030323,1.0613056709434199,0.9390720271634194,0.6714988525851737,0.6669373331464328,0.6822946474335179,0.6585384202685272,0.69040387652368,0.6608055211947604,0.6588760048032672,0.6886367511146898,0.6875506146843273,0.6798923584282507,0.6511459855725166,0.67295758466728,0.6986279144468925,0.8290604848082286,0.8256859784212905,1.0167399604082759,1.029898636454532,1.0276110240485818,1.0312859818190183,1.0303690433685138,1.030120262475828,0.7086461062550695,0.7047733734026952,0.7055110085779845,0.7609189923771117,0.637278841806619,0.7511375049600231,0.7010757310486,0.7239214655676858,0.6848128149079955,0.7190742329450114,0.8733956971474038,0.9067463452350899
covid_xray_classification,0.6100561740151418,0.5220934983393583,0.5498859049217246,0.5744118823755329,0.8011958629261081,0.977822755067242,1.2681563241207552,0.5640343665411826,0.9832137116499534,1.036264379399672,0.7972087444823344,0.7728568308587829,0.7201319199087953,0.7378700430907379,1.1268233173417692,1.1551496634046756,0.5941361016808566,0.572732467585169,0.5555451050528866,0.4920830578128679,0.4766593001005863,0.4769272132499935,0.4758027266930188,0.47799938831137556,0.47723431575772784,0.47735928503190966,0.47611053329701447,0.830566282642037,0.6118070332177,0.8174148278740323,1.062933469111627,1.0509173824510576,0.9414140153462934,0.6646413892081007,0.6653177127271485,0.6832220451238846,0.6595251755331897,0.6873615249278759,0.658101245927437,0.6553595006833906,0.6918013302518937,0.6811269129161805,0.6734506266485208,0.6541108576249551,0.6754859740268551,0.6987786876272184,0.8290592635170506,0.8627545083208743,0.0,1.0243931308427483,1.0285508684221498,0.7982116499949592,0.6988844440260533,1.0305164840559458,1.0296390137916092,1.0300345540637132,1.0300639028592993,0.7132798140316395,0.7033814438397958,0.7033634338245325,0.9839986070565078,1.2168566643039131,0.7581651180384865,0.6407643084418224,0.7528236737109151,0.7000013773388828,0.72333940702919,0.6795491550504764,0.7183445661034116,0.8725727370134341,0.912644242925129,0.6133055067219522,0.5356882772732774,0.5474783188940089,0.5699424906169016,1.2710404011047656,0.5639263602285338,1.0268094487915038,0.7239486042574279,1.1280343367121897,0.5972468234306108,0.5733575503441877,0.5549793254565862,0.49375047217010076,0.4758823498837566,0.48065662755584415,0.47494750524959034,0.47753471889251536,0.47841411482539137,0.48038123943196653,0.4808958899010655,0.6088199195686342,1.0616108309596926,0.9392438782032868,0.6706870447121005,0.6661769428888269,0.6815442777037104,0.6577313636018974,0.6896950887619194,0.6600640534042166,0.6581412004964405,0.6878819892935479,0.6867373193000573,0.6791370475976268,0.6504191961938494,0.6721734309378364,0.697853687575098,0.8276401163911389,0.8242494557179267,1.017587903190016,1.0304861558401646,1.028198583363506,1.0318737528950548,1.030953139617183,1.0307033874959721,0.7088979871491063,0.704966096953328,0.7057196637607,0.7604879255734647,0.636750578265863,0.7508032428971733,0.7005930907708495,0.7236228966853057,0.6844524261408935,0.7188085103272683,0.8737047894359397,0.9071761375640541
isic20_melanoma_classification,0.6096328382132131,0.5218357036580498,0.5495089450161876,0.5741739124234968,0.800128814955794,0.9768310143222771,1.2667547620296102,0.5638231898110375,0.9823140532025953,1.0353939902953222,0.7964303360297565,0.7721150531017041,0.7194574230842161,0.7371513914917094,1.1258343764968184,1.1541285588539483,0.5936343698177354,0.5722746371960375,0.5553294469942581,0.4920155177843671,0.47646962770502904,0.47675036540078164,0.47561407796663885,0.4778020175630332,0.47704450912344293,0.47716645774121136,0.4759208129237222,0.8293713660596413,0.6114222614493949,0.8168358680564827,1.062097254935781,1.0494466318313336,0.9408744952757219,0.6652042980117707,0.6658063407763808,0.683723039297396,0.6600664140013415,0.6878492368384208,0.6586281407800851,0.6558764607107833,0.6923242873730572,0.681704995214634,0.6739500429771151,0.6546126327550221,0.6760362041145467,0.699276774746991,0.8302081262747096,0.8614934135695353,0.8233274247715935,0.0,1.0276551303512749,0.7993132993690442,0.6987400060071393,1.0296167702645844,1.0287350791872194,1.0291241350620564,1.0291681627344835,0.7128657087838476,0.7030072397503151,0.7029903309962224,0.9833364427614296,1.2159918020962608,0.7582120370703072,0.6410204756732811,0.7527706977431191,0.7001773493751631,0.7232671886202109,0.6795293294540458,0.7182614664673004,0.8718692834280773,0.9119568173979511,0.6128762153257865,0.5354295029455747,0.5471122120937743,0.5697161356120156,1.2696324695429142,0.5637078012684066,1.025945497347502,0.7232683095639743,1.127044802411461,0.5967405168343352,0.5728981819709175,0.554763400639589,0.4936845017855459,0.47568986328459617,0.4804475378583379,0.47475911764064654,0.47734770728886167,0.4782487712273198,0.4801815045201975,0.48069348172070225,0.6084726961914043,1.0607805546304925,0.9387046245456504,0.6712763727192472,0.6667092436237642,0.6820480335479386,0.6583216263486994,0.6901525194775807,0.6605681941648701,0.6586347961492696,0.6883918525209851,0.6873210088232705,0.6796506380588629,0.650912841520719,0.6727187462559907,0.6983834286914526,0.8288054702010992,0.8254395704465984,1.015992831006872,1.0295852525044857,1.0272996929815847,1.0309715025531783,1.0300553729060928,1.0298125916819798,0.7084828184530565,0.7045881259491342,0.7053201298696843,0.7605372247033296,0.6369955010120981,0.7507589304156237,0.700797108857562,0.7235430361777255,0.6844354817269499,0.7187221147885126,0.872994026092081,0.9065055400054916
deep_drid_dr_level,0.6098248349176786,0.52197749386448,0.5496038176272982,0.5743076802496191,0.800368027953281,0.9771340439834773,1.2671877711308324,0.563735983057705,0.98245189458878,1.035653140479604,0.7965020110438058,0.7721588256887886,0.7195359593135178,0.7372403743907434,1.1260176518557758,1.154296861868518,0.5937137219578259,0.5723135527593277,0.5553753533826586,0.49199917363204987,0.47640558465515026,0.4766768275679411,0.4755468614165946,0.47773759904404317,0.47698251502104183,0.47710262659240804,0.4758543410167037,0.8297357240896237,0.6113871641803644,0.817054093188206,1.0619292282684345,1.0499446789464932,0.940447828218762,0.6652418307093061,0.6658676344015957,0.6838020377044022,0.6601058337512249,0.6879273091109119,0.658675528759293,0.6559144281119244,0.6924020533232753,0.6817637402204039,0.6740149056662513,0.654664848489644,0.6761034048199761,0.6993595886662921,0.8302406937028382,0.8618330108902533,0.8233523083116058,1.0234545974628002,0.0,0.7993705566485942,0.6984948672422899,1.028251404469588,1.0273651346718344,1.0277601454135152,1.0277884667773862,0.7127402741094574,0.7028870051231404,0.7028813847391278,0.9836340257347321,1.2143270988930746,0.758098127039869,0.6409204019408318,0.7527255785865203,0.7000989849164271,0.7231744954741872,0.6794872221548627,0.7182043821210388,0.8720226503018236,0.910809014910727,0.613068458643341,0.5355632579030082,0.5472054524768433,0.5698466811638655,1.2700737778550564,0.5636330266537832,1.0261943163621927,0.7233387410840746,1.1272243902294017,0.596819876691825,0.5729429488115976,0.5548079126242151,0.49367530594004005,0.47561758109556285,0.48039621626650336,0.47469755332514074,0.477276226867666,0.47818587035979787,0.4801234925778556,0.4806135191468007,0.6084278519064307,1.0606124909404127,0.9382747612586038,0.6713118499835452,0.6667721255703479,0.682125779587599,0.6583526645788885,0.6902422827982542,0.6606187720804698,0.6586841677702737,0.6884699048443691,0.6873892922644098,0.6797144211994981,0.6509616843707187,0.6727851953267864,0.6984588254897419,0.8288337775325765,0.8254665612786057,1.0166462505163623,1.0282206621147958,1.025933309084061,1.0296012143207416,1.0286916908300587,1.028437395423199,0.708353756694925,0.7044639869097782,0.705217542341975,0.7604291567026866,0.6368903903944936,0.7507065662187971,0.7007027718307497,0.723446343225755,0.6843898404116047,0.7186501167500733,0.8731462835068847,0.9053594603673288
shenzen_chest_xray_tuberculosis,0.6101274491586564,0.5221266100915284,0.549945272224983,0.5744258115448035,0.8013007167415261,0.9780321883996794,1.2684597828665436,0.5640948832745133,0.9833945692068219,1.0364938258430947,0.7973542274494531,0.7729955558013009,0.7202821445345327,0.7380341317246886,1.127013302038794,1.1553615502090873,0.5941958855088915,0.5728064327615512,0.5556108649946934,0.49216221448133474,0.47669958031360404,0.4769664432570854,0.4758443786658748,0.4780406783108951,0.4772751775829763,0.47740029901845216,0.4761492352277659,0.830705922952953,0.611944752323522,0.8175029863302431,1.0631683755426948,1.051068722996663,0.9416096971637344,0.6646025314862256,0.6652986181508878,0.6832097832727165,0.659467178863118,0.6873584426847676,0.6580607279127875,0.6553124750608046,0.6918043301934272,0.681103484268865,0.6734346577537123,0.6540426863088665,0.6754746812771346,0.6987804717069789,0.8294300717545937,0.8628954501059806,0.8224979057058314,1.0245696981998391,1.0287767038967548,0.0,0.6989698704887471,1.0307450391725972,1.0298666784183867,1.0302612861431122,1.0302922727856307,0.7133256289841731,0.703430349016297,0.7034123529296348,0.9841580646584538,1.2170677491529562,0.7582084808777051,0.6407892007475543,0.7528170284297879,0.6999885604965419,0.7233548646460587,0.6795746346764826,0.7183498294395657,0.8726596387413667,0.9127785813732826,0.6133746557303721,0.535729470445184,0.5475347785038818,0.5699506783182599,1.2713468908331158,0.5639826015899916,1.0270358490804106,0.7240996491816695,1.128222236939037,0.5973033989437537,0.5734359727995337,0.5550484874199624,0.49383078908978256,0.47592812071632407,0.48069887078861895,0.4749840161535668,0.4775731439391828,0.4784486726519549,0.4804262407856198,0.4809391047405075,0.6089593596666327,1.061847127019114,0.9394454983406033,0.6706435551588357,0.666152673005461,0.6815338186374832,0.6576698733034928,0.6896982030548022,0.660029511394286,0.6580967766132274,0.6878800629530358,0.6867108087658946,0.6791177448962966,0.6503485629973191,0.6721523704286323,0.6978524723364105,0.8280133594589013,0.824615536189729,1.0177564908763603,1.0307186229752792,1.028421705751448,1.0321033415193184,1.0311770216648086,1.0309307242932841,0.7089383155833202,0.705010881714623,0.7057701762502994,0.7605304451774202,0.6367741749270495,0.750796307161412,0.7005777466147978,0.7236370184433838,0.6844752552407503,0.7188121883248997,0.8737930675635956,0.9073129913172832
crawled_covid_ct_classification,0.6102271375527242,0.5222313021040007,0.550021752363552,0.5745623717270087,0.8012402919791325,0.9780004085823146,1.268278311343234,0.5639336732213783,0.9832857169039705,1.0363381498922966,0.7972419203833037,0.7729052886466788,0.7201380665531397,0.7378856913763927,1.1267689885184087,1.1550866480013433,0.5941533213741181,0.5727151382412639,0.5554899708649502,0.4920650032684409,0.476728341619669,0.4769919142800657,0.4758700546506123,0.4780683371462179,0.47730244842055974,0.47742847714714065,0.47617610953848,0.8306267811721209,0.6117063047512203,0.8175955595509528,1.0628759173528923,1.051009303416491,0.9413240430953667,0.665415478879295,0.6660438807202436,0.6839774831231453,0.6602721080609705,0.688108698153439,0.6588459976255725,0.6560870799309163,0.692574070151738,0.6819193097670446,0.6741935974239359,0.65481807718701,0.6762532528072928,0.699549646144819,0.8304695084556903,0.8627829938373721,0.8235498552915363,1.0245161832503766,1.0284175771549486,0.7993410570471218,0.0,1.0303815531810585,1.0295006242785179,1.029896524561854,1.0299343054950718,0.7131580895768207,0.7033116166054719,0.7032918103884571,0.9840991744050179,1.2167014261428735,0.7585069005043779,0.6412296865004325,0.7531754727546242,0.7002968612361546,0.7235720097703288,0.6797895761601027,0.7185755102592513,0.8726819052791244,0.9125532928668664,0.6134720154079287,0.5358564029492938,0.5476189625298523,0.5700909199522246,1.2711765545018403,0.5638302024156099,1.0268711954128946,0.7239467479226044,1.1279700419521739,0.5972581705175393,0.573348231792741,0.5549216696858428,0.4937340071613597,0.47594906908653334,0.48072507562737504,0.47501733171122906,0.4775968324209304,0.4784842588532767,0.4804565780706,0.4809567184737173,0.6087143196463389,1.06155510632781,0.9391546450433791,0.6714709132323536,0.6669249244168343,0.6822999242307469,0.6584924394035083,0.6904328348518803,0.6608028922686512,0.6588631839843728,0.6886410039796694,0.6875369406812778,0.6798982149770451,0.6511250920400503,0.6729380934394906,0.6986385866866439,0.829052480707205,0.8256652553185008,1.017704121817169,1.0303548030323106,1.0280643260268272,1.0317329518929381,1.03082484271303,1.0305754799311841,0.7087639563956046,0.7048960063770497,0.705632142758063,0.7608267128606164,0.6372058582922239,0.7511552354730485,0.7008989593437647,0.7238542214477761,0.684699140649661,0.7190342081031471,0.8738029588816345,0.9070907133919731
deep_drid_quality,0.6098234141808953,0.5219757136719253,0.5496020559646024,0.5743056317989714,0.8003675809074221,0.9771299494759864,1.2671859902088551,0.5637327362460637,0.9824488561054122,1.0356502040780926,0.7964997923678372,0.7721563153424864,0.7195342070879855,0.73723869136398,1.1260151867050785,1.1542948374436548,0.5937117140518116,0.5723110711590084,0.5553730076130385,0.4919973204311791,0.47640302892442865,0.476673966963871,0.4755441690530801,0.4777349797130238,0.47698011583642724,0.4770999646140663,0.47585154328349183,0.8297333124705326,0.6113831345382825,0.8170525196903486,1.0619286737696372,1.0499441345953964,0.9404466292015842,0.6652413564219549,0.6658659377146264,0.683800837789465,0.6601053878453698,0.687925174703031,0.6586751316281798,0.6559141044383775,0.6924004861520221,0.6817628314974805,0.6740137653901865,0.6546641251047243,0.676102655173981,0.6993577789117355,0.8302404263066117,0.8618302849477476,0.8233517708736398,1.0234524873961994,1.0262848173160999,0.7993717075783969,0.6984931620439375,0.0,1.0273587942852949,1.0277538854924333,1.0277816215120108,0.7127378020828297,0.7028847579002743,0.7028794443255438,0.9836309297240202,1.214320489239923,0.7580955500377542,0.6409177154761476,0.7527223116496836,0.7000983856627847,0.7231718446433831,0.6794854537779398,0.7182020766575141,0.872021960791545,0.910806274839005,0.6130672614328362,0.5355606669225252,0.54720354026821,0.5698447494456379,1.270072158990611,0.563629739824417,1.0261912724488305,0.723337407025324,1.1272221070468555,0.5968181296936012,0.5729405426269966,0.5548058254146601,0.4936733427243881,0.4756145687641469,0.4803937849221899,0.4746951633204268,0.4772729572191121,0.4781829319076656,0.4801206289977911,0.4806106989112058,0.6084234147968245,1.0606119412700084,0.9382737488005848,0.6713113996971425,0.6667709909900238,0.6821246128050218,0.6583523407848759,0.690240789663334,0.6606178627989246,0.6586837025771217,0.688468011334078,0.687388234062432,0.679712979420025,0.6509612114552749,0.6727844084829981,0.6984574616180983,0.8288335894236393,0.8254664463349318,1.0166444052944812,1.028214504642419,1.0259261956796824,1.0295947372956333,1.0286854822543,1.02843101912182,0.7083517203591515,0.704461781609491,0.70521506095517,0.7604269915466134,0.6368875938967744,0.7507029666423006,0.7007023182807285,0.7234433779077272,0.684388057204086,0.7186473643778499,0.8731452364572433,0.90535654283896
deep_drid_clarity,0.6098270022023721,0.5219790097790923,0.5496056206731583,0.5743091050172108,0.8003708639598235,0.9771359703818219,1.2671909926355809,0.5637360243121329,0.9824536958796805,1.0356546683242263,0.7965036220938595,0.7721605263051327,0.7195376786050004,0.7372421806951502,1.1260202174329905,1.1542994242508506,0.5937146156635085,0.5723143589727299,0.555375675832564,0.4919996850771326,0.47640614718169744,0.4766772794961249,0.4755473649492796,0.4777381451543753,0.47698286935184,0.47710281191535175,0.4758547344680332,0.8297369751148227,0.61138610681113,0.8170557194715002,1.0619329167000642,1.0499482721463478,0.940448431836563,0.665243160954648,0.665868627650616,0.683803042714265,0.6601071931781204,0.6879282153063617,0.6586767326020264,0.6559155764696913,0.6924029745942648,0.6817648101752307,0.6740156741954281,0.6546660746647618,0.6761043244638384,0.6993606036911444,0.8302421655198851,0.8618334879331938,0.8233536792539841,1.0234572142173208,1.0262879658323443,0.799372034305365,0.6984946846135284,1.028248219567511,0.0,1.0277565980272196,1.0277850146072547,0.712741484064158,0.7028877247078242,0.702882399609573,0.9836359538924487,1.2143227531507108,0.7580991907519341,0.6409209629406437,0.7527268847285,0.7001005471726114,0.7231756142741268,0.6794886218034246,0.718205519772394,0.8720243837951551,0.9108090051893724,0.6130709707211331,0.5355645060311112,0.5472068821995075,0.5698481833154553,1.2700773672809347,0.5636323662902963,1.0261961297716415,0.7233406239754572,1.1272273159146264,0.5968208726779729,0.5729438486178348,0.554808299660811,0.4936752935358574,0.4756179031486266,0.4803967506044024,0.47469757468645973,0.4772763224924983,0.47818596598219687,0.4801239037645364,0.4806134300104071,0.6084267928456709,1.0606164146738761,0.93827522164625,0.6713131297760346,0.6667732314778276,0.6821270811230726,0.6583537819052431,0.6902434862886264,0.6606194878584151,0.6586855917357414,0.6884707185263536,0.6873901188772502,0.6797156354119074,0.650963081157167,0.6727862843729333,0.6984597022458975,0.8288353969977318,0.8254680575371653,1.0166488563421086,1.0282176739420947,1.025929845972993,1.0295974900779532,1.0286886265051285,1.0284343978887465,0.7083550757041803,0.7044649227950593,0.7052183090713191,0.760430383356994,0.6368909078956716,0.750707913632489,0.7007040678541294,0.7234472068450479,0.684391394198173,0.718650835458303,0.8731478670295586,0.9053598887137916
deep_drid_field,0.6098259052104653,0.521976724372441,0.5496029789782819,0.5743068403232248,0.8003685189963469,0.9771326724265171,1.2671874120934803,0.5637361946971622,0.9824495292476977,1.035651934802236,0.7964990680330072,0.7721555925988575,0.7195344412367798,0.7372386318913867,1.1260162737712656,1.1542955881905694,0.5937132521882733,0.5723137094549147,0.5553758341786074,0.4919995661716375,0.4764045545343838,0.47667569355118583,0.47554572813722645,0.4777364084342622,0.47698108282115737,0.4771010877473649,0.4758531163743307,0.8297339391489862,0.611383860211324,0.8170541332050698,1.0619298166652724,1.0499453380680646,0.9404453329768463,0.6652407474184461,0.665865768768367,0.6838003705951258,0.6601048036376442,0.6879254484581068,0.6586741846643291,0.6559131653015168,0.6924002204942012,0.6817623760203705,0.6740133231461154,0.6546635725369044,0.6761021909212951,0.6993580171864526,0.8302389159257458,0.861831641969984,0.8233501259157132,1.023453634973484,1.0262833646959018,0.7993688742448329,0.6984930375870284,1.0282436459820545,1.0273568415339103,0.0,1.0277805533230118,0.7127383228826413,0.7028849723680133,0.7028795624893329,0.9836335259895945,1.2143121499480496,0.7580952026368413,0.6409179736703373,0.7527229686940875,0.7000976735951859,0.7231721066899509,0.6794849493531366,0.7182024518648067,0.8720218904103586,0.9108028606568765,0.613069328861611,0.5355617500248987,0.5472041903873637,0.5698459682755904,1.2700734390871777,0.5636329144998742,1.0261932930612743,0.7233374978552587,1.1272236250192664,0.5968198205004456,0.5729426965309548,0.5548084615036388,0.49367515026878234,0.47561604289657733,0.48039496884430066,0.47469624551982836,0.47727451518433606,0.4781844613609122,0.4801225063711631,0.4806120530674184,0.6084244147508261,1.0606132358861033,0.9382727549011127,0.6713107083785419,0.6667709664748074,0.6821247700754622,0.6583518253137438,0.6902406588153888,0.6606172927399754,0.6586833349273128,0.6884679192987798,0.6873877768881979,0.6797128810739783,0.6509608791252404,0.6727841869804418,0.698457275665226,0.8288316298235996,0.8254646330250963,1.0166459148037623,1.0282130603783846,1.0259253835445157,1.0295931976500765,1.0286835595284534,1.0284296486676787,0.7083516726012393,0.7044620945344567,0.7052152456664416,0.7604266406677793,0.6368876856655564,0.7507037051302371,0.7007012608849419,0.7234439498546501,0.6843877235916296,0.7186477076523773,0.8731455476621206,0.905353667145624
deep_drid_artifact,0.6098274752109485,0.5219786966946328,0.5496049388992252,0.5743089074202652,0.8003721683168007,0.9771376097715061,1.2671930742380255,0.5637350363377084,0.9824554859835652,1.0356556988638401,0.7965048919998855,0.7721612732988231,0.7195382951441096,0.7372430665098589,1.126021479325263,1.1543003904084548,0.59371509008244,0.5723151100188681,0.5553753896040723,0.49199991478804544,0.4764059719642072,0.47667706083367883,0.47554718821393355,0.47773801253114634,0.47698311517177483,0.47710269065166305,0.47585450873302604,0.8297381687403338,0.611386878698132,0.8170573726896505,1.0619343935353371,1.049951113486561,0.9404464549277171,0.6652430137722349,0.6658682743340022,0.6838026928003385,0.6601070702685478,0.6879282375506914,0.6586762207359719,0.6559156934722358,0.6924026290206582,0.6817647648217507,0.6740156243175925,0.65466570548687,0.6761042826252943,0.6993605311056649,0.8302415394350017,0.8618359698955396,0.8233529515870454,1.0234597711796978,1.026285998781506,0.7993718061767356,0.698494738818933,1.0282457324468706,1.0273597358521014,1.0277548968892285,0.0,0.7127404242364043,0.7028873717677913,0.7028822259604692,0.9836373968499796,1.214317855961117,0.7580989726794038,0.6409203387513562,0.7527266274264662,0.7000999772511748,0.723175871619526,0.6794883099779156,0.7182055927074866,0.8720264905054771,0.9108061829343352,0.6130714450635826,0.5355638458407534,0.5472064744154307,0.5698477336022961,1.2700792893951556,0.5636319090942375,1.0261971786985074,0.7233416097985537,1.1272284996084658,0.596821647744874,0.5729444740249912,0.5548081313967148,0.49367544234838134,0.4756179262492724,0.4803965847606304,0.4746979379542001,0.4772761885465722,0.4781855932195619,0.480123818312197,0.48061366958615614,0.6084270668564716,1.0606174196995983,0.9382734322382316,0.6713129694016329,0.6667732134486685,0.6821269345465345,0.6583537319969183,0.6902434150951675,0.6606194857547232,0.658685444768074,0.6884704701382665,0.6873901612076324,0.6797154855205496,0.6509631184778253,0.6727863161834844,0.6984596539561969,0.8288346689017438,0.8254672310727482,1.0166512514948425,1.0282159194363314,1.0259276477121615,1.0295958136267611,1.0286865939982714,1.0284310315282645,0.7083538723981871,0.7044640784659231,0.7052178564326421,0.7604302190682094,0.636890196326783,0.7507075365480042,0.7007038364901486,0.7234476115470218,0.684391144188468,0.7186511436777043,0.8731500330075014,0.9053565955454226
kvasir_capsule_anatomy,0.6103628877322346,0.5223748123095674,0.5501252317041935,0.5746768895913114,0.8012062093860225,0.9782197095872832,1.268354488293313,0.5638946556354956,0.9835190848052202,1.0364580244513497,0.7974355047249706,0.773098693537619,0.7202899874482288,0.738046301718109,1.1269494355990737,1.1552928963783686,0.5941895335952544,0.5727046999356159,0.5555206251129833,0.49225147970177363,0.4768308532914616,0.4770962930165351,0.47597438786285334,0.47817197447392634,0.4774057770634576,0.4775308806390694,0.4762766022041302,0.8306498371884842,0.6119252854479094,0.8179131240824009,1.0632660046904043,1.0510414661898453,0.9416318350703066,0.6656468219728092,0.6662763716754484,0.6841974512565612,0.6605038748218708,0.6883286812436964,0.6590769284154767,0.6563203894192782,0.6927952514186442,0.682153920463962,0.6744235153883169,0.6550516404617821,0.6764904928776447,0.6997728912060743,0.8307010716579435,0.8627833196724031,0.8237977123872773,1.0245254270738227,1.0284579090914083,0.799549112926043,0.6990641919622368,1.0304213358944079,1.0295384879295886,1.029936109015677,1.0299626317916428,0.0,0.7027530952487194,0.7027391145935682,0.9844075331610068,1.2167550396778082,0.758707666349819,0.6414240141246125,0.7532707624704016,0.7005084525002913,0.7237550520127989,0.6799890143319989,0.7187239530779145,0.8728005238906454,0.9125475873040374,0.613607363220219,0.5360013033130593,0.5477238838079947,0.5702046060891338,1.2712346423703247,0.5637933606274773,1.0270019078520638,0.7240995286676737,1.1281595231695327,0.5972926883280913,0.573342848385243,0.5549503328426919,0.49392397337242966,0.4760498828377645,0.48083008537466715,0.4751222909757152,0.4776941695232068,0.47858366463070146,0.4805534054855832,0.48105716337647547,0.6089423627639883,1.0619513337643935,0.9394629375998662,0.6717054807355326,0.6671573747955113,0.6825156290566465,0.6587297031266379,0.6906488608666994,0.6610360120643902,0.6590920357158424,0.6888711377645066,0.6877636140744914,0.6801256573039587,0.6513558303719419,0.6731721910470341,0.6988577058887793,0.8292935343962193,0.825914387434761,1.0177216904916746,1.0303936251994794,1.028100388783025,1.0317756406475258,1.0308653049822554,1.0306070785093868,0.708135085116733,0.7043260915114029,0.7050842817047746,0.7610323931275863,0.6373958227582143,0.7512450050896203,0.7011052381982125,0.7240356236902317,0.684897520291534,0.7191867768748292,0.8739193822409239,0.9070874106712774
kvasir_capsule_content,0.6103516138878577,0.5223820470095406,0.5501431774740158,0.5747006647551054,0.8011797854551808,0.9782000176279476,1.2683279606126159,0.5638900511937175,0.983495503247293,1.0364404451250566,0.7974261888196175,0.7730922897225785,0.7202825256219273,0.7380364978821177,1.126929238641261,1.1552742134396248,0.5941814315120426,0.5727055768469129,0.55550840456476,0.49223542158248423,0.4768470604317935,0.4771124148392309,0.47599011851284767,0.4781875140330685,0.4774214242470051,0.47754661467119675,0.47629400547528433,0.8306258617456319,0.6119235555513154,0.8178517822320285,1.0632195408804448,1.0510192713388058,0.941604622247489,0.6655868770532827,0.6662184119028285,0.684136944990919,0.6604433569536414,0.6882688474615581,0.6590180839395428,0.6562596660241253,0.6927358794977992,0.6820926780134482,0.6743641981843741,0.6549916280586641,0.6764301518741264,0.6997138578767896,0.8306358498126383,0.8627596615858295,0.8237323813212643,1.0244883893505015,1.0284551519037606,0.7994743844128562,0.6990359099299678,1.0304194051989533,1.02953688452539,1.029933639503294,1.0299600885739706,0.7125746958441125,0.0,0.7027062692502172,0.984401855724288,1.2167413889773189,0.7586684832406572,0.6413715603082462,0.7532314655301381,0.7004625495690244,0.723726028530842,0.679959495584782,0.7186848872090892,0.8727903709404984,0.912546587256538,0.6135962001743587,0.5360111931717964,0.5477424607876821,0.5702283198508848,1.271209423722304,0.5637895652214537,1.0269834910905928,0.7240931736170548,1.128140603818428,0.5972843793131248,0.5733437296493235,0.5549384335858445,0.49390851015593684,0.47606460442860643,0.48084628437473803,0.4751393457081366,0.4777126599286743,0.47860122829517543,0.48056972540742976,0.481072435009559,0.6089401117141107,1.0619049341287132,0.9394347364712383,0.671644510998228,0.6670972924507299,0.6824570485829208,0.6586674778959535,0.6905914517510224,0.6609786121380282,0.6590319622440644,0.6888119102653957,0.6877029927257743,0.6800662345959358,0.6512970143494385,0.6731136171666993,0.6987978055256413,0.8292261365960092,0.8258476917789522,1.017687381658316,1.0303908948719878,1.0280980001947193,1.0317741887441552,1.0308626211946672,1.0306055107934324,0.708180526734766,0.7043016033265721,0.7050528031925164,0.760994447561556,0.6373472564284742,0.7512080822100201,0.701058898451573,0.7240057298614779,0.6848680141646426,0.7191470642058656,0.8739097059868834,0.9070865548005507
kvasir_capsule_pathologies,0.6103520808497942,0.5223854842182404,0.5501473718975038,0.5747049569792306,0.8011874047694795,0.9782030433590607,1.2683324900823192,0.5638892456153938,0.9835021177175193,1.0364472884404066,0.7974346783481583,0.7731015749796637,0.720290403630174,0.7380450455859422,1.1269335051867566,1.1552786321799609,0.5941818839262492,0.5727068597250207,0.5555054380265232,0.49223559841155357,0.47685055596616943,0.4771151476413228,0.4759932672759099,0.47819035942852095,0.4774245240667215,0.4775496698646782,0.47629676059527476,0.8306311620532942,0.6119248234896391,0.8178549542539784,1.0632214404976992,1.0510222599734376,0.9416079575957182,0.6655863465786946,0.6662179453890568,0.684136224094331,0.6604431320962263,0.6882676700255622,0.6590178162166832,0.656259057238183,0.6927349369956689,0.6820914727329747,0.6743638951490114,0.6549916593378248,0.6764294119927018,0.6997131677260301,0.8306354886746891,0.8627633881383083,0.8237321113597518,1.0244912741763426,1.028464229818307,0.7994718824618671,0.6990372163463161,1.0304289612861512,1.02954617775945,1.0299429074321698,1.0299696030626713,0.7125868772337104,0.7027330845719726,0.0,0.9844100609566195,1.216748087322793,0.7586732398008631,0.6413715061340712,0.7532326259622232,0.7004640808316517,0.7237299535453516,0.6799638315612457,0.718687812808422,0.8727952186228083,0.9125564941160166,0.6135965321108969,0.5360148005612841,0.5477470294501507,0.5702330621271596,1.271213511480155,0.5637885790012769,1.0269903342089621,0.7241013623636086,1.1281451890869256,0.5972849995900458,0.5733451468829216,0.5549354863615257,0.49390833339496365,0.47606766148833773,0.48084940014219335,0.47514229320208423,0.47771528512350225,0.47860440133127824,0.4805724652224818,0.4810756262341947,0.6089415535783076,1.0619065585009757,0.9394377723047561,0.6716443621536696,0.6670962421802233,0.6824566740016281,0.6586666446001685,0.6905907659063842,0.660978156155468,0.6590312464649605,0.6888108301567868,0.6877017485834421,0.6800652239731773,0.6512971954886387,0.6731130280481568,0.6987963954208901,0.829226321197978,0.8258475693719473,1.017690581046239,1.0304001222919572,1.028107342110217,1.0317832897383228,1.0308721041518274,1.0306147909705978,0.7081927675849773,0.7043080365860368,0.70505679719028,0.7609984006233109,0.6373473190529023,0.7512089766028984,0.7010596480628798,0.7240096380794507,0.6848727248920133,0.7191497805241788,0.8739146633734138,0.9070965852048164
breast_cancer_classification_v2,0.6098585229617632,0.5219339955725928,0.5496896402723863,0.57428009896532,0.8006436106667494,0.9770337308065247,1.2671643055703137,0.5639200866720049,0.9825384481421382,1.0356254716405813,0.7966432049686927,0.7723176062540589,0.7195550361029449,0.7373024060629417,1.1262396555998884,1.1544985862516646,0.5938829976548874,0.5724862200070755,0.5554664015651282,0.49202991993581374,0.47655282516804787,0.47683309827160747,0.4757028418504191,0.47789003340177055,0.4771328813226824,0.47725428347494336,0.47601233978853097,0.8298986687274148,0.6115242743433987,0.8166306600018547,1.062353515804622,1.050150973587065,0.9412251913078116,0.6650746962867062,0.6656791990248415,0.6835930019477282,0.6599300285830381,0.6877227159097605,0.658503160344767,0.6557440252479048,0.6921932316787289,0.6815700989017811,0.6738247509103887,0.6544700066558521,0.6758931072144971,0.699161170771997,0.830138804235763,0.862058425630378,0.8232447731336556,1.0236124346163322,1.0281259449101356,0.7992022830951969,0.698694807319106,1.030097285893887,1.0292134956124892,1.0295997215771162,1.0296487924228357,0.7130223983265925,0.7032163173331166,0.7032056989640288,0.0,1.2164165191836855,0.7583551780659039,0.6410398016484098,0.7529108078931581,0.7002964727748171,0.723369471950399,0.6796559338842941,0.7183911219836523,0.8721406310168528,0.912302495913349,0.6130961510940824,0.5355219976220522,0.5472978841261759,0.5698196543113713,1.2700480653569557,0.5638124241763378,1.0261738746110558,0.7233659130998737,1.1274462075984637,0.5969924362809096,0.5731151658405318,0.5549011962750383,0.49369832910138306,0.47576901749011147,0.4805405842222279,0.47484150072154363,0.4774327657086808,0.4783326372205742,0.48028648329189166,0.4807778326508379,0.6085612285365612,1.0610253282898654,0.9390503965240194,0.6711326189149631,0.6665697514642347,0.6819228309150103,0.6581734267933212,0.6900325046749134,0.6604403911677438,0.6585120075729329,0.6882637595948355,0.6871846342138598,0.6795232959281458,0.650768840814945,0.672565104692344,0.6982557062407188,0.8287315209238774,0.8253632281376048,1.0168055302175487,1.0300625271274433,1.0277770304547338,1.031447096322457,1.0305400803239346,1.030286083739542,0.7086383775321922,0.7047820209052993,0.705545679144044,0.760686084737872,0.6370085095930413,0.7508920946111738,0.7009048204011269,0.7236569343520941,0.6845650519063411,0.7188569803613231,0.8732645939839246,0.9068407307539281
eye_condition_classification,0.6096329474042945,0.5217690453804923,0.5493519829297092,0.5741048709023684,0.800106961932115,0.9767040713361241,1.2667206429030704,0.5635686214428307,0.9818884428461083,1.0352423310026446,0.7959870731839476,0.7716419139444153,0.7190970932375947,0.7367995531259033,1.12559048938769,1.1538685904057266,0.5934696795986849,0.5720835462872075,0.5552287963544448,0.4918478233512371,0.4761692092509241,0.47644752446749594,0.47530974998924996,0.4774985840206152,0.47674624977345215,0.47686289941877746,0.475622736818901,0.8294003931797951,0.611138586643684,0.8167677318152566,1.0614808526082553,1.0495829814583875,0.9400141210638522,0.665061792161971,0.6656827661213933,0.6836194106872144,0.6599262284465408,0.6877469414994535,0.6584945260749075,0.6557300550392302,0.6922261586558326,0.6815904008519355,0.6738304127349715,0.6544815438860285,0.6759292100731834,0.699171383357093,0.8300328154186902,0.861561388464241,0.8231580017177056,1.0230834092109962,1.0256882042948747,0.7992716677656293,0.6982281131475159,1.0276487362600892,1.0267617103414954,1.0271510870172051,1.0271825085783126,0.7125436505345173,0.7026701373970794,0.7026696761666773,0.9833213899629887,0.0,0.7577377700348294,0.6406386462317656,0.7523813583896626,0.6998691288575075,0.7228258642631074,0.6791589711478636,0.7178638217762898,0.8717203042103613,0.9101707435657604,0.6128731456090364,0.535347543320668,0.5469620439336932,0.5696462123184741,1.2696077228923448,0.5634640461701341,1.0257939216457903,0.7228999913983174,1.126797476595942,0.5965797666837032,0.5727110383494551,0.5546596308643714,0.493529246983173,0.4753875815089458,0.4801506995362662,0.4744625383446522,0.4770510926453467,0.4779632262366242,0.47989862507342806,0.4803717774691282,0.6081881326914625,1.0601676991993396,0.9378412578488631,0.6711358734855066,0.6665998821573548,0.6819480672900742,0.6581841143083611,0.6900595612092804,0.6604307662782938,0.6584955494802956,0.688288661158176,0.6872171891542276,0.6795300504030212,0.6507723603773771,0.6725988061682808,0.6982845696702488,0.8286295827361395,0.825273306437384,1.0162824857129333,1.0276172936466237,1.0253322715852073,1.0289968995117587,1.0280839208674173,1.0278351430897519,0.7081664724132335,0.704250635002668,0.7050051322785703,0.7600722103330412,0.6366044572333586,0.750361680983932,0.7004826340439386,0.723099965265767,0.6840581025593707,0.7183117664257019,0.8728482634256935,0.9047270197896471
mura_xr_wrist,0.6101300408951797,0.5221078284847945,0.5498613081307201,0.5743975778492554,0.8011982345157795,0.9778118967190715,1.2679935379735432,0.5639567837257725,0.9830787951794748,1.0360389539492345,0.7970179642504112,0.772664073799064,0.7199708749930392,0.7377096378042258,1.12657198794561,1.154926858985604,0.5941434003550202,0.5726916902195698,0.5555091394116541,0.4921373098961216,0.47663942357426353,0.4769072773517171,0.4757813164873381,0.47797622033113013,0.47721291175287905,0.47733761942420544,0.4760892028144028,0.8305441781350773,0.6117951649122064,0.8176097602208257,1.0628669051433102,1.0508737243200033,0.9412323071823817,0.6651825661471187,0.665818087592733,0.6837356748548046,0.6600406652973493,0.6878666006081817,0.6586183734175757,0.6558643044933503,0.6923321591002951,0.6816768785555282,0.6739593772573667,0.6545945312154238,0.6760289182276998,0.6993038220017265,0.8300533219863844,0.8628052185434366,0.8231409640752472,1.0243366182220128,1.0284137778771671,0.7989107734979509,0.6988171147494003,1.0303783644344955,1.0295004555735867,1.0298969340062751,1.0299250938074604,0.7131134995481184,0.7032526965960024,0.7032361918637664,0.9841643415089667,1.2166339234803498,0.0,0.6408192411984874,0.7525712143017127,0.6994675379759133,0.7228486469958233,0.6791107096884225,0.7178328960368846,0.8725545529091381,0.9125711814530117,0.613388273121763,0.5357039177325704,0.5474603657483299,0.5699287201075344,1.2708775615652752,0.5638455687171573,1.0265850732217763,0.7237764151883901,1.1277736414248691,0.5972536825144901,0.5733289738570904,0.5549385786288704,0.49380630406210435,0.47586304072766333,0.4806285352473424,0.4749289752122635,0.4775059594300213,0.47839780027511836,0.48036619452855567,0.4808635266337269,0.6088151305517646,1.0615501989743765,0.9390636945914682,0.6712413525999557,0.6666994400878208,0.6820600573576117,0.6582718645439347,0.6901923778825071,0.6605871863745612,0.6586320525294945,0.6884109648568396,0.6872903865941554,0.6796579150364993,0.6509034133577217,0.672711347562281,0.6983968461332991,0.8286385632494896,0.8252569429058615,1.0175310175603463,1.0303482176582546,1.0280634398842152,1.031733394865081,1.030821405331542,1.0305672222019058,0.7087281115663464,0.7048332479626969,0.7055830448847769,0.7597921987591881,0.636799136692146,0.7505489568143567,0.7000672400264427,0.723130308438008,0.6840099501627657,0.718304683670738,0.8736767614222641,0.907110654277248
mura_xr_shoulder,0.6102765505658213,0.5222809498444032,0.550055378948459,0.5745864899712645,0.8013413027690053,0.9780548029734973,1.2683371367978291,0.5640125720680116,0.9834309874276111,1.036409652920245,0.7973892777935723,0.7730350346045785,0.7202827460405831,0.7380421916040169,1.126912882041634,1.1552482339604417,0.5942409941600881,0.5728148234173798,0.5555983601921773,0.49220313201084875,0.47674621950471585,0.4770104202232016,0.47588954068993816,0.47808578793275847,0.4773211110491835,0.477446480122493,0.4761953144064261,0.8307192176116427,0.6118909030967388,0.8177040674231812,1.0631483267557227,1.0511026081781685,0.9414756070410507,0.6650778369602048,0.6657099310875687,0.6836268138933214,0.6599402836829366,0.6877550502648841,0.6585150261796948,0.6557619479653194,0.6922201495747449,0.6815661796676584,0.673854933721078,0.6545006148408861,0.6759288281741599,0.6991935151772678,0.8300396088696234,0.8629074308502112,0.8231318408636061,1.0245419156731603,1.0285726652067315,0.7988554342771936,0.6989628113037765,1.0305368273383493,1.0296592230284212,1.0300532745090156,1.0300841855558343,0.7132512985034296,0.7033826782914282,0.7033603133570331,0.9842237871033697,1.2168060081720753,0.7582721199107133,0.0,0.7527948185920347,0.7000993457399918,0.7233341505702521,0.679609678883754,0.7182917815004295,0.8727566475780612,0.9126672138482513,0.6135323660335863,0.5358774360448264,0.5476533846955391,0.5701129987917127,1.2712215328145715,0.5639079182678339,1.0269505106831858,0.7240922392144495,1.128121645282013,0.5973493994459448,0.5734484124505013,0.5550302438413949,0.4938741217743857,0.47596492404895874,0.4807414906740607,0.47503062187950484,0.47761228566470126,0.478498997491149,0.4804706838124079,0.48097433165108383,0.6089028192070949,1.0618280034888312,0.9393051330244491,0.6711267096281346,0.6665828474352377,0.6819529614297121,0.6581586915552217,0.6900854612861897,0.6604767573270118,0.6585354437149001,0.6882952425526394,0.6871784972638347,0.6795520070987136,0.6508083054098291,0.6726149997436389,0.6982736768537544,0.828626855308733,0.825247230003369,1.0177295236790282,1.030510428754981,1.028219037068451,1.031891434961881,1.030978910000283,1.0307262540375457,0.7088600662993337,0.7049621873425959,0.7057115275775068,0.7605920256895001,0.6367752450649168,0.7507736725638854,0.7006937992332802,0.7236164482615225,0.684512311528247,0.7187512382392713,0.8738796833815835,0.9072073621012855
mura_xr_humerus,0.6101679627147131,0.5221928796388946,0.5499235095138586,0.574477397913072,0.8011645305049121,0.9777883401914997,1.2680317609595155,0.5639204535468327,0.9831337764474976,1.0361245495770022,0.7970863214823277,0.7727291849412614,0.7200391024259833,0.7377919269729768,1.1265484105075243,1.1548932858036978,0.5940807385219464,0.5726551542305247,0.5555132955200809,0.4921736164648107,0.4766312959120874,0.4769011308286272,0.47577545073716243,0.47796950347747763,0.47720751674505185,0.47733292255768656,0.4760844077902701,0.830498073869308,0.6117792908139721,0.8175843547094066,1.0628983405498227,1.0508174521770628,0.9413106754513745,0.6651179557136441,0.6657476027708401,0.6836718382562487,0.65997551153627,0.687798753167735,0.6585517168129722,0.655796049551979,0.6922697852171962,0.681619548776799,0.6738943618271769,0.6545280929355146,0.6759708198307197,0.6992392498090874,0.8300821024378162,0.8627128650717811,0.823187065165237,1.0242699536753817,1.028390197533098,0.7988953489858187,0.698858886657327,1.0303540173847223,1.029475833495656,1.0298701975994726,1.0299018251769314,0.7130429485425125,0.7031914898448983,0.703169964086332,0.9840838379273678,1.2165996176816423,0.7579601104068605,0.6407176658020848,0.0,0.6998736158735889,0.7229408428818506,0.6792904997977706,0.7179424448529026,0.8725590465922767,0.9125319270550626,0.6134252071342405,0.5357748573848393,0.5475251153255085,0.5700063487769483,1.2709113178288864,0.5638097995680871,1.026670624267578,0.7238470658862285,1.127752685004804,0.5971871921026133,0.5732921173827459,0.5549449254301926,0.4938433293529738,0.47585565790788364,0.48062603497009876,0.4749222367885801,0.47750071345450334,0.4783897882648671,0.4803619900440446,0.4808569578364418,0.6088042278525942,1.0615789157818951,0.9391418219126806,0.6711768696596979,0.6666263701385076,0.6819970243719927,0.6582073170130845,0.6901221198404055,0.6605143408608016,0.65856129264493,0.6883388087410924,0.6872329692535272,0.6795943433197074,0.6508368256616001,0.6726536448363168,0.6983285898226079,0.8286761796278478,0.8253033876243908,1.017461331502318,1.030324802092231,1.0280362679382158,1.0317088884558019,1.030795381349761,1.030542133197142,0.7086555960720932,0.7047705558476927,0.7055121620585889,0.7602810512510482,0.6366943884424463,0.7503595973495271,0.7004700778333168,0.7232224582725311,0.6841912195472206,0.7183994608744849,0.873679479690421,0.907077850230835
mura_xr_hand,0.6102562959668196,0.5222337555619304,0.5500228120120518,0.5745259489868009,0.8014354060678167,0.978112877686533,1.2683659763615416,0.5640850554686088,0.9834361201700375,1.0363890538103526,0.7973494978408401,0.773008165263561,0.7202403524817815,0.738001295374718,1.126859117953749,1.1552167663822077,0.5943275551176841,0.5728547882740089,0.5556194056707786,0.4922181696964253,0.4767808354130322,0.47704527439026845,0.47592286352482593,0.4781195488086978,0.47735365307947975,0.47747882109008133,0.47622749982517587,0.8308128406553543,0.6119568834851594,0.8177953700000656,1.0631143955241797,1.0511731243198803,0.9414599689062277,0.6653412848852568,0.6659840961953271,0.6839055352919884,0.6601972408969428,0.6880388157895596,0.6587768363343663,0.6560211430893886,0.6925014569683934,0.6818397022833679,0.6741280568485708,0.6547534207280017,0.67618916904158,0.6994810343022406,0.8302642279987336,0.8630436655788738,0.8233393013567647,1.024654129130223,1.0286832429499542,0.7990246188791359,0.6989841209281116,1.030651075143382,1.0297687378541205,1.0301681588693705,1.0301923460499145,0.7133044429737031,0.7034443179453962,0.7034245471417144,0.9843997295726805,1.2169361154234792,0.7579236390597671,0.6410727207461279,0.7529240181687001,0.0,0.7232243713942342,0.6793611443063172,0.7182134194212395,0.872745643048337,0.9128194679934786,0.6135157337692001,0.5358522394406083,0.5476141660964307,0.5700537002252151,1.271254815155387,0.5639725145901517,1.0269316289358164,0.7240463326263007,1.1280582662515113,0.5974355293591768,0.5734905909369672,0.555048423355716,0.49389044273351806,0.47600384306124943,0.48077319187733947,0.4750671284936532,0.4776430483974208,0.4785328794896297,0.4805038412014013,0.48100782573441947,0.6089682788218713,1.0617895048996604,0.9392924110949668,0.6713896976322673,0.6668578941476286,0.6822274913957568,0.6584145469382201,0.6903685382008905,0.6607449595205483,0.6587937619937927,0.6885790564039779,0.6874515459958923,0.6798255413709052,0.6510606860371662,0.6728706867621717,0.6985644787142328,0.8288445394922047,0.8254530526189043,1.0178448436691303,1.030622603975459,1.0283338374849924,1.0320034007657797,1.031090592207913,1.030836182561371,0.7089126089844755,0.7050265991590676,0.705776026896414,0.7602432796876601,0.6370540310321874,0.7509022122487533,0.7000609300322749,0.723507718173408,0.6842634141895793,0.7186832768730563,0.8738719278825879,0.9073574722581719
mura_xr_forearm,0.6101798469879386,0.5221667886424165,0.5499102379623624,0.5744447438086115,0.801230367455456,0.977844847623072,1.268074199840071,0.5639841396857487,0.9831402933314366,1.0361420928512581,0.797075670446102,0.7727176940175413,0.720033576491299,0.7377834017493927,1.1265728863876083,1.1549165665833958,0.5941551270185128,0.5727135971747224,0.5555601499782482,0.4921967009600925,0.4766543735075399,0.476923359149655,0.4757970501228983,0.4779921222480119,0.47722934406549555,0.4773540251161149,0.47610577022012335,0.8305549745451848,0.6117910285381485,0.8176522791401726,1.0629268123934235,1.0508795769748982,0.9413023954160507,0.6652496735823378,0.6658810201354922,0.6838053602454974,0.6601058008508847,0.6879330792050846,0.6586834320366571,0.6559265464520523,0.6924035589876065,0.6817506897541802,0.6740254853469383,0.654655948305305,0.6760965762361798,0.6993733289910753,0.8301944580775029,0.8627939309037285,0.8232892112154445,1.024353013243346,1.0284455707416806,0.7990130692461755,0.698852293056701,1.030409421024515,1.0295305288553294,1.0299268248952893,1.0299557716285515,0.7131159277989049,0.7032753065524,0.703257018816979,0.9841512445554116,1.2166617216460636,0.7578120098137676,0.640825467957768,0.7525028214180438,0.6997336538707732,0.0,0.6792116281489979,0.7178837224751325,0.8725867314664224,0.9126039456954599,0.6134393883777709,0.535753656577115,0.5475101706784651,0.5699743032472974,1.2709562029113293,0.563871318562079,1.026690240059317,0.7238385737399836,1.127772063531217,0.5972613696418627,0.5733516524024944,0.554990676930929,0.49386685550640785,0.47587791297589577,0.4806461489552594,0.4749456179977546,0.47752232270933237,0.47841090027264005,0.4803852880351478,0.48087801213046455,0.6088157508934517,1.0616082152390323,0.9391323371777673,0.6713104139737962,0.666763736523545,0.6821281839733129,0.658339004998081,0.6902573694722459,0.6606477280538777,0.6586910081621216,0.6884760814535648,0.6873653069520568,0.679727121921707,0.6509639529625426,0.6727781511067978,0.6984648379304383,0.828783290062612,0.8254063668043695,1.0175474704993785,1.0303801461131576,1.0280928050272762,1.031764382250504,1.0308520528194773,1.0305989691644075,0.708730031536773,0.7048535392979081,0.7055979281100828,0.7601293960544449,0.6368007604036202,0.7504801203086203,0.7003307117697737,0.723131665702034,0.6841120501463269,0.718347565456254,0.8737074628275542,0.9071457491614342
mura_xr_finger,0.6102337190601568,0.5222265657603263,0.5499885876635504,0.5745061826223646,0.8013197419746882,0.9779639639964199,1.2681664808743363,0.5640000095124136,0.9832726572356711,1.0361720432273045,0.7971890344060524,0.7728389632200137,0.7201012771341205,0.7378551723532806,1.1266469512599984,1.1549961126588852,0.5942403221968338,0.5727819273825836,0.5555583321937508,0.4922068759073801,0.47674321326284386,0.4770116723254384,0.4758858760073667,0.47808196694289307,0.47731789071736086,0.47744308626709353,0.4761935450549056,0.8306774358094766,0.6118593513625277,0.817724786645704,1.0629807923974237,1.0510183035654443,0.941344414994836,0.6653105087590502,0.6659433661681669,0.6838636543181816,0.660167285322627,0.6879929528494837,0.6587442205070576,0.6559888574839192,0.6924587372926796,0.6818057566011805,0.674085010284608,0.6547192951188748,0.6761522010608496,0.6994301330282275,0.8302380955680364,0.8629123361076084,0.8233261229761079,1.024486765220343,1.0285715091153034,0.7990570870119695,0.6988960709332166,1.0305389189048841,1.0296589894176165,1.0300540153444566,1.0300819510765233,0.713182373016959,0.7033408384409066,0.7033221550991191,0.9842393561774029,1.2168013263267508,0.7579375457325648,0.6409635277372481,0.7527224357956349,0.6997205567908311,0.7230776832396089,0.0,0.7180846029682943,0.8726707735603485,0.912723409320168,0.6134914242500211,0.5358243190620438,0.5475848482486657,0.5700338751525417,1.2710489138412353,0.5638881512119966,1.026717511107651,0.7239061642261215,1.127847546887377,0.5973448417927778,0.5734199247928006,0.5549898117841889,0.4938771411347729,0.47596810365781766,0.48073525635216874,0.47503500931179343,0.4776103979485573,0.47849914587920916,0.4804728361286557,0.48096921451603747,0.6088806459177223,1.0616592609234052,0.9391754809827486,0.6713665192013589,0.666821315928276,0.6821859561351623,0.6583941950042623,0.6903202737093417,0.6607099414389108,0.6587584256470034,0.688534088515098,0.6874183227225272,0.6797864823166926,0.6510264855386809,0.6728339604178688,0.6985210476688976,0.8288234015052798,0.8254416115291048,1.0176812268358622,1.0305082424565255,1.0282211456444967,1.0318946605923918,1.0309787436801494,1.0307276057615746,0.7087921793803771,0.7049202264498774,0.705665333595535,0.7602572133211288,0.6369396117810265,0.7506999260625724,0.700318142013421,0.7233621953384834,0.6841070901910762,0.7185508745366838,0.873792365691495,0.9072621211958409
mura_xr_elbow,0.6102199227486537,0.5222116314552079,0.5499580759083096,0.5745005117599834,0.801233863934857,0.9779008837397336,1.2681188407939314,0.5639640874754163,0.9832016565227135,1.036163405213998,0.7971315312741596,0.7727759770362181,0.7200674040366437,0.7378199534487843,1.126645286670195,1.155007762011543,0.5941562692983056,0.5727173063561982,0.5555392813314723,0.49218461539985264,0.4766776025910507,0.47694491180781334,0.4758203008758295,0.4780156017882338,0.4772525799500002,0.47737773809588424,0.47612785422331133,0.8305946458727651,0.6118135014329064,0.8176974741637308,1.0630055918714045,1.0509284295526768,0.9413397361392694,0.6652611544676964,0.6658955894536414,0.683818663689329,0.6601162004125622,0.6879485305808051,0.6586947943668147,0.6559373394493095,0.6924180610416386,0.6817632688879075,0.674039021962701,0.6546666004290788,0.676111965901313,0.699388351662961,0.8302159217138141,0.8628203710306467,0.8233098548917266,1.0243907465456086,1.028507200168723,0.7990262285353703,0.6988864926972307,1.0304714806079487,1.0295920384313788,1.0299879233236018,1.0300151702574658,0.7131122646438882,0.7032577654683304,0.7032375810083699,0.9842265668718414,1.2167192666875573,0.7578315138185288,0.6408207279646545,0.7525511855643879,0.6997547856396527,0.7229273529109197,0.6792597929550772,0.0,0.8726166080402098,0.9126191230316884,0.6134776747346878,0.535802784019701,0.547559097193533,0.57003011049707,1.271000955441022,0.56385260908555,1.0267087468801976,0.7238715201081952,1.1278462399654399,0.5972618554977319,0.5733556220974474,0.5549685859019148,0.49385436486169415,0.4758999167310431,0.4806687426317135,0.4749680988916014,0.47754458515761955,0.4784344475034085,0.4804065082644778,0.48089999452704735,0.6088350322978624,1.0616878995501102,0.9391684306891734,0.6713222659914868,0.6667759053423707,0.682142163164824,0.6583461495872993,0.690272509999457,0.660659341002007,0.658702868042045,0.6884916443403699,0.6873780421063017,0.6797403672050708,0.650973735203831,0.6727929474098233,0.6984791061031681,0.8288036010398596,0.825426033657878,1.0175847715486752,1.0304415117554626,1.0281526226451128,1.031826195965596,1.030914882550285,1.0306583675885501,0.7087255894500397,0.7048344983570441,0.7055808083627737,0.7601487359810873,0.6367983800515916,0.7505295380108847,0.7003528103605523,0.7232099351018217,0.6841601677237891,0.7183068183037858,0.8737375316165943,0.9071619374479225
bean_plant_disease_classification,0.6099257579533635,0.521999588615184,0.5497477729939438,0.5742921544480183,0.8008136596242004,0.9774892904292123,1.2676285998601922,0.5640908089130761,0.9827824963583628,1.035959867774042,0.7968207782142422,0.772495964920857,0.719772213584393,0.7375032599835757,1.1265032823517278,1.1548195465624562,0.5939985310154916,0.5726088339990894,0.5555933596901098,0.4921681108509989,0.47662550405961585,0.4769012755644725,0.4757674011676349,0.47796167312116916,0.47719889490287964,0.4773212292803978,0.47607286097809864,0.8301557593211648,0.6117643611283433,0.8173180659232167,1.0626664886333845,1.0503216695094122,0.9413420644167128,0.6654597114631864,0.666094736487523,0.6840199698029165,0.6603316888647612,0.6881474902684811,0.6588950858432732,0.6561473745223707,0.6926161028112527,0.6819648631925631,0.6742370356722911,0.6548761429156994,0.6763106197165526,0.6995779115570155,0.8304493005370153,0.8623300552677516,0.8235468175689784,1.023909801962145,1.0282559022504532,0.7993753169217368,0.6989266355785676,1.0302166039665082,1.0293322778244607,1.0297278498283275,1.0297676717794693,0.7131783479601292,0.7033495316128126,0.703340891661399,0.9839018927635795,1.2165206229012369,0.7584526784882404,0.6412606023201162,0.7531066289539505,0.7003163362129965,0.7235352647529711,0.6797652430554065,0.7185335169317248,0.0,0.9124019239064584,0.6131646237286038,0.5356106963019236,0.547345486755763,0.5698310266908634,1.2705115145036245,0.5639843466318926,1.0265090233536107,0.7235826639788121,1.1277118803299553,0.597105316003884,0.5732345663183562,0.5550194339554928,0.49383902006795133,0.4758530478608184,0.4806095016176709,0.4749191529436684,0.4774965403476531,0.47839282743111855,0.4803490373492027,0.480850775446543,0.6087971332876041,1.0613527743775486,0.9391693645487456,0.6715280290311871,0.6669858404487351,0.6823424426428636,0.6585571836931331,0.6904661573749263,0.6608479512611419,0.6589128449425805,0.6886903562795414,0.6875774346594274,0.6799322493018216,0.6511766677994363,0.6729798285833891,0.6986814331399831,0.8290380251600027,0.8256686655875792,1.0170938508846787,1.0301920935923934,1.0278987772021475,1.0315708145602605,1.0306565729479242,1.0304089637503289,0.7087924207043302,0.7049307616402345,0.705684582607776,0.7607637314874773,0.6372378282879873,0.7510919016074296,0.700917841540303,0.7238170720270756,0.6846742380313979,0.7189841288306964,0.8723754223920565,0.9069472017920808
aptos19_blindness_detection,0.609949270031172,0.5220671155396381,0.5497338500820996,0.5744049108616256,0.8005279050269278,0.9774155524147118,1.2675725889588254,0.5637731594900044,0.982747368882239,1.035950089113467,0.7967797801044771,0.772432044001369,0.7197812894775254,0.737499943153414,1.1263667901850307,1.1546608594018524,0.5937879936482962,0.5723697805660577,0.5553901737498106,0.4920084253325452,0.47649125866022407,0.47675995763497125,0.4756315898056893,0.4778264770640833,0.47706796722952444,0.4771893008826595,0.4759401819314075,0.829987352539443,0.6115194638294306,0.8172560504775352,1.062312379506281,1.0502562394644426,0.9406827819294445,0.6652923060050506,0.6659170757812807,0.683848020643908,0.6601559153842493,0.687979222210864,0.6587254955042141,0.6559675300110306,0.6924497755009188,0.681808405544547,0.6740649605001995,0.6547036702712182,0.6761560001672976,0.6994138329382514,0.830316135833038,0.8620655019361747,0.8234208796991511,1.0237619048226658,1.0268024741732809,0.7993387019647995,0.6986148698210909,1.0287667150148248,1.0278798338773059,1.0282740201903942,1.0283021157528682,0.7127736184367414,0.7029290369634622,0.702921004416737,0.9838331354312646,1.2148158450003232,0.7582806274310327,0.6410123121458164,0.7528846177614266,0.7002276416189879,0.7233452828465342,0.6796467715365013,0.718344537353705,0.8721950803017806,0.0,0.6131899295665526,0.5356617212192284,0.5473362912357695,0.5699381319524727,1.270456527877149,0.5636740665305765,1.0264908437927849,0.7235861947079658,1.1275732324472425,0.59689465005148,0.5730011866105627,0.5548244965887574,0.49368605166786494,0.4757059323031493,0.48048677327781036,0.4747803551622133,0.4773616525022121,0.47826003844223697,0.48021558146988,0.4807038824284799,0.6085520880701515,1.0609982264332203,0.938510626556241,0.6713562278023439,0.6668147805075175,0.6821775701211752,0.6583909452664022,0.69029494723606,0.6606739942167394,0.6587352353267265,0.6885183695212427,0.6874257018270861,0.6797635478660298,0.651003064026557,0.6728401842372654,0.6985040497618,0.8289070044263018,0.8255398065496189,1.016949565155219,1.0287326978866234,1.0264459717164778,1.0301203967070809,1.0292048213982887,1.0289490631140776,0.7083840751792432,0.704504834373549,0.7052599781544222,0.7606080756750494,0.636985978756934,0.7508624318745697,0.7008288467934028,0.7236198748139693,0.6845522042525585,0.7187938826529681,0.8733201276398572,0.9055065786879495
