,lapgyn4_anatomical_structures,lapgyn4_surgical_actions,lapgyn4_instrument_count,lapgyn4_anatomical_actions,sklin2_skin_lesions,identify_nbi_infframes,laryngeal_tissues,nerthus_bowel_cleansing_quality,stanford_dogs_image_categorization,svhn,caltech101_object_classification,caltech256_object_classification,cifar10_object_classification,cifar100_object_classification,mnist_digit_classification,emnist_digit_classification,hyperkvasir_anatomical-landmarks,hyperkvasir_pathological-findings,hyperkvasir_quality-of-mucosal-views,hyperkvasir_therapeutic-interventions,cholec80_grasper_presence,cholec80_bipolar_presence,cholec80_hook_presence,cholec80_scissors_presence,cholec80_clipper_presence,cholec80_irrigator_presence,cholec80_specimenbag_presence,derm7pt_skin_lesions,idle_action_recognition,barretts_esophagus_diagnosis,brain_tumor_classification,mednode_melanoma_classification,brain_tumor_type_classification,chexpert_enlarged_cardiomediastinum,chexpert_cardiomegaly,chexpert_lung_opacity,chexpert_lung_lesion,chexpert_edema,chexpert_consolidation,chexpert_pneumonia,chexpert_atelectasis,chexpert_pneumothorax,chexpert_pleural_effusion,chexpert_pleural_other,chexpert_fracture,chexpert_support_devices,pneumonia_classification,ph2-melanocytic-lesions-classification,covid_xray_classification,isic20_melanoma_classification,deep_drid_dr_level,shenzen_chest_xray_tuberculosis,crawled_covid_ct_classification,deep_drid_quality,deep_drid_clarity,deep_drid_field,deep_drid_artifact,kvasir_capsule_anatomy,kvasir_capsule_content,kvasir_capsule_pathologies,breast_cancer_classification_v2,eye_condition_classification,mura_xr_wrist,mura_xr_shoulder,mura_xr_humerus,mura_xr_hand,mura_xr_forearm,mura_xr_finger,mura_xr_elbow,bean_plant_disease_classification,aptos19_blindness_detection,lapgyn4_anatomical_structures --shrink_train 800,lapgyn4_surgical_actions --shrink_train 800,lapgyn4_instrument_count --shrink_train 800,lapgyn4_anatomical_actions --shrink_train 800,laryngeal_tissues --shrink_train 800,nerthus_bowel_cleansing_quality --shrink_train 800,svhn --shrink_train 800,cifar10_object_classification --shrink_train 800,mnist_digit_classification --shrink_train 800,hyperkvasir_anatomical-landmarks --shrink_train 800,hyperkvasir_pathological-findings --shrink_train 800,hyperkvasir_quality-of-mucosal-views --shrink_train 800,hyperkvasir_therapeutic-interventions --shrink_train 800,cholec80_grasper_presence --shrink_train 800,cholec80_bipolar_presence --shrink_train 800,cholec80_hook_presence --shrink_train 800,cholec80_scissors_presence --shrink_train 800,cholec80_clipper_presence --shrink_train 800,cholec80_irrigator_presence --shrink_train 800,cholec80_specimenbag_presence --shrink_train 800,idle_action_recognition --shrink_train 800,brain_tumor_classification --shrink_train 800,brain_tumor_type_classification --shrink_train 800,chexpert_enlarged_cardiomediastinum --shrink_train 800,chexpert_cardiomegaly --shrink_train 800,chexpert_lung_opacity --shrink_train 800,chexpert_lung_lesion --shrink_train 800,chexpert_edema --shrink_train 800,chexpert_consolidation --shrink_train 800,chexpert_pneumonia --shrink_train 800,chexpert_atelectasis --shrink_train 800,chexpert_pneumothorax --shrink_train 800,chexpert_pleural_effusion --shrink_train 800,chexpert_pleural_other --shrink_train 800,chexpert_fracture --shrink_train 800,chexpert_support_devices --shrink_train 800,pneumonia_classification --shrink_train 800,covid_xray_classification --shrink_train 800,isic20_melanoma_classification --shrink_train 800,deep_drid_dr_level --shrink_train 800,deep_drid_quality --shrink_train 800,deep_drid_clarity --shrink_train 800,deep_drid_field --shrink_train 800,deep_drid_artifact --shrink_train 800,kvasir_capsule_anatomy --shrink_train 800,kvasir_capsule_content --shrink_train 800,kvasir_capsule_pathologies --shrink_train 800,mura_xr_wrist --shrink_train 800,mura_xr_shoulder --shrink_train 800,mura_xr_humerus --shrink_train 800,mura_xr_hand --shrink_train 800,mura_xr_forearm --shrink_train 800,mura_xr_finger --shrink_train 800,mura_xr_elbow --shrink_train 800,bean_plant_disease_classification --shrink_train 800,aptos19_blindness_detection --shrink_train 800
lapgyn4_anatomical_structures,0.0,0.42858867187499994,0.434316015625,0.50705078125,0.6905558593750001,0.79455390625,1.06180546875,0.6633023437500001,0.85246015625,0.9644546875,0.72898125,0.7177535156250001,0.7439921875000001,0.716438671875,1.0396136718750002,1.051852734375,0.5384734375,0.534055078125,0.6280183593750001,0.6077117187500001,0.507337890625,0.509748828125,0.508537109375,0.507125390625,0.50709453125,0.507558203125,0.5076406250000001,0.699364453125,0.678855859375,0.7163992187499999,0.9364460937500001,0.8465429687499999,0.868587890625,0.70634140625,0.708727734375,0.719548046875,0.70386875,0.72156484375,0.702253515625,0.7020515625,0.72433359375,0.719680078125,0.712097265625,0.69962265625,0.7045265625,0.7278480468749999,0.7693902343750001,0.7343410156249999,0.774115234375,0.824580078125,0.9320039062500001,0.833575390625,0.7459609375,0.9334765625000001,0.93367421875,0.934182421875,0.9340535156249999,0.750992578125,0.7391496093750001,0.73788359375,0.849050390625,1.1140300781249999,0.7896097656250001,0.70020703125,0.74702109375,0.7731832031250001,0.742584765625,0.733496484375,0.762378125,0.7618261718750001,0.85170078125,0.299151171875,0.44433984375,0.43443515625,0.50947109375,1.0649335937500002,0.6637015625,0.9597386718750001,0.74639453125,1.0375597656250002,0.537163671875,0.5328734374999999,0.63040234375,0.606914453125,0.50938046875,0.508683984375,0.512430078125,0.5133890625,0.512048828125,0.5050050781250001,0.5107921875,0.6842210937500001,0.936919140625,0.865812890625,0.710301953125,0.71225390625,0.7198382812499999,0.7088625000000001,0.7197,0.704092578125,0.698473046875,0.7201136718750001,0.7237328125,0.713803515625,0.7000031250000001,0.70626796875,0.730103515625,0.7712929687500001,0.7735148437500001,0.818271875,0.93390078125,0.9316667968750001,0.9351253906250001,0.93420078125,0.933247265625,0.7492375,0.74185859375,0.7367636718749999,0.7892453125000001,0.69963359375,0.7481179687499999,0.771968359375,0.74273359375,0.735201953125,0.76116953125,0.7621621093750001,0.848753515625
lapgyn4_surgical_actions,0.42858867187499994,0.0,0.363654296875,0.386058203125,0.7566906250000001,0.8595828125,1.1349515625,0.66895546875,0.8935324218749999,0.9957933593749999,0.748262890625,0.7303066406250001,0.7549453125,0.7383730468749999,1.0678578125000002,1.091919140625,0.5777875000000001,0.5769796875,0.6327457031249999,0.5933128906249999,0.45997070312500005,0.461649609375,0.460649609375,0.46013046874999997,0.45948671875,0.46070703125,0.45907890625000003,0.76035,0.6524578125,0.771626953125,0.9924070312500001,0.930078515625,0.9079601562499999,0.701825,0.7027160156250001,0.7129937500000001,0.699798046875,0.71529453125,0.697543359375,0.69763359375,0.71925859375,0.712748046875,0.70635546875,0.6952191406249999,0.701912109375,0.72098828125,0.78368125,0.7941652343750001,0.785285546875,0.9070042968750001,0.993639453125,0.817336328125,0.746475,0.994915625,0.994746484375,0.99555859375,0.99532578125,0.7548917968750001,0.752760546875,0.7531328125,0.8976140625,1.1654472656250001,0.7637015625,0.682609375,0.745487890625,0.74481484375,0.7219320312499999,0.712973046875,0.740784375,0.79706484375,0.901612109375,0.432203125,0.337514453125,0.361017578125,0.3862109375,1.137993359375,0.669373828125,0.9905207031250001,0.757682421875,1.0657574218749999,0.57762109375,0.5760839843750001,0.63364921875,0.5932382812500001,0.4636921875,0.46213984375,0.46266757812500003,0.465265234375,0.459707421875,0.45865429687500003,0.465389453125,0.654251171875,0.992671484375,0.9055664062500001,0.70491796875,0.7044851562500001,0.7123976562500001,0.702195703125,0.714905078125,0.6996550781249999,0.6956875,0.71570390625,0.71550703125,0.7090953125,0.695169140625,0.7012562499999999,0.72290234375,0.78492265625,0.785514453125,0.90077109375,0.995001171875,0.993134375,0.996691015625,0.995541796875,0.9952109375,0.7531964843750001,0.755026953125,0.7527874999999999,0.764301171875,0.68035546875,0.7443902343750001,0.744337109375,0.723084375,0.7169328125000001,0.74008828125,0.7972707031250001,0.898281640625
lapgyn4_instrument_count,0.434316015625,0.363654296875,0.0,0.36858671875,0.7282828125,0.82310234375,1.094221484375,0.678131640625,0.853619140625,0.964736328125,0.716312890625,0.69925,0.7323359375,0.7147558593750001,1.042119921875,1.060919921875,0.5703457031250001,0.57138671875,0.6484296875,0.625482421875,0.445289453125,0.448316015625,0.44604921875000003,0.44578867187500004,0.445065625,0.445844140625,0.44524804687499997,0.732123828125,0.674762109375,0.7664671875,0.96129609375,0.883752734375,0.88479609375,0.7177757812500001,0.720773046875,0.7312042968750001,0.7151609375,0.733567578125,0.7137492187500001,0.714259765625,0.73709140625,0.7309765625,0.72350234375,0.710553125,0.7181167968750001,0.739128515625,0.785525390625,0.768411328125,0.78867421875,0.872808984375,0.9607187500000001,0.834951171875,0.753291015625,0.961951953125,0.961846875,0.9625453125,0.9621999999999999,0.745940625,0.749930859375,0.7510921875000001,0.879016015625,1.1373933593749999,0.7521019531250001,0.6850105468750001,0.724156640625,0.750584375,0.70617890625,0.7048046875,0.7266539062499999,0.781240625,0.87707265625,0.43709453125000003,0.365451171875,0.30768632812499996,0.37396757812500003,1.09651953125,0.678112890625,0.95929765625,0.735301953125,1.039953125,0.5694460937500001,0.56909296875,0.649775390625,0.624698046875,0.44983125,0.44713203125,0.45095078125,0.450652734375,0.44591875000000003,0.442868359375,0.44897578125,0.67902578125,0.9614035156249999,0.882163671875,0.72237421875,0.722946875,0.7302109375,0.7199226562500001,0.731421484375,0.715807421875,0.7115449218750001,0.733633984375,0.734340234375,0.72572578125,0.710893359375,0.7185886718750001,0.741401171875,0.7881015625000001,0.7901140624999999,0.866803125,0.9624796875000001,0.9601984374999999,0.963385546875,0.962361328125,0.9618500000000001,0.745212109375,0.7521593750000001,0.75013984375,0.7522550781249999,0.6830617187500001,0.723831640625,0.7501082031249999,0.706528125,0.707078125,0.725041015625,0.781648046875,0.874255078125
lapgyn4_anatomical_actions,0.50705078125,0.386058203125,0.36858671875,0.0,0.796659375,0.8810199218750001,1.1385308593749999,0.733612890625,0.907685546875,1.0025828125,0.772785546875,0.756188671875,0.7874425781250001,0.773437890625,1.07392265625,1.0984,0.64852421875,0.651678515625,0.6997328125,0.6783890625,0.515923828125,0.517983984375,0.51560625,0.51545625,0.5151890625,0.5171742187499999,0.51561953125,0.7979414062500001,0.701790234375,0.8252296875,1.0185472656249999,0.948137890625,0.933966015625,0.7603003906250001,0.76175234375,0.76801015625,0.7590671875,0.7702722656250001,0.75643359375,0.75823671875,0.774396875,0.7683433593750001,0.76267890625,0.7553640625,0.75905390625,0.7735027343750001,0.828944140625,0.825680859375,0.8313515625,0.935192578125,1.020731640625,0.85388046875,0.8008878906250001,1.0222511718749998,1.021693359375,1.022261328125,1.022443359375,0.80070703125,0.806817578125,0.80803125,0.930677734375,1.18218359375,0.78709765625,0.7332988281250001,0.77246640625,0.775308203125,0.744090625,0.738998828125,0.7660078125,0.8260378906250001,0.937062109375,0.509256640625,0.3889765625,0.36775859375000003,0.30439921875,1.141423828125,0.73296015625,0.9979140625,0.7898890625000001,1.071209765625,0.647715625,0.6494566406250001,0.7010300781250001,0.6784640625,0.5202625000000001,0.5178175781250001,0.5202296875000001,0.520491015625,0.5133125,0.513687890625,0.519408203125,0.7039605468750001,1.0191875000000001,0.931987890625,0.76347109375,0.7627824218749999,0.7672,0.7627921875000001,0.7690796875,0.75846640625,0.755803515625,0.771288671875,0.7701820312500001,0.764745703125,0.7565496093749999,0.7587507812500001,0.7748796875,0.8308457031250001,0.8324847656250001,0.9298796874999999,1.022076171875,1.0201335937500002,1.0239171875000002,1.021957421875,1.0221398437500002,0.7992523437500001,0.8086906250000001,0.80744296875,0.7876265625,0.730953515625,0.7717289062500001,0.7752152343750001,0.7450640625,0.742364453125,0.765860546875,0.8269894531249999,0.934720703125
sklin2_skin_lesions,0.6905558593750001,0.7566906250000001,0.7282828125,0.796659375,0.0,0.7534007812500001,0.945828125,0.7772753906250001,0.80183125,0.9025359375,0.7156562499999999,0.711505859375,0.737730078125,0.70013671875,0.9891343750000001,0.99155625,0.623113671875,0.643897265625,0.77346484375,0.785672265625,0.74383203125,0.74599609375,0.746556640625,0.743943359375,0.744344140625,0.7446238281249999,0.7452453125,0.504154296875,0.7836148437500001,0.65604296875,0.87356796875,0.67173828125,0.85529296875,0.7909765625,0.79585,0.8056644531249999,0.789774609375,0.807488671875,0.788349609375,0.787428125,0.8091902343749999,0.8091890625,0.797180859375,0.780965234375,0.7948789062499999,0.811555859375,0.8493425781249999,0.478833984375,0.8602390625,0.60798515625,0.81125078125,0.930184765625,0.7959570312500001,0.8130003906250001,0.813969140625,0.814509375,0.8145457031250001,0.702646875,0.6814660156250001,0.6834734375,0.7656042968750001,1.02605234375,0.852446484375,0.78820078125,0.792794140625,0.874904296875,0.8056789062499999,0.8193679687500001,0.807876171875,0.747201171875,0.7484335937500001,0.68834375,0.753599609375,0.73354609375,0.801204296875,0.9480671875000001,0.77539453125,0.8991207031249999,0.737159765625,0.9870644531249999,0.62288359375,0.640048828125,0.7757769531250001,0.78669609375,0.7426195312499999,0.7445375000000001,0.7510921875000001,0.74943671875,0.751949609375,0.742651171875,0.741259765625,0.7922625000000001,0.8739828125,0.851637890625,0.7977378906250001,0.8011453125,0.8053847656249999,0.7959636718750001,0.802266015625,0.789363671875,0.7822890625000001,0.80631875,0.8121855468749999,0.79839921875,0.7821246093750001,0.798998828125,0.81540546875,0.85340859375,0.8588875,0.6044871093749999,0.812765234375,0.81167734375,0.8154335937499999,0.8136625,0.8130269531250001,0.700583203125,0.6816960937500001,0.68173828125,0.853433203125,0.7864296875000001,0.794690234375,0.872860546875,0.804977734375,0.8189765625000001,0.80473125,0.7477785156250001,0.7459074218749999
identify_nbi_infframes,0.79455390625,0.8595828125,0.82310234375,0.8810199218750001,0.7534007812500001,0.0,0.6745203125,0.934837890625,0.662368359375,0.7274515625,0.6578746093750001,0.66110078125,0.7433453125,0.691417578125,0.8760804687499999,0.868569921875,0.7856347656249999,0.80861171875,0.9171875,0.924519921875,0.86981875,0.873415625,0.8717890625,0.86865703125,0.871371484375,0.871016796875,0.8731140625,0.680506640625,0.8516476562499999,0.6878140625,0.7435203125000001,0.69859921875,0.8553140625000001,0.9055078125,0.89527265625,0.89685859375,0.9068617187500001,0.894853515625,0.90178671875,0.9022238281249999,0.8975050781249999,0.90847734375,0.8954800781250001,0.902733203125,0.894276171875,0.89674453125,0.899437890625,0.694873046875,0.916841796875,0.6507316406250001,0.884832421875,1.04214765625,0.895596484375,0.8854019531249999,0.88651796875,0.8865359374999999,0.88807265625,0.9324902343750001,0.923946875,0.92490859375,0.6966234375,1.0479640625000002,0.8833171875,0.886553515625,0.823477734375,0.9682843750000001,0.8320750000000001,0.86438125,0.859990625,0.797908984375,0.863473046875,0.792040625,0.84396796875,0.82842734375,0.88684609375,0.6747531250000001,0.9331625000000001,0.7301597656250001,0.74269765625,0.872601171875,0.782264453125,0.803322265625,0.920888671875,0.9238199218750001,0.868454296875,0.868753125,0.876988671875,0.87534296875,0.87697265625,0.8688488281250001,0.8658019531250001,0.861618359375,0.745680078125,0.854622265625,0.908565234375,0.900815625,0.8976808593750001,0.91808125,0.8878640625,0.8993535156250001,0.8960488281250001,0.894432421875,0.9103785156249999,0.8948175781250001,0.90550390625,0.89939453125,0.90136328125,0.9061546875,0.915833984375,0.6493222656250001,0.884944921875,0.885402734375,0.887784765625,0.8852289062500001,0.8864699218750001,0.9333875,0.92589921875,0.9206375,0.8837753906249999,0.884683203125,0.82536484375,0.96692421875,0.8309171875,0.861840234375,0.8559796875,0.79864609375,0.8622046875
laryngeal_tissues,1.06180546875,1.1349515625,1.094221484375,1.1385308593749999,0.945828125,0.6745203125,0.0,1.186633203125,0.7993230468750001,0.7488796874999999,0.840967578125,0.8571054687499999,0.892194140625,0.8442093749999999,0.9286609374999999,0.9002488281250001,1.067142578125,1.084590234375,1.1755359374999999,1.212587890625,1.154083203125,1.1574453125,1.1559257812500001,1.152492578125,1.1547828125,1.1548335937499998,1.15616015625,0.863140234375,1.09681875,0.93036640625,0.8858703125,0.8349703125,1.0250585937499999,1.1728699218749998,1.16824453125,1.165948046875,1.1761519531250002,1.163616796875,1.1714742187499998,1.174066015625,1.1649386718749999,1.17496015625,1.1649660156250001,1.173272265625,1.1610398437499998,1.16196953125,1.1335796875,0.8885574218750001,1.153601171875,0.7532714843749999,1.000118359375,1.2702621093750002,1.139917578125,1.0010132812499999,1.002008203125,1.001788671875,1.00343828125,1.13542265625,1.128625390625,1.1304339843750002,0.875519921875,1.1066078125,1.0884414062499999,1.136812109375,1.0567746093750001,1.18525625,1.067953125,1.09586015625,1.0922703125,0.987976953125,1.0244152343750001,1.059667578125,1.12608515625,1.0991277343749999,1.1441890625,0.19782734375,1.184719921875,0.7570609375,0.8907121093749999,0.9258515625,1.0643296875,1.081599609375,1.177583984375,1.21205703125,1.15255078125,1.15262578125,1.1607199218750002,1.158540625,1.159745703125,1.1517796875,1.149778515625,1.108775390625,0.888195703125,1.02466484375,1.1750234375,1.173305859375,1.1657082031250001,1.1864691406249999,1.157272265625,1.170063671875,1.168262890625,1.16331640625,1.1759078125,1.1639058593750002,1.176561328125,1.164560546875,1.1675558593750002,1.1405289062500001,1.151197265625,0.756584765625,1.00043515625,1.001935546875,1.00166796875,1.0001792968749998,1.00237734375,1.137158203125,1.130222265625,1.125947265625,1.088814453125,1.13477734375,1.059194921875,1.184346484375,1.06626484375,1.092225390625,1.089473828125,0.989864453125,1.025083984375
nerthus_bowel_cleansing_quality,0.6633023437500001,0.66895546875,0.678131640625,0.733612890625,0.7772753906250001,0.934837890625,1.186633203125,0.0,0.9804046875000001,1.017361328125,0.8289136718750001,0.807930078125,0.8046890625,0.78686796875,1.110036328125,1.1319394531250002,0.539378125,0.51000625,0.39572265625,0.505404296875,0.610405078125,0.6107515625,0.6106,0.61063359375,0.6103847656250001,0.6103660156249999,0.6110933593750001,0.80702578125,0.633464453125,0.84146171875,1.04026640625,0.990573046875,0.906565234375,0.748101953125,0.7409296875,0.75204609375,0.741269140625,0.7524363281249999,0.7402394531250001,0.73691171875,0.7568007812499999,0.7569453125,0.7454031249999999,0.7363371093750001,0.7502726562500001,0.760799609375,0.850878515625,0.8256171875,0.85321796875,0.951677734375,0.98529296875,0.89528046875,0.7296289062499999,0.986351953125,0.98642109375,0.98725625,0.986541015625,0.651133984375,0.6415199218750001,0.6387265624999999,0.9473875,1.1563265625,0.82303359375,0.7043523437499999,0.77077265625,0.786809375,0.7814855468749999,0.745408984375,0.764134765625,0.879729296875,0.883064453125,0.663284375,0.68285234375,0.678844921875,0.73298359375,1.189569140625,0.303897265625,1.010041796875,0.8041570312499999,1.10929453125,0.538685546875,0.515899609375,0.396651953125,0.50358515625,0.609463671875,0.61236171875,0.612980859375,0.612625390625,0.6143640625,0.61051875,0.6104402343750001,0.634034765625,1.0408679687500002,0.9043664062500001,0.751655078125,0.743726171875,0.751215234375,0.7447402343749999,0.7514832031249999,0.7420800781250001,0.7355707031250001,0.7541546875,0.759857421875,0.748457421875,0.7352113281249999,0.75043671875,0.76218671875,0.8513417968750001,0.85429296875,0.946857421875,0.987336328125,0.984144921875,0.9876015625,0.98739921875,0.9855484375,0.64953359375,0.6445269531250001,0.63755390625,0.8240046875,0.7030484375,0.77032109375,0.7861003906249999,0.78109296875,0.748566796875,0.7636511718750001,0.8802937500000001,0.8790140625
stanford_dogs_image_categorization,0.85246015625,0.8935324218749999,0.853619140625,0.907685546875,0.80183125,0.662368359375,0.7993230468750001,0.9804046875000001,0.0,0.793311328125,0.48900937499999997,0.49412109375,0.6313199218750001,0.61139375,0.8844531250000001,0.8748207031249999,0.8519132812500001,0.8780476562499999,0.96305,0.9717281249999999,0.9253222656250001,0.92894609375,0.9271777343750001,0.9251421874999999,0.9260203124999999,0.926757421875,0.9276367187499999,0.715062109375,0.910400390625,0.773426953125,0.795383203125,0.7164671875,0.8615015625,0.959542578125,0.95312890625,0.9558792968750001,0.961107421875,0.954565234375,0.956025,0.9558898437500001,0.9576671875,0.9647945312499999,0.9538249999999999,0.95786640625,0.952263671875,0.957323046875,0.96984296875,0.7630250000000001,0.985392578125,0.7354875000000001,0.911069140625,1.07709609375,0.90422109375,0.91174921875,0.912922265625,0.9125656249999999,0.914537890625,0.9450652343750001,0.930159765625,0.932012890625,0.8071675781250001,1.0417792968750001,0.873934375,0.914177734375,0.8413980468750001,0.9703285156250001,0.8265074218749999,0.8595468749999999,0.86079296875,0.7976734375000001,0.8894835937500001,0.8506976562499999,0.8790953125000001,0.8590695312500001,0.91405546875,0.799877734375,0.9787722656250001,0.79261953125,0.6340546875,0.88050859375,0.8503773437500001,0.87392265625,0.965025390625,0.9720765625000001,0.9249675781250001,0.92644765625,0.9338332031250001,0.9298816406250001,0.932376953125,0.92509921875,0.921298046875,0.92055078125,0.796662890625,0.8623890625,0.96396171875,0.958478515625,0.9568375,0.9704238281249999,0.949771875,0.95670859375,0.95141171875,0.955605859375,0.9672160156249999,0.9540609375,0.958791015625,0.9536269531250001,0.96190078125,0.97541953125,0.9844507812500001,0.73669453125,0.910934765625,0.912172265625,0.9142589843750001,0.910691015625,0.9136742187500001,0.944955078125,0.93167421875,0.92851015625,0.87488515625,0.9106476562500001,0.842521484375,0.9685238281249999,0.8249124999999999,0.8575980468750001,0.858211328125,0.798691015625,0.889483203125
svhn,0.9644546875,0.9957933593749999,0.964736328125,1.0025828125,0.9025359375,0.7274515625,0.7488796874999999,1.017361328125,0.793311328125,0.0,0.753966015625,0.7590425781250001,0.663779296875,0.627574609375,0.7104742187499999,0.69788828125,0.9358312500000001,0.9478859375,1.00579921875,1.0315796875,1.00216875,1.0051609375,1.0036242187500002,1.0014023437500001,1.00285,1.002863671875,1.004700390625,0.842337109375,0.95732265625,0.866120703125,0.872080078125,0.8633292968749999,0.9487812500000001,0.9974984375,0.9834855468750001,0.982365234375,0.998323828125,0.9787765625,0.9929183593750001,0.993555078125,0.9820718749999999,0.9940398437500001,0.98268203125,0.9956367187499999,0.9825277343750001,0.980034375,1.001201171875,0.872007421875,1.0175953125000001,0.8225121093750001,0.9944167968750001,1.116119140625,0.9888882812500001,0.9952316406250001,0.99598125,0.996444140625,0.9963933593750001,0.99237734375,0.9831230468750001,0.985095703125,0.8609890625000001,1.122601171875,0.924420703125,0.9580390625,0.900305859375,1.004002734375,0.9053058593750001,0.908641796875,0.9205234375,0.9194757812500001,0.98689609375,0.9634207031249999,0.99003984375,0.9683937499999999,1.006259375,0.7504593749999999,1.01438828125,0.24096562500000002,0.66012734375,0.710353515625,0.934303125,0.9454375,1.0071941406249998,1.032807421875,1.0005015625,1.00164765625,1.00815234375,1.007850390625,1.0079218749999999,1.00229140625,0.99878359375,0.96690078125,0.8729003906250001,0.948490625,1.000523828125,0.988261328125,0.98231015625,1.00768203125,0.973010546875,0.9927210937500001,0.989167578125,0.98108203125,0.99486953125,0.9825742187500002,0.9987867187499999,0.9853855468750001,0.983823046875,1.0073625000000002,1.01586875,0.8243578125000001,0.995465625,0.994822265625,0.995962890625,0.9955320312499999,0.9951628906250001,0.9932156249999999,0.98319375,0.98213828125,0.925260546875,0.9564949218750001,0.901864453125,1.003028515625,0.905028515625,0.9065390625,0.91689921875,0.9211039062499999,0.986851171875
caltech101_object_classification,0.72898125,0.748262890625,0.716312890625,0.772785546875,0.7156562499999999,0.6578746093750001,0.840967578125,0.8289136718750001,0.48900937499999997,0.753966015625,0.0,0.324020703125,0.51515703125,0.483095703125,0.8421765625,0.842732421875,0.712382421875,0.728272265625,0.811376171875,0.8117281250000001,0.770151171875,0.7732375,0.7715296875,0.76912421875,0.770466796875,0.77137890625,0.772403515625,0.646238671875,0.7600984375000001,0.7137671875,0.7736378906250001,0.7290421874999999,0.788259375,0.81823125,0.813383203125,0.81957109375,0.8203875,0.817833203125,0.8144449218750001,0.8153804687500001,0.822676171875,0.8263859375,0.814611328125,0.817354296875,0.8149734375,0.822125,0.8537882812500001,0.698333203125,0.86483515625,0.714013671875,0.850473046875,0.95476484375,0.75923046875,0.8517617187500001,0.852251953125,0.852358203125,0.85396640625,0.794375390625,0.7793929687500001,0.7816484375,0.763862109375,1.0163,0.728096484375,0.7549824218750001,0.70111875,0.815683984375,0.6731796875,0.69126875,0.70515859375,0.7103210937500001,0.81364453125,0.7281320312500001,0.739494140625,0.72336953125,0.7780621093750001,0.84211484375,0.8264781250000001,0.7500765625000001,0.5184640625,0.839556640625,0.711663671875,0.72529453125,0.8129437500000001,0.812927734375,0.7696765624999999,0.7716167968750001,0.77897578125,0.775266015625,0.7764421875,0.7706968750000001,0.766562890625,0.770171484375,0.77479453125,0.7883046875,0.8229828125,0.819165234375,0.8192074218750001,0.829523828125,0.81524921875,0.815423046875,0.810759765625,0.8201,0.8285949218750001,0.816655859375,0.81845859375,0.816071875,0.826908984375,0.857697265625,0.864850390625,0.714028515625,0.8513902343749999,0.8510914062499999,0.8533300781250001,0.850909765625,0.85286640625,0.794282421875,0.7804324218750001,0.77850859375,0.730405859375,0.75001328125,0.701235546875,0.81377109375,0.6722109375,0.691301171875,0.7027812499999999,0.7118648437499999,0.812915625
caltech256_object_classification,0.7177535156250001,0.7303066406250001,0.69925,0.756188671875,0.711505859375,0.66110078125,0.8571054687499999,0.807930078125,0.49412109375,0.7590425781250001,0.324020703125,0.0,0.5088132812499999,0.474953515625,0.8501828125,0.8549535156250001,0.6973335937499999,0.71263671875,0.794233203125,0.789366015625,0.7490515625,0.7520722656250001,0.750475390625,0.748263671875,0.749231640625,0.75015234375,0.7511582031249999,0.64178984375,0.7396539062499999,0.7105691406250001,0.778304296875,0.7335,0.779403125,0.79997890625,0.795419140625,0.8031675781250001,0.80196640625,0.8022109374999999,0.7962414062500001,0.7970019531250001,0.806744140625,0.80956171875,0.79772421875,0.799489453125,0.7977609375,0.8070890625,0.83836640625,0.6962410156250001,0.84949609375,0.71895078125,0.842624609375,0.9405593750000001,0.74138984375,0.844130859375,0.8445667968749999,0.844411328125,0.8463066406249999,0.7784914062499999,0.765069921875,0.7678441406250001,0.761183203125,1.0091703125000002,0.709608203125,0.731676953125,0.678820703125,0.7997390625,0.649257421875,0.6672890625,0.68335390625,0.7052890625,0.8016730468750001,0.718063671875,0.71921484375,0.7051546875,0.7616757812499999,0.85834609375,0.80612421875,0.754802734375,0.511351171875,0.847733203125,0.69694140625,0.7098058593750001,0.796216796875,0.790615234375,0.748671875,0.750538671875,0.757177734375,0.75445859375,0.755672265625,0.7499277343749999,0.745549609375,0.749795703125,0.779492578125,0.7791363281250001,0.805301171875,0.8014988281250001,0.803308984375,0.8112046875,0.79950390625,0.7973546874999999,0.792703515625,0.8043210937499999,0.812592578125,0.799873828125,0.799965234375,0.798797265625,0.8118062500000001,0.8424625,0.8487234375,0.717503125,0.84350859375,0.8436859375,0.845679296875,0.843598046875,0.8458140624999999,0.77815859375,0.7663996093750001,0.7644558593749999,0.7115242187499999,0.7265265625,0.67889765625,0.7982949218750001,0.648003125,0.667045703125,0.680555859375,0.7065398437500001,0.801264453125
cifar10_object_classification,0.7439921875000001,0.7549453125,0.7323359375,0.7874425781250001,0.737730078125,0.7433453125,0.892194140625,0.8046890625,0.6313199218750001,0.663779296875,0.51515703125,0.5088132812499999,0.0,0.342412109375,0.81946875,0.83085,0.7176250000000001,0.7273875,0.79012265625,0.7900210937500001,0.763953515625,0.76648203125,0.765078125,0.764056640625,0.7642093750000001,0.7651523437500001,0.76614765625,0.6882179687500001,0.7476031249999999,0.72024921875,0.8590171875,0.805141796875,0.85593515625,0.8012789062500001,0.792546875,0.798989453125,0.8008714843750001,0.797766015625,0.796165234375,0.79482421875,0.803132421875,0.808306640625,0.79538984375,0.798157421875,0.795159765625,0.8039972656250001,0.859573046875,0.7218328125,0.87088984375,0.78761171875,0.9063656250000001,0.9453988281249999,0.774898828125,0.90757421875,0.9078410156250001,0.9085589843749999,0.909094921875,0.779836328125,0.77268203125,0.77529140625,0.77155703125,1.0785921875,0.764536328125,0.7594859375,0.7313609375000001,0.820905859375,0.71949375,0.7227285156250001,0.7372503906250001,0.758573046875,0.8536078125000001,0.74350390625,0.753076171875,0.7364765625,0.7903121093750001,0.8938539062499999,0.80251484375,0.6574390625,0.289944921875,0.8187625000000001,0.7160671875,0.725155859375,0.79150625,0.7908867187499999,0.763441015625,0.765001953125,0.771020703125,0.768534765625,0.7696875000000001,0.7650328125,0.76128359375,0.755730078125,0.8597625,0.85553671875,0.8056554687499999,0.797123046875,0.799385546875,0.808745703125,0.7938875000000001,0.79698515625,0.7926578125,0.800459765625,0.810145703125,0.7980078125,0.79864140625,0.7960296875,0.808209375,0.863997265625,0.8700921875000001,0.7854703125,0.908154296875,0.906778515625,0.908810546875,0.90771484375,0.9085000000000001,0.779623828125,0.7741671875,0.772906640625,0.7665941406250001,0.756856640625,0.7320203125,0.819780859375,0.7188859375000001,0.7233988281250001,0.735377734375,0.75988671875,0.851205859375
cifar100_object_classification,0.716438671875,0.7383730468749999,0.7147558593750001,0.773437890625,0.70013671875,0.691417578125,0.8442093749999999,0.78686796875,0.61139375,0.627574609375,0.483095703125,0.474953515625,0.342412109375,0.0,0.79358671875,0.801628515625,0.6923480468750001,0.701934765625,0.771159765625,0.775944921875,0.748183984375,0.751405078125,0.750054296875,0.7482359375000001,0.748595703125,0.7500082031249999,0.7505097656249999,0.643130859375,0.729196484375,0.6829531249999999,0.806971484375,0.7645187499999999,0.8197910156249999,0.7805375,0.771898046875,0.778715625,0.7805484375,0.776430078125,0.775685546875,0.7750285156250001,0.78196484375,0.7875425781250001,0.7747445312500001,0.777620703125,0.772099609375,0.783028515625,0.8354832031249999,0.6827230468750001,0.846737109375,0.738309375,0.874423828125,0.931832421875,0.7524390624999999,0.8756382812500001,0.875829296875,0.8761828125000001,0.87728828125,0.7583421875,0.7481277343749999,0.75115859375,0.74179921875,1.055924609375,0.7402089843749999,0.74164609375,0.715344921875,0.8054019531250001,0.6992148437500001,0.703534765625,0.7193578125,0.725176171875,0.8240687500000001,0.7156046875,0.736925,0.718558203125,0.77705,0.846034375,0.7846628906249999,0.6207,0.3455078125,0.7922828125000001,0.690832421875,0.6996218750000001,0.772310546875,0.776806640625,0.74768203125,0.7494070312500001,0.7558339843749999,0.7539925781250001,0.7551183593749999,0.748953515625,0.74506484375,0.7381257812500001,0.80759765625,0.819011328125,0.7847542968750001,0.7772742187499999,0.779069140625,0.789405859375,0.77291484375,0.776559375,0.772124609375,0.77962578125,0.789622265625,0.7767359375,0.778926953125,0.7742128906250001,0.787950390625,0.839965234375,0.8464746093750001,0.7355570312499999,0.8757999999999999,0.874630078125,0.8768113281250001,0.876014453125,0.876590625,0.7583144531249999,0.7494574218750001,0.74816796875,0.7420249999999999,0.73905703125,0.716287890625,0.80392890625,0.699162890625,0.7036875,0.717000390625,0.72675625,0.822509765625
mnist_digit_classification,1.0396136718750002,1.0678578125000002,1.042119921875,1.07392265625,0.9891343750000001,0.8760804687499999,0.9286609374999999,1.110036328125,0.8844531250000001,0.7104742187499999,0.8421765625,0.8501828125,0.81946875,0.79358671875,0.0,0.38291132812500006,1.01212578125,1.03084921875,1.09420546875,1.12642421875,1.0894605468749998,1.09259296875,1.091153125,1.089109765625,1.09098125,1.0906480468750002,1.092252734375,0.9292148437500001,1.0448749999999998,0.9807839843749999,0.896216015625,0.94150703125,1.0026011718749999,1.07880078125,1.071821484375,1.069567578125,1.08226953125,1.066656640625,1.0771808593749999,1.0792937500000002,1.0687773437499999,1.0762246093749999,1.0698765625000002,1.0834050781250002,1.0684265625,1.067023828125,1.076111328125,0.9550058593749999,1.089894921875,0.908536328125,1.0323179687500001,1.1518875,1.0458855468750001,1.033136328125,1.033686328125,1.03333828125,1.03399765625,1.07404375,1.067678125,1.0681742187499998,0.977148828125,1.113190625,1.014334375,1.0571859375000001,0.963655859375,1.085433984375,0.9660781250000001,0.9904824218750001,0.994083203125,1.021087890625,1.050432421875,1.0392125,1.05845234375,1.046544140625,1.077037109375,0.928751171875,1.1074054687500001,0.709589453125,0.815865625,0.21840976562500003,1.01076953125,1.0299,1.096384765625,1.126695703125,1.0904566406249998,1.0899890625000002,1.09583125,1.0947808593750001,1.093964453125,1.0905417968750002,1.087733984375,1.053194921875,0.897806640625,1.002741796875,1.08111484375,1.075590234375,1.069386328125,1.090743359375,1.063490625,1.0772242187499999,1.0751382812499999,1.0680617187499999,1.0766800781249999,1.070094921875,1.085595703125,1.0716824218749998,1.0704500000000001,1.0798015625,1.0881890625000001,0.9094171875,1.032305078125,1.03313671875,1.033290234375,1.0324207031250001,1.0330171875,1.075942578125,1.0677945312500001,1.0654050781250002,1.0143203125,1.055923046875,0.965052734375,1.083560546875,0.96529765625,0.98980078125,0.99008203125,1.021955078125,1.051051171875
emnist_digit_classification,1.051852734375,1.091919140625,1.060919921875,1.0984,0.99155625,0.868569921875,0.9002488281250001,1.1319394531250002,0.8748207031249999,0.69788828125,0.842732421875,0.8549535156250001,0.83085,0.801628515625,0.38291132812500006,0.0,1.034237890625,1.05062265625,1.117345703125,1.1460199218750002,1.108144921875,1.11124296875,1.1100273437500001,1.107251171875,1.1093671875000002,1.10933046875,1.110803125,0.928789453125,1.060692578125,0.97404140625,0.8721972656250001,0.9338648437500001,1.00188046875,1.0990625,1.0901226562500002,1.087519140625,1.10218828125,1.0839375,1.096548046875,1.098570703125,1.0860214843749998,1.095119140625,1.0878578125,1.103351171875,1.08795234375,1.084331640625,1.0931886718750001,0.960458203125,1.107325,0.90442578125,1.02363203125,1.17705,1.0642542968750002,1.0242921875,1.02507421875,1.0248820312500002,1.025566796875,1.09599453125,1.08729296875,1.0885109375,0.966746484375,1.108062109375,1.0358312500000002,1.0721328125,0.982656640625,1.10762734375,0.984638671875,1.0116308593749999,1.015858203125,1.026173046875,1.038236328125,1.05135078125,1.081321484375,1.0654374999999998,1.101815625,0.900359765625,1.1291250000000002,0.6975316406250001,0.82827578125,0.382147265625,1.03229453125,1.04928203125,1.119700390625,1.1463839843749999,1.108518359375,1.1086421875,1.11493359375,1.113104296875,1.11270625,1.1090875000000002,1.10633359375,1.06929375,0.87370859375,1.00213984375,1.10161875,1.09450546875,1.08798203125,1.11117265625,1.08031015625,1.09652421875,1.0944304687500002,1.085641015625,1.09602890625,1.087702734375,1.105640625,1.092028515625,1.0878742187500001,1.097065234375,1.1053667968750003,0.9056570312500001,1.0238820312499999,1.024710546875,1.0250167968750001,1.0242328125,1.024365625,1.0981292968749998,1.08768984375,1.0852953125,1.0358226562500001,1.070662109375,0.9842625,1.1056355468749999,0.983928125,1.00985078125,1.012028515625,1.02751171875,1.0388046875
hyperkvasir_anatomical-landmarks,0.5384734375,0.5777875000000001,0.5703457031250001,0.64852421875,0.623113671875,0.7856347656249999,1.067142578125,0.539378125,0.8519132812500001,0.9358312500000001,0.712382421875,0.6973335937499999,0.7176250000000001,0.6923480468750001,1.01212578125,1.034237890625,0.0,0.36821953125,0.49983046875000003,0.52726953125,0.5200671875,0.52172421875,0.5223546875,0.52058046875,0.5209390624999999,0.52105859375,0.522047265625,0.66508671875,0.6395906250000001,0.70268828125,0.91750234375,0.8310863281249999,0.83458515625,0.6907875,0.691099609375,0.7043874999999999,0.6861914062500001,0.705841796875,0.6854250000000001,0.682412109375,0.70919921875,0.7069253906249999,0.695437109375,0.68053046875,0.693823828125,0.71435078125,0.75986484375,0.668095703125,0.7661996093750001,0.796577734375,0.8868679687500001,0.822128515625,0.67082265625,0.8880894531250001,0.88823203125,0.8888519531250001,0.888365234375,0.626274609375,0.618762890625,0.6171890625,0.8304429687500001,1.07834765625,0.766738671875,0.644475,0.6801046875000001,0.7568656249999999,0.707184765625,0.697783984375,0.7051261718749999,0.76290859375,0.78413828125,0.5388601562499999,0.5767078125,0.5726738281250001,0.650241015625,1.069453515625,0.5392832031249999,0.92934296875,0.718671484375,1.010522265625,0.302564453125,0.366059375,0.501816015625,0.5265503906250001,0.5208242187500001,0.521896484375,0.5251054687500001,0.5271656250000001,0.527784765625,0.5204375,0.5197910156250001,0.6438964843750001,0.917972265625,0.83162890625,0.6968234375,0.69567890625,0.7044062500000001,0.691997265625,0.7036632812500001,0.687005859375,0.6791808593750001,0.70579921875,0.71159453125,0.698603125,0.679827734375,0.6962199218749999,0.7175390625,0.76205234375,0.766851953125,0.790797265625,0.8885398437500001,0.8862335937500001,0.88976171875,0.88935390625,0.88794375,0.62531328125,0.621365625,0.615142578125,0.7667800781249999,0.643177734375,0.681416015625,0.7560242187499999,0.7064027343749999,0.6999460937499999,0.702673828125,0.763662109375,0.780993359375
hyperkvasir_pathological-findings,0.534055078125,0.5769796875,0.57138671875,0.651678515625,0.643897265625,0.80861171875,1.084590234375,0.51000625,0.8780476562499999,0.9478859375,0.728272265625,0.71263671875,0.7273875,0.701934765625,1.03084921875,1.05062265625,0.36821953125,0.0,0.475342578125,0.49248203125,0.5042835937500001,0.5059828125000001,0.50688203125,0.5047175781250001,0.5057281250000001,0.50614765625,0.506592578125,0.6860566406249999,0.6205921875,0.72474921875,0.93789375,0.8611953125,0.838594140625,0.6950332031249999,0.6958125,0.709144921875,0.68995625,0.71121328125,0.6893687500000001,0.686563671875,0.714074609375,0.710370703125,0.700040625,0.684029296875,0.6974296875,0.7194378906250001,0.770821875,0.6907292968750001,0.77483671875,0.8208500000000001,0.90414609375,0.83014765625,0.6700929687499999,0.90495859375,0.905584375,0.906914453125,0.9063140625,0.592923828125,0.589396875,0.5878894531250001,0.8511500000000001,1.094798046875,0.761359765625,0.6451421875000001,0.68636640625,0.74081640625,0.7059546875,0.690543359375,0.7053191406249999,0.77986484375,0.794821484375,0.534133203125,0.5814144531250001,0.574636328125,0.653852734375,1.08708359375,0.509577734375,0.9413960937500001,0.728374609375,1.0293628906249999,0.36798789062500004,0.304028125,0.477878515625,0.493573828125,0.5048277343750001,0.5065628906249999,0.5106999999999999,0.510318359375,0.5119910156249999,0.5058074218749999,0.504782421875,0.624271875,0.9384613281249999,0.8358257812500001,0.700446484375,0.6996625,0.708877734375,0.6951449218750001,0.708669140625,0.6909378906249999,0.684059375,0.71028046875,0.714509375,0.70334296875,0.6834550781250001,0.698733984375,0.7214324218749999,0.772240234375,0.775326953125,0.815728515625,0.90597578125,0.9032859375,0.9075359375000001,0.9066863281249999,0.904945703125,0.59219921875,0.5914320312499999,0.586800390625,0.7619703125,0.643779296875,0.68737265625,0.73965859375,0.704879296875,0.692751171875,0.702652734375,0.780663671875,0.7908824218750001
