,lapgyn4_anatomical_structures,lapgyn4_surgical_actions,lapgyn4_instrument_count,lapgyn4_anatomical_actions,sklin2_skin_lesions,identify_nbi_infframes,laryngeal_tissues,nerthus_bowel_cleansing_quality,stanford_dogs_image_categorization,svhn,caltech101_object_classification,caltech256_object_classification,cifar10_object_classification,cifar100_object_classification,mnist_digit_classification,emnist_digit_classification,hyperkvasir_anatomical-landmarks,hyperkvasir_pathological-findings,hyperkvasir_quality-of-mucosal-views,hyperkvasir_therapeutic-interventions,cholec80_grasper_presence,cholec80_bipolar_presence,cholec80_hook_presence,cholec80_scissors_presence,cholec80_clipper_presence,cholec80_irrigator_presence,cholec80_specimenbag_presence,derm7pt_skin_lesions,idle_action_recognition,barretts_esophagus_diagnosis,brain_tumor_classification,mednode_melanoma_classification,brain_tumor_type_classification,chexpert_enlarged_cardiomediastinum,chexpert_cardiomegaly,chexpert_lung_opacity,chexpert_lung_lesion,chexpert_edema,chexpert_consolidation,chexpert_pneumonia,chexpert_atelectasis,chexpert_pneumothorax,chexpert_pleural_effusion,chexpert_pleural_other,chexpert_fracture,chexpert_support_devices,pneumonia_classification,ph2-melanocytic-lesions-classification,covid_xray_classification,isic20_melanoma_classification,deep_drid_dr_level,shenzen_chest_xray_tuberculosis,crawled_covid_ct_classification,deep_drid_quality,deep_drid_clarity,deep_drid_field,deep_drid_artifact,kvasir_capsule_anatomy,kvasir_capsule_content,kvasir_capsule_pathologies,breast_cancer_classification_v2,eye_condition_classification,mura_xr_wrist,mura_xr_shoulder,mura_xr_humerus,mura_xr_hand,mura_xr_forearm,mura_xr_finger,mura_xr_elbow,bean_plant_disease_classification,aptos19_blindness_detection,lapgyn4_anatomical_structures --shrink_train 800,lapgyn4_surgical_actions --shrink_train 800,lapgyn4_instrument_count --shrink_train 800,lapgyn4_anatomical_actions --shrink_train 800,laryngeal_tissues --shrink_train 800,nerthus_bowel_cleansing_quality --shrink_train 800,svhn --shrink_train 800,cifar10_object_classification --shrink_train 800,mnist_digit_classification --shrink_train 800,hyperkvasir_anatomical-landmarks --shrink_train 800,hyperkvasir_pathological-findings --shrink_train 800,hyperkvasir_quality-of-mucosal-views --shrink_train 800,hyperkvasir_therapeutic-interventions --shrink_train 800,cholec80_grasper_presence --shrink_train 800,cholec80_bipolar_presence --shrink_train 800,cholec80_hook_presence --shrink_train 800,cholec80_scissors_presence --shrink_train 800,cholec80_clipper_presence --shrink_train 800,cholec80_irrigator_presence --shrink_train 800,cholec80_specimenbag_presence --shrink_train 800,idle_action_recognition --shrink_train 800,brain_tumor_classification --shrink_train 800,brain_tumor_type_classification --shrink_train 800,chexpert_enlarged_cardiomediastinum --shrink_train 800,chexpert_cardiomegaly --shrink_train 800,chexpert_lung_opacity --shrink_train 800,chexpert_lung_lesion --shrink_train 800,chexpert_edema --shrink_train 800,chexpert_consolidation --shrink_train 800,chexpert_pneumonia --shrink_train 800,chexpert_atelectasis --shrink_train 800,chexpert_pneumothorax --shrink_train 800,chexpert_pleural_effusion --shrink_train 800,chexpert_pleural_other --shrink_train 800,chexpert_fracture --shrink_train 800,chexpert_support_devices --shrink_train 800,pneumonia_classification --shrink_train 800,covid_xray_classification --shrink_train 800,isic20_melanoma_classification --shrink_train 800,deep_drid_dr_level --shrink_train 800,deep_drid_quality --shrink_train 800,deep_drid_clarity --shrink_train 800,deep_drid_field --shrink_train 800,deep_drid_artifact --shrink_train 800,kvasir_capsule_anatomy --shrink_train 800,kvasir_capsule_content --shrink_train 800,kvasir_capsule_pathologies --shrink_train 800,mura_xr_wrist --shrink_train 800,mura_xr_shoulder --shrink_train 800,mura_xr_humerus --shrink_train 800,mura_xr_hand --shrink_train 800,mura_xr_forearm --shrink_train 800,mura_xr_finger --shrink_train 800,mura_xr_elbow --shrink_train 800,bean_plant_disease_classification --shrink_train 800,aptos19_blindness_detection --shrink_train 800
lapgyn4_anatomical_structures,0.0,0.000437779914983951,0.00044295292876702876,0.0005199010029745125,0.0007185944499062903,0.0008733547885561923,0.0012174048425841592,0.0006797672773504425,0.0009198267353739105,0.0010697006472926616,0.0007623024386941098,0.0007482560402439334,0.0007759495693611671,0.0007448612556249691,0.0011651578210561597,0.0011928122222545023,0.0005522721651138609,0.0005460226484408841,0.0006436389959682687,0.0006251612983646129,0.0005178971405365128,0.0005203505690081629,0.0005192012887189907,0.00051766976951926,0.0005177031766693116,0.0005181453185604706,0.0005182202583098934,0.0007340788592769508,0.0007020791627831644,0.0007604295596180362,0.0010761038554768982,0.0009489114208202189,0.0009484758582064044,0.0007481280855377731,0.000750106487978868,0.0007629446416160166,0.0007446770170793645,0.0007650968388890574,0.0007429857835824308,0.0007422148302293994,0.0007684107902315173,0.0007635516672017326,0.0007539172755842211,0.0007386257517649923,0.0007455890686965235,0.0007724948541540023,0.0008374807178622001,0.0007724181811745736,0.0008430736436711719,0.0009001607456791491,0.0010432602975851799,0.0009028718886325861,0.0007863023702432525,0.0010451769609991337,0.0010453180639982684,0.0010461133608588185,0.0010457991247114482,0.00078085709027403,0.0007691565249614396,0.0007678235663349817,0.0009217659005667419,0.0013257338496913944,0.0008422142687907441,0.0007336818227916746,0.0007886566309147545,0.0008162891900060348,0.0007820396021753549,0.0007676741774567488,0.0008026620661691425,0.0008192764261061448,0.0009310163342770865,0.00030003939588160803,0.0004541711091170475,0.0004431064963638931,0.000522488488351872,0.0012211524934489623,0.0006801624586819518,0.0010620426087712986,0.000778896744835757,0.001162161707285619,0.0005508619806163844,0.0005445853176557461,0.0006460826635327169,0.0006243010525938348,0.0005199368587308281,0.0005193333998836187,0.0005231719104256826,0.0005241961865927128,0.0005227659854662472,0.0005155473405165647,0.0005213425547529241,0.0007078128770215669,0.0010764310028376308,0.0009437416044684658,0.0007529487538072341,0.0007537671107817976,0.0007629455215583407,0.0007500188506980739,0.0007627695823799823,0.0007449835697049664,0.0007379279411190533,0.0007637752195701257,0.0007684023084215154,0.000756493618963761,0.0007387725427930345,0.0007476646907256593,0.0007751301709950258,0.0008400199065291998,0.0008420962981119811,0.0008904455476747846,0.0010466417417839295,0.0010423069146867105,0.0010471914874386644,0.0010465818055970424,0.0010446090994663893,0.0007789498397102928,0.0007722294285809893,0.0007665629271104173,0.0008414980863024476,0.0007325981251392112,0.0007896398838080367,0.0008144500130217316,0.0007825117105247951,0.0007695928173634916,0.000801100896662969,0.0008198433018394758,0.0009267484852674027
lapgyn4_surgical_actions,0.000437779914983951,0.0,0.00036866264209904544,0.0003936237988640473,0.0007853914246675628,0.0009418354425538894,0.0012940492821550756,0.0006833145844235049,0.0009653439795752038,0.001102579784323537,0.0007833827670159753,0.0007619793605023488,0.0007867687768862491,0.0007668112875510449,0.0011941793795436514,0.001234405187169063,0.0005908890966529157,0.0005877356826876096,0.0006457696087516196,0.0006074263125076637,0.00046741788750654127,0.00046907347543489444,0.0004681303166775621,0.0004675632568821175,0.0004669608806338218,0.00046819509695927207,0.00046646124136909425,0.0007962576022059528,0.0006735063158562029,0.0008170824408532157,0.0011345128117223632,0.0010358602534948375,0.0009875587121770102,0.0007422499771594794,0.0007428780020358283,0.0007552405221846507,0.0007393222346236629,0.0007577205157302878,0.0007368575111078832,0.000736473425880958,0.0007622340727500999,0.0007553522798882642,0.0007470716167249797,0.0007328932187280025,0.0007415773771708122,0.0007645545716456694,0.0008510627113591929,0.0008330253666776241,0.0008534380156110485,0.0009854765910779976,0.0011061731948892423,0.0008855786814251072,0.0007861229635609135,0.0011079344543802442,0.0011076518684153805,0.001108741755811755,0.0011083055139775968,0.0007832438180408138,0.0007811502189519978,0.000781448275268184,0.0009719387931487759,0.0013790347154003936,0.0008152908220045809,0.0007141994115993459,0.0007859683898908744,0.0007861705525975332,0.0007595472146100307,0.0007454638701157527,0.0007793186283938131,0.0008566044556940012,0.0009823054265337338,0.0004415086561122875,0.00034077110028994185,0.00036592951462097645,0.0003936456147884159,0.0012976589413761293,0.0006837586775010662,0.0010942558681079264,0.0007900357709550712,0.0011911678372101752,0.0005907229445557678,0.0005867672977583104,0.000646678680133089,0.0006072022994471236,0.0004712067163972267,0.00046970896895623447,0.0004701727498237594,0.0004729459277121754,0.0004671400973887131,0.00046607383103722103,0.00047294393738560276,0.0006755771270392341,0.0011347306495643169,0.000983188462963168,0.0007461935504342436,0.0007447727417533497,0.0007543014530716744,0.0007418932828192711,0.0007569413048854843,0.0007391974534925565,0.0007338407429379203,0.0007582753621223728,0.000758789989967255,0.0007506881113929461,0.0007327344774333565,0.0007411791445296912,0.0007668614617552024,0.0008529676065310872,0.0008534367974571464,0.0009758138526357631,0.0011089691209548158,0.0011050181443965851,0.0011099734303462237,0.0011091264666631758,0.0011077967707096154,0.0007813561625162467,0.0007837291343175513,0.0007809889009906925,0.0008155462344056419,0.0007113907981952629,0.000784697651086621,0.0007851639421891589,0.0007609706900770499,0.0007496626899276631,0.0007782997424854303,0.0008571060823729059,0.000977461261394125
lapgyn4_instrument_count,0.00044295292876702876,0.00036866264209904544,0.0,0.0003747437604795477,0.0007566052301005042,0.0009041023202789327,0.0012520328347800107,0.0006931193732314202,0.0009237102008097186,0.0010700571028070226,0.0007501116215317776,0.0007297388558475346,0.0007634666633689351,0.0007426273900653892,0.001167893264139468,0.0012025060120803995,0.0005840209844950015,0.0005825815920506984,0.0006623986484174538,0.0006407481635234582,0.00045281381717222056,0.0004557786739514219,0.0004534879968090698,0.00045322062162537997,0.00045253589008630165,0.0004533160480692535,0.0004526445637807391,0.0007678652614411247,0.0006967041097889081,0.0008119596414031198,0.001102176887984033,0.000988214622383612,0.0009633688380813325,0.000758710539068664,0.0007613625668055491,0.0007738915403306059,0.0007551737466971021,0.0007763700718626081,0.000753575355061302,0.0007535760739659466,0.0007804820729138852,0.0007740410100093187,0.0007646537145129523,0.000748685372997005,0.0007582930350524264,0.0007831282965195314,0.0008529137014466272,0.0008073781860589925,0.0008568151428376981,0.0009502795510389285,0.00107267110091627,0.0009038112769685391,0.0007932735030275742,0.0010743673728112616,0.0010741306135955762,0.001075117658639095,0.0010745666876828244,0.0007748174135743186,0.0007788150255545054,0.0007800141888266339,0.0009531179862501497,0.0013505249469834507,0.0008038564651954559,0.000717566938483891,0.0007648123619835253,0.0007925783541342244,0.0007440646765128273,0.0007376873207979181,0.0007655370241468439,0.00084058993326916,0.0009575579787829165,0.0004458208966383689,0.0003709017052428772,0.00030861788800476875,0.0003805060693098082,0.0012548884632077586,0.0006930794696714039,0.001061595271840062,0.0007669616399327193,0.0011648668945202158,0.0005830224311124826,0.000580183538062756,0.0006638138835603799,0.0006398871843704184,0.00045742538433599507,0.00045463833471665776,0.00045861495419382095,0.00045823707198803853,0.0004533403027284784,0.00045021931619357563,0.0004565555138464503,0.0007012823653267968,0.001102243842397791,0.0009587444322371739,0.0007641979044413822,0.0007636420456806959,0.0007725406376240882,0.0007601540858333813,0.0007738615961248338,0.0007558643716396977,0.0007501675113015453,0.0007765872487760503,0.0007781317008400685,0.0007677097623106408,0.0007489336064694091,0.0007591018732186442,0.0007857892780037542,0.0008561212150622213,0.0008579646378592783,0.0009407998633924343,0.0010758997019403539,0.0010715061033587546,0.0010761474696848537,0.0010753395414592052,0.0010738391140259478,0.0007738987111558259,0.0007813787147499215,0.0007789099691927442,0.0008036529974997414,0.0007150468709695271,0.0007644266664341841,0.0007915700116973856,0.0007446942631372745,0.0007401863585459168,0.0007635431758871451,0.0008412465255499023,0.0009532850387595885
lapgyn4_anatomical_actions,0.0005199010029745125,0.0003936237988640473,0.0003747437604795477,0.0,0.0008276828710548384,0.0009635458433632864,0.0012975643097927355,0.0007512537672654171,0.0009793845891855567,0.0011095510116195593,0.000809234432099743,0.0007893388975875988,0.0008213449871605473,0.0008040881118979093,0.0012008650420330211,0.0012414089092077953,0.0006654976767271529,0.0006663013333856424,0.0007164773300651979,0.000696391653360901,0.0005270621860384852,0.0005291480240444454,0.0005267501561922039,0.000526572919702172,0.0005263406894399765,0.0005283520350673425,0.0005266857981633495,0.0008362633838399063,0.0007255546667970951,0.0008733347376264114,0.0011600433917121201,0.0010544153973647222,0.0010142461781851907,0.0008042209693748939,0.0008054127831210918,0.0008137137705903325,0.0008020948067449886,0.0008161632445612417,0.0007992990294551761,0.0008005822756337357,0.0008208106413032646,0.0008144310020387932,0.0008068986016603914,0.0007965872620930669,0.0008022440869114957,0.0008205669875525577,0.0008993066128767314,0.0008669637454411894,0.0009024955328034918,0.0010145719971625157,0.0011347204282330346,0.0009252668110578432,0.0008434533296856281,0.0011366943418510285,0.0011360719646683888,0.0011368776727805063,0.0011368426631759138,0.0008316785445649817,0.000837832063313608,0.0008389617262496046,0.001007305092285539,0.0013968478028634232,0.0008403657919850923,0.0007684957987058728,0.0008155529553514895,0.0008190436155901882,0.0007833095897023472,0.0007736598873279181,0.0008064442874082605,0.0008878840099096601,0.001019108249024022,0.0005221327988575485,0.0003969698805331585,0.0003738585534332852,0.00030574594632421946,0.00130104870555386,0.0007505979658542451,0.0011017829659001775,0.0008242665852284285,0.0011973131396308026,0.0006646198875729187,0.0006639589788609637,0.0007177926911723115,0.0006963092989165505,0.0005314917432578128,0.0005290885146351249,0.0005314699914918488,0.0005318284610749668,0.0005243654650868322,0.0005247386159436503,0.0005305919843104705,0.0007280321729962664,0.0011607092852900275,0.0010103221928841983,0.0008082542621149194,0.0008065705603728266,0.0008126063538708708,0.0008060753451492894,0.0008145662164719143,0.0008016005424315224,0.0007974813156416163,0.0008173266400096478,0.0008169424499923526,0.000809812311616714,0.0007976719143415065,0.0008022226736560072,0.0008222621082769502,0.0009018453188777691,0.0009033612428220419,0.0010059120719290065,0.0011375354811262563,0.0011335348995164742,0.0011386779540954609,0.0011370018932773446,0.0011361884608814977,0.0008300574831770519,0.0008399959319935191,0.0008382374392667053,0.0008405650532238198,0.0007655578413323786,0.0008146151018943158,0.0008184425864855349,0.000784604353605752,0.0007771720374864597,0.0008059764285407515,0.0008891059607374512,0.001015346254920443
sklin2_skin_lesions,0.0007185944499062903,0.0007853914246675628,0.0007566052301005042,0.0008276828710548384,0.0,0.000828858760817601,0.0011038448223557545,0.0008074036274638808,0.0008702643713187606,0.0010139644672541867,0.0007550947641796701,0.0007491112231756033,0.0007785038194631341,0.0007373860911532016,0.0011225894905468364,0.0011401165354019466,0.0006467123973598354,0.0006684111909219005,0.0008017784692382509,0.0008150176130618249,0.0007705575569420838,0.0007727468874521263,0.0007732696630966018,0.0007706389097782773,0.000771103655536375,0.0007713011232493982,0.0007720447828696844,0.0005334301219873597,0.000818965160456848,0.0007006018236066897,0.0010165069983531496,0.0007686518588556398,0.0009432832063027,0.0008384877778694329,0.0008429877593198242,0.0008547735606864044,0.0008362663640690791,0.0008567133522413841,0.000834805531261807,0.000833210215114109,0.0008588628468576293,0.0008587962847276255,0.0008448417005451519,0.0008255931093736105,0.000841729424971833,0.0008620282555970634,0.0009228833593185595,0.0005059383165177238,0.0009350809743589269,0.0006721698516796448,0.0009223192731942066,0.0010039122920189002,0.0008428029368904948,0.0009244440334186849,0.0009254772641618551,0.0009262268333408005,0.0009261376075450192,0.0007433752537645052,0.0007210842485010345,0.0007230248653825506,0.0008370618213716322,0.0012397783111490251,0.0009144956894616104,0.0008300215839265879,0.0008423748981394299,0.0009293405348607517,0.0008536668728750501,0.0008656041532118516,0.0008570337719264961,0.0008134386627663957,0.0008272004511526825,0.0007164880602171824,0.0007816609345921318,0.0007619683856433751,0.0008321920332826664,0.001106734531387112,0.000805523767870692,0.0010075841096435602,0.0007782939012107686,0.0011196670115128815,0.0006463815865179147,0.0006644064975741375,0.0008043357725257343,0.0008159856905364452,0.0007692514362067713,0.0007711756885483739,0.0007778614435946219,0.0007763196044822312,0.0007788642471994209,0.0007693682654252374,0.0007680415924972013,0.0008280010466601669,0.0010169016790121158,0.0009377004881697405,0.0008458775608958344,0.0008481946143292249,0.0008541349171147191,0.0008426697252636877,0.0008510430019193196,0.0008359628560556628,0.0008274256404105346,0.0008556607168636754,0.0008626973353076958,0.0008468459529709505,0.0008266203578394061,0.0008462102644885953,0.0008660674763872529,0.0009278271113527624,0.0009332841712083929,0.0006657661284842896,0.0009251117520197357,0.0009221603978203335,0.0009273406931542504,0.0009257253646332252,0.0009241481698149647,0.0007411739814247621,0.0007215128238206307,0.0007211503241982395,0.0009153423514668538,0.0008279304993938634,0.0008440268411216765,0.0009267571443681904,0.0008532779001495083,0.00086528383347261,0.0008535490444524852,0.0008142916453289988,0.0008233158913661153
identify_nbi_infframes,0.0008733547885561923,0.0009418354425538894,0.0009041023202789327,0.0009635458433632864,0.000828858760817601,0.0,0.0007918516014443655,0.0010174192841957588,0.0007398082069625365,0.0008293219823651469,0.0007266398963493211,0.0007309280368869715,0.0008227853268876156,0.0007655174897182745,0.001015760075749682,0.0010198440928689341,0.0008650882978061287,0.0008879950220733004,0.0009997581967179582,0.0010100582557294356,0.0009517197684688775,0.0009553535010730098,0.0009538139928846452,0.0009504798189993527,0.0009533238283008128,0.0009528258850113158,0.000955061566509962,0.0007517929073509026,0.0009334128145789483,0.0007630633263886282,0.0008788972609745582,0.0008042857483900219,0.0009658533123295691,0.0010024942980544128,0.0009904060579665874,0.0009930309802673488,0.0010029884582014581,0.0009907440482580842,0.0009977143178867853,0.000997698107561423,0.000993881504906513,0.0010061023509656836,0.0009910185044016866,0.0009974436036881526,0.0009898580561354163,0.0009934569097432584,0.0010146200091517004,0.0007681190814337426,0.001034316364503451,0.0007283675022409309,0.001019402665670011,0.0011619131173986404,0.0009883042345393035,0.0010202589190755013,0.0010215815041225969,0.0010218511246364215,0.0010232992382573545,0.0010218134984638,0.0010128697644272125,0.0010137837129813984,0.0007784393408403532,0.001275692352455344,0.0009816201034367775,0.0009767014692984297,0.0009116179922850705,0.0010663705348370042,0.0009201617826526075,0.0009533566437393515,0.0009504302122357904,0.000894162792720604,0.0009710638279138628,0.0008706217096189617,0.000925644777938522,0.0009097247040125744,0.00096963726100539,0.0007926208200949963,0.0010156033693536285,0.0008305421028069989,0.0008218896399493027,0.001011179733848984,0.0008613126327118079,0.0008827914014361965,0.0010036425703115052,0.001009294028140603,0.0009501864257450685,0.0009506149082773031,0.0009589367473023649,0.0009572237909278429,0.0009589036904066771,0.0009506316733490826,0.0009474790627383039,0.0009437230416386369,0.0008811229899069664,0.0009642920884900085,0.001005913641406916,0.0009962692170411985,0.000993455942452348,0.0010153284004122862,0.0009828756215460774,0.0009950688666699225,0.0009909122329154927,0.0009906189464639601,0.0010087042095505102,0.0009906279259086473,0.0010003256727186079,0.000995477042116932,0.000998481413458088,0.0010222387172513089,0.001032866005290265,0.0007251040731324975,0.001020729659161973,0.0010196112138964515,0.0010231540529496805,0.0010206990352761647,0.0010212261025155272,0.00102290232525896,0.00101494418366695,0.0010093707019748546,0.000981974575845202,0.0009745535089431244,0.0009137128092726564,0.001064545158261257,0.0009190432204116564,0.0009505296652191706,0.0009460844403932586,0.0008950998310615999,0.0009693483400916129
laryngeal_tissues,0.0012174048425841592,0.0012940492821550756,0.0012520328347800107,0.0012975643097927355,0.0011038448223557545,0.0007918516014443655,0.0,0.001346769159246288,0.0009439707790607273,0.0008871122232795914,0.0009851374022579685,0.0010037000490467434,0.001044242266150461,0.0009914030699533446,0.001111867703308756,0.0010865326912530633,0.0012272537717842457,0.0012436262394762477,0.001336029346732367,0.0013752494877152651,0.0013125575809116634,0.0013160079176850624,0.001314469284808167,0.0013109586820610033,0.0013133558256342955,0.0013133382633804145,0.0013147491220592627,0.001012806582866618,0.0012549736745701096,0.0010895599549128289,0.001070200265980873,0.0010065691790399863,0.0011994351842811828,0.0013501711701706224,0.001344735951910221,0.0013436294591866657,0.0013528492141469492,0.0013411408144812936,0.0013480211107423038,0.0013502906646479088,0.0013425568694114755,0.0013533380118906629,0.0013418036778819974,0.001348789172980544,0.0013367287103971672,0.0013402041201577527,0.001327060232161865,0.0010453031090458488,0.0013489729097973299,0.0008953000007705986,0.0011891237587509324,0.0014704770282625104,0.00130861760977084,0.0011901991996629603,0.0011913674484087164,0.0011914132117233284,0.0011928982515802215,0.0013034320092053225,0.0012956155753194175,0.0012971714781978322,0.0010397275272046739,0.0013670172710692513,0.0012599243623929433,0.0013063452668687556,0.0012250431464803956,0.0013604525089112556,0.0012354080582834392,0.0012607263665101757,0.0012615176589345837,0.0011567884949941864,0.0011972339326252036,0.0012152047840234862,0.001285653508636006,0.001257090522296897,0.0013034502251156018,0.0002014699930543908,0.0013447962707888524,0.0008955561302721457,0.0010426563137548794,0.0011087142458689708,0.0012242800836889183,0.001240524715203641,0.0013382636768967692,0.0013745727640248101,0.0013109993314313925,0.0013110306748813406,0.0013192964842091608,0.001317019802736701,0.001318266555317559,0.0013102648451907254,0.001308219679355279,0.0012671791435318498,0.0010727455323164673,0.0011985686415407896,0.001352684453430466,0.0013498421335182559,0.0013428996793260228,0.0013637921343929629,0.0013344671501559495,0.001346574538786039,0.0013439008970177046,0.0013406858611054976,0.0013550420031729492,0.0013410897262825362,0.0013520698104020497,0.0013407571813434285,0.0013460874820832732,0.0013349545625718985,0.001346239020870136,0.0008981882595048029,0.001190323473182341,0.0011906004798781264,0.0011913247113933636,0.001189624232929121,0.0011913433554844029,0.0013053282075792217,0.0012974978070159314,0.0012926532949531194,0.0012603223565507387,0.0013041719211886475,0.001227608541992845,0.0013592214780600736,0.0012338160835516105,0.0012566518916501527,0.0012585454658492548,0.0011588637413858741,0.0011973844262179755
nerthus_bowel_cleansing_quality,0.0006797672773504425,0.0006833145844235049,0.0006931193732314202,0.0007512537672654171,0.0008074036274638808,0.0010174192841957588,0.001346769159246288,0.0,0.0010516593390080455,0.0011251850340280242,0.0008639636375550779,0.0008392773344463934,0.0008361117678869014,0.0008154769683056832,0.0012385181671960158,0.0012772687003699203,0.0005523105939962441,0.0005216006172233292,0.0004031253812507259,0.0005188163899634661,0.0006224039083679672,0.0006227222232616054,0.0006225700161026875,0.0006226530409379663,0.0006223871259301468,0.0006223167548351486,0.0006230668399400542,0.0008435913538740033,0.0006557286682367942,0.0008880096463299322,0.0011858980518692716,0.0010963014149463074,0.0009896704873606967,0.000787745374188885,0.0007794241527147544,0.0007922647295278011,0.0007797977380851265,0.0007926773840647864,0.0007785454696266824,0.0007746842381729871,0.0007976873872855127,0.0007978969557797669,0.0007843700873110333,0.0007733045705530781,0.0007889596965755959,0.0008023774112725845,0.0009189483080300575,0.0008655922247691418,0.0009221690008384973,0.0010297180486214129,0.0010989253748695269,0.0009635073027944507,0.0007697028514206321,0.0011004835675890031,0.0011005009161725015,0.0011016292941046413,0.0011007031155314778,0.0006791617392329538,0.0006692997823736469,0.0006664644211289878,0.0010215005400457493,0.001371061684922954,0.0008740270992305579,0.0007352729703277124,0.0008104864728569087,0.0008266067010353354,0.0008189392935319456,0.0007790438159506629,0.0008029758736849695,0.000939764135788411,0.0009674434842111621,0.0006798120930199165,0.0006980242517976713,0.0006939175419479031,0.0007503922561767722,0.0013503259365008143,0.00030464685823115075,0.0011147280647822492,0.000836073535132469,0.001237168413458333,0.0005514615593850236,0.0005277751003655406,0.0004041195587866397,0.0005168282021349987,0.0006214620566408448,0.0006243573471970233,0.0006249452139840971,0.0006247988208469405,0.0006264510164890867,0.0006224675869126532,0.0006225631714997932,0.0006567865793128602,0.0011864855431465242,0.000985530753904126,0.0007920605171041057,0.0007821978400868229,0.0007911803837792611,0.0007836113104318281,0.0007915141952183701,0.0007807309935659047,0.000772562214021082,0.0007947051715609802,0.0008015145040915081,0.0007881661275840435,0.0007721715952335128,0.0007893698349595759,0.000803993728997224,0.0009200591767352818,0.0009229080071834065,0.001021544498020958,0.0011026217581436458,0.001097185394256498,0.001102100154814437,0.0011021924653744964,0.0010993797051033973,0.0006773621145689772,0.0006724328505821125,0.0006651212200851142,0.0008746688302661774,0.0007334539698340614,0.0008100634640109321,0.000825460605025251,0.0008189831957162765,0.0007824180433164306,0.0008020660829988078,0.0009406389631237495,0.0009620223878805125
stanford_dogs_image_categorization,0.0009198267353739105,0.0009653439795752038,0.0009237102008097186,0.0009793845891855567,0.0008702643713187606,0.0007398082069625365,0.0009439707790607273,0.0010516593390080455,0.0,0.0009081313208749785,0.0005336450478900057,0.0005407729802446729,0.0006955556101441033,0.0006730721849551476,0.0010197893589346536,0.0010222444162402255,0.0009212057397303361,0.0009471725114008765,0.0010343173481336717,0.0010461954622327375,0.0009968480382928093,0.0010005049064222996,0.0009986876238777384,0.0009965704657504506,0.000997582379022185,0.000998179624177422,0.0009992591324537905,0.0007803800035347266,0.0009836931854138738,0.0008506346855116948,0.0009367295367012873,0.0008215432545192343,0.000963024099470309,0.0010494178556432758,0.0010419970762577551,0.0010457878417575702,0.0010500935184258047,0.0010441265233426952,0.0010449289720152605,0.0010442624080768412,0.0010478665453938815,0.0010557830674680269,0.0010430070999951889,0.0010453038943338178,0.001040741677229087,0.001047655602338864,0.0010777755472424076,0.0008328739887748009,0.0010949339788654216,0.0008203263949394222,0.001043584952068338,0.0011885280973468594,0.0009896103815193273,0.0010445924286206043,0.0010458864724859063,0.001045690974690663,0.0010476539998975833,0.0010227140896091479,0.0010074732615718636,0.0010091239254538152,0.0009000930218285761,0.001263070429524914,0.0009638546346232889,0.0009949898511971205,0.0009197307651744712,0.0010577208147849598,0.0009055698326999033,0.0009376224452330693,0.0009418715023568321,0.000883308189619064,0.0009978551582101394,0.0009178859101332086,0.0009505162048403374,0.0009294495088655062,0.0009860418569540028,0.0009447749787576486,0.0010499335638636195,0.0009051879328154566,0.0006985619630398973,0.001014797958348413,0.0009195078699541898,0.0009429098078359764,0.0010363944070567457,0.0010464145064534602,0.0009963415854111093,0.0009977605067584697,0.0010054829133214302,0.0010013943516434208,0.0010039163546895248,0.0009964668612812942,0.000992658028603436,0.000994547641568586,0.0009382314673544979,0.0009625284104412854,0.0010545560526779847,0.0010474044583728688,0.0010465196292416754,0.0010599182134695788,0.0010389663841772704,0.0010460167307183728,0.0010390449762865688,0.0010456719922809598,0.001058688205787824,0.0010436261389161947,0.0010462820193537876,0.0010424139816538312,0.001052712717168763,0.001084217586661405,0.0010935205562609318,0.0008192936324464023,0.001044588520809628,0.0010442608406529936,0.0010475264595627026,0.001044002936280854,0.0010463239147626383,0.0010227105669202324,0.0010091799786598596,0.001005421827193893,0.000964483175563236,0.000991193847813339,0.0009208184015901045,0.001055368342431887,0.0009041596718322564,0.0009353019237447596,0.0009388891036061456,0.0008845477654392568,0.0009968839925877176
svhn,0.0010697006472926616,0.001102579784323537,0.0010700571028070226,0.0011095510116195593,0.0010139644672541867,0.0008293219823651469,0.0008871122232795914,0.0011251850340280242,0.0009081313208749785,0.0,0.0008529915084686553,0.0008587585035006071,0.0007555950552852218,0.0007162414184603064,0.00081888720196555,0.0008089919345095908,0.0010425327891706176,0.0010530580028126288,0.0011136141286111631,0.001140702195961224,0.0011077034676062938,0.0011106225962260016,0.001109146238701488,0.0011068681874106942,0.0011083536335473173,0.0011083389842367834,0.0011102008902466522,0.0009491195854362935,0.001068187815586123,0.0009823518550364889,0.0010368257792512693,0.0010022039552497605,0.0010877297777459583,0.0011231264142369272,0.0011076926015117215,0.001107977819365436,0.001122743268492324,0.0011040809278602096,0.0011173923859884283,0.0011174345302078067,0.0011079675721822988,0.0011204609734639858,0.0011074734467210288,0.001118777841175382,0.00110643015632336,0.0011065837298905076,0.0011484907514038838,0.00098676274458137,0.0011669406756671884,0.0009433676966796187,0.0011545307630466397,0.0012657046712982534,0.001108870907237396,0.0011557413191205102,0.0011564404355393723,0.0011572320854018397,0.001156884190928605,0.0011097942126779296,0.0010996921169505827,0.0011015754579570105,0.0009892685706516602,0.0013695600448697595,0.0010524946987020482,0.0010752772905651868,0.0010198078930889352,0.0011289511476876952,0.001024991458830019,0.0010257767000751978,0.0010433164961331548,0.0010496846770806797,0.0011282913696123947,0.0010686381955374023,0.0010972348863684022,0.001073948254997214,0.0011134741346618096,0.0008893607945754346,0.0011221037454412965,0.0002454242550142551,0.0007512990202856853,0.0008184769551516106,0.0010407507215919071,0.001050674350301347,0.001115148167991284,0.0011417816184857358,0.0011058742968475623,0.0011071002511327745,0.0011136831988277445,0.0011132788538176083,0.0011133561929544788,0.0011076202266153638,0.0011042312540758105,0.0010780037312689338,0.0010377286052742712,0.0010866983265838495,0.0011265983115929172,0.001112326593957148,0.001107486349260944,0.0011326258427148217,0.001098091229809312,0.0011173307683132478,0.0011124740582707266,0.0011067874337559586,0.0011220250591826876,0.001107789778907996,0.0011218898787479043,0.0011095344579017926,0.0011105989595231829,0.001155465904332077,0.0011648361442817075,0.0009434252933225296,0.0011567473759981888,0.001154546690465252,0.0011566276816300253,0.001156576698303039,0.0011553799347534983,0.0011106412763279678,0.0010999952959441035,0.0010985830562486774,0.0010532850067889196,0.0010736398301923174,0.001021691050745779,0.0011275945914560833,0.0010249443036678613,0.0010234800335998141,0.001039118922938414,0.0010516958856163468,0.0011278728833643064
caltech101_object_classification,0.0007623024386941098,0.0007833827670159753,0.0007501116215317776,0.000809234432099743,0.0007550947641796701,0.0007266398963493211,0.0009851374022579685,0.0008639636375550779,0.0005336450478900057,0.0008529915084686553,0.0,0.0003329682921033414,0.000546058104837732,0.0005102489863917149,0.0009610020561600152,0.0009764942713132845,0.0007453768029860964,0.0007604968207412944,0.0008459558442162336,0.0008483450565978407,0.0008038413121901441,0.0008069697793246331,0.0008052219993321348,0.0008027394251130032,0.0008041759158501784,0.0008050423688518585,0.0008061706255047328,0.0006855719965382042,0.0007995442869492701,0.0007673291748769443,0.0009072991308744624,0.0008250296416638173,0.0008697708332373013,0.0008742267499397379,0.0008686570870935653,0.0008764082921455891,0.0008755477056606119,0.0008744603284094321,0.0008693979658326238,0.0008698870314576375,0.0008801334796508073,0.0008841323140932593,0.0008703825900533702,0.000870946777539363,0.0008699336200287594,0.0008799506816749766,0.0009344745841139135,0.0007418717622098298,0.0009466518724830829,0.0007853277129634896,0.000964058704240315,0.0010375664433473063,0.000811724202348503,0.0009657558160127602,0.0009663043385529726,0.0009665793074674617,0.0009680679165130952,0.000838662991696713,0.000823188784701835,0.0008252953080916995,0.0008380839744386616,0.0012280567830236656,0.0007863653962397948,0.0008012368367163816,0.0007484641709409835,0.0008693312778356235,0.0007190785354230964,0.0007346658773017516,0.0007537490485995512,0.0007733673994807803,0.0009013857853059407,0.0007614607536201954,0.0007745950350804037,0.0007574279395167492,0.000814667496920775,0.0009867688612989571,0.0008613939137905157,0.0008463752961989162,0.0005498733884299742,0.0009575912067998824,0.0007444985588864241,0.0007576019843935042,0.0008475915204436341,0.0008494066803251678,0.0008032164131837816,0.0008051408791426172,0.0008128362961202383,0.0008089676603543561,0.0008101984734420493,0.0008042967749200752,0.0008001546122578093,0.0008102678490649006,0.0009084246533898485,0.0008680199282007392,0.0008797778680478701,0.0008744543204151761,0.0008758252923239177,0.0008851299547981595,0.0008716334275725411,0.0008707340552340267,0.0008644239909037571,0.0008772850498423593,0.0008869517955560227,0.0008731224880309913,0.0008719291731337122,0.0008713410175402944,0.0008851410171376271,0.0009391400021271782,0.0009462784698907295,0.0007825495505078815,0.000966351937358821,0.0009641404019057206,0.0009675833028329828,0.000965438353161055,0.0009666252850390096,0.0008385138113852521,0.0008244879938909095,0.0008218442211883586,0.0007884097445527235,0.0007957811463921796,0.0007484663039083284,0.0008668760328641009,0.0007183331355072745,0.0007346507982723908,0.0007508612982204974,0.0007751159712597878,0.0008995391155510067
caltech256_object_classification,0.0007482560402439334,0.0007619793605023488,0.0007297388558475346,0.0007893388975875988,0.0007491112231756033,0.0007309280368869715,0.0010037000490467434,0.0008392773344463934,0.0005407729802446729,0.0008587585035006071,0.0003329682921033414,0.0,0.0005371217198916714,0.0004995548061994955,0.0009688401175058387,0.0009894566886502248,0.0007272073650824989,0.0007418207971939193,0.0008252780555611838,0.0008220984110186714,0.0007794999010006931,0.0007826049224868253,0.0007809526609933106,0.0007786716368785464,0.0007797144491875398,0.000780590269028994,0.0007817033595468619,0.0006790743026879752,0.0007754199150943654,0.0007624283957991138,0.0009121920961283273,0.0008298489691314584,0.0008589977634267345,0.0008525532996504955,0.0008470483712664817,0.0008565741476122506,0.0008536088429724977,0.0008554277199013967,0.000847648220370601,0.0008478496373217799,0.0008606526197626686,0.0008637688096832869,0.0008500070736635417,0.0008494576238676605,0.0008492063662947271,0.0008614562263225689,0.0009152276216422704,0.0007380146244592427,0.000927514571592064,0.0007902776772781205,0.0009543288793989351,0.0010202795840494271,0.0007908261145963133,0.0009563059063659129,0.000956768053491711,0.0009568177599467947,0.0009586035066181597,0.0008193053734371477,0.0008056607040936757,0.0008083371198088836,0.000834364528355144,0.0012195337372274363,0.0007649541722162981,0.0007743384320843605,0.0007224427627571439,0.0008506347779493766,0.0006915336715455935,0.0007071916855713113,0.0007283282246288926,0.000766288847993324,0.0008872732699378133,0.0007485456882279049,0.0007508052032903398,0.0007358945566450696,0.0007949663340402239,0.0010054914248681787,0.000837341868356272,0.00085165891307861,0.000540060812295599,0.0009656424668225698,0.0007267415482307868,0.0007390432128185514,0.0008272960006380805,0.0008233039272334064,0.0007790087622584302,0.0007808250883689855,0.0007877785877940661,0.0007849525817146712,0.0007861804072321214,0.0007803416659189859,0.0007759229947996574,0.0007861649429142016,0.0009134391079348512,0.0008569818961873937,0.0008587062330429904,0.000853234357606173,0.0008563435892568297,0.0008632825880179087,0.0008524185101990106,0.0008492117084671464,0.0008427834590500321,0.0008580340356444889,0.0008674331649002606,0.0008528066016799059,0.000849855914583547,0.0008505464370055264,0.0008665899414816144,0.0009200520834843902,0.0009264560999621577,0.0007857930047428534,0.0009565885350518325,0.0009549078344072573,0.0009581621145276345,0.0009563117414423709,0.0009577123507438911,0.00081895375351434,0.000807210865821865,0.0008047048409070769,0.0007666975451226745,0.0007686452457081833,0.00072240820209993,0.0008486439576514885,0.0006905279643444355,0.00070687565625665,0.000724988162889887,0.0007677640799139719,0.000885706636442394
