,lapgyn4_anatomical_structures,lapgyn4_surgical_actions,lapgyn4_instrument_count,lapgyn4_anatomical_actions,sklin2_skin_lesions,identify_nbi_infframes,laryngeal_tissues,nerthus_bowel_cleansing_quality,stanford_dogs_image_categorization,svhn,caltech101_object_classification,caltech256_object_classification,cifar10_object_classification,cifar100_object_classification,mnist_digit_classification,emnist_digit_classification,hyperkvasir_anatomical-landmarks,hyperkvasir_pathological-findings,hyperkvasir_quality-of-mucosal-views,hyperkvasir_therapeutic-interventions,cholec80_grasper_presence,cholec80_bipolar_presence,cholec80_hook_presence,cholec80_scissors_presence,cholec80_clipper_presence,cholec80_irrigator_presence,cholec80_specimenbag_presence,derm7pt_skin_lesions,idle_action_recognition,barretts_esophagus_diagnosis,brain_tumor_classification,mednode_melanoma_classification,brain_tumor_type_classification,chexpert_enlarged_cardiomediastinum,chexpert_cardiomegaly,chexpert_lung_opacity,chexpert_lung_lesion,chexpert_edema,chexpert_consolidation,chexpert_pneumonia,chexpert_atelectasis,chexpert_pneumothorax,chexpert_pleural_effusion,chexpert_pleural_other,chexpert_fracture,chexpert_support_devices,pneumonia_classification,ph2-melanocytic-lesions-classification,covid_xray_classification,isic20_melanoma_classification,deep_drid_dr_level,shenzen_chest_xray_tuberculosis,crawled_covid_ct_classification,deep_drid_quality,deep_drid_clarity,deep_drid_field,deep_drid_artifact,kvasir_capsule_anatomy,kvasir_capsule_content,kvasir_capsule_pathologies,breast_cancer_classification_v2,eye_condition_classification,mura_xr_wrist,mura_xr_shoulder,mura_xr_humerus,mura_xr_hand,mura_xr_forearm,mura_xr_finger,mura_xr_elbow,bean_plant_disease_classification,aptos19_blindness_detection,lapgyn4_anatomical_structures --shrink_train 800,lapgyn4_surgical_actions --shrink_train 800,lapgyn4_instrument_count --shrink_train 800,lapgyn4_anatomical_actions --shrink_train 800,laryngeal_tissues --shrink_train 800,nerthus_bowel_cleansing_quality --shrink_train 800,svhn --shrink_train 800,cifar10_object_classification --shrink_train 800,mnist_digit_classification --shrink_train 800,hyperkvasir_anatomical-landmarks --shrink_train 800,hyperkvasir_pathological-findings --shrink_train 800,hyperkvasir_quality-of-mucosal-views --shrink_train 800,hyperkvasir_therapeutic-interventions --shrink_train 800,cholec80_grasper_presence --shrink_train 800,cholec80_bipolar_presence --shrink_train 800,cholec80_hook_presence --shrink_train 800,cholec80_scissors_presence --shrink_train 800,cholec80_clipper_presence --shrink_train 800,cholec80_irrigator_presence --shrink_train 800,cholec80_specimenbag_presence --shrink_train 800,idle_action_recognition --shrink_train 800,brain_tumor_classification --shrink_train 800,brain_tumor_type_classification --shrink_train 800,chexpert_enlarged_cardiomediastinum --shrink_train 800,chexpert_cardiomegaly --shrink_train 800,chexpert_lung_opacity --shrink_train 800,chexpert_lung_lesion --shrink_train 800,chexpert_edema --shrink_train 800,chexpert_consolidation --shrink_train 800,chexpert_pneumonia --shrink_train 800,chexpert_atelectasis --shrink_train 800,chexpert_pneumothorax --shrink_train 800,chexpert_pleural_effusion --shrink_train 800,chexpert_pleural_other --shrink_train 800,chexpert_fracture --shrink_train 800,chexpert_support_devices --shrink_train 800,pneumonia_classification --shrink_train 800,covid_xray_classification --shrink_train 800,isic20_melanoma_classification --shrink_train 800,deep_drid_dr_level --shrink_train 800,deep_drid_quality --shrink_train 800,deep_drid_clarity --shrink_train 800,deep_drid_field --shrink_train 800,deep_drid_artifact --shrink_train 800,kvasir_capsule_anatomy --shrink_train 800,kvasir_capsule_content --shrink_train 800,kvasir_capsule_pathologies --shrink_train 800,mura_xr_wrist --shrink_train 800,mura_xr_shoulder --shrink_train 800,mura_xr_humerus --shrink_train 800,mura_xr_hand --shrink_train 800,mura_xr_forearm --shrink_train 800,mura_xr_finger --shrink_train 800,mura_xr_elbow --shrink_train 800,bean_plant_disease_classification --shrink_train 800,aptos19_blindness_detection --shrink_train 800
lapgyn4_anatomical_structures,0.0,0.289930078125,0.29805390624999994,0.39038046875,0.608702734375,0.7334265625,1.022005078125,0.57108828125,0.7868101562500001,0.9111328125,0.647843359375,0.636809765625,0.66183671875,0.6341296875,0.9947207031249999,1.006661328125,0.43012031250000005,0.42208437499999996,0.532193359375,0.505979296875,0.38499062500000003,0.387240625,0.386625390625,0.385223828125,0.384556640625,0.38535546875000004,0.384981640625,0.6189125,0.5903835937499999,0.635131640625,0.8804796875,0.7855574218749999,0.807594140625,0.6201640625,0.623598828125,0.637106640625,0.61835078125,0.639496484375,0.61644765625,0.6159097656250001,0.6423601562500001,0.636825390625,0.628016796875,0.6134425781249999,0.61921328125,0.64675859375,0.693070703125,0.657933203125,0.6981999999999999,0.76310234375,0.880119140625,0.770227734375,0.6641683593750001,0.88111328125,0.881521875,0.8821218749999999,0.88220859375,0.67706640625,0.6621488281249999,0.6608734375,0.7858269531250001,1.0760949218750002,0.71462890625,0.61027265625,0.664488671875,0.699903125,0.660262890625,0.648689453125,0.6842984375000001,0.687915625,0.7873363281250001,,0.310226171875,0.298742578125,0.39375234375,1.025173828125,0.5716265625,0.906289453125,0.665383203125,0.99221953125,0.427884375,0.420106640625,0.53490234375,0.505078515625,0.38679765625,0.38736640624999996,0.391419921875,0.392225390625,0.390969140625,0.38157734375,0.388587109375,0.59576875,0.8810765625,0.8045785156249999,0.625728125,0.628347265625,0.6370781249999999,0.624437890625,0.6369210937500001,0.61794296875,0.6119375,0.63701015625,0.64126171875,0.629824609375,0.613823828125,0.621506640625,0.6490015625000001,0.6952453125,0.698107421875,0.756331640625,0.881642578125,0.87986875,0.883632421875,0.8819683593750001,0.881486328125,0.67443984375,0.6652457031250001,0.6594324218750001,0.7140124999999999,0.609367578125,0.66481875,0.69826171875,0.66021171875,0.6506140625000001,0.6825390625,0.6885917968749999,0.7846906250000001
lapgyn4_surgical_actions,0.289930078125,0.0,0.1921421875,0.22855312500000002,0.6796421875,0.8027421875,1.0973320312500001,0.5756519531250001,0.83526796875,0.9433652343750001,0.67000703125,0.650184375,0.670767578125,0.6545140625000001,1.02177109375,1.047117578125,0.4701796875,0.46908828125,0.53536328125,0.485833984375,0.319690234375,0.32224648437500003,0.31992890625000003,0.32004765625,0.318994140625,0.32104296875,0.31891953125000005,0.6853011718750001,0.555552734375,0.69282421875,0.937537890625,0.873891015625,0.8484164062499999,0.61175703125,0.6118585937500001,0.62449765625,0.60880703125,0.6270015625,0.606456640625,0.6059734375,0.632226171875,0.624428125,0.61643984375,0.60403984375,0.611826171875,0.6344398437500001,0.7078464843750001,0.720628125,0.708573828125,0.85096171875,0.943618359375,0.748440625,0.662695703125,0.944537109375,0.94436015625,0.94526328125,0.945409765625,0.676899609375,0.673484375,0.6740750000000001,0.8386750000000001,1.130049609375,0.6821816406250001,0.585069921875,0.6590652343750001,0.6649839843750001,0.6334546875,0.622162890625,0.65621796875,0.7240039062500001,0.839244921875,0.294765234375,,0.18875859375,0.22808320312500002,1.100330859375,0.5759945312499999,0.93722578125,0.6741992187499999,1.0192375,0.46986953125,0.467971484375,0.5364078125,0.4854765625,0.324546875,0.3225875,0.323309375,0.3264125,0.318612890625,0.318590625,0.326181640625,0.5567261718750001,0.937383984375,0.845655859375,0.615178515625,0.614590625,0.6238175781249999,0.611970703125,0.6262027343750001,0.6085671874999999,0.60403828125,0.62700859375,0.62758046875,0.619485546875,0.60443671875,0.611364453125,0.63623046875,0.7085511718749999,0.7099578125,0.843719140625,0.9449671875000001,0.942515625,0.9468566406250001,0.9453582031250001,0.9446441406249999,0.674643359375,0.676103515625,0.673244140625,0.681834765625,0.582125390625,0.65719375,0.664030859375,0.634133203125,0.6263359374999999,0.6555765625000001,0.7244054687500001,0.8355375
lapgyn4_instrument_count,0.29805390624999994,0.1921421875,0.0,0.204596875,0.649446875,0.7620859375,1.0550859375,0.5888140625000001,0.7894238281250001,0.9102753906250001,0.632233984375,0.61331484375,0.645839453125,0.628378125,0.9960718749999999,1.01560703125,0.46260429687500004,0.46424609375000003,0.554721875,0.52587890625,0.302875390625,0.306600390625,0.30343046875,0.30260234375,0.30263203125,0.30423789062499995,0.3022609375,0.6534355468749999,0.584776953125,0.68856796875,0.90481953125,0.82412890625,0.8229421875,0.6321046875,0.63536796875,0.6479011718750001,0.6294484375,0.6504328125,0.6272851562499999,0.62700625,0.6550734375,0.647246875,0.638648046875,0.624687109375,0.63262578125,0.657062109375,0.711594921875,0.693203125,0.7149687499999999,0.813863671875,0.90854453125,0.769826171875,0.6709839843750001,0.9097484375,0.909194921875,0.9102902343750001,0.910394921875,0.6697753906249999,0.673201171875,0.6743851562500001,0.8192707031249999,1.100317578125,0.6697843750000001,0.591115625,0.6357277343750001,0.6724703125,0.6158230468750001,0.61440625,0.639454296875,0.70853359375,0.813210546875,0.302375390625,0.194676171875,,0.210484375,1.0578253906250001,0.58890703125,0.9039796874999999,0.649583203125,0.9931496093750001,0.461840625,0.46103867187500003,0.55721015625,0.52537734375,0.30757187500000005,0.30564765625,0.31019296875,0.308787109375,0.302457421875,0.299162109375,0.306934375,0.588803515625,0.90517421875,0.82016015625,0.63713359375,0.6377515625,0.64629765625,0.6344671875000001,0.64829375,0.6292402343750001,0.6242390625,0.649811328125,0.65141484375,0.6416859374999999,0.6242984375,0.6331136718750001,0.65961171875,0.7137249999999999,0.7162839843750001,0.807447265625,0.909834375,0.9075496093750001,0.9116355468749999,0.909923828125,0.9096609375,0.66773125,0.6755671875,0.67331640625,0.6702707031249999,0.58846484375,0.63450546875,0.67116015625,0.616104296875,0.6169515625,0.6376832031249999,0.70917578125,0.810053125
lapgyn4_anatomical_actions,0.39038046875,0.22855312500000002,0.204596875,0.0,0.723791015625,0.825135546875,1.1017566406250001,0.6494203125,0.85058515625,0.951938671875,0.6999878906249999,0.682299609375,0.7107019531250001,0.6973453125,1.028888671875,1.05501484375,0.552733203125,0.5569199218750001,0.6128812499999999,0.5863992187500001,0.39370625000000004,0.39605429687500004,0.393140625,0.39344960937499995,0.392421484375,0.394775,0.392474609375,0.72619765625,0.6135746093750001,0.75401875,0.96691640625,0.8942187500000001,0.876676171875,0.6792207031249999,0.6798593749999999,0.68760625,0.677939453125,0.69011796875,0.674673828125,0.6763460937500001,0.6951093749999999,0.687574609375,0.6812421875000001,0.673765625,0.677315234375,0.694135546875,0.758238671875,0.754022265625,0.76001875,0.8813890625,0.97243515625,0.788857421875,0.725013671875,0.97320390625,0.9728355468750001,0.973639453125,0.9744089843750001,0.727101953125,0.7338953125,0.73581015625,0.8761671875,1.1476988281249998,0.7088921875,0.645547265625,0.691355078125,0.6966050781249999,0.659538671875,0.6533597656250001,0.6846894531250001,0.757073046875,0.8779441406249999,0.393501171875,0.231589453125,0.20362070312500002,,1.104667578125,0.649253125,0.946539453125,0.714082421875,1.0262402343750001,0.552271875,0.554877734375,0.6141484375,0.5861937500000001,0.39849375,0.39588125,0.398026171875,0.398821484375,0.38962421875000003,0.39060937500000004,0.397594921875,0.615220703125,0.96707578125,0.87451171875,0.682330859375,0.6810210937500001,0.6867097656250001,0.681092578125,0.689148828125,0.6768453125,0.67395546875,0.690688671875,0.6900082031249999,0.68355703125,0.6751066406249999,0.6771332031250001,0.6959464843750001,0.7597734375,0.7617652343750001,0.8758222656250001,0.973254296875,0.9713925781250001,0.9756269531250001,0.9731921875,0.973630859375,0.72536875,0.7357828124999999,0.734469921875,0.709291796875,0.642258984375,0.6896925781250001,0.695421875,0.6604210937499999,0.6565125,0.68406015625,0.757896875,0.87508125
sklin2_skin_lesions,0.608702734375,0.6796421875,0.649446875,0.723791015625,0.0,0.68557265625,0.9004191406250001,0.7040796874999999,0.72906796875,0.849701171875,0.6334671875,0.63021953125,0.6601175781249999,0.620431640625,0.94388828125,0.946860546875,0.533454296875,0.55475546875,0.70268515625,0.70986953125,0.6644828125,0.66689140625,0.6674480468749999,0.6648632812499999,0.6655140625,0.665284375,0.6662625000000001,0.402493359375,0.71101171875,0.5766605468749999,0.815175,0.596683203125,0.798826171875,0.721284375,0.726745703125,0.737641015625,0.71981484375,0.740040234375,0.7186441406249999,0.717032421875,0.742251953125,0.74171171875,0.728561328125,0.710219140625,0.7263515625000001,0.744565234375,0.7896050781250001,0.373146875,0.80196796875,0.52984453125,0.750898046875,0.877913671875,0.723310546875,0.752791796875,0.7533988281249999,0.754276953125,0.75436015625,0.625856640625,0.601890234375,0.6033269531250001,0.70009765625,0.9800914062499999,0.7867402343750001,0.7184781250000001,0.724133203125,0.8129445312500001,0.735476953125,0.751730078125,0.7414953125,0.67755078125,0.6823281250000001,0.605977734375,0.67564921875,0.6548875000000001,0.728297265625,0.903078125,0.7017382812499999,0.845441015625,0.659169921875,0.941201171875,0.533057421875,0.5508578125,0.70465625,0.710873828125,0.66234453125,0.66533828125,0.6722125,0.670562890625,0.6732003906249999,0.662907421875,0.6613851562499999,0.7201742187500001,0.815051171875,0.7946964843750001,0.728790625,0.73235625,0.737494140625,0.727193359375,0.7343019531249999,0.7196519531250001,0.711671484375,0.7389609375,0.74519453125,0.7298625000000001,0.71074609375,0.7306046875,0.74907734375,0.7942871093749999,0.8006585937499999,0.52534921875,0.75235703125,0.75113671875,0.7548910156249999,0.753043359375,0.7530601562500001,0.6233480468750001,0.6014378906250001,0.6019187500000001,0.7878371093750001,0.71651484375,0.7256640625,0.8104382812500001,0.7345843750000001,0.75151484375,0.7374554687500001,0.67793203125,0.6791253906250001
identify_nbi_infframes,0.7334265625,0.8027421875,0.7620859375,0.825135546875,0.68557265625,0.0,0.60851953125,0.883127734375,0.5708093750000001,0.657434375,0.568073828125,0.57236015625,0.6669972656250001,0.610200390625,0.8253609375,0.816225,0.721696484375,0.7476625,0.865322265625,0.873656640625,0.8142109375000001,0.817825,0.816401171875,0.8129242187500001,0.8152207031250001,0.815269921875,0.8170914062500001,0.605783203125,0.79480234375,0.6113273437500001,0.6746109375,0.6268863281250001,0.799646484375,0.8550710937500001,0.844968359375,0.8470203125,0.856576953125,0.8449023437500001,0.85110703125,0.851769140625,0.8475179687500001,0.8589085937500001,0.8449609375,0.852197265625,0.843765625,0.8467371093749999,0.848100390625,0.623037890625,0.8667875,0.574448828125,0.8336148437500001,0.999936328125,0.840435546875,0.8338125000000001,0.835222265625,0.835450390625,0.83740390625,0.879100390625,0.87009453125,0.8709984375,0.621265625,1.00486015625,0.8252027343749999,0.831276953125,0.7614375,0.9188007812500001,0.7688703125,0.8051468749999999,0.79879140625,0.734196484375,0.807266015625,0.7303421875,0.785097265625,0.7677554687500001,0.8313203124999999,0.6093109375,0.881243359375,0.6595265625,0.6663847656250002,0.82182109375,0.7184,0.74160390625,0.8691824218749999,0.87330859375,0.8117664062500001,0.8126640624999999,0.8220203124999999,0.819159375,0.821064453125,0.81273515625,0.80900625,0.8055386718750001,0.677221875,0.7992179687500001,0.8591484375,0.8505765625,0.8474710937500001,0.868714453125,0.8366671875,0.849135546875,0.84515234375,0.844025,0.86102421875,0.844623828125,0.854638671875,0.8487687500000001,0.8514078125000001,0.8551464843750001,0.865494921875,0.571890234375,0.83343203125,0.834190625,0.836306640625,0.8336621093750001,0.835540625,0.8802984375,0.87217890625,0.866188671875,0.826306640625,0.8287589843750001,0.7638113281250001,0.917237109375,0.7672449218749999,0.801443359375,0.7945773437500001,0.73489296875,0.8064542968749999
laryngeal_tissues,1.022005078125,1.0973320312500001,1.0550859375,1.1017566406250001,0.9004191406250001,0.60851953125,0.0,1.1533421875,0.73755625,0.689003515625,0.788982421875,0.80688828125,0.84441328125,0.795390625,0.88195390625,0.8515484375000001,1.027399609375,1.045455859375,1.141934375,1.18041328125,1.118132421875,1.12160703125,1.12010625,1.116596875,1.1186730468750001,1.1187328125,1.1204183593750001,0.81578359375,1.05997734375,0.883913671875,0.83285234375,0.78320390625,0.986021875,1.138489453125,1.1346890625,1.13276328125,1.142336328125,1.13023828125,1.1374,1.139944921875,1.13178046875,1.1412738281250001,1.1312546875,1.1392898437499999,1.1264464843750002,1.128508203125,1.0991499999999998,0.842083984375,1.120078515625,0.699390234375,0.956602734375,1.240275,1.105609765625,0.957631640625,0.958658203125,0.9578359375000001,0.960328515625,1.10025703125,1.09346015625,1.09494375,0.8265289062500001,1.059046875,1.052526953125,1.101079296875,1.017435546875,1.153343359375,1.0305953125,1.059996875,1.056269140625,0.947746875,0.9826144531250001,1.0192789062499998,1.08850234375,1.060058203125,1.107099609375,,1.15104921875,0.6979304687500001,0.8425156250000001,0.8791171874999999,1.023890625,1.042487890625,1.144437890625,1.17973515625,1.1159671875,1.11640625,1.1248148437499998,1.12244921875,1.1237828125,1.11521328125,1.113284375,1.072384375,0.8349906250000001,0.985859765625,1.14094453125,1.1400035156250001,1.1325335937499998,1.1525171875,1.1236035156250002,1.13597109375,1.13416328125,1.129854296875,1.14242109375,1.13036015625,1.1427156250000001,1.129950390625,1.1344941406250002,1.106655859375,1.117740625,0.7028433593750001,0.9565550781250001,0.958405078125,0.9583292968750001,0.9563843750000001,0.9591921875000001,1.10188359375,1.0949859375,1.09064609375,1.0527492187499998,1.0988691406250002,1.0195296875,1.1524515625,1.02891484375,1.0565355468750002,1.0530789062500001,0.949836328125,0.9836113281249999
nerthus_bowel_cleansing_quality,0.57108828125,0.5756519531250001,0.5888140625000001,0.6494203125,0.7040796874999999,0.883127734375,1.1533421875,0.0,0.9291785156250001,0.970612890625,0.76319765625,0.7398968749999999,0.73455625,0.71663984375,1.0676914062499998,1.091428515625,0.430038671875,0.39308984375,0.24313476562499997,0.382178515625,0.509673828125,0.50976953125,0.5093761718750001,0.5102835937500001,0.50984375,0.510016796875,0.51069375,0.740599609375,0.53877109375,0.77228359375,0.992190234375,0.939930078125,0.8496328125,0.663878515625,0.656921875,0.670077734375,0.656719140625,0.671222265625,0.656011328125,0.6520769531249999,0.6759640625,0.6751890625,0.6622957031250001,0.6511015625000001,0.668514453125,0.680615625,0.780645703125,0.7610203124999999,0.783243359375,0.90103359375,0.9337898437500001,0.832865625,0.6487910156250001,0.9347964843750001,0.935051953125,0.936215625,0.934910546875,0.5649359375,0.552923046875,0.549544140625,0.892192578125,1.119091796875,0.752498046875,0.61718828125,0.69495078125,0.7116402343750001,0.7066886718750001,0.665577734375,0.68741953125,0.8127957031249999,0.82115390625,0.570737890625,0.591680078125,0.5896171875,0.6483382812499999,1.156719140625,,0.9627546875,0.734542578125,1.066926171875,0.42801835937500005,0.400012890625,0.2443421875,0.38027578125000006,0.508255859375,0.51214375,0.512076953125,0.5123527343750001,0.5136671875000001,0.509490234375,0.509760546875,0.53837734375,0.99336484375,0.8471500000000001,0.668627734375,0.660303125,0.66910625,0.66084921875,0.6697261718749999,0.6582515625,0.6506730468749999,0.67261484375,0.6790015625,0.6654050781249999,0.648855078125,0.668598046875,0.68224140625,0.780724609375,0.784952734375,0.896272265625,0.93559375,0.932797265625,0.937043359375,0.936219921875,0.9334191406250001,0.562363671875,0.5555234375,0.547308984375,0.75370390625,0.6152261718750001,0.69409921875,0.710778125,0.7060929687499999,0.6690660156250001,0.6867636718750001,0.813571875,0.81686875
stanford_dogs_image_categorization,0.7868101562500001,0.83526796875,0.7894238281250001,0.85058515625,0.72906796875,0.5708093750000001,0.73755625,0.9291785156250001,0.0,0.728124609375,0.37385078125000004,0.377925,0.541002734375,0.5165222656249999,0.8326296875,0.8210558593750001,0.786418359375,0.8157347656249999,0.9113046875,0.921087109375,0.8684410156250001,0.871892578125,0.87046875,0.86753515625,0.868645703125,0.8694390625,0.8708546875000001,0.63477890625,0.8526414062500001,0.698620703125,0.7340421875,0.64508984375,0.80248125,0.9054828125000001,0.8983425781250001,0.9014054687499999,0.9074429687500001,0.9002636718750001,0.90172578125,0.901643359375,0.9029203125,0.9108863281249999,0.8987386718750001,0.9037628906249999,0.89692578125,0.902878515625,0.9150085937500001,0.6908406250000001,0.931983984375,0.660458203125,0.85889375,1.03055,0.8468320312500001,0.859719140625,0.86095,0.860465625,0.86314140625,0.88893125,0.8734183593750001,0.8756566406249999,0.731907421875,1.001668359375,0.8137171875,0.85572890625,0.7732957031250001,0.919610546875,0.758003515625,0.797659375,0.7962156250000001,0.7305375,0.8325281250000001,0.7844609375,0.81879765625,0.795772265625,0.8573796875,0.738446875,0.927504296875,0.7264285156250001,0.544163671875,0.8284828125,0.78507578125,0.8105484375,0.913658203125,0.9215992187500001,0.86794140625,0.869551953125,0.877577734375,0.872991015625,0.8754234375000001,0.8674480468750001,0.86352578125,0.8639609375,0.73548671875,0.803330078125,0.9103078125000001,0.9044855468749999,0.9021378906249999,0.9175117187499999,0.894535546875,0.90225,0.89677578125,0.9008156249999999,0.9137203125,0.89933203125,0.90432265625,0.89891484375,0.907644921875,0.9214941406249999,0.9308542968750001,0.661239453125,0.858721875,0.86015390625,0.86231015625,0.85860546875,0.86141640625,0.8888171875,0.875011328125,0.8719,0.81520859375,0.851592578125,0.7742878906249999,0.91733359375,0.75578515625,0.79527734375,0.79278125,0.7318632812500001,0.832737109375
svhn,0.9111328125,0.9433652343750001,0.9102753906250001,0.951938671875,0.849701171875,0.657434375,0.689003515625,0.970612890625,0.728124609375,0.0,0.684755859375,0.6909617187500001,0.590912109375,0.5512343749999999,0.65201484375,0.640212890625,0.880667578125,0.894287109375,0.957230078125,0.9835175781250001,0.948894140625,0.951827734375,0.950674609375,0.9479011718750001,0.9495351562500001,0.949615234375,0.951709765625,0.7864,0.90367109375,0.807365625,0.81433203125,0.80973515625,0.897737890625,0.9476078125,0.93163515625,0.93089296875,0.94805546875,0.9265054687500001,0.9424285156250001,0.942848046875,0.9309078125000001,0.943687890625,0.9311910156250001,0.9452640625000001,0.9308078124999999,0.9288109375,0.9537796875,0.81833359375,0.971041796875,0.766214453125,0.949553125,1.07653515625,0.93951875,0.950137890625,0.9508554687499999,0.951747265625,0.9516519531250001,0.9446156250000001,0.9331875000000001,0.935517578125,0.8025296875,1.081033203125,0.868681640625,0.9046925781249999,0.8449964843750001,0.9561433593750001,0.8486171875000001,0.85265078125,0.8653265625,0.8670863281250001,0.941109765625,0.9099886718750001,0.937146484375,0.914384375,0.955065234375,0.690514453125,0.9669980468749999,,0.5873296875,0.652340234375,0.879197265625,0.8910437499999999,0.9593828124999999,0.9842527343749999,0.946655078125,0.94855,0.9546414062499999,0.9547539062500001,0.954651171875,0.94887734375,0.945190234375,0.913446875,0.8149890625,0.897736328125,0.9506984375,0.93674921875,0.9304621093750001,0.95783828125,0.92048046875,0.941858203125,0.9383417968750001,0.9295492187500001,0.9449699218750001,0.9315859375,0.9488890625,0.934144921875,0.9323921875000001,0.9603578125000001,0.96937578125,0.7673390625000001,0.9504628906250001,0.94981015625,0.9509000000000001,0.949925,0.950028125,0.9450632812499999,0.93344375,0.93164453125,0.8697609375,0.9027859375,0.846719921875,0.9547890625,0.84831796875,0.8501371093750001,0.86156171875,0.868901171875,0.941103515625
caltech101_object_classification,0.647843359375,0.67000703125,0.632233984375,0.6999878906249999,0.6334671875,0.568073828125,0.788982421875,0.76319765625,0.37385078125000004,0.684755859375,0.0,0.15588515625,0.397243359375,0.35843984375000004,0.787809765625,0.7896519531250001,0.6279664062499999,0.64737734375,0.744551953125,0.744330078125,0.6941980468750001,0.697930859375,0.6957429687500001,0.6930921875,0.694604296875,0.6955265625,0.696740234375,0.5571550781250001,0.6860433593749999,0.631638671875,0.7082878906250001,0.658560546875,0.72494375,0.750483984375,0.74548984375,0.752434375,0.752916015625,0.751505859375,0.74625390625,0.747251171875,0.756437109375,0.7603394531250001,0.746791015625,0.74964453125,0.747020703125,0.756548828125,0.7924789062500001,0.6198347656250001,0.804876171875,0.6415089843749999,0.7950546875,0.903691015625,0.686099609375,0.796251171875,0.796724609375,0.796791796875,0.798670703125,0.725815234375,0.708058203125,0.71044921875,0.6898179687499999,0.974959375,0.6509316406250001,0.6802011718750001,0.617562109375,0.75042890625,0.584784765625,0.6086562499999999,0.62273359375,0.633102734375,0.7515273437500001,0.64601015625,0.6596765625000001,0.6393261718750001,0.704746484375,0.789839453125,0.7609019531250001,0.680550390625,0.40078515625,0.7847515624999999,0.6275003906250001,0.644038671875,0.7464625,0.745625390625,0.69304375,0.695692578125,0.70352734375,0.6995617187500001,0.700806640625,0.694262109375,0.6894437499999999,0.6968191406249999,0.7090300781250001,0.724385546875,0.75600078125,0.752091796875,0.7525464843749999,0.7627859375,0.7476828125,0.747326953125,0.742158984375,0.753292578125,0.7634667968750001,0.7490617187499999,0.75040703125,0.748386328125,0.7612195312500001,0.79748671875,0.804750390625,0.64013828125,0.795570703125,0.795426171875,0.79801875,0.7949625,0.79743359375,0.7251031250000001,0.709735546875,0.707333984375,0.6530652343750001,0.6739902343749999,0.61785703125,0.7482558593749999,0.58334921875,0.60835546875,0.6192140625,0.63480625,0.750891015625
caltech256_object_classification,0.636809765625,0.650184375,0.61331484375,0.682299609375,0.63021953125,0.57236015625,0.80688828125,0.7398968749999999,0.377925,0.6909617187500001,0.15588515625,0.0,0.38835585937500006,0.346809765625,0.79697421875,0.802678125,0.6118531250000001,0.630165234375,0.726465234375,0.719501171875,0.6713453125,0.6749035156250001,0.6726156249999999,0.670261328125,0.6714296875,0.6722625000000001,0.6736453125,0.552294921875,0.663701171875,0.62765859375,0.7115015625,0.6629515625000001,0.7157351562500001,0.7306453125,0.726362890625,0.735066015625,0.7330687499999999,0.7346726562500001,0.72596015625,0.7271359375,0.739359375,0.74199296875,0.72830234375,0.7296324218749999,0.728045703125,0.74007109375,0.7758703124999999,0.617869921875,0.788060546875,0.646087890625,0.78681953125,0.888916015625,0.6663566406250001,0.788785546875,0.78872265625,0.7888359375,0.79126328125,0.709020703125,0.692939453125,0.69608125,0.68794296875,0.96890703125,0.6302937500000001,0.6536859374999999,0.5930984375,0.734466015625,0.557862109375,0.5824285156250001,0.59869140625,0.6278433593749999,0.738623046875,0.635341015625,0.6376796875,0.62015,0.68722734375,0.807939453125,0.738240234375,0.686612109375,0.39150859375,0.794103515625,0.6115566406249999,0.6266441406250001,0.7283453125000001,0.7206347656250001,0.6696761718750001,0.672823046875,0.68048359375,0.6766859375,0.6781515625,0.671235546875,0.666503125,0.674738671875,0.7125406249999999,0.7146484375000001,0.736819921875,0.7329089843750001,0.734618359375,0.7427628906249999,0.7308140624999999,0.727475,0.722265234375,0.735733984375,0.7454792968750001,0.730986328125,0.730043359375,0.729494921875,0.7448683593750001,0.780504296875,0.7878042968750001,0.64435859375,0.7874460937500001,0.7878917968750001,0.790128515625,0.78729453125,0.789913671875,0.7079257812499999,0.69428359375,0.6925656250000001,0.632736328125,0.647223828125,0.593255078125,0.732301953125,0.5555421875000001,0.58166875,0.594826171875,0.62940859375,0.738214453125
cifar10_object_classification,0.66183671875,0.670767578125,0.645839453125,0.7107019531250001,0.6601175781249999,0.6669972656250001,0.84441328125,0.73455625,0.541002734375,0.590912109375,0.397243359375,0.38835585937500006,0.0,0.1774078125,0.7633761718750001,0.77662578125,0.6317777343750001,0.6452125,0.718048046875,0.71453984375,0.681966015625,0.6845785156249999,0.6831847656250001,0.6818003906250001,0.681994140625,0.683065234375,0.68422265625,0.6032636718750001,0.6666925781249999,0.6368078125,0.7961667968749999,0.7376578125000001,0.795494140625,0.729375,0.7194984375,0.727944921875,0.7286230468749999,0.726596875,0.7229828125,0.72201171875,0.7331636718750001,0.73820078125,0.7232015624999999,0.724997265625,0.72288671875,0.7340324218750001,0.79649609375,0.6437222656250001,0.809265234375,0.7205480468750001,0.852944921875,0.89297265625,0.69939921875,0.85458984375,0.854447265625,0.855396875,0.85649375,0.707646484375,0.6995171874999999,0.7024109375,0.701271484375,1.039110546875,0.686924609375,0.6808218749999999,0.648634375,0.752664453125,0.6329914062499999,0.639113671875,0.656361328125,0.683009765625,0.7914601562500001,0.660728125,0.6687863281249999,0.650080859375,0.7132765625,0.845998046875,0.732456640625,0.58385703125,,0.7622703125000001,0.6304078125000001,0.64239375,0.7195945312500001,0.7153046875,0.6806734375000001,0.683337109375,0.689547265625,0.6870253906249999,0.6877230468750001,0.6824859375000001,0.6784019531250001,0.675659375,0.79671015625,0.794832421875,0.734449609375,0.724973046875,0.728391015625,0.73749765625,0.72238984375,0.723841015625,0.7189386718749999,0.7295820312500001,0.740315234375,0.72628984375,0.7256148437500001,0.7235605468749999,0.7391761718750001,0.80159765625,0.8090382812500001,0.718277734375,0.854656640625,0.8532871093750001,0.855859765625,0.854362109375,0.85542265625,0.70697265625,0.7013828125,0.6996875,0.689107421875,0.6767343749999999,0.6491984375000001,0.7511476562499999,0.63153203125,0.639190625,0.653530859375,0.685072265625,0.7889742187500001
cifar100_object_classification,0.6341296875,0.6545140625000001,0.628378125,0.6973453125,0.620431640625,0.610200390625,0.795390625,0.71663984375,0.5165222656249999,0.5512343749999999,0.35843984375000004,0.346809765625,0.1774078125,0.0,0.735828125,0.7466238281249999,0.60669296875,0.6194949218750001,0.698676953125,0.70228203125,0.6677738281250001,0.670615234375,0.669046875,0.667175390625,0.667787890625,0.66910625,0.6702046875000001,0.5543414062500001,0.648848046875,0.596620703125,0.74129453125,0.69488671875,0.758586328125,0.7085054687500001,0.698323828125,0.7066222656250001,0.70829453125,0.704864453125,0.7020804687500001,0.701549609375,0.7108824218750001,0.7167671874999999,0.7020089843749999,0.7047160156250001,0.6993949218750001,0.712170703125,0.772571484375,0.602729296875,0.7857179687500001,0.668477734375,0.820296875,0.8804359374999999,0.6776597656250001,0.8219335937500001,0.8217109375,0.8230500000000001,0.8240121093749999,0.6870679687500001,0.6746046875,0.677665234375,0.670930078125,1.016279296875,0.662018359375,0.662959375,0.632969921875,0.738850390625,0.612178515625,0.6200882812499999,0.6381875,0.648902734375,0.7617449218750001,0.6326046875,0.6529679687500001,0.632887109375,0.7006484374999999,0.797434765625,0.714471484375,0.543685546875,0.18229609375,0.7341109375000001,0.60541796875,0.6166980468750001,0.70053515625,0.703221484375,0.666326953125,0.668903125,0.6757367187500001,0.673391015625,0.67444375,0.66788984375,0.6634535156250001,0.6595128906250001,0.7417140625,0.7574703125000001,0.71331640625,0.70454921875,0.7067917968749999,0.717790625,0.700378125,0.70285625,0.6979523437499999,0.7076121093750001,0.71941328125,0.704158984375,0.7055835937500001,0.701002734375,0.7175898437500001,0.777627734375,0.785091015625,0.6655667968750001,0.82189453125,0.8206058593750001,0.8229730468750001,0.8215910156249999,0.822671484375,0.686005078125,0.6762144531250001,0.674195703125,0.66356171875,0.65930859375,0.6338460937499999,0.7371113281249999,0.6114832031249999,0.6199679687499999,0.635167578125,0.650870703125,0.7595433593750001
mnist_digit_classification,0.9947207031249999,1.02177109375,0.9960718749999999,1.028888671875,0.94388828125,0.8253609375,0.88195390625,1.0676914062499998,0.8326296875,0.65201484375,0.787809765625,0.79697421875,0.7633761718750001,0.735828125,0.0,0.293937109375,0.9653265625,0.9863941406250001,1.051237890625,1.08493828125,1.0457898437500002,1.0481921875000002,1.0471265625000001,1.04485390625,1.046854296875,1.04655703125,1.0481921875,0.880592578125,0.999630078125,0.9314828125,0.8502246093750001,0.896260546875,0.9581898437499999,1.0355890625000002,1.027673046875,1.024468359375,1.03908515625,1.021384765625,1.0335359375,1.036224609375,1.0237812499999999,1.0317230468750003,1.025503125,1.040673828125,1.024069140625,1.0218988281249999,1.034876953125,0.90879765625,1.0487566406250002,0.86122265625,0.990629296875,1.1125511718749999,1.00038671875,0.9912757812499999,0.9926144531250001,0.9920484375,0.992812890625,1.0308140625,1.023541796875,1.0244031249999999,0.92882421875,1.0713746093749998,0.969093359375,1.014396484375,0.9172988281250001,1.0444828125,0.91955390625,0.9454910156249999,0.950007421875,0.9757890625,1.0084152343750001,0.9941363281250001,1.011853125,0.9997820312500001,1.032296484375,0.8824800781250001,1.064792578125,0.650477734375,0.7591062500000001,,0.963834375,0.98518359375,1.0533804687500001,1.08494140625,1.0459722656250001,1.0457121093750001,1.052003515625,1.050779296875,1.050369921875,1.0463925781249999,1.0439816406250002,1.0085382812500001,0.8517726562500001,0.957863671875,1.03811953125,1.03153671875,1.0246953125,1.04826171875,1.01805703125,1.0334554687500002,1.031680078125,1.02330546875,1.0322894531250002,1.0256246093749999,1.043181640625,1.0274640625,1.0255687500000001,1.038324609375,1.04753984375,0.862182421875,0.9904671875,0.9923460937499999,0.9921277343750001,0.9909519531250001,0.991120703125,1.032211328125,1.0241300781250002,1.02110390625,0.9688355468750001,1.0129117187499999,0.918969921875,1.04244296875,0.9188113281250001,0.944860546875,0.945036328125,0.9768050781250001,1.009466015625
emnist_digit_classification,1.006661328125,1.047117578125,1.01560703125,1.05501484375,0.946860546875,0.816225,0.8515484375000001,1.091428515625,0.8210558593750001,0.640212890625,0.7896519531250001,0.802678125,0.77662578125,0.7466238281249999,0.293937109375,0.0,0.9890789062500001,1.0068585937499999,1.0767281249999998,1.104728515625,1.0649050781249998,1.067364453125,1.066483984375,1.0641863281250001,1.06575703125,1.0656691406249998,1.0671523437500001,0.88077109375,1.016822265625,0.92551328125,0.8231906250000001,0.888498828125,0.956897265625,1.05866640625,1.04894921875,1.0457171875,1.061474609375,1.04226640625,1.055800390625,1.0577667968750002,1.044335546875,1.0540156250000001,1.04641171875,1.0630601562500002,1.046725,1.042449609375,1.0518878906250002,0.915569140625,1.0669929687500002,0.8576105468749999,0.981527734375,1.140617578125,1.0215277343750002,0.9821265625,0.9830199218750001,0.9829566406250001,0.98357890625,1.0557105468749999,1.046728125,1.04805703125,0.916976171875,1.06389375,0.993502734375,1.03021640625,0.9371082031250001,1.069496875,0.9388742187500001,0.9672574218750001,0.971776953125,0.983744921875,0.995576953125,1.006179296875,1.036258984375,1.01977734375,1.05847421875,0.851637890625,1.088362109375,0.6396015625,0.772973828125,0.2924765625,0.987198828125,1.00540390625,1.07883125,1.1046414062499998,1.06484453125,1.064994921875,1.07129296875,1.06964453125,1.0695300781250001,1.065494921875,1.062903515625,1.02575,0.824145703125,0.957549609375,1.0611105468750002,1.053346484375,1.04568125,1.0710878906249999,1.0385164062499999,1.0560328125,1.05345234375,1.04365,1.054459375,1.046169921875,1.0652835937500003,1.05038359375,1.0458476562499999,1.0564542968750001,1.06563515625,0.85873203125,0.98138515625,0.98298203125,0.983341015625,0.9821375000000001,0.982297265625,1.057452734375,1.04692890625,1.0447953125,0.9933773437500001,1.028298828125,0.93851953125,1.0671109374999999,0.93796796875,0.96558359375,0.9671265625,0.9849839843750001,0.996368359375
hyperkvasir_anatomical-landmarks,0.43012031250000005,0.4701796875,0.46260429687500004,0.552733203125,0.533454296875,0.721696484375,1.027399609375,0.430038671875,0.786418359375,0.880667578125,0.6279664062499999,0.6118531250000001,0.6317777343750001,0.60669296875,0.9653265625,0.9890789062500001,0.0,0.20715078125,0.382151171875,0.410384375,0.40158359375,0.403638671875,0.404630078125,0.40208359375,0.40277617187500003,0.40343632812499997,0.403796875,0.5820093749999999,0.54544921875,0.6183597656250001,0.859882421875,0.76942890625,0.7707136718750001,0.60500625,0.6041406250000001,0.619665625,0.60009453125,0.6215804687500001,0.5984269531249999,0.595515234375,0.62537421875,0.6231464843750001,0.6098078124999999,0.593380078125,0.6091605468750001,0.630901953125,0.684466015625,0.5875902343749999,0.6921859375,0.732516796875,0.829050390625,0.756915234375,0.579903515625,0.83071796875,0.830543359375,0.83130859375,0.8311187499999999,0.535894921875,0.5272636718749999,0.52600546875,0.7674105468749999,1.038002734375,0.68798515625,0.548311328125,0.59126328125,0.6813812499999999,0.6212597656250001,0.609246484375,0.618242578125,0.6875687500000001,0.7157527343750001,0.43005000000000004,0.46736445312499997,0.46558593750000005,0.5542296874999999,1.02993046875,0.42932109375,0.8738914062500001,0.632989453125,0.96356015625,,0.20393203124999998,0.384628125,0.40910703125000003,0.402066015625,0.40423125000000004,0.408331640625,0.410066015625,0.41166015625,0.40171679687500006,0.400910546875,0.5498644531250001,0.86005,0.767655859375,0.6120902343750001,0.60944921875,0.619927734375,0.60718125,0.618493359375,0.6001109375,0.5918070312500001,0.620521875,0.6275097656249999,0.613260546875,0.592846484375,0.6116460937499999,0.6341875,0.6869933593750001,0.692976953125,0.7261730468750001,0.83098984375,0.828825390625,0.83303984375,0.83149375,0.830175390625,0.53393203125,0.53091953125,0.5228460937499999,0.6883496093749999,0.545778125,0.59234296875,0.680222265625,0.619843359375,0.61151171875,0.61493203125,0.6884902343749999,0.712115234375
hyperkvasir_pathological-findings,0.42208437499999996,0.46908828125,0.46424609375000003,0.5569199218750001,0.55475546875,0.7476625,1.045455859375,0.39308984375,0.8157347656249999,0.894287109375,0.64737734375,0.630165234375,0.6452125,0.6194949218750001,0.9863941406250001,1.0068585937499999,0.20715078125,0.0,0.35098632812499997,0.36702929687499997,0.382957421875,0.384325,0.38494257812500005,0.38269687500000005,0.384284765625,0.384088671875,0.38451914062500003,0.6038953125,0.523344140625,0.64431875,0.88110625,0.80036484375,0.7746484375,0.60834609375,0.60912578125,0.62506796875,0.6028703125000001,0.62704765625,0.601740625,0.598483984375,0.63048984375,0.6265093749999999,0.614255078125,0.5962984375,0.6120476562499999,0.6360875,0.696748046875,0.610845703125,0.70131953125,0.7584710937500001,0.8497160156250001,0.7655601562500001,0.5798796875,0.8507250000000001,0.8508445312499999,0.8519601562500001,0.8515335937499999,0.49800820312500005,0.49308828125000004,0.491933203125,0.7894230468750001,1.05494921875,0.681779296875,0.5496984375,0.597460546875,0.6625964843750001,0.618316015625,0.5998433593750001,0.6182132812500001,0.70575390625,0.72731171875,0.421219921875,0.47400585937499995,0.46771640625,0.55850078125,1.048208984375,0.3921984375,0.8875609375,0.6458039062500001,0.9846496093750001,0.207415625,,0.353187890625,0.367909765625,0.38250390624999997,0.385622265625,0.38933828125000003,0.39021328125,0.3913875,0.38316835937500004,0.382084765625,0.5280339843749999,0.8811992187500001,0.7718218750000001,0.614519140625,0.613662109375,0.624066796875,0.6089234375,0.624873046875,0.603723828125,0.596135546875,0.625571875,0.630891796875,0.6180187500000001,0.595323828125,0.6135300781249999,0.63925390625,0.69808125,0.7017953125,0.752503515625,0.85165546875,0.84904765625,0.853621875,0.8523890624999999,0.8497937500000001,0.49575898437500004,0.495886328125,0.49005859375,0.681985546875,0.54720234375,0.5979574218750001,0.661187890625,0.617142578125,0.6025261718749999,0.6154152343750001,0.705898046875,0.72274921875
