,lapgyn4_anatomical_structures,lapgyn4_surgical_actions,lapgyn4_instrument_count,lapgyn4_anatomical_actions,sklin2_skin_lesions,identify_nbi_infframes,laryngeal_tissues,nerthus_bowel_cleansing_quality,stanford_dogs_image_categorization,svhn,caltech101_object_classification,caltech256_object_classification,cifar10_object_classification,cifar100_object_classification,mnist_digit_classification,emnist_digit_classification,hyperkvasir_anatomical-landmarks,hyperkvasir_pathological-findings,hyperkvasir_quality-of-mucosal-views,hyperkvasir_therapeutic-interventions,cholec80_grasper_presence,cholec80_bipolar_presence,cholec80_hook_presence,cholec80_scissors_presence,cholec80_clipper_presence,cholec80_irrigator_presence,cholec80_specimenbag_presence,derm7pt_skin_lesions,idle_action_recognition,barretts_esophagus_diagnosis,brain_tumor_classification,mednode_melanoma_classification,brain_tumor_type_classification,chexpert_enlarged_cardiomediastinum,chexpert_cardiomegaly,chexpert_lung_opacity,chexpert_lung_lesion,chexpert_edema,chexpert_consolidation,chexpert_pneumonia,chexpert_atelectasis,chexpert_pneumothorax,chexpert_pleural_effusion,chexpert_pleural_other,chexpert_fracture,chexpert_support_devices,pneumonia_classification,ph2-melanocytic-lesions-classification,covid_xray_classification,isic20_melanoma_classification,deep_drid_dr_level,shenzen_chest_xray_tuberculosis,crawled_covid_ct_classification,deep_drid_quality,deep_drid_clarity,deep_drid_field,deep_drid_artifact,kvasir_capsule_anatomy,kvasir_capsule_content,kvasir_capsule_pathologies,breast_cancer_classification_v2,eye_condition_classification,mura_xr_wrist,mura_xr_shoulder,mura_xr_humerus,mura_xr_hand,mura_xr_forearm,mura_xr_finger,mura_xr_elbow,bean_plant_disease_classification,aptos19_blindness_detection,lapgyn4_anatomical_structures --shrink_train 800,lapgyn4_surgical_actions --shrink_train 800,lapgyn4_instrument_count --shrink_train 800,lapgyn4_anatomical_actions --shrink_train 800,laryngeal_tissues --shrink_train 800,nerthus_bowel_cleansing_quality --shrink_train 800,svhn --shrink_train 800,cifar10_object_classification --shrink_train 800,mnist_digit_classification --shrink_train 800,hyperkvasir_anatomical-landmarks --shrink_train 800,hyperkvasir_pathological-findings --shrink_train 800,hyperkvasir_quality-of-mucosal-views --shrink_train 800,hyperkvasir_therapeutic-interventions --shrink_train 800,cholec80_grasper_presence --shrink_train 800,cholec80_bipolar_presence --shrink_train 800,cholec80_hook_presence --shrink_train 800,cholec80_scissors_presence --shrink_train 800,cholec80_clipper_presence --shrink_train 800,cholec80_irrigator_presence --shrink_train 800,cholec80_specimenbag_presence --shrink_train 800,idle_action_recognition --shrink_train 800,brain_tumor_classification --shrink_train 800,brain_tumor_type_classification --shrink_train 800,chexpert_enlarged_cardiomediastinum --shrink_train 800,chexpert_cardiomegaly --shrink_train 800,chexpert_lung_opacity --shrink_train 800,chexpert_lung_lesion --shrink_train 800,chexpert_edema --shrink_train 800,chexpert_consolidation --shrink_train 800,chexpert_pneumonia --shrink_train 800,chexpert_atelectasis --shrink_train 800,chexpert_pneumothorax --shrink_train 800,chexpert_pleural_effusion --shrink_train 800,chexpert_pleural_other --shrink_train 800,chexpert_fracture --shrink_train 800,chexpert_support_devices --shrink_train 800,pneumonia_classification --shrink_train 800,covid_xray_classification --shrink_train 800,isic20_melanoma_classification --shrink_train 800,deep_drid_dr_level --shrink_train 800,deep_drid_quality --shrink_train 800,deep_drid_clarity --shrink_train 800,deep_drid_field --shrink_train 800,deep_drid_artifact --shrink_train 800,kvasir_capsule_anatomy --shrink_train 800,kvasir_capsule_content --shrink_train 800,kvasir_capsule_pathologies --shrink_train 800,mura_xr_wrist --shrink_train 800,mura_xr_shoulder --shrink_train 800,mura_xr_humerus --shrink_train 800,mura_xr_hand --shrink_train 800,mura_xr_forearm --shrink_train 800,mura_xr_finger --shrink_train 800,mura_xr_elbow --shrink_train 800,bean_plant_disease_classification --shrink_train 800,aptos19_blindness_detection --shrink_train 800
lapgyn4_anatomical_structures,0.0,0.0004378058765685747,0.0004429565148799091,0.000519897262478483,0.0007185953596464524,0.0008733631222521494,0.0012174128623731366,0.0006797683428646481,0.0009198319362312559,0.001069708562383218,0.0007623077700509081,0.0007482523464659829,0.0007759580510961668,0.0007448665642984349,0.0011651590175311014,0.0011928143623430542,0.0005522643729610566,0.0005460270743706985,0.0006436468448556702,0.0006251748416294677,0.0005178903146855346,0.0005203387004339478,0.0005192051655190115,0.0005176635374677372,0.0005176977270029246,0.0005181590993886902,0.0005182306878150492,0.0007340719061610729,0.000702087018573141,0.0007604363319520308,0.001076104572471964,0.0009489116908104793,0.0009484818892232775,0.0007481272032848675,0.0007501106235172399,0.0007629383873254396,0.0007446807593454284,0.0007651001934772671,0.0007429844850800047,0.0007422121652237467,0.0007684090453853222,0.0007635553961890351,0.0007539229952237787,0.0007386237532266003,0.0007455955981191191,0.0007724904293473802,0.00083747240271819,0.000772418361103092,0.0008430844983033719,0.0009001549394694219,0.0010432581569907822,0.0009028791102569779,0.0007862996049860539,0.0010451796698971376,0.001045320723739313,0.0010461129635957417,0.0010458017490195845,0.0007808454253427623,0.0007691495276582316,0.0007678170919447053,0.0009217638846982855,0.0013257426622291454,0.0008422094411910263,0.0007336770136384511,0.0007886637476231051,0.000816292567909184,0.0007820521189001988,0.0007676796387848905,0.0008026663591586287,0.0008192764128914854,0.000931020819596424,,0.0004541737002937598,0.00044310942671278654,0.0005224857469137412,0.001221143851744789,0.00068016227523241,0.0010620512049349222,0.0007788931605112687,0.001162158748152211,0.0005508581428122152,0.000544595063823958,0.0006460876524584758,0.0006242924847619588,0.0005199287771212999,0.0005193440136299893,0.0005231745450968572,0.0005242044373865947,0.0005227731380754114,0.00051555003447242,0.0005213533294464786,0.0007078117321174546,0.0010764323211484412,0.0009437386523819507,0.0007529440861265753,0.0007537705480609043,0.0007629416670758432,0.0007500145517132673,0.0007627840409202548,0.0007449793028172997,0.0007379282209042653,0.0007637689636732245,0.00076839440706642,0.0007564926977758832,0.0007387708314273153,0.0007476618269026589,0.0007751335035438359,0.0008400303522255493,0.0008421072518521098,0.0008904542085876927,0.0010466355533419115,0.0010423115791377518,0.0010471860873523114,0.0010465817519761237,0.0010446134171121363,0.0007789543258312505,0.0007722326172921775,0.0007665709177329329,0.0008415026344059814,0.0007325909997070914,0.0007896563033355576,0.0008144527709925288,0.0007825172759599391,0.0007696018109793883,0.0008010972835651425,0.0008198400887594708,0.0009267433813678564
lapgyn4_surgical_actions,0.0004378058765685747,0.0,0.00036866989335050985,0.00039363437201385935,0.0007853933970753985,0.0009418305438076843,0.0012940519858597875,0.0006833112908598185,0.0009653512974535311,0.0011025806508456518,0.0007833888475844022,0.0007619865737088538,0.0007867827396716189,0.000766830020042742,0.0011941869249559398,0.0012344023108210168,0.0005908990520895399,0.0005877484708398367,0.00064576474465601,0.0006074320852583282,0.0004674100815035563,0.00046906578769512414,0.0004681431534815237,0.0004675629999553181,0.00046695995973818343,0.00046820445943523064,0.0004664663322712419,0.00079626215599463,0.0006735076690196668,0.0008170909165466787,0.0011345224692297967,0.0010358680324829201,0.0009875566480731421,0.0007422660685862982,0.0007428799817334173,0.0007552442733005236,0.000739334404496286,0.000757736906302214,0.000736867004904661,0.000736489524103594,0.0007622433120275428,0.0007553641269975315,0.0007470824444343973,0.0007328967082110434,0.0007415916743331947,0.0007645588619719392,0.0008510614595560758,0.000833031487596774,0.0008534585729163886,0.0009854878677165082,0.0011061807789463488,0.0008855980036388427,0.0007861299693577291,0.0011079499416555636,0.001107657264294198,0.0011087405643759722,0.0011083086875079754,0.0007832500446905782,0.000781173704943293,0.0007814443134943597,0.0009719344046981216,0.0013790360090451177,0.0008152981193230947,0.0007142240671059853,0.0007859737486873512,0.000786174501410878,0.0007595538481268257,0.0007454606089808795,0.0007793291505588077,0.0008566081163973644,0.0009823098782826478,0.00044151887565745677,,0.0003659373943149188,0.0003936453189706781,0.001297660139498393,0.0006837497866285618,0.001094257675720231,0.0007900452707862045,0.001191174986516975,0.0005907304040156261,0.000586779866413401,0.0006466792733468835,0.000607217074307163,0.0004712173026596746,0.00046971662321224593,0.0004701839811309732,0.00047294771353732226,0.0004671509482004004,0.00046606776395079463,0.00047295045063784126,0.0006755950043229608,0.0011347288928228803,0.0009831960431135073,0.0007461927099226396,0.0007447771277234316,0.0007543031272619734,0.0007418923249864252,0.0007569496769007771,0.0007392148924970604,0.0007338463784100342,0.0007582788850856863,0.0007587957883440065,0.0007506903671883772,0.0007327311597263654,0.0007411757128869311,0.0007668785872218804,0.0008529784771083458,0.0008534455558695521,0.0009758154661491682,0.0011089777681490961,0.0011050226222713178,0.0011099774416331574,0.0011091241833758462,0.0011078101399313053,0.0007813627211516224,0.0007837345402748549,0.0007809934700339753,0.0008155561180705842,0.0007113968590434215,0.0007847116406243204,0.000785171069805984,0.0007609793202252306,0.0007496694790706207,0.0007782892601854206,0.0008571170523886194,0.0009774651116269814
lapgyn4_instrument_count,0.0004429565148799091,0.00036866989335050985,0.0,0.00037474213492952183,0.0007566007084113893,0.0009040931950333747,0.0012520430040219594,0.0006931174332477826,0.0009237160734858973,0.0010700587425073911,0.0007501079069014793,0.0007297390560731711,0.0007634750527518675,0.0007426328418819286,0.001167898633570301,0.0012025051295896858,0.0005840335479082672,0.0005825718194961098,0.0006623942241731501,0.0006407392724767426,0.0004528081447639795,0.000455760274396939,0.0004534740008512586,0.00045321588531301027,0.0004525364848378999,0.0004533218320237443,0.00045265097854645954,0.0007678574618793358,0.0006966952174601786,0.0008119570895268773,0.0011021659220247278,0.0009882119301909782,0.0009633566926438286,0.0007587129502512346,0.000761353857749881,0.0007738814607062285,0.0007551872712276806,0.0007763768555466568,0.000753567166621941,0.0007535736806531349,0.0007804845825827861,0.0007740265641824038,0.0007646466910895387,0.0007486878263543676,0.0007582940358329065,0.0007831156217645991,0.0008529157241626559,0.000807376723893752,0.0008568228930269203,0.0009502732526161081,0.0010726699046755598,0.000903814250750273,0.0007932716516424058,0.0010743742178120257,0.001074128586243043,0.0010751156971063728,0.0010745699210661804,0.0007748211127840551,0.0007788105094899767,0.0007800089990440091,0.000953112579916852,0.0013505253343740458,0.0008038436041808638,0.0007175631259614735,0.0007648114601892851,0.0007925784105705116,0.000744064987962001,0.00073768068498986,0.0007655396306324669,0.000840595961857914,0.0009575546553202132,0.0004458281864193917,0.00037091323549937207,,0.0003805042560335501,0.0012548878145178508,0.0006930737865915699,0.0010616036556946175,0.0007669617490773654,0.0011648655520085254,0.0005830164107631966,0.0005801737441289461,0.0006638182459747457,0.0006398818835957242,0.00045741820516640336,0.0004546385618514282,0.000458606269608638,0.0004582229849915578,0.00045334324131196166,0.00045021718867109507,0.0004565482502335308,0.0007012715859491542,0.0011022420562491657,0.0009587371175848783,0.0007641918007155256,0.0007636366681838546,0.0007725364500800929,0.000760148909393091,0.0007738534228253356,0.000755853962478813,0.0007501736429565924,0.0007765699785510184,0.0007781295521659805,0.0007677083435754287,0.0007489250366224759,0.0007591042623810685,0.0007857923769814274,0.0008561252156520499,0.0008579695347693506,0.0009407994862362663,0.0010758894524287488,0.0010714982968751193,0.0010761419275461086,0.001075334789366663,0.00107383236098428,0.0007738982385885333,0.0007813969200358013,0.0007789113912835598,0.0008036673971525454,0.0007150583401642017,0.0007644284073270632,0.0007915640902416516,0.0007446783810078118,0.0007401825066690663,0.00076352712744777,0.0008412446099866007,0.0009532823064914544
lapgyn4_anatomical_actions,0.000519897262478483,0.00039363437201385935,0.00037474213492952183,0.0,0.0008276839075160496,0.0009635393615352513,0.0012975697543231184,0.0007512532157814529,0.0009793864860846734,0.0011095449227097108,0.0008092274813616166,0.0007893434640252103,0.000821346090950697,0.0008040946715916571,0.0012008669391454696,0.0012414085532687473,0.0006654968597117082,0.0006662999383403254,0.0007164721096830559,0.0006963939485216369,0.0005270485646666706,0.0005291421929415281,0.0005267394167660933,0.0005265656270281139,0.0005263440884445252,0.0005283510891390258,0.0005266816491625742,0.0008362616639210817,0.0007255566415294633,0.0008733299690263138,0.0011600438190599964,0.0010544174036571964,0.001014245838893768,0.0008042183419251026,0.0008054184253476796,0.0008137058991247803,0.000802092558164333,0.0008161599867990354,0.0007992969093881665,0.0008005775921654452,0.0008208125412730191,0.0008144241668149045,0.0008068961191927781,0.0007965857127522178,0.0008022369351395771,0.0008205590213814656,0.0008993076528395461,0.0008669615487403297,0.000902492428897424,0.0010145764254071705,0.0011347197331251972,0.0009252647183385593,0.0008434511320815078,0.0011366995769020078,0.001136073341765245,0.0011368790457642422,0.0011368380228273757,0.0008316741952012909,0.0008378351628749786,0.0008389679030238468,0.0010073022009252082,0.001396854164785979,0.0008403728890397472,0.0007684972947571627,0.0008155521290718003,0.0008190400210275132,0.0007833109267211164,0.0007736500183183893,0.000806446785364975,0.0008878769077856816,0.001019099628716939,0.0005221322149209419,0.0003969577367886959,0.00037385281657677206,,0.0013010500309415494,0.0007505931087178161,0.0011017825805494262,0.0008242641278400763,0.0011973160520307295,0.0006646237067191382,0.0006639600354827724,0.0007177957228544494,0.0006963143219466793,0.0005314941139839087,0.0005290955519754232,0.0005314792001380501,0.0005318315716203999,0.0005243732320674187,0.0005247327805816282,0.0005305888819637176,0.0007280324934449681,0.0011607086607158977,0.0010103181733857308,0.0008082459532006164,0.0008065537163238598,0.0008126036572342363,0.0008060686730769395,0.0008145621602605516,0.0008016023397608729,0.0007974803404190346,0.0008173174464909763,0.0008169397296409907,0.0008098118452683921,0.0007976657150014213,0.0008022083282785673,0.0008222611566103777,0.0009018543346832348,0.0009033743168051324,0.0010059096114740855,0.001137539346306516,0.0011335419970445358,0.0011386819026131404,0.0011370038178376554,0.0011361829126161562,0.0008300649416123216,0.0008399992519264771,0.0008382392268544735,0.0008405670772953259,0.0007655479785606102,0.000814614562539371,0.0008184379103972821,0.0007846124595363613,0.0007771741365569565,0.0008059802748044466,0.0008891059800381582,0.001015345816240298
sklin2_skin_lesions,0.0007185953596464524,0.0007853933970753985,0.0007566007084113893,0.0008276839075160496,0.0,0.0008288557818519179,0.0011038461207420877,0.000807393780119054,0.0008702729153656477,0.0010139661219541716,0.0007550901335734906,0.0007491155996295686,0.0007785032859033963,0.0007373895621558232,0.0011225965684214276,0.0011401145443670868,0.0006467104015063537,0.0006684069263596479,0.0008017763168303433,0.000815009986978969,0.0007705539500940577,0.0007727306296587784,0.0007732671860843309,0.000770638116725175,0.000771087739862104,0.0007713042993711575,0.0007720349582541977,0.0005334162817819503,0.0008189689405990711,0.0007005932979761754,0.0010165044186112582,0.0007686468911481891,0.0009432817124059452,0.0008384883100361682,0.0008429898764531076,0.0008547667656110187,0.0008362686954610688,0.0008567121348286293,0.000834798631475803,0.0008332035832825234,0.0008588631307234864,0.0008587957689964976,0.0008448514618307036,0.0008255763923002168,0.0008417298439220261,0.0008620298055384903,0.000922876733878558,0.0005059187792624282,0.0009350847586670017,0.000672175800291093,0.000922313371873284,0.0010039186286676972,0.0008427950316644947,0.0009244419036017991,0.0009254827042548514,0.0009262272203107752,0.0009261330124216809,0.0007433655883872522,0.0007210838380499896,0.000723015498639578,0.0008370613913452429,0.0012397822349194839,0.0009144891570408919,0.0008300158197611885,0.0008423700111157729,0.0009293361065147087,0.0008536650569796168,0.0008655907692629095,0.0008570403603136972,0.0008134327511549297,0.0008272020759845034,0.0007164815186455802,0.0007816572243537459,0.0007619677571825036,0.0008321845541524135,0.0011067324367995425,0.0008055146268735232,0.001007588989202667,0.0007782970719440606,0.0011196685203811807,0.0006463782611690547,0.0006644031693531535,0.0008043313004588599,0.000815990926783034,0.000769245057565802,0.0007711700256293908,0.0007778490362554604,0.0007763172353795748,0.00077885195425416,0.0007693673196108356,0.0007680361750100864,0.00082800462499492,0.0010168986664994962,0.0009376918324228844,0.0008458669905702218,0.0008481897827511515,0.0008541325355042322,0.000842664598899788,0.0008510404110603836,0.0008359543114163486,0.0008274242083802764,0.0008556586730346914,0.0008626977528698076,0.0008468317680129058,0.0008266142056555085,0.0008462037953728059,0.000866068084035663,0.0009278285182114431,0.0009332813623910518,0.0006657596205638272,0.000925119435588131,0.0009221615504953095,0.0009273413622246531,0.0009257233484639251,0.000924147689328072,0.0007411783503608151,0.0007215168655980612,0.0007211411843062586,0.0009153453778573083,0.0008279400427595328,0.0008440175092972101,0.0009267455697846309,0.0008532719848383132,0.0008652881214548051,0.0008535481582430703,0.0008142928999349418,0.0008233196799955011
identify_nbi_infframes,0.0008733631222521494,0.0009418305438076843,0.0009040931950333747,0.0009635393615352513,0.0008288557818519179,0.0,0.0007918494449295762,0.0010174161358865812,0.0007398046555926943,0.0008293180703444822,0.0007266362010714245,0.0007309159586565174,0.0008227792725594301,0.0007655106627309755,0.0010157621431843623,0.0010198401377259384,0.0008650779114985773,0.0008879972663408439,0.000999751457226192,0.0010100427997478104,0.0009517101191269545,0.0009553432216366817,0.0009538067857804294,0.0009504716368530892,0.0009533223485017776,0.0009528204651182973,0.0009550593714561252,0.000751783675360105,0.0009334097476931865,0.0007630577957243108,0.000878894659895683,0.0008042837752776622,0.0009658516974596115,0.0010024931072055605,0.000990400867994122,0.0009930285852899493,0.0010029855634719814,0.0009907396112595434,0.0009977116684960498,0.0009976870972804872,0.0009938800308507913,0.001006092683041681,0.0009910205718685187,0.0009974461418959567,0.0009898521139898365,0.0009934585429810837,0.0010146154907098846,0.0007681133726845378,0.0010343185131717688,0.0007283672675690548,0.001019399771605191,0.0011619119036914228,0.0009882997286750135,0.0010202585252606507,0.0010215785443101993,0.001021856740874723,0.001023301013635342,0.0010218133059516443,0.001012866759395229,0.0010137896519788027,0.0007784383176298569,0.0012756932406169533,0.000981622759090469,0.0009766908722271157,0.000911614338646776,0.0010663728357663922,0.0009201592581436773,0.0009533500877486225,0.0009504280074053225,0.000894153061496699,0.0009710555653980056,0.0008706146009829652,0.0009256455975763358,0.000909719493222943,0.0009696316802588029,0.0007926225804732896,0.0010156020836642244,0.0008305413443854421,0.000821891988543987,0.0010111832490056576,0.0008613239871532543,0.0008827883766529738,0.0010036429370377943,0.0010092786165026109,0.0009501817653745899,0.0009505991621941294,0.0009589346702868473,0.0009572243311617144,0.0009588972964357552,0.0009506353747348404,0.0009474757381860313,0.0009437199208326214,0.0008811307382987554,0.0009642868919655441,0.0010059155614072092,0.0009962669616347172,0.0009934502438187596,0.0010153198065373297,0.0009828682887766686,0.0009950550625080312,0.0009909112228030817,0.0009906164140206565,0.0010086970699990112,0.0009906339664183237,0.0010003237221042854,0.0009954700466577677,0.0009984844256505782,0.0010222324555876766,0.001032870288834627,0.0007251004304553892,0.0010207285598629972,0.0010196000024636919,0.001023151058509741,0.0010206997143139716,0.0010212218093097443,0.0010228980504853565,0.0010149409503178097,0.0010093671906765056,0.0009819828848800145,0.0009745454152183845,0.0009136967339271108,0.0010645354326587237,0.0009190412017638383,0.0009505283207496824,0.0009460765633565449,0.000895089136448431,0.0009693464393513522
laryngeal_tissues,0.0012174128623731366,0.0012940519858597875,0.0012520430040219594,0.0012975697543231184,0.0011038461207420877,0.0007918494449295762,0.0,0.0013467712734956568,0.0009439766379107191,0.0008871165667771377,0.000985141634811728,0.0010037003490686166,0.0010442464531550109,0.0009914079008366812,0.001111867763094438,0.0010865344033804318,0.0012272597218365956,0.0012436249378642555,0.0013360373453822475,0.0013752503058145926,0.0013125579510589343,0.0013160030687315609,0.0013144732177824778,0.0013109660946391626,0.0013133589509103654,0.0013133454968141092,0.0013147569532750078,0.0010128137976684038,0.0012549760275776321,0.0010895702512988665,0.0010701994533127731,0.0010065695121058325,0.0011994330826345368,0.001350168768099578,0.0013447428804757677,0.001343631307105872,0.001352849823246712,0.00134113842235516,0.0013480221193550995,0.0013502929419317406,0.0013425595305815974,0.0013533471849707377,0.001341804932501932,0.0013487898047547765,0.0013367231193718633,0.0013401977368740522,0.001327059813926221,0.0010453087970585875,0.0013489716852202985,0.0008953059045899159,0.0011891285889529678,0.001470479355584568,0.0013086185896702658,0.0011902011197055772,0.001191367206545045,0.0011914158466722314,0.0011929112999238987,0.0013034369630251907,0.0012956175882006358,0.0012971763220562304,0.0010397308462043054,0.00136702098956651,0.00125992167883982,0.001306341218956179,0.0012250478227688478,0.0013604546311288333,0.0012354164651038801,0.0012607317172854406,0.001261523316280105,0.0011567939482933734,0.001197238694158733,0.0012152129081556523,0.0012856590170854754,0.0012570942565734867,0.0013034518574661581,,0.0013447996144606426,0.0008955613962151988,0.0010426631688034327,0.0011087132785415092,0.0012242858548650731,0.0012405299573055887,0.0013382646781712798,0.0013745797498459212,0.0013109991576685668,0.0013110382292152011,0.0013192993724896011,0.001317020659643711,0.0013182622439301564,0.0013102634746437003,0.0013082200142629768,0.0012671873614038412,0.0010727479029186211,0.001198569963511743,0.0013526877318323206,0.0013498432861148396,0.0013428962256748444,0.001363787394288129,0.0013344718856530065,0.0013465753587748094,0.0013438998648001904,0.0013406936650628793,0.001355039314773068,0.0013410919634910382,0.0013520729457699122,0.0013407544299510075,0.0013460863096871722,0.001334956569313566,0.00134624163610317,0.0008981883310474515,0.0011903259180667525,0.0011906054814412766,0.0011913279215004465,0.0011896340158976154,0.0011913426280782077,0.0013053346873962619,0.0012974950414806627,0.001292662819325823,0.0012603276402719616,0.0013041725540257512,0.0012276166315127145,0.0013592223231482007,0.0012338184564447598,0.0012566586852172513,0.0012585495403272255,0.0011588677748325359,0.0011973954234031537
nerthus_bowel_cleansing_quality,0.0006797683428646481,0.0006833112908598185,0.0006931174332477826,0.0007512532157814529,0.000807393780119054,0.0010174161358865812,0.0013467712734956568,0.0,0.0010516584119512505,0.0011251814807609747,0.000863968199811923,0.0008392686959755948,0.0008361194910420051,0.0008154762775591657,0.0012385171617372666,0.001277269567088055,0.0005523091353470852,0.0005215911400434181,0.00040313071581496473,0.0005188268952473309,0.0006223984895105008,0.0006226966680369418,0.0006225689990241646,0.0006226546744774063,0.0006223761694145373,0.0006223098825515738,0.0006230593699688558,0.0008435917467261109,0.0006557451954605196,0.0008880152959001844,0.0011858904642142885,0.0010962967752675928,0.0009896721165596877,0.0007877422489190117,0.0007794245325521356,0.0007922720967882416,0.0007798001905777222,0.0007926849362302594,0.0007785485316986777,0.0007746783536814289,0.000797681360008065,0.0007978964227942202,0.0007843791363877746,0.0007733063719009663,0.0007889678543443893,0.0008023632909445288,0.0009189465551938069,0.0008655976642463109,0.0009221800526452166,0.0010297211815722205,0.001098933022229585,0.0009635110532223078,0.0007697090915584706,0.0011004887824475154,0.0011004956611091335,0.0011016250933919827,0.0011007024500118816,0.000679169189479588,0.0006693115818300491,0.000666462130786937,0.0010215024911864865,0.0013710679642739152,0.0008740397237280579,0.0007352772325799184,0.0008104788264360634,0.0008266136768829034,0.0008189348668427117,0.0007790424969660184,0.0008029752898849874,0.0009397620715437239,0.0009674321667385061,0.0006798096372063239,0.0006980241966164009,0.0006939129873645898,0.0007503879606702206,0.0013503240670831454,,0.0011147201174403786,0.0008360746612419648,0.0012371682542872313,0.0005514593588167692,0.0005277856025215967,0.00040412102039058155,0.0005168324450929437,0.0006214715521709623,0.0006243563350109096,0.000624954103424039,0.0006247967632759984,0.0006264471206243874,0.0006224636057763258,0.0006225490281724457,0.0006567860179126522,0.0011864801692090703,0.0009855364957073133,0.00079204922152828,0.0007821908057907652,0.0007911781945192744,0.0007836074581779237,0.0007915020980029771,0.0007807321654695928,0.00077256117315422,0.0007947042527188643,0.0008015122693436556,0.0007881807942263511,0.0007721757146055576,0.0007893719673197745,0.0008039991854315819,0.0009200567581931509,0.0009228951670696531,0.0010215328561114872,0.001102614403702456,0.0010971848915410183,0.001102097799537632,0.00110218960448066,0.0010993763204346192,0.0006773752487065239,0.0006724419007489304,0.0006651275633574532,0.0008746774000344194,0.0007334436639275488,0.0008100629920326021,0.0008254677218014789,0.0008189876434475218,0.0007824176636367689,0.0008020541270701634,0.0009406334112147749,0.0009620262520425983
stanford_dogs_image_categorization,0.0009198319362312559,0.0009653512974535311,0.0009237160734858973,0.0009793864860846734,0.0008702729153656477,0.0007398046555926943,0.0009439766379107191,0.0010516584119512505,0.0,0.0009081317628670937,0.0005336479318921697,0.0005407790559313891,0.0006955457202191342,0.0006730647315992206,0.0010197939972757474,0.001022243330331005,0.0009212039188318021,0.0009471761838222018,0.0010343142014991656,0.0010462029862954095,0.0009968443932528988,0.0010005011897274308,0.00099868535034535,0.0009965693220290188,0.0009975850418693273,0.0009981854983526041,0.0009992563022666041,0.0007803851235623446,0.0009836931134978746,0.0008506257981872348,0.0009367312778419643,0.0008215386701519293,0.0009630259074085211,0.0010494224383506062,0.0010419972549417524,0.001045792853224242,0.0010500921683941622,0.001044128843996346,0.001044925972263741,0.0010442554790768182,0.0010478722918706067,0.0010557851039639918,0.0010430065122831185,0.001045305554843249,0.0010407485681368654,0.0010476540397260873,0.0010777775267519032,0.0008328723239023931,0.00109493787134211,0.0008203334973621598,0.0010435803974472727,0.0011885316243222884,0.0009896021678065105,0.0010445976168949283,0.0010458871294364632,0.0010456902074547879,0.0010476537242558527,0.0010227106867008878,0.0010074789162695687,0.001009123658211968,0.000900098029134022,0.0012630679967394467,0.0009638523224900833,0.0009949922397572341,0.0009197292500087514,0.0010577264423657505,0.0009055683077049167,0.0009376214278251627,0.000941876469821557,0.0008833097806467015,0.0009978569781917976,0.0009178764479823191,0.0009505188064349892,0.0009294541881114499,0.0009860341330563817,0.0009447759759807838,0.0010499436970852376,0.000905189047976642,0.0006985755018976196,0.0010147961960171546,0.0009195141102765386,0.000942909474652082,0.0010363932955071231,0.001046415732843567,0.0009963391837052391,0.0009977683160985798,0.001005486591180724,0.0010013997627411112,0.0010039126592288812,0.000996469181802287,0.0009926590575122776,0.0009945434154483936,0.0009382359066245992,0.000962530961077315,0.0010545583204819562,0.0010474093265162262,0.0010465193016317665,0.0010599173449393135,0.0010389608700557926,0.0010460175424476224,0.0010390414600791392,0.0010456614039057123,0.0010586900852452446,0.0010436290458918302,0.001046275653439619,0.0010424119963673355,0.001052711151343769,0.0010842237415536705,0.0010935254035732127,0.0008192877368916911,0.001044592514189419,0.0010442556677835906,0.001047520522871919,0.0010440040910368472,0.0010463272983070493,0.0010227210086093444,0.0010091851277737283,0.0010054215993111335,0.0009644932057720839,0.0009911941410726951,0.0009208232111482004,0.0010553679318810669,0.0009041617393168531,0.0009352977357443041,0.0009388932463383667,0.0008845463555366626,0.0009968839680073404
svhn,0.001069708562383218,0.0011025806508456518,0.0010700587425073911,0.0011095449227097108,0.0010139661219541716,0.0008293180703444822,0.0008871165667771377,0.0011251814807609747,0.0009081317628670937,0.0,0.0008529950702853785,0.0008587617226761749,0.0007555893090407408,0.000716246390594609,0.0008188787085462066,0.0008089896683509006,0.0010425365803376791,0.0010530601964833684,0.0011136104967955276,0.00114069763247663,0.0011076956487922674,0.0011106098085768173,0.0011091483615539666,0.0011068665836744263,0.0011083561391393962,0.0011083377078878237,0.0011102036912250769,0.0009491141851586481,0.0010681821166985746,0.000982346016832298,0.0010368215249989812,0.001002203744671451,0.0010877227692633919,0.0011231214047916806,0.0011076916129774835,0.0011079736130261268,0.001122738484280435,0.0011040736013608339,0.0011173820940896715,0.0011174262261822317,0.0011079633480394952,0.0011204503126111586,0.0011074701416792579,0.0011187776287421795,0.0011064257099217992,0.001106579627425678,0.0011484875036865414,0.000986759379135961,0.0011669365378692556,0.0009433654900755312,0.001154525970751704,0.0012657074775799704,0.0011088724816588468,0.0011557400985497,0.0011564384361500092,0.0011572281889751452,0.001156889291385472,0.0011097915314483835,0.0010996867569071946,0.0011015707325392663,0.000989271443109899,0.0013695609059159195,0.0010524850080042992,0.0010752821648447844,0.0010198026906186551,0.0011289551512468124,0.0010249897422412886,0.0010257666770983626,0.0010433238076208089,0.001049675571206667,0.0011282903695843912,0.0010686366659566123,0.0010972399050539895,0.0010739523429927288,0.0011134730569463394,0.000889360721998244,0.0011221100372763603,,0.0007512996357112774,0.000818480354858249,0.0010407555292814047,0.0010506753888430299,0.0011151471409512627,0.001141786240751597,0.0011058654783251546,0.001107095977387155,0.0011136794669531916,0.0011132731414009445,0.0011133534890594688,0.0011076139215769679,0.0011042220964179654,0.0010780101981825569,0.0010377213453272313,0.0010866973043524631,0.0011265938599826198,0.0011123203200178984,0.0011074846928919536,0.0011326201072961286,0.0010980901091560058,0.0011173285737937242,0.0011124760713340691,0.0011067863088163666,0.0011220251957416395,0.0011077873694442725,0.0011218771082636136,0.001109530554318382,0.0011106021866253688,0.0011554645600460494,0.0011648373193151383,0.0009434231569510764,0.0011567456205123538,0.001154539869095479,0.0011566285873162668,0.0011565758753955637,0.0011553772648175444,0.0011106492565669689,0.0010999898230524196,0.0010985882889544842,0.0010532855449508552,0.0010736433307393552,0.0010216858675214133,0.0011275892742442345,0.0010249400799267998,0.0010234776540331545,0.0010391089081734604,0.001051694008303944,0.001127867457727665
caltech101_object_classification,0.0007623077700509081,0.0007833888475844022,0.0007501079069014793,0.0008092274813616166,0.0007550901335734906,0.0007266362010714245,0.000985141634811728,0.000863968199811923,0.0005336479318921697,0.0008529950702853785,0.0,0.0003329625826769217,0.0005460583033940141,0.0005102430118602857,0.0009610113975641965,0.0009764935038581993,0.0007453832543880022,0.0007604978526219411,0.0008459555414355429,0.0008483346713060906,0.0008038468378221116,0.0008069625007700885,0.0008052164365047528,0.0008027442767306139,0.0008041729381402017,0.0008050502654038448,0.0008061706331615784,0.0006855627704786461,0.0007995531514659051,0.0007673208843901849,0.0009073013271240682,0.0008250307901194361,0.000869767262054025,0.0008742181862951572,0.0008686568896137576,0.0008764084639804376,0.0008755513335179242,0.0008744538906602732,0.0008693849122534725,0.0008698824461335236,0.0008801448820952575,0.0008841263771227301,0.0008703741787718182,0.0008709418912735979,0.0008699357164985219,0.0008799481622407389,0.0009344791144130736,0.000741877128790511,0.0009466491225245222,0.0007853305434103732,0.0009640629085352051,0.0010375705036075869,0.000811729500074178,0.000965749066071936,0.0009663025807883903,0.0009665794980480322,0.0009680718839570648,0.0008386637559543777,0.0008231898464578223,0.0008252866333076707,0.0008380880452604879,0.0012280575960074216,0.0007863714485401155,0.000801248614217342,0.0007484563013606435,0.0008693323512111637,0.0007190773468536246,0.0007346617383889568,0.0007537448690420325,0.0007733685575669982,0.0009013849340002512,0.0007614564309238919,0.000774599579802713,0.0007574317996261855,0.0008146579620701166,0.0009867719653526728,0.0008613965945564787,0.0008463713480216073,0.0005498828800886834,0.0009575916411647271,0.0007445042759890176,0.0007575997777666937,0.0008475844900505557,0.0008494120755715388,0.0008032096744282605,0.0008051462072322503,0.0008128425570103591,0.0008089696183041385,0.0008101878752356576,0.0008042969896462321,0.0008001614412630055,0.0008102722669748107,0.0009084215432066153,0.0008680241310288147,0.0008797768409482694,0.0008744551498860518,0.0008758235750323033,0.0008851330483794765,0.0008716288806130035,0.0008707303526039521,0.0008644273074400295,0.0008772843163539848,0.0008869508697084975,0.0008731190678325648,0.0008719149259787443,0.0008713385959226547,0.0008851584321610747,0.0009391407086504036,0.0009462824948895561,0.0007825461218383305,0.0009663502366425941,0.0009641380763415039,0.0009675841012628311,0.0009654416306768281,0.0009666207280057391,0.0008385232271563984,0.0008244913068881327,0.0008218496836313533,0.0007884091142193737,0.0007957817720143448,0.0007484754846533018,0.0008668825825421286,0.0007183310037631513,0.0007346536764224964,0.0007508540471052197,0.0007751148796738943,0.0008995368291472241
caltech256_object_classification,0.0007482523464659829,0.0007619865737088538,0.0007297390560731711,0.0007893434640252103,0.0007491155996295686,0.0007309159586565174,0.0010037003490686166,0.0008392686959755948,0.0005407790559313891,0.0008587617226761749,0.0003329625826769217,0.0,0.0005371220397364285,0.0004995457201151248,0.0009688377173531854,0.00098945441773385,0.000727211728470689,0.0007418196330184072,0.0008252721807716203,0.0008220958340514914,0.0007794992080002232,0.0007825965843221462,0.0007809450330521367,0.0007786808801498032,0.0007797198254645751,0.0007805772204426921,0.0007817100878438504,0.0006790768692504475,0.0007754228718449361,0.0007624279328681146,0.0009121850869089428,0.0008298486731887934,0.0008589999817885984,0.0008525511074516542,0.000847037697806052,0.0008565678105780317,0.0008536094021647284,0.0008554280226099832,0.0008476342031597889,0.0008478390268218248,0.0008606549614709112,0.0008637643818106181,0.0008500084660035324,0.0008494445705436358,0.0008492110568570762,0.0008614535178348852,0.0009152305443457381,0.0007380114117438439,0.0009275128824011639,0.0007902738606411239,0.0009543276079247971,0.0010202805609313358,0.0007908270674007132,0.0009563102044682601,0.0009567668028719232,0.0009568196613666366,0.0009586097196469378,0.0008192963902337347,0.0008056651467920769,0.00080833193181612,0.0008343675372361233,0.0012195352222774695,0.0007649578324820797,0.0007743412527925631,0.0007224388044424944,0.000850637967669491,0.0006915392750758648,0.0007071819746743129,0.0007283295055276642,0.0007662923837219204,0.0008872728555081828,0.0007485472642387986,0.000750799432886475,0.0007358911820209907,0.000794952503436686,0.001005496353238678,0.0008373282368036822,0.0008516536539381358,0.000540058437845783,0.0009656393197866266,0.0007267417813430403,0.0007390394876690714,0.0008272933154497809,0.0008233053396022637,0.0007790076652591599,0.0007808189988917011,0.0007877850026894839,0.0007849460652493723,0.0007861814010050856,0.000780341361701464,0.0007759215767285776,0.0007861602265919565,0.000913435287441172,0.000856982217020936,0.0008587056763036953,0.0008532309689768797,0.0008563356394315504,0.0008632818839718884,0.0008524064424924047,0.0008492070260709087,0.0008427864274522663,0.0008580272739873208,0.0008674215729437551,0.000852802801467622,0.0008498418859310883,0.0008505461362655389,0.0008665961991261478,0.0009200562421736991,0.0009264591351178047,0.0007857902255318796,0.0009565942382614225,0.0009548983115976253,0.0009581588545969963,0.0009563170270909828,0.0009577166145269343,0.000818956420650408,0.0008072121584866232,0.0008047064201777116,0.0007667006797141708,0.0007686461369338247,0.0007224060541207932,0.000848642680098951,0.000690529750667746,0.0007068738648645646,0.000724982893751751,0.0007677626263934475,0.0008857048464359391
