,lapgyn4_anatomical_structures,lapgyn4_surgical_actions,lapgyn4_instrument_count,lapgyn4_anatomical_actions,sklin2_skin_lesions,identify_nbi_infframes,laryngeal_tissues,nerthus_bowel_cleansing_quality,stanford_dogs_image_categorization,svhn,caltech101_object_classification,caltech256_object_classification,cifar10_object_classification,cifar100_object_classification,mnist_digit_classification,emnist_digit_classification,hyperkvasir_anatomical-landmarks,hyperkvasir_pathological-findings,hyperkvasir_quality-of-mucosal-views,hyperkvasir_therapeutic-interventions,cholec80_grasper_presence,cholec80_bipolar_presence,cholec80_hook_presence,cholec80_scissors_presence,cholec80_clipper_presence,cholec80_irrigator_presence,cholec80_specimenbag_presence,derm7pt_skin_lesions,idle_action_recognition,barretts_esophagus_diagnosis,brain_tumor_classification,mednode_melanoma_classification,brain_tumor_type_classification,chexpert_enlarged_cardiomediastinum,chexpert_cardiomegaly,chexpert_lung_opacity,chexpert_lung_lesion,chexpert_edema,chexpert_consolidation,chexpert_pneumonia,chexpert_atelectasis,chexpert_pneumothorax,chexpert_pleural_effusion,chexpert_pleural_other,chexpert_fracture,chexpert_support_devices,pneumonia_classification,ph2-melanocytic-lesions-classification,covid_xray_classification,isic20_melanoma_classification,deep_drid_dr_level,shenzen_chest_xray_tuberculosis,crawled_covid_ct_classification,deep_drid_quality,deep_drid_clarity,deep_drid_field,deep_drid_artifact,kvasir_capsule_anatomy,kvasir_capsule_content,kvasir_capsule_pathologies,breast_cancer_classification_v2,eye_condition_classification,mura_xr_wrist,mura_xr_shoulder,mura_xr_humerus,mura_xr_hand,mura_xr_forearm,mura_xr_finger,mura_xr_elbow,bean_plant_disease_classification,aptos19_blindness_detection,lapgyn4_anatomical_structures --shrink_train 800,lapgyn4_surgical_actions --shrink_train 800,lapgyn4_instrument_count --shrink_train 800,lapgyn4_anatomical_actions --shrink_train 800,laryngeal_tissues --shrink_train 800,nerthus_bowel_cleansing_quality --shrink_train 800,svhn --shrink_train 800,cifar10_object_classification --shrink_train 800,mnist_digit_classification --shrink_train 800,hyperkvasir_anatomical-landmarks --shrink_train 800,hyperkvasir_pathological-findings --shrink_train 800,hyperkvasir_quality-of-mucosal-views --shrink_train 800,hyperkvasir_therapeutic-interventions --shrink_train 800,cholec80_grasper_presence --shrink_train 800,cholec80_bipolar_presence --shrink_train 800,cholec80_hook_presence --shrink_train 800,cholec80_scissors_presence --shrink_train 800,cholec80_clipper_presence --shrink_train 800,cholec80_irrigator_presence --shrink_train 800,cholec80_specimenbag_presence --shrink_train 800,idle_action_recognition --shrink_train 800,brain_tumor_classification --shrink_train 800,brain_tumor_type_classification --shrink_train 800,chexpert_enlarged_cardiomediastinum --shrink_train 800,chexpert_cardiomegaly --shrink_train 800,chexpert_lung_opacity --shrink_train 800,chexpert_lung_lesion --shrink_train 800,chexpert_edema --shrink_train 800,chexpert_consolidation --shrink_train 800,chexpert_pneumonia --shrink_train 800,chexpert_atelectasis --shrink_train 800,chexpert_pneumothorax --shrink_train 800,chexpert_pleural_effusion --shrink_train 800,chexpert_pleural_other --shrink_train 800,chexpert_fracture --shrink_train 800,chexpert_support_devices --shrink_train 800,pneumonia_classification --shrink_train 800,covid_xray_classification --shrink_train 800,isic20_melanoma_classification --shrink_train 800,deep_drid_dr_level --shrink_train 800,deep_drid_quality --shrink_train 800,deep_drid_clarity --shrink_train 800,deep_drid_field --shrink_train 800,deep_drid_artifact --shrink_train 800,kvasir_capsule_anatomy --shrink_train 800,kvasir_capsule_content --shrink_train 800,kvasir_capsule_pathologies --shrink_train 800,mura_xr_wrist --shrink_train 800,mura_xr_shoulder --shrink_train 800,mura_xr_humerus --shrink_train 800,mura_xr_hand --shrink_train 800,mura_xr_forearm --shrink_train 800,mura_xr_finger --shrink_train 800,mura_xr_elbow --shrink_train 800,bean_plant_disease_classification --shrink_train 800,aptos19_blindness_detection --shrink_train 800
lapgyn4_anatomical_structures,0.0,0.05761490594455945,0.05884773782216224,0.07996614924713719,0.13024824360871207,0.15158769951925494,0.2223811414316848,0.1171701567360377,0.15260630429410213,0.20067947737144612,0.12463260931489961,0.12209912704575106,0.14030388207731348,0.1341057777851247,0.22124744972203175,0.22276732665944363,0.0874276272102232,0.085392554760325,0.10863428085110993,0.10350099589073472,0.07805676821784593,0.07859746394833686,0.07846478660160411,0.07808682070428706,0.07796687699925,0.07822228059359197,0.0781433904217754,0.13335999865174958,0.12436426232534882,0.13695174391764842,0.18799088994346044,0.16674606683380355,0.1771245145292646,0.13060287560563455,0.13167357989737513,0.1349589225805503,0.1301653288814744,0.13564462110522518,0.1297169970617343,0.129697641341538,0.13626826501252565,0.13454794468127546,0.1326802447613503,0.12907230257361227,0.13086278298207532,0.1374236745570718,0.1478341815724627,0.143203694860573,0.14874069136048435,0.16506402150548596,0.1916350509036634,0.16277803926740053,0.1424886370080467,0.19185244915040378,0.19197537427706923,0.19215385389976852,0.19209217700695966,0.1430701498840834,0.1401510100438333,0.13996520326567505,0.17212016723423934,0.2318314441311265,0.15484887861612268,0.1279933219419475,0.14227209182556927,0.14942332053346308,0.1417371026779733,0.13839653623046294,0.1465703074030829,0.1489720866477624,0.17049647275067306,,0.0619708314035101,0.0588520852710277,0.08071951984349364,0.22303232679059187,0.11735128494313454,0.1995211501922346,0.14120313778601706,0.22061722003177958,0.08705047195185488,0.08499142363534393,0.10923896620180318,0.1032771054726467,0.07852716195177567,0.07842347548975459,0.07926660825271706,0.07969546851031689,0.0793672557589311,0.07724806940564524,0.07887642963748404,0.12555640591131595,0.18808572886829092,0.1763734687787099,0.13180113282439987,0.13247454690626836,0.13475128030906297,0.13108512908266318,0.1348882654195785,0.13005844136824396,0.12889585336000814,0.13502380221080185,0.1356419575999912,0.13320171054915597,0.12908938119964666,0.13101222512487432,0.1378354877309617,0.14835047780200306,0.14869674113133774,0.16367354051116845,0.19198563394484877,0.19163993031453752,0.19253488733331156,0.19200955911461104,0.19192741510674236,0.14251257629221048,0.140805272364902,0.1396158956331815,0.15497163541621634,0.12775953289543468,0.1422469788687683,0.14878042102107378,0.14163434759566096,0.13889374092661946,0.1462149527913706,0.1491644870763922,0.16986616746368544
lapgyn4_surgical_actions,0.05761490594455945,0.0,0.03255661657504122,0.04296344042311691,0.14813091207775417,0.17294615774720157,0.2455039974034035,0.11835630424798563,0.16868798797273632,0.21202831702687752,0.1324131505458118,0.12722901727802155,0.14228120010027906,0.1387421903857362,0.22940261378356966,0.23483345758853275,0.0960612399499345,0.09626686709144872,0.10911533530121878,0.0990885821489064,0.06272260196718746,0.06326721299091803,0.06267457879698154,0.0626902790329839,0.06237470393589967,0.06297763258855296,0.06244362414523479,0.15069523835131976,0.11588268724937903,0.15102979677493306,0.2069079690970988,0.19454547593486543,0.1882467430201893,0.12921623213163352,0.12959334741542766,0.13265448030317278,0.1282905505066724,0.1334217698885364,0.1280019628633252,0.12782543131031668,0.13449306227449404,0.13230796877149464,0.1306055917408895,0.12723328458543132,0.12955881577945993,0.1351867307417513,0.15250702673557393,0.15927793703436177,0.1523354965936905,0.19089917089281222,0.20981323539568658,0.1587217820433155,0.14250934604617332,0.21007537255280662,0.2100175799241945,0.21023954345566986,0.21019540622857386,0.142905984996208,0.1424922496132494,0.14264777453953403,0.18641722462757754,0.2502055774715146,0.1477767428791133,0.12279718642263823,0.14241597972557657,0.14188924107149853,0.1359491457095433,0.13279862960283956,0.1403242515259424,0.15852781472076022,0.18519009946216455,0.058746476520718155,,0.03160655623386385,0.042722184265650616,0.24622239909388408,0.11861048820265152,0.21033077546694096,0.14317934174742797,0.2288272800774311,0.09597109557137604,0.09590470763293818,0.10944675895011194,0.09914221275670276,0.06353486676896879,0.06317959855913106,0.06315957954468768,0.06394006484251938,0.0619652807041423,0.062323301967458666,0.06415690533656174,0.11616613674011612,0.20683341527178162,0.18761756324446957,0.1299830402018568,0.12995351788756893,0.13231908790095478,0.128901710279053,0.13311833535856868,0.1284372924874757,0.1273686960397108,0.13335867706115614,0.13294352465748693,0.131535754857245,0.1272766282236039,0.12920208556108695,0.13525130618743747,0.15257635961158855,0.15262506686215133,0.18917918293335148,0.21007358941803633,0.2096330726574121,0.21070600468193973,0.2102368584446535,0.2100747107419977,0.1424484405896569,0.14300796564496976,0.14242977294531606,0.14789369730893231,0.1221205155898114,0.14189373278717327,0.14151485525954302,0.13618027820551726,0.133835667557858,0.14031002968705375,0.15871028378548813,0.18432747262994625
lapgyn4_instrument_count,0.05884773782216224,0.03255661657504122,0.0,0.03626387293538588,0.1420689211498497,0.1632698232926969,0.235430881907311,0.12097579308139494,0.15862614157362126,0.20406189321534454,0.12468331284186324,0.11964834490487751,0.13766571423858212,0.13328808879065546,0.22286173389904673,0.22663324275778468,0.09425056996770131,0.09464270235280234,0.11271647664700321,0.10749624211770245,0.058111717787510585,0.058975854948735196,0.0582469129393228,0.05811985631066946,0.05804918030739291,0.05846266189009601,0.05797812022299875,0.14376769694682195,0.12277107886824773,0.1506595875648081,0.19874750496327478,0.1826815474824387,0.18218171238957925,0.1335651964888735,0.13448931729515973,0.13751657673236223,0.13284236501589924,0.13823999319254382,0.1324464922356614,0.1323544934140407,0.13930074876031065,0.13710861836275498,0.13515379489770676,0.13150925643848083,0.13395284574145308,0.1398886609105462,0.15313332121850118,0.1535175258639422,0.15359720172003757,0.1822606935645005,0.20088840047917716,0.16277869401059641,0.14435549483336432,0.20107485941298847,0.20096722022831215,0.20122000431188705,0.20115384570638056,0.14094912445367486,0.14237201975397817,0.1426119886099457,0.1826440883041459,0.24146716401775273,0.14499111081239519,0.12418198928272077,0.13691003749047442,0.14349926435097027,0.13198511009026734,0.13081113377433107,0.136225671421355,0.15612058760025022,0.1787490799481283,0.059890170164624404,0.03278749442214037,,0.03765022267967314,0.23604238423506868,0.1211537886931554,0.2024652864333223,0.1384606210743195,0.22215519991434712,0.09412607040968116,0.09395543439199851,0.11335390855321492,0.10755698733196836,0.05905514858724692,0.058670880705216005,0.0594761404329669,0.059324791944103825,0.057853615517112975,0.057208853406416606,0.05906567922764758,0.12345632960342785,0.1986783696282474,0.18141816930857524,0.13455813009518355,0.13484466662426065,0.1371133763733462,0.13375764745040558,0.1378714291814192,0.13282544892455875,0.13170596834752024,0.13807667589484487,0.13791095904939915,0.1360617975882495,0.13155001849934866,0.13378758954541117,0.14008759811234467,0.1535176748236377,0.15380911865127395,0.18073600221779906,0.20113506065414022,0.20064694124544244,0.2016631644937921,0.20122688466111882,0.20106200547136707,0.1407200674598998,0.14275330681387927,0.14232276909575947,0.14519641437556083,0.12356929426061614,0.13643223273500715,0.14291170324228467,0.13211209108736577,0.13154859013802112,0.13618097327386636,0.1562996803721619,0.17791814894709396
lapgyn4_anatomical_actions,0.07996614924713719,0.04296344042311691,0.03626387293538588,0.0,0.15834222858655453,0.17520992050263248,0.24463395925016285,0.13576864151183382,0.16912143241580946,0.2122762570941339,0.13831894030770184,0.13361724043212553,0.15123619857014248,0.1478532862874692,0.22934906922558024,0.2343441901738071,0.11480861512165846,0.11597552486238469,0.12733045865294332,0.12244633749317631,0.08065138205111924,0.08126041504970612,0.08046551254624465,0.08050181959629996,0.08043230893118478,0.08093839621955096,0.08039337474680677,0.1593540698587161,0.13001680148289946,0.16427008019067801,0.21270318255262458,0.19775157042798855,0.19302998569244773,0.14447570959748593,0.14496055160895,0.14708200354006934,0.1442113068336041,0.14763721553777748,0.14344790142995867,0.14386629041876936,0.14889425292000838,0.14667701210065853,0.14524876804444603,0.14311620028822414,0.14432823610798776,0.14878317400072186,0.1638936128837442,0.16598742673024341,0.16435410483196078,0.1966192662734091,0.21539064501315208,0.16806907519192554,0.15694559420554094,0.21571904671117517,0.21555516228645982,0.21568243344976917,0.21576286205366446,0.15498909087680332,0.1565546324874899,0.1570018617175892,0.1939338569190975,0.2533931664933584,0.15363618991130096,0.13721374189658683,0.14957227315271626,0.1490898868177173,0.1414173345245237,0.13997787340937567,0.14662432006303727,0.1658656828181006,0.19319884859611014,0.08072574284639626,0.04277143068140596,0.03611856589299283,,0.245284052147611,0.13591673386255082,0.21099614934829097,0.15200642713916634,0.2286251969621927,0.11478940733536144,0.11565744218400337,0.12777105860218424,0.12253599461809438,0.08144921146347972,0.08112728406488631,0.0813347014067967,0.08178966329163073,0.07962258150306747,0.08009543545954875,0.08151363295810016,0.1303088491891517,0.21249528848665217,0.1925233548448201,0.14511468837571628,0.1452083633119586,0.14670010969033526,0.14480918196296477,0.14740373537908852,0.14397791394047932,0.1432211638294836,0.1476952607010989,0.14723690332018932,0.14597302949103919,0.14344187935964484,0.14401631164288126,0.14898351830739015,0.16420403124062918,0.16447957656475612,0.1954019045551456,0.21557375110843205,0.21519986246319753,0.2162654042074797,0.21561901827347113,0.2156832094686944,0.15465910127917798,0.15697586213763398,0.15668741972958972,0.15385431558792634,0.13654350832787931,0.14903555693795018,0.14872308202335316,0.14156216807798483,0.1408522344227257,0.14661506057450768,0.16610744953755552,0.19260301491569592
sklin2_skin_lesions,0.13024824360871207,0.14813091207775417,0.1420689211498497,0.15834222858655453,0.0,0.1339077596169468,0.18096285408707186,0.1492819512476022,0.13663324621993247,0.17835396975693946,0.1251851009824992,0.12542391971200556,0.14104463202393575,0.13150209360139103,0.20027368688603236,0.19933829259786337,0.11319328055375034,0.11760965969189073,0.14971709692261184,0.15313189132240057,0.1446543108098482,0.1453180401616985,0.14537810678356064,0.1447347452772259,0.14488455265187958,0.14491233921672453,0.14502634668058154,0.07827625902118493,0.15460917319728223,0.12238213874682873,0.1648245991944608,0.11265060975726739,0.1704414247235776,0.15628412242879453,0.15793944585999506,0.1606692777601724,0.15581575193908323,0.16103988051603463,0.15571575121133652,0.1554409347146239,0.16164671048434345,0.16129017072941887,0.15841063898909966,0.1533404323849435,0.15759967503932623,0.1622529073744354,0.1714557926573151,0.0742889574231346,0.173993362319789,0.10238935974005903,0.15257164190789832,0.18774966028217388,0.15727727342271647,0.1529121769847847,0.1531232298678333,0.15329346724246115,0.15337334966894428,0.1295890203519833,0.12368013244997722,0.12409808185101653,0.14778537564367594,0.19706575941452664,0.1730509969690746,0.1565543075189331,0.1591928155827583,0.17682988724640306,0.161664438887073,0.16470841161282984,0.16305692800967786,0.14372039120727506,0.14077903027023286,0.12944014695671324,0.1480002490541628,0.14323355547929734,0.15925192788376266,0.1815966862114312,0.14873870280178073,0.17727987825652214,0.1406962815917031,0.19992155016358254,0.11330675174490284,0.1167978759753637,0.1501701854734778,0.15337505927590617,0.14426300290516997,0.14485339304851497,0.1462136073923801,0.14588813532703476,0.1464287853928528,0.1441290692923728,0.14399119026982704,0.1566388230148701,0.16476116064724902,0.1696009820881984,0.15789238612285506,0.15890480907639978,0.16055089609360515,0.15707932550443457,0.1598817160360409,0.15592627295430153,0.1541176723013623,0.16080960770515457,0.16203270389034719,0.15880059969907737,0.1534077503519272,0.1584236213508418,0.16308372190089734,0.17245257668213845,0.17360473927065906,0.10164827236066676,0.15283176924480177,0.1526268893512028,0.15360163092203205,0.15297313707020022,0.15305565749494923,0.12892423217345428,0.12362467250797901,0.12407125780814394,0.17327568647821967,0.15620360519460752,0.15940084104557062,0.17610610529156667,0.16138048161044033,0.1645698310014232,0.1619905191162528,0.14385495704592827,0.14017234881979432
identify_nbi_infframes,0.15158769951925494,0.17294615774720157,0.1632698232926969,0.17520992050263248,0.1339077596169468,0.0,0.12169033679773518,0.18445899314636224,0.11839953835050082,0.13309355022592786,0.12157247234473381,0.12358136703854584,0.14370583855747604,0.12973689565832647,0.16855894884842865,0.16587985258210383,0.1478326048318652,0.15331714848775202,0.18002613958081326,0.18759525546369654,0.17511751921521423,0.1759829637345083,0.17573602418459006,0.17491426416524725,0.17559660813120503,0.17542110695380586,0.1758522482649449,0.11903750384270745,0.164726895047487,0.12002702741349813,0.13392404345887937,0.12535927091745144,0.16427343338660563,0.177506131342148,0.17559467351336494,0.17518924204027703,0.17818707833720449,0.17408528751094504,0.17707776508793818,0.17762269848345558,0.17454947148565886,0.1776708826997969,0.17505082840497632,0.17742264548180375,0.17375571941232357,0.17391071773210798,0.16892829598928344,0.11927264876256358,0.1736479547678524,0.11156052465561622,0.1667822783850381,0.20499184224857558,0.17525007423183633,0.1670285689656203,0.16724065609504626,0.1672615625116217,0.1675228049032757,0.1736109326983827,0.1735920651896679,0.1738769457510453,0.1166374145311151,0.19971286244889455,0.17505062362397303,0.1744183791649308,0.1590910242226843,0.1931323346327294,0.16356332201309143,0.17094930822665816,0.16842088312399586,0.14764471170494808,0.16331040090653803,0.15057526921581998,0.16954999299089707,0.16453423561768693,0.17667326171536363,0.12199564511128663,0.18381784885518423,0.13346988330328483,0.1432931499258085,0.16757501621931775,0.14703197805934584,0.15217577151981948,0.18087178973254092,0.18752899357577224,0.1748747961864356,0.17465633145190207,0.17679408801660057,0.17624264310093646,0.17677338095028527,0.1746044535572378,0.17376666449994083,0.1670819607300657,0.13434166413784115,0.1638724837797713,0.1781097925603249,0.17660825195188606,0.17498045850259433,0.18076139510789152,0.17190787638032157,0.17637052573126283,0.17593899933740048,0.1741308052813455,0.17788155780718728,0.1746699597701472,0.17842077430232703,0.17507379615357696,0.17521913400531214,0.1704464438961042,0.1731622084242332,0.11058073874110838,0.16697253631070302,0.16708112970329608,0.16733064349465718,0.1669436557600801,0.16725033107885728,0.17418682454177295,0.17412293127776018,0.17296692943666947,0.1750297060765674,0.1742335499502546,0.15951999804371678,0.19240397652376656,0.16342699184176823,0.17004922422237095,0.16736835678798062,0.1479809040035185,0.16331877144468007
laryngeal_tissues,0.2223811414316848,0.2455039974034035,0.235430881907311,0.24463395925016285,0.18096285408707186,0.12169033679773518,0.0,0.2529353242992314,0.15321685256976325,0.1274285891655143,0.16908421380244615,0.17582203801954926,0.18093237361034553,0.1692407537335271,0.16656587134212422,0.15928657920630254,0.22285642378508908,0.22667129403722963,0.25017919273145967,0.2637065738479716,0.25157454679012614,0.25234613060912314,0.2520868802226519,0.25136092987930136,0.2518120680337391,0.2518350693146842,0.25214961272518904,0.1650222122711542,0.23368172448685584,0.1850226162044385,0.16418184402469538,0.1507398915420911,0.20370683809315637,0.24677899578522122,0.24602021411813638,0.24462685640790777,0.247736942226119,0.24367439789683526,0.24688724385278493,0.24765158781928165,0.2437575811412326,0.24644346959783966,0.24456190458029495,0.24718884382838666,0.24285092253055207,0.24268399596687953,0.2315253240779946,0.1666285076167195,0.23697195637771007,0.13210626996487496,0.19049149562419654,0.26517985210929945,0.2419455049106853,0.1907889476292257,0.19094301563586952,0.1906713374327662,0.19121325910279477,0.23165086930620166,0.23079544099663238,0.23127802437497413,0.16123595993526024,0.20653521540356523,0.22894503801127591,0.23988809874093853,0.21929260468713216,0.250621381906066,0.22602175960451237,0.23308673369654037,0.2301869552906442,0.19753885876619304,0.20356348398339547,0.22141868318242058,0.2442964397688847,0.2365590655011378,0.24620772252813866,,0.2522634280828545,0.12929176084578398,0.18017670792380416,0.16590604723997215,0.22197379706677695,0.22607352801014735,0.2507394525806506,0.26360746531813206,0.2511796106299788,0.25116347995337973,0.25305060747409347,0.2527383665442535,0.25288894744160684,0.25091647236729486,0.25042615736982077,0.23651634629343588,0.1647185448630255,0.20359415366200184,0.24707382656112337,0.24711181650209352,0.2443669493625435,0.24994155171279522,0.2418562370794081,0.24625121568204658,0.24613882247848973,0.24373608239602856,0.24653091480415315,0.24399602991799368,0.24841061816155136,0.24403246582622362,0.2442605162081826,0.23325054093590455,0.23619455209331114,0.13281598320636256,0.1905802916147859,0.19105522657365717,0.1906345432725912,0.19036637023485503,0.19104938070575087,0.2322648521619381,0.23102685145321605,0.2305827918912913,0.22893464798439495,0.23968628355723326,0.21977842617913373,0.25023735445946355,0.22593209828715483,0.23214583385293155,0.22935580197965122,0.19820353075377511,0.20413318905935812
nerthus_bowel_cleansing_quality,0.1171701567360377,0.11835630424798563,0.12097579308139494,0.13576864151183382,0.1492819512476022,0.18445899314636224,0.2529353242992314,0.0,0.18295028192180363,0.21196463253348385,0.1463014463330965,0.1407537614061668,0.1494166214986512,0.14479421786194588,0.23406435035966427,0.23896954676025364,0.08564686680413354,0.0777108293288894,0.044676343989599236,0.07503312328256773,0.10402799757729592,0.10414651164155925,0.10405871586446698,0.10414901505082982,0.10406152743693498,0.10412004612735778,0.10435020632220957,0.15781100695797506,0.1120192321897731,0.16409780198679072,0.21426228451179397,0.20194537059466933,0.1851085926084141,0.13952081398236998,0.1382614916204894,0.14152092369050395,0.13778626171074,0.14176783088735448,0.13760938561001299,0.13663427063719044,0.14296537915024554,0.14238698587624743,0.13947669853794709,0.13619052594585485,0.14070560783800012,0.14414876368298712,0.16835387307839225,0.163061745905568,0.16861194519433254,0.19548025895982524,0.203336120105214,0.17805734825285896,0.1373854782947116,0.20357593646358313,0.203666797769784,0.20391582294411015,0.20366520460167814,0.11862969968543463,0.1156403971515621,0.11473618930217447,0.19352021574489597,0.2423615819715687,0.16104542613329048,0.12880922958512164,0.14694488147007295,0.15034264796752828,0.14917644302076655,0.140344562664585,0.14547076573193568,0.17624998277717313,0.17744015458200244,0.11724732102508129,0.12132350603462788,0.12132716206941943,0.1354120363265912,0.25368470298696655,,0.21003098569904943,0.14949936142235742,0.23391662495805696,0.08529514041929168,0.0792749875738861,0.04494824984235263,0.07463814128616227,0.10354170477619057,0.10471754531806464,0.10451269390678017,0.10460995057991011,0.1049046768435131,0.10406665971292822,0.1040347237749841,0.11203100351126427,0.21439132978074443,0.18455210636391792,0.14067784135200012,0.13874663430765302,0.14142953553424126,0.13855741762686846,0.1415551698211472,0.13807435032859702,0.1362882386290197,0.14210549934955563,0.14336626826387286,0.14025076823807942,0.13577113458213352,0.14047841013706963,0.14439297323311429,0.16827227444350773,0.16890050442989446,0.19434313762712657,0.20375022974426465,0.20327999861628382,0.20421010550462776,0.20396122247399348,0.20332844317328397,0.11801155465344332,0.11612169893965059,0.11419007205494103,0.16147118291610707,0.1283095929712727,0.14670152753128204,0.14997611596403604,0.1489428024564497,0.1414099577148482,0.14525121165421392,0.1764217343537047,0.17650344744816443
stanford_dogs_image_categorization,0.15260630429410213,0.16868798797273632,0.15862614157362126,0.16912143241580946,0.13663324621993247,0.11839953835050082,0.15321685256976325,0.18295028192180363,0.0,0.14697240805841577,0.07382443684544501,0.07700895180277428,0.10494407253617799,0.1000555279698744,0.16660111324281085,0.1651216283109142,0.15287334292918436,0.1580964436243958,0.17799719669142205,0.18489995684908206,0.1768881518739372,0.17763442173804767,0.1773950335082694,0.1767896674733427,0.17711980139192526,0.1772427694058319,0.17742109941501372,0.12138396094643117,0.1697491720573588,0.13725600621718614,0.15407504292843593,0.1323597105354307,0.16031492674534942,0.17738938743453256,0.17582369670718073,0.1755752619778484,0.17801874592693617,0.17487867731916176,0.176746986685623,0.17708156886831944,0.1753750579623856,0.17760489133011445,0.1753308104318449,0.17736900644510162,0.17447883537282982,0.17519516780578004,0.17964611477280545,0.12963398501469603,0.18372981456604792,0.1330024587140924,0.1704473608846203,0.20171352934817152,0.16645591723708658,0.17074683883872427,0.17086660553764596,0.17069791821767322,0.1710775056766925,0.167713740351345,0.1643158497201698,0.1649173837779332,0.14169882148299204,0.19875756608756878,0.16383676982671314,0.16856124544009649,0.15165298826632942,0.18239081946677982,0.14965886667161715,0.15819293811224833,0.15765911931415572,0.14359863300296044,0.16759978132539877,0.15181059801551558,0.16527395448035623,0.1597091793235097,0.17050708877569268,0.153615038056358,0.18237021417862284,0.14640763458629147,0.10569320106980815,0.1658401205996278,0.15238464222674497,0.15731985851523045,0.17847944967552232,0.1850566994166931,0.1767942173397233,0.17706428803775126,0.17871627465037543,0.1779756078816726,0.17844858530392826,0.17658471667143238,0.17574352546081132,0.17206966752691344,0.15423866176971962,0.16034417975503304,0.1780767724713893,0.17696726438134167,0.1756447076306739,0.1799130110995189,0.1734330355615168,0.17691135969585198,0.1758758277796833,0.1751519995529054,0.17789660297881946,0.17528510359923166,0.1777346471030823,0.175098743613961,0.1764533543608618,0.18098264456986357,0.18336482989849334,0.13222195826339145,0.17070971720189315,0.1707169431408223,0.17106087849814233,0.1703957733523161,0.1709249219736071,0.16770981613870156,0.16456238067718887,0.16414838760635908,0.1638194675518859,0.16774630551870418,0.15189194962717445,0.18170218888908854,0.14932870866312692,0.15756769253202824,0.15685339768153003,0.1439013963440319,0.16779044010418112
svhn,0.20067947737144612,0.21202831702687752,0.20406189321534454,0.2122762570941339,0.17835396975693946,0.13309355022592786,0.1274285891655143,0.21196463253348385,0.14697240805841577,0.0,0.14248888352327796,0.14544168034362784,0.12368284114166818,0.11329152266896236,0.12556025122833608,0.12254739947556412,0.19286545905462335,0.19565795129999114,0.2085676822466228,0.2183246085048402,0.21296396456871108,0.2135728229712991,0.21337223222560864,0.21287255823966947,0.2131796430769289,0.21325386446217487,0.21359820208977504,0.16638787573716957,0.1982420054877267,0.17040800324765948,0.16491255028236979,0.17019767842594927,0.19018823118549483,0.2065452865906472,0.20290608828042947,0.20178481930707112,0.20673985722453714,0.20046432637494732,0.20556320440524312,0.20580838310502597,0.2012964259681401,0.20470416475626974,0.20210732833966114,0.20620983615625424,0.20160596666302988,0.20051823493145537,0.20362057907381,0.1704051777162569,0.20772116976655558,0.15685455633570286,0.1987329788829156,0.23201368022432212,0.2035388424014954,0.1988064548013433,0.19908375109411508,0.19912145887225102,0.1991765668575063,0.2007343293359608,0.19885984333239226,0.199509943868239,0.16335081088205228,0.2205598940850902,0.18581383973308097,0.19742119111723627,0.1809524928258809,0.20594517526882977,0.18318765505200016,0.18406649318954277,0.1862610732213511,0.18455441359005695,0.20118020887274501,0.20029529303843807,0.2109376221028658,0.2048463330558573,0.2133427055527872,0.12780404578453142,0.21119927955085388,,0.12288371222326985,0.12530931312690774,0.1923108453167334,0.19503719933028912,0.20908322687250638,0.21851143624436084,0.2126365920505977,0.21287478327873374,0.21422712855703177,0.21420524357473514,0.21421381375338386,0.21286891410944841,0.21205742726631271,0.20040071288012018,0.16486383387631107,0.19014375956231233,0.20707704020817566,0.20402699306588837,0.20145932277262582,0.2090293765552237,0.19890996824954796,0.20522522871028198,0.204508205920012,0.2013323262578323,0.20489325006771447,0.2020558532396547,0.2074142724083849,0.20265155669011709,0.20165461527659345,0.20506453851026846,0.2072363481208895,0.15693560194134365,0.19897023670596475,0.19884853327070745,0.19888612752011292,0.1987272656022451,0.1988881977859851,0.2009403116829283,0.19892414710634018,0.1987274580751029,0.18578994298608134,0.19729845336063134,0.18141853241029265,0.2055881212081568,0.18309940251539308,0.1832555904468252,0.1854467561176392,0.1848863483485055,0.2013393647844846
caltech101_object_classification,0.12463260931489961,0.1324131505458118,0.12468331284186324,0.13831894030770184,0.1251851009824992,0.12157247234473381,0.16908421380244615,0.1463014463330965,0.07382443684544501,0.14248888352327796,0.0,0.02377488756553996,0.07764928217005262,0.06861278785642785,0.16298863861949814,0.16508486038082937,0.119606524448644,0.12390777889629892,0.14158312307786713,0.14678416987821252,0.13740608064422472,0.13820179274049915,0.13780300310237364,0.13727378948778407,0.13763104572053764,0.13775258910936689,0.13793550039045854,0.11310737939179899,0.13435195792176402,0.13074200834977626,0.15302135244212978,0.14423185397060326,0.147887817013059,0.14770781004874528,0.14673427109923803,0.14780591722956088,0.1480644436045385,0.14739386799501245,0.14675860027639814,0.1471495723362922,0.1483209857023718,0.14916807249689862,0.1465631505035836,0.14726431484536223,0.14612437284531193,0.14819552596818264,0.15661402647029016,0.12525655831520155,0.1598252855102056,0.137358690567996,0.165027660766358,0.17900350683914368,0.1335692345142728,0.16540965086778173,0.16539776977717788,0.16546803950954553,0.16566676364434407,0.13605386281775927,0.13211045669094804,0.13278108334303004,0.1442709806734282,0.20085956006263098,0.13145786822700375,0.13293250993949707,0.12118707935174226,0.14746180813289814,0.11548272164412979,0.11987359409125077,0.12299307280886758,0.1277576269587366,0.15508780171002162,0.12421645436834458,0.13063549068980698,0.12592624671764666,0.13931267460335556,0.16954834753854295,0.14578624543713908,0.14117515370087638,0.0783765096218674,0.16242964185947634,0.11944039272723325,0.12330128265072393,0.14187133488752085,0.14698161240583044,0.13721272441315496,0.13763237199140282,0.1394389246622938,0.13860618904541816,0.13870294251579413,0.13745608241915033,0.1365174886902686,0.1364026463214323,0.15306221004258874,0.1477745831472483,0.14877077065487257,0.1479089866212599,0.1475478885507499,0.14999413519559068,0.14638295123134473,0.1468966065310845,0.14601274233315698,0.14779239065422023,0.14975355017254016,0.14695448599971264,0.1478298645695055,0.14656289587628307,0.14943532984934965,0.15756569587512154,0.1597605204904535,0.136453737906715,0.16540518861229955,0.1651475275460283,0.1657365909355737,0.16516034447839822,0.16556046368518545,0.13591529939611405,0.13247115564390638,0.13233799291827933,0.1316297791006617,0.13175069504659265,0.12112670944225976,0.14663858856440373,0.11540322327567064,0.11994613917451455,0.12195787636773536,0.12816757059551087,0.15512165502122233
caltech256_object_classification,0.12209912704575106,0.12722901727802155,0.11964834490487751,0.13361724043212553,0.12542391971200556,0.12358136703854584,0.17582203801954926,0.1407537614061668,0.07700895180277428,0.14544168034362784,0.02377488756553996,0.0,0.07579544929892482,0.06716439853522047,0.1674105431907415,0.16991250951910472,0.1149900230807785,0.11968886275672685,0.1368387609854876,0.1397746217569484,0.1305867439950551,0.131386443907899,0.13093648197981744,0.1304679313225473,0.13075580761758654,0.13095149197084122,0.1310833633961167,0.1130645952200031,0.12814324082427697,0.13069167090250416,0.15512173405747626,0.14681649154704546,0.14676813000762418,0.14284354118045395,0.1417543024270243,0.14327870243411533,0.14323047574476572,0.14293170604711763,0.14180550659249214,0.1422543267490345,0.14415141085906757,0.1446246136688445,0.141887351135711,0.14236918236337062,0.14167159830086606,0.14406409103752887,0.15314311310213366,0.12657091050645775,0.1558904063821525,0.14009171529671532,0.16403425262696913,0.17507986214439045,0.12842870466390982,0.16443513016920303,0.16434561690747396,0.16438786900400765,0.1646793974550599,0.13192978529853178,0.12860443792989473,0.12930751935014573,0.14569534008674406,0.2006585480288581,0.12656794856488013,0.12582146129249253,0.11533483696253267,0.1425749858034765,0.10835713599735516,0.11320677494172882,0.11666237600994803,0.12728357503849486,0.15257737429334028,0.1217676838119498,0.1251103842646366,0.12082128726603045,0.1344833989645475,0.17621893546269818,0.14022047636763685,0.14389573226562885,0.07656649210834862,0.16681600207263397,0.11485570395415742,0.11916478787576903,0.13711109830191107,0.14002875369487483,0.13038685523095164,0.1308620694496391,0.13250680779901758,0.13184388943055556,0.13198008836762654,0.1307014956380743,0.1296326214573696,0.13005509623413639,0.15522172532602352,0.14657384643211832,0.1440775045513898,0.14298946705554474,0.14302954809970259,0.1451599941111393,0.1421090863737371,0.1419913993454029,0.1410391278789062,0.14340519072494828,0.14517184826648538,0.1425029793925707,0.1427770664080659,0.1420275492705918,0.14518468671402562,0.15394400144805748,0.15587933900981132,0.13916665409901144,0.1644352372000074,0.16424633964586272,0.16465908210688568,0.16413839171585054,0.16460111120446683,0.13165521663903434,0.12894129516418718,0.12885032233026728,0.12678532665930464,0.12460267595096033,0.11509662853248667,0.14182243578010117,0.1082463822332084,0.11338557926059481,0.1156789799537424,0.1277386201445482,0.1525010377263019
cifar10_object_classification,0.14030388207731348,0.14228120010027906,0.13766571423858212,0.15123619857014248,0.14104463202393575,0.14370583855747604,0.18093237361034553,0.1494166214986512,0.10494407253617799,0.12368284114166818,0.07764928217005262,0.07579544929892482,0.0,0.02947309665308844,0.15928893973780456,0.16222169763919178,0.13236652445148434,0.13475311092657838,0.14561903260717704,0.14798164343793668,0.14352665341504361,0.1440904100128925,0.14384570252474072,0.14357411194169534,0.14371056701369436,0.14383981522648495,0.1440041592983249,0.13169530774461963,0.1384194470111707,0.1396485389247422,0.1748478492118779,0.16421984511262427,0.1734778385858987,0.1538873850312437,0.1522725699302569,0.1539141947461807,0.15339198131380574,0.153675526106087,0.15244500777991626,0.152192375695953,0.15505006086090356,0.155776516684216,0.1527216274140342,0.15243442494431791,0.1523605504091941,0.15532468322858575,0.17105319419033915,0.13863439463607416,0.17356244120954842,0.15989526307009735,0.18557743808158955,0.18753971355597776,0.14747492135437898,0.18587775948182195,0.18581485595146413,0.18599394712178424,0.18616446858091173,0.14457206147816865,0.14330998800591982,0.14395183120877186,0.15452700825513405,0.2222237966731176,0.1487779853762392,0.1433528876515764,0.1390228556595218,0.15764206576065298,0.13641590342339685,0.13579418979191787,0.14022789320248868,0.1482161882703862,0.1725881352519127,0.1400183858789013,0.14274673911356525,0.13839589963845417,0.1516944788013745,0.18138735031748504,0.1488953582525833,0.12191007786900905,,0.15897136529446296,0.13195846596631228,0.134241561467008,0.145829708671409,0.14826134825339582,0.14316508068600864,0.14374191654179255,0.14498494319750665,0.14461713284913144,0.14456272557892247,0.1436432576353144,0.14303720336692397,0.14016849298527628,0.17484974741508152,0.17349262472348745,0.15481217491505125,0.1531805863717898,0.1538992304781403,0.15499714572536774,0.1527418766928489,0.15261226664851146,0.15145813776303413,0.15437316471589516,0.15618995584439485,0.1533754589303218,0.15275247434272188,0.1524913391523541,0.15633641218824787,0.171810985643966,0.17347090890562517,0.15912594149475578,0.18592659097869996,0.18562831983582545,0.18615603551624238,0.18581166778390873,0.1860785341481469,0.1445495883061433,0.1437496693393502,0.14333378778998407,0.14901264352054164,0.14243115020934588,0.13889341665935878,0.1572273186375123,0.13629701832604008,0.1357663981376902,0.13961375745105015,0.14864433157352536,0.1722174019243617
cifar100_object_classification,0.1341057777851247,0.1387421903857362,0.13328808879065546,0.1478532862874692,0.13150209360139103,0.12973689565832647,0.1692407537335271,0.14479421786194588,0.1000555279698744,0.11329152266896236,0.06861278785642785,0.06716439853522047,0.02947309665308844,0.0,0.15231572723604725,0.15482879608428113,0.126148750110502,0.12808005722137325,0.14078891203266092,0.14507621598934048,0.13997880280572955,0.14058556867126537,0.14035678192581874,0.1399880989631363,0.14015297541841146,0.1403049749778084,0.1404752229889491,0.1207496521946608,0.13483049944059805,0.13014291368001538,0.1606168736890139,0.15421242980213032,0.16429037255829163,0.14815775684370242,0.14622689466031344,0.14759237489842775,0.14806218678740735,0.14727116845048255,0.14677756543472809,0.14680320080001386,0.14837331142000898,0.149551961608909,0.1465625393272994,0.14701482187073595,0.1458742248860406,0.14876063338070733,0.1643178360696436,0.12988996829696786,0.16691001819483975,0.14812528065808822,0.17672412388065714,0.1830514712149447,0.14173344307214303,0.17702588596468732,0.17695428212065006,0.17712987451732295,0.17735304597425683,0.13915048944789943,0.13702662051656903,0.13760470663461954,0.14714877903922852,0.21593265679000564,0.14275774127328722,0.13892824720035965,0.1354486850907275,0.15459152454673086,0.13210482215407143,0.13132055341897697,0.13616460211859266,0.13977459614912344,0.16537315157900911,0.13373585315738845,0.13929288287520417,0.13401923435189433,0.1484228141550871,0.16976944608343314,0.14418970781680657,0.11144590538710869,0.030657731035337872,0.15189762848459054,0.12590335250402326,0.12761636650137864,0.1409493552645565,0.14544339496364228,0.13957047306219783,0.14008645580313642,0.14163675535246567,0.1412526029165188,0.14121254736956843,0.1399038223142442,0.1392873601936993,0.1367262001076854,0.16059086232071373,0.1640765820421069,0.1490140260531533,0.14735816622050707,0.14755405858017773,0.14972923097501795,0.14616576073158036,0.14695137531155314,0.14596378273178173,0.1479187231033251,0.14995002004291613,0.14693284539289936,0.1474611283149705,0.14610691918613683,0.14980475001417976,0.16516113530379437,0.1668180012385452,0.14712205718220456,0.17716066676014242,0.17670203959818784,0.1772725739121687,0.17699406573953838,0.17716749372216545,0.13909664095288687,0.1373152683442885,0.13701613992662148,0.14297197219993993,0.13827440479860026,0.1353936633936301,0.15404834778783205,0.13204712215448794,0.1313034756764419,0.13557138351308445,0.14025675176124716,0.1649918031083547
