,lapgyn4_anatomical_structures,lapgyn4_surgical_actions,lapgyn4_instrument_count,lapgyn4_anatomical_actions,sklin2_skin_lesions,identify_nbi_infframes,laryngeal_tissues,nerthus_bowel_cleansing_quality,stanford_dogs_image_categorization,svhn,caltech101_object_classification,caltech256_object_classification,cifar10_object_classification,cifar100_object_classification,mnist_digit_classification,emnist_digit_classification,hyperkvasir_anatomical-landmarks,hyperkvasir_pathological-findings,hyperkvasir_quality-of-mucosal-views,hyperkvasir_therapeutic-interventions,cholec80_grasper_presence,cholec80_bipolar_presence,cholec80_hook_presence,cholec80_scissors_presence,cholec80_clipper_presence,cholec80_irrigator_presence,cholec80_specimenbag_presence,derm7pt_skin_lesions,idle_action_recognition,barretts_esophagus_diagnosis,brain_tumor_classification,mednode_melanoma_classification,brain_tumor_type_classification,chexpert_enlarged_cardiomediastinum,chexpert_cardiomegaly,chexpert_lung_opacity,chexpert_lung_lesion,chexpert_edema,chexpert_consolidation,chexpert_pneumonia,chexpert_atelectasis,chexpert_pneumothorax,chexpert_pleural_effusion,chexpert_pleural_other,chexpert_fracture,chexpert_support_devices,pneumonia_classification,ph2-melanocytic-lesions-classification,covid_xray_classification,isic20_melanoma_classification,deep_drid_dr_level,shenzen_chest_xray_tuberculosis,crawled_covid_ct_classification,deep_drid_quality,deep_drid_clarity,deep_drid_field,deep_drid_artifact,kvasir_capsule_anatomy,kvasir_capsule_content,kvasir_capsule_pathologies,breast_cancer_classification_v2,eye_condition_classification,mura_xr_wrist,mura_xr_shoulder,mura_xr_humerus,mura_xr_hand,mura_xr_forearm,mura_xr_finger,mura_xr_elbow,bean_plant_disease_classification,aptos19_blindness_detection,lapgyn4_anatomical_structures --shrink_train 800,lapgyn4_surgical_actions --shrink_train 800,lapgyn4_instrument_count --shrink_train 800,lapgyn4_anatomical_actions --shrink_train 800,laryngeal_tissues --shrink_train 800,nerthus_bowel_cleansing_quality --shrink_train 800,svhn --shrink_train 800,cifar10_object_classification --shrink_train 800,mnist_digit_classification --shrink_train 800,hyperkvasir_anatomical-landmarks --shrink_train 800,hyperkvasir_pathological-findings --shrink_train 800,hyperkvasir_quality-of-mucosal-views --shrink_train 800,hyperkvasir_therapeutic-interventions --shrink_train 800,cholec80_grasper_presence --shrink_train 800,cholec80_bipolar_presence --shrink_train 800,cholec80_hook_presence --shrink_train 800,cholec80_scissors_presence --shrink_train 800,cholec80_clipper_presence --shrink_train 800,cholec80_irrigator_presence --shrink_train 800,cholec80_specimenbag_presence --shrink_train 800,idle_action_recognition --shrink_train 800,brain_tumor_classification --shrink_train 800,brain_tumor_type_classification --shrink_train 800,chexpert_enlarged_cardiomediastinum --shrink_train 800,chexpert_cardiomegaly --shrink_train 800,chexpert_lung_opacity --shrink_train 800,chexpert_lung_lesion --shrink_train 800,chexpert_edema --shrink_train 800,chexpert_consolidation --shrink_train 800,chexpert_pneumonia --shrink_train 800,chexpert_atelectasis --shrink_train 800,chexpert_pneumothorax --shrink_train 800,chexpert_pleural_effusion --shrink_train 800,chexpert_pleural_other --shrink_train 800,chexpert_fracture --shrink_train 800,chexpert_support_devices --shrink_train 800,pneumonia_classification --shrink_train 800,covid_xray_classification --shrink_train 800,isic20_melanoma_classification --shrink_train 800,deep_drid_dr_level --shrink_train 800,deep_drid_quality --shrink_train 800,deep_drid_clarity --shrink_train 800,deep_drid_field --shrink_train 800,deep_drid_artifact --shrink_train 800,kvasir_capsule_anatomy --shrink_train 800,kvasir_capsule_content --shrink_train 800,kvasir_capsule_pathologies --shrink_train 800,mura_xr_wrist --shrink_train 800,mura_xr_shoulder --shrink_train 800,mura_xr_humerus --shrink_train 800,mura_xr_hand --shrink_train 800,mura_xr_forearm --shrink_train 800,mura_xr_finger --shrink_train 800,mura_xr_elbow --shrink_train 800,bean_plant_disease_classification --shrink_train 800,aptos19_blindness_detection --shrink_train 800
lapgyn4_anatomical_structures,0.0,0.256169921875,0.262822265625,0.35714531250000003,0.559445703125,0.6306863281249999,0.887147265625,0.5314351562499999,0.657471875,0.826841015625,0.54941484375,0.5421015625,0.6128121093750001,0.58414921875,0.903150390625,0.9059851562500001,0.39136875000000004,0.38300429687500004,0.49154648437500004,0.46794023437500004,0.350388671875,0.352780078125,0.351916796875,0.35048203125,0.34972460937500005,0.350941015625,0.350602734375,0.5689078125000001,0.555628125,0.5820562499999999,0.766759765625,0.6832136718749999,0.7465769531249999,0.57837265625,0.58206796875,0.5952460937499999,0.57698671875,0.5977210937499999,0.57457890625,0.5746808593749999,0.600265625,0.59435,0.58619296875,0.5730800781250001,0.578588671875,0.604578125,0.638977734375,0.607680078125,0.6441117187500001,0.67833203125,0.800397265625,0.71516328125,0.62812890625,0.801147265625,0.802241796875,0.802512890625,0.80259609375,0.636411328125,0.622922265625,0.62231015625,0.7190523437499999,0.952683984375,0.67030859375,0.56990703125,0.6185765624999999,0.65984296875,0.618461328125,0.609841015625,0.643045703125,0.6355570312500001,0.724473828125,,0.275834765625,0.262976953125,0.36022187499999997,0.8895027343749999,0.532213671875,0.8236371093749999,0.61651328125,0.9006078125000001,0.38937578125,0.381601953125,0.494305859375,0.46703906250000005,0.35255351562500004,0.35211250000000005,0.356108203125,0.357946484375,0.35630390624999997,0.3463046875,0.35417734375,0.56141171875,0.767395703125,0.7435984375,0.58345703125,0.586273828125,0.5944410156250001,0.58219296875,0.5941945312500001,0.576267578125,0.571072265625,0.5951914062500001,0.598853125,0.588011328125,0.573337890625,0.5800109375,0.6067140625,0.64155390625,0.6440179687500001,0.672946875,0.8013714843749999,0.8007546875,0.803806640625,0.802072265625,0.801829296875,0.6339347656250001,0.62604453125,0.62081171875,0.6704558593750001,0.569171875,0.6187703125,0.6572949218749999,0.6178734375,0.6115953125,0.6411554687500001,0.636172265625,0.7221484375
lapgyn4_surgical_actions,0.256169921875,0.0,0.146600390625,0.19056914062500002,0.63917265625,0.722531640625,0.9882734375,0.543065234375,0.7261648437499999,0.8779621093750001,0.5863476562500001,0.5680710937500001,0.6267812500000001,0.6098242187499999,0.9409890624999999,0.9600265625000002,0.435860546875,0.43830078125000005,0.50132421875,0.45438007812500003,0.28633476562500004,0.28883281250000004,0.2860703125,0.28625234374999997,0.284725,0.287528125,0.284929296875,0.64417578125,0.5215140625,0.6454761718750001,0.84867578125,0.799874609375,0.796581640625,0.57550234375,0.57514296875,0.58715625,0.5719078124999999,0.589723046875,0.56999296875,0.569541015625,0.594301953125,0.586632421875,0.579174609375,0.568002734375,0.5756000000000001,0.5967820312500001,0.6620328125,0.67950625,0.6622558593750001,0.788245703125,0.880564453125,0.697091015625,0.6304601562500001,0.881545703125,0.881715234375,0.8822984375,0.8822484374999999,0.6405265625000001,0.638772265625,0.639805859375,0.782127734375,1.0325070312500002,0.6399816406250001,0.54893125,0.6212136718750001,0.62881171875,0.59527578125,0.587138671875,0.61823515625,0.676951953125,0.7888656250000001,0.260668359375,,0.142578515625,0.1899984375,0.99083203125,0.543962890625,0.872815625,0.6306546875000001,0.9385765625,0.43533085937500005,0.43682109375,0.5028375,0.454561328125,0.290249609375,0.288337109375,0.288594140625,0.2923484375,0.28287734374999995,0.284467578125,0.29313710937500004,0.5231785156250001,0.848811328125,0.7940492187500001,0.578465625,0.577598046875,0.5857640625,0.575552734375,0.5883703125,0.5720890624999999,0.5673703125,0.590031640625,0.589016015625,0.582734765625,0.56833046875,0.57454921875,0.5974953125,0.662707421875,0.6633054687500001,0.78199609375,0.8812296875,0.8800652343750001,0.8839214843750001,0.881990234375,0.881873046875,0.63825,0.641303125,0.6385003906250001,0.640233203125,0.5462449218750001,0.6190085937500001,0.62726640625,0.596280078125,0.5910101562500001,0.617827734375,0.677804296875,0.785684375
lapgyn4_instrument_count,0.262822265625,0.146600390625,0.0,0.16210859375,0.610166015625,0.678626171875,0.9423691406250001,0.55387734375,0.6790703125,0.84135546875,0.5494042968749999,0.5320519531250001,0.6043359374999999,0.583693359375,0.910573828125,0.922548828125,0.42545,0.42948359375,0.517281640625,0.492525,0.26399140625000006,0.26796562500000004,0.264568359375,0.26399804687500006,0.263637109375,0.265625,0.263225,0.61212109375,0.5523472656249999,0.64289140625,0.811580078125,0.7462402343750001,0.769251171875,0.59408359375,0.5967671875,0.608670703125,0.591294921875,0.61119453125,0.589236328125,0.58905625,0.6156578125000001,0.6082175781250001,0.5993144531250001,0.58608359375,0.594622265625,0.617615234375,0.6643542968749999,0.651833203125,0.667598828125,0.74937890625,0.840319921875,0.716091796875,0.6386972656250001,0.841119140625,0.8409152343749999,0.8415671874999999,0.841633203125,0.6303730468750001,0.6374765625,0.63864609375,0.76393203125,0.9928097656250001,0.627512890625,0.55361015625,0.59407734375,0.6352265625,0.575921484375,0.577881640625,0.597941796875,0.664370703125,0.758809375,0.26666953125,0.147573046875,,0.16864609375,0.944666015625,0.554351171875,0.836325,0.60740859375,0.907665625,0.424826953125,0.42628242187500004,0.519922265625,0.49252578125,0.268479296875,0.26673984375,0.270462109375,0.269822265625,0.26292382812500004,0.25982421875,0.26810898437499997,0.5559300781250001,0.811542578125,0.766403515625,0.598420703125,0.599051171875,0.607044140625,0.596098828125,0.60939609375,0.590938671875,0.5859636718750001,0.610932421875,0.611573828125,0.6026968750000001,0.586332421875,0.594658984375,0.618933984375,0.666429296875,0.6686433593750001,0.7438613281249999,0.8408828125000001,0.8397312499999999,0.84314609375,0.841607421875,0.84130859375,0.629304296875,0.6393875,0.637116796875,0.6280089843750001,0.551151171875,0.592247265625,0.632855078125,0.57673359375,0.5806140625,0.597224609375,0.665116796875,0.7557796875
lapgyn4_anatomical_actions,0.35714531250000003,0.19056914062500002,0.16210859375,0.0,0.6845625,0.7358429687500001,0.987375390625,0.61875234375,0.7299265625,0.88153359375,0.6127609375,0.597055078125,0.6662777343749999,0.6505460937499999,0.942252734375,0.959355859375,0.5181640625,0.524959765625,0.5804414062500001,0.55786796875,0.362835546875,0.3653921875,0.3617265625,0.36208164062500003,0.361572265625,0.3639640625,0.361335546875,0.6827699218750001,0.582778515625,0.7051324218750001,0.8762656249999999,0.8160402343750001,0.819311328125,0.64156328125,0.6414171875,0.64966953125,0.6410140625,0.651487109375,0.6370917968750001,0.639430859375,0.6568046875,0.64884609375,0.642526953125,0.6368640624999999,0.639461328125,0.655675,0.7117375,0.7093113281250001,0.7145335937499999,0.815956640625,0.90613984375,0.736730859375,0.694236328125,0.9073562500000001,0.907051953125,0.9072253906250001,0.90793359375,0.6914765625,0.700619921875,0.7029699218750001,0.81654609375,1.0467097656250002,0.6663250000000001,0.610744140625,0.650537109375,0.6578269531250001,0.618584375,0.6179296875,0.644391015625,0.7087015625,0.824051171875,0.35984921875,0.1901875,0.16169609375,,0.989792578125,0.6193078125,0.877733203125,0.669791015625,0.9392015625,0.518059375,0.5234261718750001,0.582575,0.558266796875,0.36650429687499997,0.36487265625,0.365897265625,0.367990625,0.35787539062500007,0.36003164062500004,0.366906640625,0.58416953125,0.875685546875,0.817148828125,0.643921875,0.6429960937500001,0.648253515625,0.644391796875,0.6504890625,0.63913984375,0.636468359375,0.651949609375,0.650747265625,0.6452675781249999,0.6386828125,0.6386535156250001,0.65681484375,0.7134359375000001,0.7151484374999999,0.81163046875,0.90626328125,0.905716796875,0.909430859375,0.906846875,0.90730078125,0.6900640625,0.7025984375000001,0.7012644531250001,0.666936328125,0.6079125,0.6484921875,0.6564578125,0.619247265625,0.621098046875,0.6439625,0.70952734375,0.822010546875
sklin2_skin_lesions,0.559445703125,0.63917265625,0.610166015625,0.6845625,0.0,0.5535140625,0.7170769531250001,0.6489171875,0.5792421875,0.7255578125,0.5342277343749999,0.5355554687499999,0.599268359375,0.55662734375,0.806928125,0.7996386718749999,0.482425,0.502231640625,0.64971640625,0.665430859375,0.623887109375,0.6268125,0.627211328125,0.624257421875,0.6249816406250001,0.6251671875,0.6255675781250001,0.32646015625,0.6665812500000001,0.511533984375,0.6664484374999999,0.45326445312499997,0.70892890625,0.67046484375,0.6761328125000001,0.6874253906250001,0.6687714843750001,0.689065625,0.667577734375,0.6665000000000001,0.6917332031250001,0.6912015625000001,0.6781,0.6582937499999999,0.675725390625,0.693686328125,0.725786328125,0.309095703125,0.73799296875,0.41407890625,0.629704296875,0.809787890625,0.6722914062500001,0.631059375,0.632154296875,0.632744921875,0.6331765625,0.554885546875,0.5302492187500001,0.532508984375,0.6121195312500001,0.8023976562499999,0.730575390625,0.6712925781250001,0.67161328125,0.75951015625,0.6847046875,0.7029921875,0.69270546875,0.60134296875,0.5886414062499999,0.55598203125,0.6370003906249999,0.6154144531250001,0.68941171875,0.719095703125,0.6462582031249999,0.722634765625,0.597484765625,0.80527734375,0.48279609375,0.498220703125,0.651744140625,0.6667191406249999,0.6219953125,0.6247875,0.6313398437500001,0.6295773437500001,0.6322125000000001,0.6217984375,0.62053984375,0.6761312500000001,0.6662777343749999,0.7057570312500001,0.677803515625,0.681132421875,0.6869703125,0.675083984375,0.68336875,0.66867421875,0.66025390625,0.68796875,0.6942796874999999,0.6792996093750001,0.658933984375,0.68013984375,0.69767421875,0.73056875,0.73647890625,0.411843359375,0.6305433593750001,0.630317578125,0.633863671875,0.631351171875,0.63179921875,0.551951953125,0.530108203125,0.53231328125,0.7312625,0.669774609375,0.6726359375,0.756408984375,0.6835082031249999,0.70183125,0.6875207031249999,0.6018371093750001,0.586353515625
identify_nbi_infframes,0.6306863281249999,0.722531640625,0.678626171875,0.7358429687500001,0.5535140625,0.0,0.4699734375,0.7832390625000001,0.479747265625,0.531003125,0.490154296875,0.49822734375,0.58330625,0.5237917968750001,0.66956875,0.6556078125,0.612942578125,0.637994921875,0.76252109375,0.79191875,0.7337246093750001,0.73799921875,0.736585546875,0.73284453125,0.73587890625,0.73540390625,0.73726796875,0.48645976562500004,0.69252734375,0.49658710937499995,0.535644140625,0.500428125,0.675055078125,0.74720703125,0.7386609375000001,0.737330078125,0.750093359375,0.7327796875000001,0.7449628906250001,0.74727109375,0.7348374999999999,0.748509765625,0.736433203125,0.746448046875,0.7309160156250001,0.732034765625,0.707351953125,0.4901640625,0.72844140625,0.44653906250000003,0.682409765625,0.8711332031250001,0.73558046875,0.6833410156249999,0.68442421875,0.6843875,0.6856249999999999,0.733208984375,0.731568359375,0.7329148437499999,0.48074374999999997,0.8101121093750001,0.725525,0.728813671875,0.65634609375,0.8142765625,0.6750199218749999,0.712208203125,0.6988937500000001,0.61001171875,0.6765140624999999,0.6265050781250001,0.706453125,0.684226171875,0.742282421875,0.47082734375,0.779974609375,0.5333617187499999,0.5815703125,0.6654968750000001,0.6093078125,0.632772265625,0.76611875,0.7918238281250001,0.732683984375,0.731794921875,0.742060546875,0.73936875,0.74151171875,0.731700390625,0.7274003906250001,0.7036996093750001,0.537479296875,0.673650390625,0.75021171875,0.7437539062499999,0.7365363281249999,0.76188828125,0.7235667968750001,0.742074609375,0.7397562500000001,0.73277265625,0.7492398437500001,0.734801953125,0.7508664062499999,0.736873046875,0.737723046875,0.71439296875,0.7263179687500001,0.443372265625,0.6829703125,0.6839195312499999,0.684596484375,0.682967578125,0.6845558593750001,0.7350765625,0.7339242187499999,0.7290554687499999,0.7256640624999999,0.7276660156250001,0.658407421875,0.8110710937500001,0.674503515625,0.708018359375,0.69403125,0.6115746093750001,0.676755859375
laryngeal_tissues,0.887147265625,0.9882734375,0.9423691406250001,0.987375390625,0.7170769531250001,0.4699734375,0.0,1.0278167968750003,0.5942042968750001,0.503870703125,0.6557335937500001,0.68166484375,0.7062070312500001,0.656512890625,0.6578621093750001,0.62877109375,0.888457421875,0.90666171875,1.01428359375,1.072303515625,1.0165515625000001,1.02028515625,1.01901796875,1.015683203125,1.017816015625,1.01782578125,1.0193140625,0.6470375,0.9380921875000001,0.730689453125,0.6438027343750001,0.5890640625,0.81512578125,0.99573828125,0.992249609375,0.98656171875,1.0001203125,0.98248828125,0.995910546875,0.9993492187499999,0.982983984375,0.994801171875,0.98608359375,0.9975871093750001,0.9791812500000001,0.9782878906250001,0.928091015625,0.6561050781250001,0.951979296875,0.515622265625,0.761431640625,1.08110078125,0.97736015625,0.762398046875,0.763280078125,0.762094140625,0.76450546875,0.931491015625,0.927724609375,0.9300671875,0.6359371093749999,0.8281359374999999,0.91707734375,0.964565625,0.871534765625,1.017016796875,0.900156640625,0.934391796875,0.9199910156250001,0.783281640625,0.816769921875,0.883126953125,0.98173203125,0.947320703125,0.9943890625,,1.024669140625,0.511655859375,0.7028929687500001,0.654869921875,0.8845191406249999,0.9038812500000001,1.016870703125,1.072055078125,1.0147539062500002,1.0147093750000002,1.0237742187499999,1.02227734375,1.02295703125,1.013635546875,1.011261328125,0.95070546875,0.64575625,0.814676953125,0.997325390625,0.997523828125,0.9853167968750001,1.010262890625,0.9744214843750001,0.9933875000000001,0.9923429687499999,0.9827636718749999,0.99503984375,0.9838597656250001,1.002880859375,0.9845425781250001,0.9853773437500001,0.9357347656250001,0.9485484375,0.518302734375,0.76166640625,0.763748046875,0.761986328125,0.761005859375,0.763869921875,0.933756640625,0.928833203125,0.9269757812499999,0.917161328125,0.9634847656250001,0.873676171875,1.0150527343750002,0.8994851562499999,0.9302210937500001,0.91616875,0.78610859375,0.819328125
nerthus_bowel_cleansing_quality,0.5314351562499999,0.543065234375,0.55387734375,0.61875234375,0.6489171875,0.7832390625000001,1.0278167968750003,0.0,0.79935078125,0.8820664062500001,0.65745390625,0.637183984375,0.6665859375000001,0.646085546875,0.9656121093750001,0.9813769531250001,0.386861328125,0.351486328125,0.201131640625,0.34143984375,0.47801328125,0.478485546875,0.4780140625,0.4783859375,0.478335546875,0.478494921875,0.47950703125000005,0.6819746093750001,0.5009687500000001,0.711363671875,0.885383203125,0.8416921875000001,0.781364453125,0.624769140625,0.617201953125,0.6297257812499999,0.617293359375,0.63021484375,0.61636640625,0.6122203125000001,0.6354675781250001,0.63463203125,0.621868359375,0.61085859375,0.628846484375,0.6397878906250001,0.734041015625,0.7030765625,0.7366046875000001,0.8171625,0.8499339843750001,0.786478515625,0.6076746093750001,0.8507578125,0.8515238281249999,0.8523812500000001,0.851363671875,0.52395703125,0.51204453125,0.5082906250000001,0.820811328125,0.99629453125,0.7036144531249999,0.5761390625,0.643628125,0.6701378906250001,0.6578894531249999,0.6216578125000001,0.6405925781250001,0.76069375,0.7520527343750001,0.5311734375000001,0.5559304687500001,0.5552734375000001,0.61739375,1.030498828125,,0.8756078125,0.66615859375,0.965051953125,0.385409375,0.35905156250000003,0.20229765625,0.339613671875,0.47602500000000003,0.481209765625,0.48063398437500005,0.48062421875,0.48230351562500007,0.477857421875,0.47761718750000004,0.50124296875,0.886290625,0.7792800781250001,0.6297117187500001,0.6200062500000001,0.6294304687500001,0.621421875,0.628936328125,0.61826328125,0.610641796875,0.632496875,0.639127734375,0.6249265625,0.608927734375,0.628466796875,0.6413199218750001,0.734096875,0.737776171875,0.8135390625000001,0.8513175781250001,0.84996484375,0.8532359375,0.852421875,0.8496949218750001,0.5214195312500001,0.514399609375,0.5058503906249999,0.70523984375,0.574126953125,0.642976953125,0.668768359375,0.6569210937500001,0.6260152343750001,0.639443359375,0.761234375,0.7484671875
stanford_dogs_image_categorization,0.657471875,0.7261648437499999,0.6790703125,0.7299265625,0.5792421875,0.479747265625,0.5942042968750001,0.79935078125,0.0,0.595371484375,0.30437578125000003,0.31445468750000005,0.43791953125,0.4163859375,0.6742722656250001,0.6644964843750001,0.65675859375,0.68225,0.777145703125,0.80475859375,0.76454296875,0.768217578125,0.766911328125,0.7641144531249999,0.7656921875,0.766148828125,0.7671007812499999,0.507675390625,0.733121484375,0.57555390625,0.61814609375,0.530285546875,0.673520703125,0.7662109374999999,0.758574609375,0.7584734375000001,0.7693980468749999,0.755671875,0.763265625,0.76493203125,0.757762109375,0.767495703125,0.75697734375,0.7663878906249999,0.7534140625,0.75696171875,0.765126953125,0.5461234375,0.78390859375,0.53597890625,0.706922265625,0.87391015625,0.71660625,0.708185546875,0.709071484375,0.707825390625,0.709994140625,0.72602109375,0.7112101562500001,0.714029296875,0.5865414062500001,0.81126875,0.695797265625,0.7250421874999999,0.643651953125,0.7890312500000001,0.6365273437500001,0.677853125,0.6723703125,0.60434453125,0.7019128906250001,0.6536789062500001,0.710705078125,0.684146484375,0.7364953125,0.595211328125,0.796848046875,0.594062109375,0.441124609375,0.67130390625,0.654741796875,0.67851953125,0.7794539062500001,0.8054921875000001,0.76421796875,0.765762890625,0.7733449218749999,0.7698476562500001,0.77212109375,0.7633531250000001,0.759146875,0.743888671875,0.619262109375,0.67400078125,0.7697175781250001,0.764521875,0.75885546875,0.77848828125,0.749069921875,0.76384140625,0.7591921875000001,0.756442578125,0.768791015625,0.756785546875,0.7679921875000001,0.7567480468750001,0.762744140625,0.7714078125,0.78234140625,0.533871875,0.7078109375,0.708541015625,0.70934140625,0.706590625,0.7090953125,0.72573828125,0.712326953125,0.710937890625,0.696319921875,0.7210574218750001,0.6448078125,0.786017578125,0.6350800781250001,0.674927734375,0.6683804687500001,0.60565859375,0.702472265625
svhn,0.826841015625,0.8779621093750001,0.84135546875,0.88153359375,0.7255578125,0.531003125,0.503870703125,0.8820664062500001,0.595371484375,0.0,0.5748601562500001,0.5868500000000001,0.4967250000000001,0.452606640625,0.505755078125,0.49205546874999995,0.7916578125,0.805463671875,0.8668941406249999,0.9104476562499999,0.884369921875,0.8874863281250001,0.886415234375,0.8838832031249999,0.8855613281250001,0.885853515625,0.887680078125,0.671055859375,0.81564140625,0.6911996093749999,0.660305859375,0.679566796875,0.776268359375,0.852697265625,0.836867578125,0.8321476562500001,0.854001171875,0.8265464843750001,0.84837265625,0.84970703125,0.829913671875,0.845176953125,0.833416015625,0.8517078125,0.8312359375,0.826846875,0.8352277343750001,0.6890269531250001,0.853916015625,0.6261957031250001,0.8053378906249999,0.96579375,0.8414621093750001,0.8056503906250001,0.80678515625,0.80682890625,0.8072957031250001,0.8272734374999999,0.818815625,0.821653515625,0.65945625,0.8913640625000001,0.758625,0.8124535156249999,0.7365382812500001,0.8529933593750001,0.7466375000000001,0.7516437499999999,0.761016015625,0.748962890625,0.8200414062500001,0.82498125,0.8715714843750001,0.84509765625,0.886102734375,0.5051320312500001,0.8785265625,,0.49320898437499994,0.50478125,0.7890167968749999,0.8026089843750001,0.869304296875,0.91147421875,0.882875,0.884165625,0.8909125,0.890442578125,0.8907609375000001,0.88449765625,0.880090234375,0.8254816406250001,0.660253125,0.7760984375,0.855091796875,0.842107421875,0.83098203125,0.8643609375,0.81927421875,0.8469082031249999,0.844041796875,0.8301234375000001,0.845942578125,0.833179296875,0.85689921875,0.835930078125,0.831785546875,0.8419515625,0.851789453125,0.62692109375,0.806194921875,0.806036328125,0.8057792968749999,0.805343359375,0.8061847656250001,0.828176171875,0.8189941406250001,0.81819921875,0.7587203125000002,0.811418359375,0.7385566406249999,0.851720703125,0.746033984375,0.74808125,0.7575253906249999,0.750398828125,0.8207375
caltech101_object_classification,0.54941484375,0.5863476562500001,0.5494042968749999,0.6127609375,0.5342277343749999,0.490154296875,0.6557335937500001,0.65745390625,0.30437578125000003,0.5748601562500001,0.0,0.10177734375,0.330556640625,0.290772265625,0.657791015625,0.6597726562499999,0.5281671875,0.549288671875,0.636343359375,0.656509375,0.610197265625,0.6140316406249999,0.612117578125,0.609713671875,0.611392578125,0.6118359375,0.6128328125,0.47481796875,0.594680859375,0.548757421875,0.6115843750000001,0.575413671875,0.62176796875,0.650730078125,0.645699609375,0.650375390625,0.65274609375,0.6484046875,0.646753125,0.6484503906250001,0.65223828125,0.6567601562500001,0.6451179687499999,0.649311328125,0.6432746093749999,0.6518003906250001,0.6765890625,0.5283609375,0.691576953125,0.5512929687499999,0.6823187500000001,0.785100390625,0.5863003906250001,0.6835015625,0.68390859375,0.6838769531250001,0.68510546875,0.60085234375,0.5837054687500001,0.5867703125000001,0.5927242187499999,0.816286328125,0.5655027343750001,0.584704296875,0.523621875,0.6499566406250001,0.49996054687499997,0.5244199218750001,0.5343816406249999,0.540196484375,0.650795703125,0.547115625,0.57769140625,0.555263671875,0.6177601562499999,0.657032421875,0.6550820312500001,0.570937890625,0.33383281249999996,0.655544921875,0.527490625,0.54644296875,0.6377312500000001,0.657674609375,0.6097183593750001,0.6116949218750001,0.62024375,0.616066796875,0.616653515625,0.6107367187499999,0.605880078125,0.604332421875,0.61220390625,0.6215523437500001,0.65548125,0.65156484375,0.649300390625,0.661812890625,0.643583984375,0.647162109375,0.64308984375,0.6498703125,0.6593570312500001,0.6464140625,0.651886328125,0.6458613281250001,0.6571519531250001,0.6813695312499999,0.691128515625,0.548303125,0.683380078125,0.6832343750000001,0.684706640625,0.682626171875,0.6846195312500001,0.6001820312499999,0.5852089843750001,0.5845203125,0.5666613281249999,0.579235546875,0.5238132812499999,0.6465632812500001,0.49970507812500004,0.524126171875,0.529368359375,0.5419707031250001,0.65128359375
caltech256_object_classification,0.5421015625,0.5680710937500001,0.5320519531250001,0.597055078125,0.5355554687499999,0.49822734375,0.68166484375,0.637183984375,0.31445468750000005,0.5868500000000001,0.10177734375,0.0,0.324056640625,0.28495703125,0.6750507812500001,0.678838671875,0.5127609375,0.5350621093750001,0.6203578125,0.6307269531249999,0.585760546875,0.589606640625,0.587501953125,0.585216796875,0.586636328125,0.587498828125,0.58827109375,0.4756734375,0.57211328125,0.549384375,0.619759765625,0.5851781249999999,0.61778828125,0.633198046875,0.6279781249999999,0.63429140625,0.6354562500000001,0.632553125,0.6289921875,0.630803125,0.637771875,0.641083203125,0.628537109375,0.631434765625,0.627787109375,0.637113671875,0.66421484375,0.534323828125,0.6772582031250001,0.5622378906250001,0.6778234375,0.7711367187500001,0.5669480468750001,0.679334375,0.679330078125,0.679210546875,0.680821484375,0.5859359375000001,0.57098671875,0.5743519531250001,0.59863046875,0.8146074218749999,0.546936328125,0.55728515625,0.50094765625,0.6324390625,0.47280390625,0.49963359375,0.51026640625,0.53953671875,0.640605078125,0.540183984375,0.5574917968750001,0.537729296875,0.6013507812500001,0.682691796875,0.6345281250000001,0.5821203125000001,0.32719726562499996,0.67248984375,0.5120828125,0.5322585937500001,0.6215585937500001,0.632,0.585083984375,0.5872937500000001,0.595376171875,0.5919246093750001,0.592577734375,0.586289453125,0.58113515625,0.581412890625,0.6205007812500001,0.6172621093749999,0.6388695312499999,0.6340546874999999,0.633046875,0.6446171875,0.6283843750000001,0.629599609375,0.625232421875,0.634690625,0.64332109375,0.631054296875,0.633023046875,0.630012890625,0.642137890625,0.668296875,0.6771625,0.559071484375,0.67905546875,0.679098828125,0.680129296875,0.67818828125,0.6804617187499999,0.584521484375,0.57255859375,0.57230625,0.5484921875000001,0.551601171875,0.500558984375,0.6292515625,0.47213867187499997,0.4994984375,0.505403515625,0.5414300781249999,0.640965234375
cifar10_object_classification,0.6128121093750001,0.6267812500000001,0.6043359374999999,0.6662777343749999,0.599268359375,0.58330625,0.7062070312500001,0.6665859375000001,0.43791953125,0.4967250000000001,0.330556640625,0.324056640625,0.0,0.126735546875,0.64308046875,0.648986328125,0.5800707031250001,0.5925109375,0.6508238281250001,0.659413671875,0.636240625,0.6391382812499999,0.637902734375,0.6365652343750001,0.637156640625,0.63783046875,0.638601171875,0.550583203125,0.609998046875,0.583778125,0.7043027343750001,0.66027734375,0.725359375,0.67306953125,0.665335546875,0.671612109375,0.671397265625,0.670319140625,0.6669847656250001,0.6660250000000001,0.676333203125,0.6807671875,0.6670921875,0.6679984375000001,0.6656359375,0.677263671875,0.7302472656250001,0.5829027343750001,0.7429378906249999,0.6468105468750001,0.7659234374999999,0.819119921875,0.6410046875,0.76713046875,0.767165234375,0.767662890625,0.7686753906249999,0.6336781250000001,0.627725390625,0.6307316406250001,0.6341328125000001,0.906005859375,0.634830078125,0.6259414062499999,0.594480078125,0.68938359375,0.5844679687500001,0.587959765625,0.6037183593750001,0.6226855468749999,0.7230093750000001,0.6111640625000001,0.627211328125,0.60781640625,0.66892421875,0.707596875,0.6640210937500001,0.4907203125,,0.6415003906250001,0.57805,0.589727734375,0.6517335937500001,0.6608453125,0.634776171875,0.6372851562499999,0.6436230468749999,0.6416390625,0.641537109375,0.636901171875,0.633559765625,0.61860625,0.704551953125,0.725865234375,0.677409765625,0.669621484375,0.67222421875,0.67967109375,0.66570078125,0.667624609375,0.6623484374999999,0.67338046875,0.682665625,0.66968203125,0.6693941406249999,0.666851171875,0.68196796875,0.7341332031250001,0.742245703125,0.644462109375,0.7672363281250001,0.7665464843750001,0.7682500000000001,0.76704296875,0.768369921875,0.6333984375,0.629664453125,0.6280160156250001,0.6362460937500001,0.6217781250000001,0.5947003906249999,0.68789609375,0.58417109375,0.5873480468750001,0.60062890625,0.6247328125,0.7216
cifar100_object_classification,0.58414921875,0.6098242187499999,0.583693359375,0.6505460937499999,0.55662734375,0.5237917968750001,0.656512890625,0.646085546875,0.4163859375,0.452606640625,0.290772265625,0.28495703125,0.126735546875,0.0,0.6130328125000001,0.616609765625,0.55131640625,0.5626242187499999,0.62879296875,0.645539453125,0.61930078125,0.6222699218750001,0.6212128906250001,0.619434375,0.6202624999999999,0.620893359375,0.621705859375,0.5022824218749999,0.592683984375,0.542630859375,0.6435390624999999,0.6165378906250001,0.686053125,0.64737578125,0.638115234375,0.6439789062500001,0.6476109375,0.6421828125,0.6416984375,0.6420472656249999,0.647173046875,0.65336796875,0.639846484375,0.643440625,0.6367707031250001,0.648458984375,0.7008000000000001,0.543236328125,0.713625,0.595391796875,0.727224609375,0.7987546875,0.616802734375,0.728398828125,0.72821875,0.728882421875,0.7300550781249999,0.6098351562500001,0.599630078125,0.6023511718750001,0.60164375,0.878324609375,0.6073312500000001,0.60619140625,0.57739453125,0.67530625,0.564510546875,0.5678765625,0.5844625000000001,0.58575390625,0.69095234375,0.58186875,0.610496484375,0.5871906250000001,0.6537296875,0.658019921875,0.6431492187500001,0.44644882812500003,0.13192851562500002,0.61130859375,0.54995859375,0.559933203125,0.62939453125,0.6472003906249999,0.617548828125,0.6201328125,0.6274300781250001,0.6256468749999999,0.62533203125,0.6191488281249999,0.61560234375,0.6020296875,0.64355859375,0.685496875,0.65122734375,0.6438746093750001,0.6438421875,0.656036328125,0.6368113281250001,0.642139453125,0.63784140625,0.6451765625,0.6553023437500001,0.6414171875,0.64531796875,0.638234765625,0.6533578124999999,0.705009375,0.7128386718749999,0.592002734375,0.7287824218750001,0.7276339843749999,0.72922421875,0.7281230468750001,0.72948203125,0.609363671875,0.6008558593750001,0.599777734375,0.6086324218750001,0.602946875,0.577645703125,0.6732640625,0.564443359375,0.5673289062500001,0.5814816406250001,0.587996875,0.6897523437499999
mnist_digit_classification,0.903150390625,0.9409890624999999,0.910573828125,0.942252734375,0.806928125,0.66956875,0.6578621093750001,0.9656121093750001,0.6742722656250001,0.505755078125,0.657791015625,0.6750507812500001,0.64308046875,0.6130328125000001,0.0,0.18676171875,0.8614921875,0.8853609375,0.94793046875,1.00169921875,0.971735546875,0.974090625,0.972696875,0.9706320312500001,0.9730335937500001,0.9729218749999999,0.97393046875,0.7483738281250001,0.896816796875,0.7942660156250001,0.67300859375,0.73478984375,0.80644765625,0.93699765625,0.9284957031250001,0.9220753906250001,0.9404027343750001,0.917934765625,0.9356417968749999,0.938903125,0.919387890625,0.9304484375,0.9242117187500001,0.94204375,0.9209859375,0.916140625,0.909241015625,0.764039453125,0.924883984375,0.6986691406250001,0.82356484375,0.99461484375,0.872363671875,0.823912109375,0.825158203125,0.823848828125,0.8251046875000001,0.896126171875,0.887847265625,0.888669140625,0.7762625,0.8675531250000001,0.84065859375,0.90399921875,0.789690625,0.9165875,0.7977601562500001,0.823400390625,0.8260890625000001,0.835466015625,0.86802890625,0.901719140625,0.93141796875,0.914545703125,0.946609765625,0.6579875000000001,0.96333203125,0.50558671875,0.6385921875,,0.8592367187500001,0.8850550781250001,0.950866015625,1.002035546875,0.97143203125,0.9711902343750001,0.97830078125,0.976103515625,0.975977734375,0.971612890625,0.967892578125,0.9053816406249999,0.67375546875,0.806408984375,0.939239453125,0.932519140625,0.921484375,0.950332421875,0.91313125,0.934833203125,0.9329796875,0.9203964843749999,0.930134765625,0.92371875,0.945116796875,0.926111328125,0.9213414062499999,0.913012109375,0.922859765625,0.70009453125,0.82334453125,0.825440234375,0.8243941406249999,0.822991796875,0.8237457031250001,0.8977445312500001,0.88863515625,0.88575625,0.839288671875,0.9027636718750001,0.79134921875,0.914220703125,0.79711953125,0.8214335937499999,0.8203710937500001,0.83652421875,0.87005625
emnist_digit_classification,0.9059851562500001,0.9600265625000002,0.922548828125,0.959355859375,0.7996386718749999,0.6556078125,0.62877109375,0.9813769531250001,0.6644964843750001,0.49205546874999995,0.6597726562499999,0.678838671875,0.648986328125,0.616609765625,0.18676171875,0.0,0.878049609375,0.895812109375,0.9640761718749999,1.013939453125,0.9843875,0.986951953125,0.985710546875,0.983514453125,0.985648828125,0.985742578125,0.9866207031249999,0.739681640625,0.9045105468750001,0.7786417968749999,0.642422265625,0.7214128906249999,0.79898203125,0.94526484375,0.9350562499999999,0.9289183593749999,0.94888359375,0.924561328125,0.94361484375,0.945984765625,0.9258964843749999,0.9375691406250001,0.930349609375,0.9501296875,0.9284375,0.923063671875,0.914005078125,0.7579871093749999,0.9317605468750001,0.688723046875,0.8020171875000001,1.011213671875,0.8871734375,0.8022621093750001,0.8033437499999999,0.802521875,0.80363046875,0.91050078125,0.904100390625,0.9055984374999999,0.7541234375,0.85013125,0.859369921875,0.9127144531250001,0.8019226562499999,0.93549765625,0.808456640625,0.8383835937499999,0.840028515625,0.837026953125,0.8459925781250001,0.90393125,0.94892421875,0.92655703125,0.96442109375,0.6289757812500001,0.9784605468750001,0.49190078125,0.645137109375,0.1848296875,0.8753835937500001,0.89492109375,0.96661875,1.013539453125,0.9841953125,0.9843406250000001,0.9918953125,0.9890628906250001,0.9886531250000001,0.9846421875,0.9805390625,0.913971484375,0.6432125,0.799177734375,0.947894140625,0.939559375,0.9282222656250001,0.9596359375000001,0.91973515625,0.942516796875,0.9403984375000001,0.926626953125,0.9378968750000001,0.929798046875,0.953878515625,0.934080078125,0.927428125,0.9191527343749999,0.9296703125000001,0.6899496093749999,0.801880078125,0.803272265625,0.80300859375,0.80187265625,0.8024265625,0.912862109375,0.90485546875,0.902381640625,0.858609765625,0.91049296875,0.803469921875,0.9323000000000001,0.8075289062500001,0.8360265625,0.835177734375,0.837903125,0.848211328125
hyperkvasir_anatomical-landmarks,0.39136875000000004,0.435860546875,0.42545,0.5181640625,0.482425,0.612942578125,0.888457421875,0.386861328125,0.65675859375,0.7916578125,0.5281671875,0.5127609375,0.5800707031250001,0.55131640625,0.8614921875,0.878049609375,0.0,0.16211875,0.339451953125,0.37574023437500004,0.3634625,0.365676953125,0.366369921875,0.363671875,0.36554023437500005,0.36504609375,0.365815625,0.5299882812500001,0.5081882812499999,0.5661730468749999,0.742525390625,0.6662812499999999,0.7014941406249999,0.5686261718750001,0.5673710937499999,0.58186796875,0.563573046875,0.5829863281250001,0.5621703124999999,0.559471484375,0.5870347656249999,0.5851003906250001,0.5723703124999999,0.5570734374999999,0.571503125,0.59192734375,0.637976953125,0.5374609375,0.646323046875,0.647407421875,0.741206640625,0.70618828125,0.5404078124999999,0.742191015625,0.742196875,0.743218359375,0.7430160156250001,0.487776953125,0.48058398437500005,0.47932304687500005,0.701387109375,0.902291015625,0.638265625,0.50843359375,0.5435433593750001,0.638305859375,0.57503984375,0.5681296874999999,0.57223359375,0.63564765625,0.6447171875,0.39032734375,0.4318328125,0.428954296875,0.519772265625,0.890851953125,0.386015234375,0.786015234375,0.58081484375,0.859652734375,,0.1577671875,0.342247265625,0.3745640625,0.3634578125,0.365441015625,0.369996484375,0.37186328125,0.3736015625,0.36289375,0.36256132812499997,0.513394921875,0.742579296875,0.6982761718749999,0.575031640625,0.57238046875,0.5820394531249999,0.57026640625,0.57966640625,0.563605859375,0.5554140625,0.582041015625,0.589587890625,0.5761968749999999,0.55715546875,0.573647265625,0.5946246093750001,0.6403457031249999,0.6467316406249999,0.64206328125,0.742193359375,0.7415578125,0.7443125,0.74300234375,0.7422933593750001,0.48557500000000003,0.48342421874999997,0.47652421875,0.6390765625,0.5061585937499999,0.54445390625,0.636287109375,0.573279296875,0.5697468750000001,0.5682378906250001,0.63570234375,0.6420777343749999
hyperkvasir_pathological-findings,0.38300429687500004,0.43830078125000005,0.42948359375,0.524959765625,0.502231640625,0.637994921875,0.90666171875,0.351486328125,0.68225,0.805463671875,0.549288671875,0.5350621093750001,0.5925109375,0.5626242187499999,0.8853609375,0.895812109375,0.16211875,0.0,0.30976875000000004,0.333770703125,0.34886015625,0.35049023437500004,0.35073671875,0.34866328125,0.350363671875,0.35006796875,0.35051132812499997,0.549715625,0.48996289062500004,0.587103515625,0.7615050781249999,0.694968359375,0.70914765625,0.57632265625,0.57581875,0.5908078125,0.5713296875,0.592265625,0.569549609375,0.567335546875,0.595690234375,0.592783203125,0.5806484375,0.56425,0.5805,0.600873828125,0.6537035156250001,0.5570484375,0.6592609375,0.6691820312500001,0.7616171875,0.720205859375,0.54340234375,0.7623871093750001,0.76276953125,0.7639617187500001,0.7635476562500001,0.453725390625,0.45001328125,0.4490609375,0.720281640625,0.919398046875,0.634903515625,0.51226328125,0.5509546875,0.623198828125,0.573716015625,0.558912890625,0.5746218750000001,0.6539421875,0.657058984375,0.382334375,0.44045546874999997,0.433510546875,0.5264542968749999,0.909016015625,0.350832421875,0.7996589843749999,0.5930394531250001,0.8833675781250001,0.16275390625,,0.311571484375,0.33477109375,0.347975390625,0.3517671875,0.355020703125,0.356123046875,0.357448046875,0.34873671875,0.34729140625,0.49499765625,0.761684765625,0.7064484375,0.5822542968750001,0.5805046875,0.58958984375,0.57667734375,0.5895179687500001,0.5714625,0.5643589843750001,0.59102109375,0.5975269531249999,0.5844597656249999,0.56375234375,0.58101484375,0.6033296875,0.655129296875,0.65956875,0.6652140625,0.7629914062500001,0.7618375000000001,0.764774609375,0.76422265625,0.76229296875,0.451279296875,0.45290078125,0.447156640625,0.635217578125,0.510390625,0.5514328125,0.6212570312500001,0.5722976562500001,0.561378515625,0.57055703125,0.6535730468750001,0.6534261718750001
