,lapgyn4_anatomical_structures,lapgyn4_surgical_actions,lapgyn4_instrument_count,lapgyn4_anatomical_actions,sklin2_skin_lesions,identify_nbi_infframes,laryngeal_tissues,nerthus_bowel_cleansing_quality,stanford_dogs_image_categorization,svhn,caltech101_object_classification,caltech256_object_classification,cifar10_object_classification,cifar100_object_classification,mnist_digit_classification,emnist_digit_classification,hyperkvasir_anatomical-landmarks,hyperkvasir_pathological-findings,hyperkvasir_quality-of-mucosal-views,hyperkvasir_therapeutic-interventions,cholec80_grasper_presence,cholec80_bipolar_presence,cholec80_hook_presence,cholec80_scissors_presence,cholec80_clipper_presence,cholec80_irrigator_presence,cholec80_specimenbag_presence,derm7pt_skin_lesions,idle_action_recognition,barretts_esophagus_diagnosis,brain_tumor_classification,mednode_melanoma_classification,brain_tumor_type_classification,chexpert_enlarged_cardiomediastinum,chexpert_cardiomegaly,chexpert_lung_opacity,chexpert_lung_lesion,chexpert_edema,chexpert_consolidation,chexpert_pneumonia,chexpert_atelectasis,chexpert_pneumothorax,chexpert_pleural_effusion,chexpert_pleural_other,chexpert_fracture,chexpert_support_devices,pneumonia_classification,ph2-melanocytic-lesions-classification,covid_xray_classification,isic20_melanoma_classification,deep_drid_dr_level,shenzen_chest_xray_tuberculosis,crawled_covid_ct_classification,deep_drid_quality,deep_drid_clarity,deep_drid_field,deep_drid_artifact,kvasir_capsule_anatomy,kvasir_capsule_content,kvasir_capsule_pathologies,breast_cancer_classification_v2,eye_condition_classification,mura_xr_wrist,mura_xr_shoulder,mura_xr_humerus,mura_xr_hand,mura_xr_forearm,mura_xr_finger,mura_xr_elbow,bean_plant_disease_classification,aptos19_blindness_detection,lapgyn4_anatomical_structures --shrink_train 800,lapgyn4_surgical_actions --shrink_train 800,lapgyn4_instrument_count --shrink_train 800,lapgyn4_anatomical_actions --shrink_train 800,laryngeal_tissues --shrink_train 800,nerthus_bowel_cleansing_quality --shrink_train 800,svhn --shrink_train 800,cifar10_object_classification --shrink_train 800,mnist_digit_classification --shrink_train 800,hyperkvasir_anatomical-landmarks --shrink_train 800,hyperkvasir_pathological-findings --shrink_train 800,hyperkvasir_quality-of-mucosal-views --shrink_train 800,hyperkvasir_therapeutic-interventions --shrink_train 800,cholec80_grasper_presence --shrink_train 800,cholec80_bipolar_presence --shrink_train 800,cholec80_hook_presence --shrink_train 800,cholec80_scissors_presence --shrink_train 800,cholec80_clipper_presence --shrink_train 800,cholec80_irrigator_presence --shrink_train 800,cholec80_specimenbag_presence --shrink_train 800,idle_action_recognition --shrink_train 800,brain_tumor_classification --shrink_train 800,brain_tumor_type_classification --shrink_train 800,chexpert_enlarged_cardiomediastinum --shrink_train 800,chexpert_cardiomegaly --shrink_train 800,chexpert_lung_opacity --shrink_train 800,chexpert_lung_lesion --shrink_train 800,chexpert_edema --shrink_train 800,chexpert_consolidation --shrink_train 800,chexpert_pneumonia --shrink_train 800,chexpert_atelectasis --shrink_train 800,chexpert_pneumothorax --shrink_train 800,chexpert_pleural_effusion --shrink_train 800,chexpert_pleural_other --shrink_train 800,chexpert_fracture --shrink_train 800,chexpert_support_devices --shrink_train 800,pneumonia_classification --shrink_train 800,covid_xray_classification --shrink_train 800,isic20_melanoma_classification --shrink_train 800,deep_drid_dr_level --shrink_train 800,deep_drid_quality --shrink_train 800,deep_drid_clarity --shrink_train 800,deep_drid_field --shrink_train 800,deep_drid_artifact --shrink_train 800,kvasir_capsule_anatomy --shrink_train 800,kvasir_capsule_content --shrink_train 800,kvasir_capsule_pathologies --shrink_train 800,mura_xr_wrist --shrink_train 800,mura_xr_shoulder --shrink_train 800,mura_xr_humerus --shrink_train 800,mura_xr_hand --shrink_train 800,mura_xr_forearm --shrink_train 800,mura_xr_finger --shrink_train 800,mura_xr_elbow --shrink_train 800,bean_plant_disease_classification --shrink_train 800,aptos19_blindness_detection --shrink_train 800
lapgyn4_anatomical_structures,0.0,0.052392146018302235,0.05266143701093273,0.0714587105949187,0.11447794574845788,0.20236087037714012,0.26336370549584043,0.094058937057995,0.22748716436866745,0.2211916405302426,0.16095772177690762,0.15563296215354572,0.14485436163014576,0.13526595111882794,0.2337417841371474,0.25224719876932783,0.07469257294982151,0.07059420884213141,0.08615288962797187,0.09189017752531939,0.0652269207269029,0.06554502117067332,0.0654318938663271,0.06498742354552825,0.06512293966234534,0.06511458030918886,0.0650960205711188,0.12944217552980677,0.10993870781318404,0.13852046999762452,0.24830561630189812,0.21714060485711595,0.18448747082301176,0.12445273364939434,0.12498865554827737,0.12716836985595387,0.12375751556551445,0.12755945397525353,0.12389002782199215,0.1238300204550548,0.12749133056514572,0.12658486818964343,0.1254709750546344,0.12286101508354187,0.1225071800937807,0.12836680498933034,0.14482639986629545,0.1332456555854819,0.14590444762866164,0.18211504313273733,0.20985537016875136,0.1531760580584285,0.13641749721489513,0.21013066494649502,0.20994633210034563,0.2104629099269825,0.21003945576180297,0.11694480666109573,0.1154921345031392,0.11485427580426133,0.17013533518157645,0.28277000156785487,0.15685945621561428,0.1203674921441872,0.13876115710387765,0.13588308237997868,0.14198656928164646,0.13212337459946946,0.14311700410428663,0.15055589422625748,0.18148614334687135,,0.05548030922743703,0.05270842005577554,0.0722290031859687,0.2642801343937594,0.09398367639984695,0.21855585880141198,0.14599108614456238,0.23289294891061596,0.07415480627099347,0.07010034807529075,0.08691142093428214,0.09151178356892001,0.06573672973097064,0.06539051196727866,0.06573874304596727,0.0666536246152844,0.06611304322854128,0.06486951587548767,0.06576436087627181,0.11088803615359308,0.24811350464760512,0.1822245905212412,0.12516890431651606,0.12557783460025002,0.12686355658744977,0.12432503819541313,0.12695170513901186,0.12351828171408591,0.12252933183538567,0.1270464521434328,0.12756561506229197,0.12589394679167,0.12311923845190811,0.12313338261991437,0.12885993970626838,0.14525058785233225,0.1455833816391191,0.17725829385428693,0.21136367985566495,0.20923577665852672,0.21033286680237312,0.21095130587146319,0.20967761876350716,0.11656104011472135,0.11615212320601698,0.11444442657884282,0.156403971032399,0.12036010627076221,0.13910086003371902,0.13508986309265492,0.14233088908896058,0.13285872209632005,0.14245135847937412,0.15100276431911225,0.18024887168394937
lapgyn4_surgical_actions,0.052392146018302235,0.0,0.035059606699868934,0.04309090814360925,0.1251258396297618,0.2168274163049217,0.2792415922168034,0.0958489782820934,0.23946017119681726,0.22853815707264366,0.16851611019180104,0.16096190613004072,0.14807511951418667,0.13973444002678884,0.23963244989130006,0.26083566964238847,0.08232005638067733,0.0792697263562879,0.08751397809389326,0.08853406570220129,0.05623619559970208,0.056384168100396474,0.05620682961195156,0.0559697366235128,0.05596905305069495,0.05619591127722184,0.05589734117477774,0.13988761719525156,0.10498622733067103,0.14780992015573627,0.2614185650809707,0.2348994999030097,0.19068057051806056,0.12375209541249832,0.12408886371111175,0.1262532613613624,0.12312136968443646,0.12671125144723705,0.12301555799637759,0.1230990053080514,0.12696341013522933,0.1254285180270296,0.12453807192417687,0.12202033689834245,0.12190527812290308,0.1275635046068563,0.14664302805526844,0.1431811422509997,0.14707065734718588,0.19862447484722703,0.22216451419285632,0.15042915049968542,0.137065658060471,0.2224511512163132,0.22224297963057377,0.22264333821934407,0.22225447210710936,0.11688675198352666,0.11661182599063755,0.11633780105071481,0.1782740874489277,0.2943107414592573,0.15313915116245144,0.11718620967507068,0.1386365337427999,0.13143129300707862,0.1377255805385647,0.12937398298161773,0.13925728743136728,0.1581758035933979,0.19199900256609487,0.052919476919809014,,0.034359868645921415,0.042662737097510964,0.2801357398591875,0.09573313888269797,0.2256750262594782,0.1492035184684285,0.23887410334690234,0.0821997052889972,0.07897957103541246,0.08798486888968281,0.08813558289851314,0.056883868982134836,0.056614247010890704,0.05623565379583956,0.05748907567463142,0.05563336742154683,0.05556405605272613,0.057172373694663506,0.10537471174238253,0.26129641417304683,0.18863355367438195,0.12438195223509504,0.12429333042996649,0.12567123508098765,0.12327090804267585,0.12625690164630346,0.12300102920196362,0.12220823833383951,0.1264205869803107,0.12612427831690914,0.1252822811310786,0.12248107708169995,0.12207586058116,0.1279798019062262,0.14685733788797722,0.14712808012179268,0.1938205355555998,0.22372176049459333,0.22153909820567635,0.2227039619563882,0.22318242703979618,0.2220313187491527,0.11636938526887233,0.1172599123639448,0.11617069943104913,0.15274869980812594,0.11679946696706509,0.13866076245210013,0.13077138417858256,0.13817325452557921,0.13030922966006014,0.13876002576018015,0.15861632856968755,0.1905069489776521
lapgyn4_instrument_count,0.05266143701093273,0.035059606699868934,0.0,0.03747748796212383,0.12043422773268903,0.2096940726682298,0.2715986901481016,0.09813463041686224,0.2312680741047934,0.22269233344032058,0.16158956043564435,0.15444915673008403,0.1439340083720179,0.13579488664075223,0.23608609585053447,0.2555780713462428,0.08249826948028635,0.07914549054486061,0.09117510604926146,0.09606466085087964,0.05383003889181489,0.054106065478215476,0.053676168455568954,0.05341337994848859,0.0535620195307969,0.05368006691510292,0.05346902377139341,0.13584676973889492,0.11092875409070152,0.14966422607852758,0.25617061229286975,0.22601224900543176,0.18679033600211994,0.1285585818289045,0.12879970673270358,0.13090235568356734,0.127616678571691,0.1313440284592779,0.1277718432624311,0.1277089799034311,0.13155598581453198,0.1302998612687979,0.12916690357882588,0.1264800361199071,0.12665322349315403,0.13209062628681678,0.1483308227427409,0.1400362072737286,0.14921337543760432,0.19264234711767825,0.21658769007731407,0.1554017611150116,0.14020875442714403,0.2167742750792653,0.21664259056624346,0.21704832132325627,0.21659594066661111,0.11746722695835829,0.11828143393174886,0.1181614842822935,0.17702021461081718,0.28920466537555034,0.15239385430820132,0.11969282117514171,0.13635090211492149,0.1348019393036063,0.136235507666348,0.12951640596931185,0.1379564313759739,0.15701987631997405,0.1881359170688223,0.05304696577860893,0.03543405652594086,,0.03890123096966991,0.2724153641181968,0.0979907054461489,0.21998443566925166,0.1451558484083281,0.23527230847042463,0.08212554696289637,0.07864395519038928,0.09196009834932047,0.0956149067071767,0.05463571427598711,0.05394940889229079,0.054297213180622125,0.05471253057727797,0.05329265376826281,0.05281534977829973,0.05453520442498837,0.11173705739154252,0.25608834122261537,0.1846444700266529,0.1294661646486583,0.1290449707218897,0.13034312792916575,0.12815044381938145,0.13078602236286754,0.1276016774572395,0.12672707158911523,0.13103543498596593,0.13112859754724307,0.12972957598724422,0.12700562752358194,0.12720299953711894,0.13260715726589353,0.1487902628085863,0.149216923413089,0.1879146235445468,0.21816579790841034,0.21594681646095026,0.21710834792687797,0.217555245795445,0.21638636644575993,0.11710584498042804,0.11876762399881731,0.11788980698093246,0.15195587506022795,0.11940868651123146,0.13646963578265892,0.1340637426554076,0.136586765485048,0.13017190577985893,0.13734416070444228,0.15744546898207804,0.18680218835535506
lapgyn4_anatomical_actions,0.0714587105949187,0.04309090814360925,0.03747748796212383,0.0,0.13507058747498213,0.2213813916853799,0.28201101020436453,0.11069447611655053,0.24190390628241742,0.23170270464193238,0.1734681022950265,0.16650936491443497,0.15641696762421198,0.14856852216489003,0.24389936245264074,0.2645288955863457,0.0988655799367385,0.0962051695613643,0.10353903140847429,0.1078727468049902,0.07053422479949403,0.0708091679944656,0.07030533098814029,0.07019045279190211,0.0703522232051366,0.07050295461871026,0.07022395076840587,0.14923997727577515,0.1163201477195212,0.16226643921608006,0.2674995179697608,0.24013722170025764,0.19733441238312244,0.13900212352454278,0.1391333825005293,0.14069852939295213,0.13844136035774723,0.14099646412282385,0.1382469526057692,0.13853022508704782,0.14139030759228527,0.14030899453067391,0.13930255229566785,0.13731210999214224,0.1370145130098659,0.14148345705845258,0.16011326204285053,0.15157909672187753,0.160808066372224,0.20544489838561308,0.23058827763766387,0.1628665013378392,0.15169302301062856,0.23082104777814122,0.23063437985039,0.23101433290819984,0.23058785239635454,0.12916683534847495,0.1302213169755432,0.12999490895713678,0.1888942273883889,0.3010086481953068,0.1612224062403213,0.1311622223567685,0.14751826237400192,0.14121724924268775,0.14445504659870165,0.13787622435097757,0.14700675994621948,0.1687048162162707,0.20152739581569673,0.07156145330564222,0.043640102662693955,0.037307795595656106,,0.28288092915308916,0.1105452788091773,0.2290590844841945,0.1575702928986098,0.24318613429463914,0.09854131719078472,0.09585088751822868,0.10426180716101713,0.10742930087648676,0.07144622571630305,0.07088358692498697,0.07075106175180969,0.07168803986313382,0.06936413347807677,0.0697311507254626,0.07111247789470881,0.11684130354454433,0.26746979646908253,0.19531176440956127,0.139675360313412,0.13923710844773407,0.1401524063432397,0.1388777755472677,0.1404908730761127,0.1381383108844546,0.13755650840818642,0.14093729393880394,0.14073439206014157,0.13990125824035676,0.13790974765494374,0.13733231676398266,0.1419930443881888,0.1604570406800624,0.16087109940995445,0.20089863140943584,0.23209700140984277,0.2299377713996648,0.2311481689199421,0.23150706343383048,0.23038352563350717,0.1287789271493865,0.13068743468928062,0.12981282800430272,0.16072630393458884,0.1307315303813232,0.14747561535649822,0.14065941749999877,0.14500028481430305,0.13868382968788762,0.1464306159500724,0.16919838261327586,0.20026689797283315
sklin2_skin_lesions,0.11447794574845788,0.1251258396297618,0.12043422773268903,0.13507058747498213,0.0,0.19620264152808747,0.257267937148135,0.12727387323910894,0.22061064270110087,0.22695283862521642,0.16327036973544462,0.1597535146301326,0.15652433310602318,0.14473401123304783,0.24229723049670704,0.25748768384225634,0.10077638819125995,0.10307119745812854,0.12475067729151502,0.13200793531959096,0.116245634540772,0.11668451750758282,0.11643362747479924,0.11620552368180789,0.11643198216488765,0.1164035540244657,0.11658268808605873,0.09422462992945815,0.1390571606904995,0.13444669026114064,0.24626469243778099,0.18626015899223372,0.19361898153937426,0.14948602244269804,0.1504808102655995,0.15272483003634824,0.14846581567193343,0.15327310843286918,0.1486954002117913,0.1480418100558245,0.15350228320486198,0.15324189474304284,0.1508567784441983,0.14600217942793153,0.149328605551044,0.15434461086008378,0.1728036163701881,0.08559211169532224,0.1746972444150205,0.1422758894981009,0.19477542155633748,0.18030059704846502,0.15629505918827366,0.19518003301043035,0.19525168016382685,0.1956043782395016,0.1953282631682356,0.12765641048278936,0.12230932038688848,0.12230535361851805,0.16763550537852806,0.2741142864493392,0.18061140413207585,0.14768377663124252,0.15834563115778053,0.1703482439331243,0.16386448284941693,0.16047384878371937,0.16260299739982878,0.16354569062664098,0.1645693926785068,0.11416748025329163,0.12488921439198522,0.1213228833002081,0.135785999889495,0.25804320653265433,0.1270359416751283,0.22444684179958888,0.15683215237780468,0.24148453859691535,0.10053492944209533,0.1025123337517651,0.1256975124407848,0.13206828939702414,0.11623802196042315,0.11618471712891663,0.1170205088203943,0.1174030339588421,0.11775490538798628,0.1159802134425126,0.11637959484501123,0.14111616934441884,0.24603269905245134,0.19115137058851214,0.150660340883214,0.15100678439263168,0.15247327589156826,0.14911110833726907,0.15238360406885487,0.14850602388401346,0.14710135656572887,0.1531575816550983,0.15425411077907256,0.1513328670313125,0.14627882419933533,0.15054640470420533,0.15505287867716783,0.1735607763500319,0.17460884633139825,0.13870781089059608,0.1960245426297814,0.19439474254062258,0.1957359819063244,0.19581079297198434,0.19483617225076488,0.12727839596450158,0.12242800541779662,0.12164943224947508,0.18045721520560326,0.14766941531445105,0.15890252647876807,0.16947129708057562,0.16376396118113232,0.16085422658005205,0.16159713526136396,0.16393712662969281,0.1633489576848165
identify_nbi_infframes,0.20236087037714012,0.2168274163049217,0.2096940726682298,0.2213813916853799,0.19620264152808747,0.0,0.17077569687265787,0.22791410885533123,0.18728690201986783,0.1930591972341127,0.17010406942949508,0.1721807720316168,0.20111328870337286,0.18493512275494906,0.23439698756242594,0.2430751897568969,0.2029997017839054,0.20689839081423758,0.22428089965552833,0.23108910562171397,0.21530205454327817,0.21604812147322794,0.21571523160435976,0.21493044820800816,0.21562247426944486,0.21522890816948087,0.21596255564767222,0.17817001953784128,0.21761456993346737,0.18519988443682978,0.21663269216191294,0.20015148502886007,0.2287040210818611,0.23913445794789132,0.23596025732126974,0.23607815651805047,0.23897950579564536,0.23559460580521863,0.23830909356707863,0.2380795875320027,0.23595452582239163,0.2389442780778367,0.2361479936019189,0.2378461116839812,0.23611486418057115,0.23585049494487903,0.24271508544532744,0.1797269735737397,0.24708079085708437,0.16898004997433153,0.2479292516506806,0.26713025472605667,0.2402592545271533,0.2479172545576856,0.2483316847970214,0.24868775222944184,0.24884753687993266,0.2402843490013138,0.2374108036865997,0.23706032726279574,0.1813793329983273,0.30843805753869546,0.23564314045211132,0.23112904732879194,0.21626056930681709,0.247790434050839,0.22083162456080516,0.2253542209693828,0.22778541911786854,0.2130608187630831,0.2341784764403812,0.20165983245335084,0.21363155598483707,0.2109179602103584,0.22284146080870673,0.171007335264888,0.22754973819495328,0.19354005202804178,0.200412710786471,0.2331777462620877,0.20215048370791633,0.2061235394997274,0.22525084475227214,0.23061726891545548,0.21525731527779124,0.2147671324850061,0.21630829346082525,0.21616650470899956,0.21656059644079,0.21522014109112952,0.21481757893567688,0.21989477502766824,0.21717218296870755,0.22811658607770274,0.23973592865551063,0.2370835561624866,0.2362003958241543,0.24147829187984998,0.2338698442780738,0.23730710461566756,0.23654872815921324,0.2357862953656129,0.23956188033246767,0.23602872366829195,0.2385763128457013,0.23731218050776637,0.23656565490434206,0.24426185182558102,0.24688458554619513,0.16726144096285972,0.24857071598669683,0.24779940485726096,0.24853680688996815,0.2482891591696441,0.24838815231903885,0.24076120446307986,0.23778493486473032,0.2359326971516829,0.2359544583356291,0.23087779716294493,0.21688448529363288,0.24718759743336033,0.22053520505480873,0.2245341555512182,0.22671885096917602,0.2133578661864532,0.233810961444507
laryngeal_tissues,0.26336370549584043,0.2792415922168034,0.2715986901481016,0.28201101020436453,0.257267937148135,0.17077569687265787,0.0,0.2867608181295851,0.2326531906805413,0.20518171660176415,0.22202990667761635,0.22710354641874247,0.24120384182819712,0.22528043286745825,0.2606354190925837,0.26075293342867845,0.26982727463526024,0.27124718429361805,0.28490853379358866,0.295615859325078,0.2772065110840227,0.2779713434253587,0.2774839170279653,0.2769243175086971,0.2774715311950372,0.277186171287213,0.27770227842511463,0.23591510552461695,0.2783701914606624,0.25722349077141093,0.258186269547245,0.25036263790544344,0.279367028371285,0.30764804726635936,0.30606832730592604,0.3060460889137075,0.30795341723727276,0.30542861750179306,0.3071438631565612,0.30752123776127194,0.305567373440058,0.30807215733543014,0.305871803852779,0.3071157869415224,0.30397443137676183,0.3053843866613163,0.30688792972625134,0.24617050485626366,0.31100748555028324,0.2118295976213547,0.2823625048662538,0.3346425169317122,0.30295202687607725,0.28237210664632095,0.2826868197331073,0.2831054467076093,0.2830874163798641,0.29803765718190733,0.2955630361834237,0.29518690109000356,0.24707729570569995,0.3291619891850296,0.2913860668524735,0.2947510563291954,0.28207384201125074,0.3058979186884644,0.285402752529754,0.2852541544185898,0.29108955921333396,0.27124380340062687,0.2805276707076342,0.2629642060667563,0.27846661160803615,0.2727897788589223,0.2832874295893223,,0.2863493033982649,0.20716620534743177,0.24061401541815763,0.2598460919689686,0.26929719525123763,0.27056084831834754,0.2858402412962203,0.29508116748848595,0.2772460703132349,0.2764465206867364,0.27803485609669265,0.2780300503829805,0.2781583771068676,0.27703511593785635,0.27679638331202305,0.2808657567961993,0.2588462899296182,0.27882023244860255,0.3081444298185416,0.3069273551288114,0.3059149151746392,0.30980099707757813,0.3043916297490604,0.30646604121692017,0.3059333902397593,0.30541713835338646,0.30871652192334664,0.30575169195333085,0.30770217346868445,0.3050303011101882,0.3062898110888719,0.3083920895872793,0.3107267294339179,0.21188351157269836,0.2829077213627349,0.2824094833788209,0.28295598407985634,0.28256954702914805,0.2827101318285379,0.2985086832316054,0.29603135305771966,0.2940869498418025,0.2916102922549111,0.2947921513111896,0.2826457932997372,0.3054967469201918,0.28491871224524334,0.28447012612257916,0.2902174929925606,0.2716735174638064,0.2803428473022741
nerthus_bowel_cleansing_quality,0.094058937057995,0.0958489782820934,0.09813463041686224,0.11069447611655053,0.12727387323910894,0.22791410885533123,0.2867608181295851,0.0,0.25325563292332914,0.23121591255168522,0.1811024736548747,0.17189899702739303,0.1539981257128078,0.14613870187111874,0.2493101304904554,0.26914753989034984,0.0731447379463013,0.06579117164067491,0.04070658414155261,0.07053951166504924,0.0807134026428242,0.08055831473259381,0.08056508772170526,0.08081435286248488,0.08077260880154247,0.0805937060788314,0.08059236653818444,0.14754474455742272,0.09811804370419347,0.15824384357521337,0.2739898043262024,0.2429483016636452,0.1912923179751899,0.12946748054515256,0.12761371854713194,0.12922274572297276,0.1277722805486237,0.12933074548350698,0.12800907604971398,0.12737187275578354,0.1297258347450272,0.12984476998635286,0.1280757715760954,0.12662369797483003,0.12727765530244087,0.13070520944282332,0.15629365836763695,0.1482214735697674,0.15697792025788448,0.20411205958588652,0.21929850766429942,0.16102830330148565,0.1313501752145369,0.21950966499532337,0.2194520106779141,0.21983690305885348,0.21920967806676592,0.09962922442015465,0.09846489536373658,0.09776778726816697,0.18431428790915505,0.2907370912999705,0.15912468665595092,0.11845510598703755,0.1379036328450998,0.13574609249716588,0.14350749920364064,0.1333614786118597,0.1399682204533414,0.1724172247599712,0.18893309388494886,0.09402018953094207,0.10014418912316923,0.09840932342960433,0.11042765553136899,0.28773119804731573,,0.2282287124343685,0.1548586160357986,0.24892818237789058,0.0725670703674601,0.06733255287636322,0.04114176608584886,0.06987437194109367,0.08076121217235817,0.08081236687627709,0.0805542011063142,0.0814143576930807,0.08120305497672417,0.08028515521192423,0.0809926831716811,0.09855613353463546,0.2737036477221072,0.18891068341453437,0.130102303567083,0.12781702227375277,0.128810193546747,0.128053075068596,0.1289252940655427,0.1278553705196591,0.12654016873657514,0.12940962635500922,0.13055998614893344,0.1286278005160851,0.1269816452305515,0.12787384948683111,0.1309662558640985,0.1564166015415856,0.15677197974831286,0.1996184440682458,0.22095711373787824,0.21852145076693058,0.21978214529617132,0.2203963364677388,0.2189185024966921,0.09898538043880203,0.09903863146581834,0.09735125146746759,0.15862392983499868,0.11802880613575484,0.13830311526656727,0.13526317909095809,0.1438424113108572,0.1341110371270824,0.13912548999857216,0.17296456255945294,0.18755627213300846
stanford_dogs_image_categorization,0.22748716436866745,0.23946017119681726,0.2312680741047934,0.24190390628241742,0.22061064270110087,0.18728690201986783,0.2326531906805413,0.25325563292332914,0.0,0.23440403351883812,0.1208401547840002,0.12349614144013145,0.18333959583373155,0.17673424663341597,0.2500788447906476,0.2557436902816431,0.23266307867806907,0.23666603934909008,0.2500212293057376,0.25570595654733314,0.2430642557162157,0.24363621071013974,0.24328819070484242,0.24285010127759737,0.2430994742376621,0.24305441746300271,0.24346815143042666,0.20057259817090775,0.2452404670996845,0.22061958024645528,0.24095320600476194,0.21360227541252436,0.23941713943279336,0.26569185802549306,0.26374039416038464,0.2641793803415674,0.2654215138167373,0.263677402531774,0.2649578425053881,0.26444309801772325,0.2642395484396987,0.2662122588560891,0.2641199650775201,0.2648041514638724,0.26307748370674133,0.2641954555545897,0.269474106530876,0.21096364037132254,0.27250479391020643,0.2074812851963517,0.2624684060207986,0.28806497245458473,0.254705102256491,0.26248088941950065,0.26278962077486645,0.2630425202560868,0.2631536481937442,0.25780195093713704,0.2541908439282649,0.2541458830130032,0.22535484930456517,0.31326091708741555,0.2496704754485073,0.25463574850767773,0.23759563396283617,0.265404655356406,0.2374028354553302,0.24154401546623738,0.24555294078068862,0.22447988247147888,0.25312946991705887,0.22700733366003312,0.236720749185664,0.2324432030547216,0.24342845244269384,0.2325204607144518,0.25295588946001724,0.23373044539594184,0.18398290891272068,0.24861599907435625,0.23240430035471568,0.23586200172666894,0.2506311537803248,0.25559051190465454,0.24301505550270597,0.24272318940737103,0.24416299007308626,0.24386710797166725,0.2440909813470467,0.24307593389709414,0.24262639466800984,0.24774127567792856,0.24161204151019106,0.238826454191337,0.2665971660310542,0.2644587229150418,0.26435668198684875,0.2671140476569239,0.2628820756015521,0.26492035554526644,0.2632863157038991,0.26404440861129364,0.26685183824194664,0.2641072969365863,0.26500212520331734,0.26352146198545295,0.2650770154451122,0.27050833550886444,0.2723949980372653,0.20679184186979868,0.26276072628138697,0.2624972697786782,0.26323716698017946,0.2627295408726349,0.2628183543250996,0.25800326580084276,0.2546689794044383,0.25315582495940747,0.24967047175641918,0.25420579631260787,0.2378250896696669,0.26486059602140966,0.23696322527966818,0.24109608654298934,0.24442759109444417,0.22473156617572193,0.25266132740956615
svhn,0.2211916405302426,0.22853815707264366,0.22269233344032058,0.23170270464193238,0.22695283862521642,0.1930591972341127,0.20518171660176415,0.23121591255168522,0.23440403351883812,0.0,0.19761229633681623,0.19885322089299626,0.16658250491138715,0.15417580609219986,0.17513422548068436,0.17627011705848544,0.2192928600105915,0.21869089521212626,0.2289489808555283,0.23673411098408126,0.2239617233946007,0.22447856537644062,0.22416036184335647,0.22364498037398126,0.2241336107189753,0.2239383310402205,0.22434422240368251,0.21396336744526512,0.23046122375665773,0.22815483836937828,0.25551080329690745,0.2439565023279918,0.2517530688628181,0.252256288847452,0.24905622244932193,0.2496850520743648,0.2514647769676195,0.24890481116274132,0.251063690126217,0.2507559652907171,0.24954223700802644,0.2517526468662164,0.24936114543145943,0.25021163079104036,0.24806480098592826,0.24949736612294804,0.2616443316599686,0.22275316002169857,0.2649352409854359,0.22064973863674547,0.2682644911260789,0.27914550759548373,0.2513735696646598,0.26827070813703563,0.2684904839522073,0.2690319528802808,0.2686299705844344,0.2435269966566902,0.24061459053610645,0.24038231275659988,0.23136479828282708,0.3234776385212704,0.24362588013272574,0.2394529151410622,0.23418748414199975,0.24919471060042767,0.23856304477247292,0.23211268663870832,0.24169751474592424,0.24502371373839985,0.25938098074515936,0.2208530870151853,0.22821272317561844,0.22353677459532412,0.23261687645099,0.20573333946045225,0.23084915787018917,,0.1650652901490624,0.17521786270350212,0.21902249296759502,0.21835529252512603,0.2295848400904646,0.23661408479933643,0.22388878148172486,0.22337423241063503,0.22446504269282233,0.2248461154718395,0.22471348733796628,0.22374256209904753,0.22376346891082308,0.23219154490066643,0.25575381741109604,0.25116938945481154,0.25285944575273345,0.24959962083752163,0.24938915450094923,0.2530514603380259,0.247797866661208,0.2504997560333647,0.2496357790360718,0.24942224157680054,0.252443286146274,0.24965814229487376,0.2509361908056057,0.248838228679289,0.2500330998503848,0.26284096020780245,0.26465321855993684,0.21949840290759698,0.2691888759655171,0.26796459905104447,0.26858102344054546,0.26884692949811695,0.2683279299367851,0.24347417957034456,0.24090098994320558,0.23951929398306732,0.24381445673986896,0.23950945668297535,0.23491492132993766,0.2487492274885018,0.23861806211224001,0.23169278849436586,0.2405845166443734,0.24542064099106073,0.25921007187723577
caltech101_object_classification,0.16095772177690762,0.16851611019180104,0.16158956043564435,0.1734681022950265,0.16327036973544462,0.17010406942949508,0.22202990667761635,0.1811024736548747,0.1208401547840002,0.19761229633681623,0.0,0.038629804435885866,0.12058765183071798,0.1077424962834383,0.20991366263447464,0.22061102364730023,0.1626786277836309,0.16389755711378318,0.1778023232255952,0.18200380046091308,0.16944597541345136,0.16997673449074308,0.1695969312023399,0.1691179770116722,0.16944893150325385,0.1694166541892818,0.16977507672471231,0.1496113239790378,0.1739420295704095,0.17382292082409484,0.21986416232245806,0.19568030352386803,0.19303420838810165,0.1963887148572607,0.19526337287376944,0.19641336818190042,0.1963934520633339,0.19607085449310516,0.19572595843627405,0.19567375476073734,0.19675252493960615,0.19782987271644048,0.19563781664093347,0.19575658687627742,0.19449225474397616,0.19674135179277258,0.20863134787377074,0.15924452893080687,0.21064416905633032,0.17549868927472276,0.21859890619365802,0.22459332799158258,0.18518627187997772,0.2187729655923803,0.21900522165217168,0.2191852413038135,0.21921077419082594,0.18535631006266512,0.18178731418179822,0.1816699733909601,0.1815180182853903,0.28151316100689716,0.18011862860034206,0.1815613142458997,0.16957936044568148,0.19130127093552055,0.16528385166190696,0.16569453362148467,0.17359650199638332,0.17424456956322018,0.20649568572035268,0.16064228144840922,0.16710233564041727,0.16304530855750515,0.1747529647565328,0.222288004489677,0.1807880837111378,0.19589570526254982,0.12149785967249872,0.2089458197714169,0.1626266867945916,0.16328319763017446,0.17834734307770694,0.1818419630557942,0.16930540107768727,0.16904885575146744,0.17068482408514704,0.17025383352709939,0.17039946423619082,0.16959781940488783,0.16899455932063545,0.17645852271625118,0.2201618372311257,0.19179374626995283,0.1974302498557538,0.19615436053417235,0.19640988455029137,0.19807889080845117,0.19548461732004463,0.19559419874515827,0.19425772361674604,0.19640230658699015,0.1985388129590249,0.1959692859701897,0.19597892265024933,0.19487461810771894,0.1977215172596311,0.20931460777936434,0.21056313459846526,0.17364108743506187,0.21953198459590612,0.21841425386137614,0.21918962189913077,0.2191977717844642,0.2189562386017122,0.18546622605311852,0.18223977716616652,0.18056784948208934,0.18013470139467502,0.18071528253459246,0.16964443810720864,0.1907231868219771,0.16518679908511058,0.16582038484080214,0.17269440714250126,0.17449130648111388,0.20590278769420844
caltech256_object_classification,0.15563296215354572,0.16096190613004072,0.15444915673008403,0.16650936491443497,0.1597535146301326,0.1721807720316168,0.22710354641874247,0.17189899702739303,0.12349614144013145,0.19885322089299626,0.038629804435885866,0.0,0.11560609068228675,0.10224401419182406,0.21140240245165565,0.22400584262125167,0.15632885192571797,0.15752898865908943,0.16989162748797004,0.17313208500484878,0.16147538741624656,0.16200211838366546,0.16162653079665584,0.16117872243992648,0.16145606477644048,0.16144893569167557,0.1618381669146084,0.14648086267693722,0.16572416797021625,0.17057962133149285,0.22149754684074374,0.1974573115243276,0.1888699925168783,0.18869421808778414,0.18749736459271416,0.188843094532397,0.18867008028604565,0.18861705669926926,0.1879682574876117,0.1878591931460332,0.18933493877682944,0.19023061686482773,0.1879770461617066,0.18797426000353307,0.18711292139639935,0.18931037505192544,0.2003758738632036,0.15686398436221763,0.20242804647034723,0.17619757538692782,0.21430274363132396,0.21714872866288082,0.17766203752011148,0.2145059072559801,0.21466155985826435,0.21483011102645175,0.21489232449539514,0.1773918016775225,0.17413110577100185,0.174255228246662,0.17938995333900742,0.2775366130146738,0.17215091767547921,0.1718218124591247,0.15947178607263934,0.18462932164062085,0.1551172991429201,0.15608517393867527,0.16349436908072223,0.17061686522491587,0.2007466525493003,0.15542756097996818,0.15932559572877833,0.1558810485637786,0.16764189092025808,0.22733908916509205,0.17163517238906406,0.19690468240679407,0.11623351222050765,0.21046690532501006,0.156317146663039,0.1570121514317408,0.17038289986442012,0.1730615292356998,0.1612824756908363,0.16116930927184014,0.16259784084495754,0.16228419930758828,0.1624350937242468,0.1616312962184588,0.16098822206418373,0.16826397871330312,0.22173687218874105,0.1876096922231223,0.18975001232351885,0.18837451957979598,0.18877430910123863,0.19034206836277145,0.18803019412161143,0.1878902515430131,0.18650714716590588,0.18891582038068688,0.1909419995946044,0.18834504601605273,0.18819310759423963,0.18745552307722868,0.1902841625320164,0.20108738070002033,0.20230644490704097,0.17409740246361632,0.21522904247705238,0.2141410805694905,0.2148761160926423,0.21494669522992935,0.2146631142122141,0.1775109251514005,0.17459178878813955,0.1731938436756962,0.17225408608006174,0.17077025080100317,0.15955234710854047,0.18404682313526777,0.15500346928519693,0.15624612647312042,0.16246757972580977,0.17082832089945305,0.20004940284274222
cifar10_object_classification,0.14485436163014576,0.14807511951418667,0.1439340083720179,0.15641696762421198,0.15652433310602318,0.20111328870337286,0.24120384182819712,0.1539981257128078,0.18333959583373155,0.16658250491138715,0.12058765183071798,0.11560609068228675,0.0,0.04250701443258355,0.20234066982675653,0.21752398107071724,0.14326733893629734,0.14316308754690055,0.15130476048693797,0.1539736641556796,0.14374271112654757,0.14422676177934787,0.1438239842484063,0.1436982637383838,0.14375659680206382,0.14371573340927102,0.14405086816976728,0.1518844514252584,0.15291766167502058,0.1630693977153122,0.24576633555537886,0.22081618900924752,0.20459657504100454,0.17422177181602427,0.17199632218889743,0.17352636979307415,0.17338140945864888,0.17318519527567386,0.17303280760237955,0.1723222857070159,0.17420124633886946,0.1753099691509589,0.1728807050594012,0.17240732279317222,0.17165009027178163,0.17462204447039012,0.1947359697763082,0.15816813377753713,0.19611721617729716,0.19528747695085466,0.22821508047143207,0.20456750574506055,0.17291719596135902,0.22845509690076035,0.2283273530555144,0.22868516947017103,0.22853359985598257,0.163092753193576,0.16119311198791647,0.16128728549812504,0.17670026365477026,0.29496310465514786,0.1800485243024549,0.1647801187266998,0.1641458659070595,0.17684346471897552,0.16515844298081675,0.16038242751473303,0.16839743151835257,0.17977688017893795,0.20772036929571847,0.14453594553883184,0.1489728465622065,0.1449960654573157,0.15688351697982095,0.2416359275500602,0.153569625425341,0.16373131291814594,,0.2021748992696858,0.14295044789052946,0.14272216860685105,0.15183559509056646,0.15382873597384475,0.14368295986225033,0.14338550975656497,0.14459093780121007,0.14459445814544564,0.14448815175941343,0.14394596844417135,0.14338684656441975,0.15476590902793275,0.24576831403591418,0.20299709231506513,0.17515338173706846,0.17260637189717137,0.17367127362176102,0.17449866858603502,0.17230523274365886,0.17287658335030692,0.17143503200737464,0.173740109500323,0.175977377174832,0.173393627817799,0.17260397000042954,0.17174845874043643,0.17545141001455555,0.19541334518467018,0.19599281490831397,0.19243989321691732,0.2294844221788786,0.22782973614653218,0.22856108118111435,0.22903036320696413,0.22838791799552288,0.16296079480971576,0.16153847958944573,0.16042203797099677,0.18008393524854843,0.16418114006867887,0.1644992466345137,0.17615025651159144,0.16530455553536183,0.1609457923561099,0.16750086073589215,0.18019993055205166,0.206585911072575
cifar100_object_classification,0.13526595111882794,0.13973444002678884,0.13579488664075223,0.14856852216489003,0.14473401123304783,0.18493512275494906,0.22528043286745825,0.14613870187111874,0.17673424663341597,0.15417580609219986,0.1077424962834383,0.10224401419182406,0.04250701443258355,0.0,0.19279526780188927,0.20679767533194193,0.13383970310523957,0.1335228811498185,0.1432319711907153,0.14678378936598635,0.13575185195988904,0.13628072977109157,0.1359196214215772,0.13567739764895537,0.13580525297297158,0.13578029653240437,0.1361524471058003,0.13772409430801513,0.14412683969252044,0.1508305023007778,0.22864964874536467,0.20820918282868325,0.1918275267082551,0.1652633391723172,0.16288468983633747,0.16429654603556498,0.16456414715990317,0.16384578068192554,0.16409461176079715,0.16357231045417678,0.16472262366090712,0.1661307499181226,0.16371946589170625,0.1635655001246508,0.16201143970903298,0.1651402257716017,0.18546691585171066,0.1453209132512447,0.18704264021917605,0.17927395306781216,0.21758074675373673,0.19711987165636968,0.16413946151968128,0.21786947349745003,0.21780991782483328,0.21815926768661598,0.21796931491949495,0.15408825271849078,0.1512849423175733,0.15132703872218523,0.1675089176437163,0.28528695326654724,0.16919921813703287,0.15599950011310285,0.15651073597874127,0.16873777604495885,0.15636082610749774,0.15086370319051373,0.1601334181575359,0.1682066568440373,0.19721593166112375,0.134895383983262,0.14069573425747323,0.13697017537822298,0.1492328257485443,0.22573170611084598,0.14578783191511757,0.15135406613134575,0.0440850930878601,0.19233109754257044,0.13368323513974917,0.13313215117437308,0.14374313652020423,0.14667061206326037,0.13564792794467584,0.13536750510384415,0.13663102340271033,0.13672063486741567,0.1366725201968814,0.13577328388221943,0.13535402223110138,0.14624217233854964,0.22860977137372662,0.19016327038191738,0.16612449898070372,0.1637255451688217,0.16430263852726884,0.16586209123843693,0.16295976727998543,0.16384677671374354,0.16258501373138332,0.1643604698883668,0.1668105241795011,0.1641544703838829,0.16394482428684626,0.16240635425087935,0.16602092167338897,0.18611688889538153,0.1868484996686462,0.1762213906807625,0.2188871345468255,0.21721372343609924,0.21809339358227567,0.2184277719073592,0.21770656512994702,0.15397269003368003,0.15166104962610993,0.1503715110084624,0.16930890895116096,0.15556926735658055,0.1569443872567951,0.1680190317128839,0.15649011895897336,0.15129597446310736,0.1592310092106583,0.1686061446649203,0.19612283215863524
