,lapgyn4_anatomical_structures,lapgyn4_surgical_actions,lapgyn4_instrument_count,lapgyn4_anatomical_actions,sklin2_skin_lesions,identify_nbi_infframes,laryngeal_tissues,nerthus_bowel_cleansing_quality,stanford_dogs_image_categorization,svhn,caltech101_object_classification,caltech256_object_classification,cifar10_object_classification,cifar100_object_classification,mnist_digit_classification,emnist_digit_classification,hyperkvasir_anatomical-landmarks,hyperkvasir_pathological-findings,hyperkvasir_quality-of-mucosal-views,hyperkvasir_therapeutic-interventions,cholec80_grasper_presence,cholec80_bipolar_presence,cholec80_hook_presence,cholec80_scissors_presence,cholec80_clipper_presence,cholec80_irrigator_presence,cholec80_specimenbag_presence,derm7pt_skin_lesions,idle_action_recognition,barretts_esophagus_diagnosis,brain_tumor_classification,mednode_melanoma_classification,brain_tumor_type_classification,chexpert_enlarged_cardiomediastinum,chexpert_cardiomegaly,chexpert_lung_opacity,chexpert_lung_lesion,chexpert_edema,chexpert_consolidation,chexpert_pneumonia,chexpert_atelectasis,chexpert_pneumothorax,chexpert_pleural_effusion,chexpert_pleural_other,chexpert_fracture,chexpert_support_devices,pneumonia_classification,ph2-melanocytic-lesions-classification,covid_xray_classification,isic20_melanoma_classification,deep_drid_dr_level,shenzen_chest_xray_tuberculosis,crawled_covid_ct_classification,deep_drid_quality,deep_drid_clarity,deep_drid_field,deep_drid_artifact,kvasir_capsule_anatomy,kvasir_capsule_content,kvasir_capsule_pathologies,breast_cancer_classification_v2,eye_condition_classification,mura_xr_wrist,mura_xr_shoulder,mura_xr_humerus,mura_xr_hand,mura_xr_forearm,mura_xr_finger,mura_xr_elbow,bean_plant_disease_classification,aptos19_blindness_detection,lapgyn4_anatomical_structures --shrink_train 800,lapgyn4_surgical_actions --shrink_train 800,lapgyn4_instrument_count --shrink_train 800,lapgyn4_anatomical_actions --shrink_train 800,laryngeal_tissues --shrink_train 800,nerthus_bowel_cleansing_quality --shrink_train 800,svhn --shrink_train 800,cifar10_object_classification --shrink_train 800,mnist_digit_classification --shrink_train 800,hyperkvasir_anatomical-landmarks --shrink_train 800,hyperkvasir_pathological-findings --shrink_train 800,hyperkvasir_quality-of-mucosal-views --shrink_train 800,hyperkvasir_therapeutic-interventions --shrink_train 800,cholec80_grasper_presence --shrink_train 800,cholec80_bipolar_presence --shrink_train 800,cholec80_hook_presence --shrink_train 800,cholec80_scissors_presence --shrink_train 800,cholec80_clipper_presence --shrink_train 800,cholec80_irrigator_presence --shrink_train 800,cholec80_specimenbag_presence --shrink_train 800,idle_action_recognition --shrink_train 800,brain_tumor_classification --shrink_train 800,brain_tumor_type_classification --shrink_train 800,chexpert_enlarged_cardiomediastinum --shrink_train 800,chexpert_cardiomegaly --shrink_train 800,chexpert_lung_opacity --shrink_train 800,chexpert_lung_lesion --shrink_train 800,chexpert_edema --shrink_train 800,chexpert_consolidation --shrink_train 800,chexpert_pneumonia --shrink_train 800,chexpert_atelectasis --shrink_train 800,chexpert_pneumothorax --shrink_train 800,chexpert_pleural_effusion --shrink_train 800,chexpert_pleural_other --shrink_train 800,chexpert_fracture --shrink_train 800,chexpert_support_devices --shrink_train 800,pneumonia_classification --shrink_train 800,covid_xray_classification --shrink_train 800,isic20_melanoma_classification --shrink_train 800,deep_drid_dr_level --shrink_train 800,deep_drid_quality --shrink_train 800,deep_drid_clarity --shrink_train 800,deep_drid_field --shrink_train 800,deep_drid_artifact --shrink_train 800,kvasir_capsule_anatomy --shrink_train 800,kvasir_capsule_content --shrink_train 800,kvasir_capsule_pathologies --shrink_train 800,mura_xr_wrist --shrink_train 800,mura_xr_shoulder --shrink_train 800,mura_xr_humerus --shrink_train 800,mura_xr_hand --shrink_train 800,mura_xr_forearm --shrink_train 800,mura_xr_finger --shrink_train 800,mura_xr_elbow --shrink_train 800,bean_plant_disease_classification --shrink_train 800,aptos19_blindness_detection --shrink_train 800
lapgyn4_anatomical_structures,0.0,0.0007551320567230277,0.0007557378469993167,0.0010334127539526666,0.0018080906813075274,0.0031608381127701526,0.004720196672165154,0.0014077165911607107,0.003200893087084997,0.003692335905473707,0.0022191856037193946,0.0021313631600043334,0.0021058485163819403,0.001991838542072625,0.004082651274736202,0.004349483101575255,0.0011144823907782752,0.0010459289397200247,0.0013034502697944939,0.0013366255094382233,0.0009594372826666368,0.0009642290704962332,0.000963500451397948,0.0009574074054177071,0.0009586706842486043,0.0009584744242463463,0.0009578539633495968,0.0020123186127835456,0.001608720509360144,0.0021774918756085324,0.004027298850286369,0.0034752917073567827,0.0029389649279256617,0.0018588197031195102,0.0018752785370981658,0.0019187384398082483,0.0018457554831592092,0.0019313648614504657,0.0018479353901922973,0.0018429360527038262,0.001933276655662552,0.0019118059475466995,0.0018861153622541848,0.0018239912259853269,0.001845807490466066,0.001950327911488999,0.002291421609840873,0.002088167342175703,0.0023028029496062713,0.0030147471913002212,0.0034109726335116147,0.0024110989650641887,0.0020300325192724776,0.0034158069636323765,0.0034149330047896598,0.003418691683425335,0.0034163358395466427,0.0018068952201223448,0.0017776257999057967,0.001770448221015628,0.002834516799960021,0.0047721409653291285,0.002373536655213507,0.00177727549013987,0.002114634957203384,0.0020614507819039273,0.0021135829460742516,0.0019470842632576379,0.002138527313640414,0.0023560921206398915,0.002842393921737639,,0.0008077964868518309,0.0007553395246515552,0.0010457062173485055,0.0047387710123620004,0.0014074255255805837,0.0036377014943607,0.002120795266946569,0.004066986031934831,0.001104832037965092,0.0010390202010260368,0.0013127501615454494,0.0013313712489124608,0.0009650883379748978,0.00096372033337506,0.0009711229054050734,0.0009781078295528069,0.0009743207010316192,0.0009528315101975032,0.0009650097270083148,0.0016239400830056674,0.004024471302296469,0.0029048864971513043,0.0018755583329663277,0.0018848753766505105,0.001915977533783998,0.0018552595132063673,0.0019222571972393255,0.0018456702261233774,0.0018260083088265187,0.00192086521453072,0.0019291237464938416,0.0018953575659985998,0.0018241549837665935,0.001854001936049479,0.00195879699152969,0.002295900574347298,0.0022992195773771516,0.0029468928365635333,0.0034336786101739816,0.003402281163171413,0.003420917915572701,0.0034277480490366528,0.003410287543647376,0.0017991430751308592,0.0017886563048868244,0.00176596133455204,0.0023692071552373515,0.0017758074401504113,0.002116326356280234,0.0020497526295068375,0.0021149013923343713,0.0019606487013866278,0.002133395235214837,0.0023627183638891707,0.0028203152611783688
lapgyn4_surgical_actions,0.0007551320567230277,0.0,0.0004718068164526484,0.0005893474760115553,0.0019633555903735027,0.003387250362776929,0.004960079914411159,0.001378803924807339,0.0034001406693031423,0.0037806516075633264,0.002333055475012048,0.002208788260679284,0.002124946293781819,0.0020355999144049753,0.004142115766201526,0.00445857571878997,0.0011823742138349171,0.0011236676839812233,0.0012621345848685902,0.001227330270635004,0.0007715035026953295,0.0007752874917412991,0.0007716428812393163,0.000769191096554078,0.0007694360698162065,0.0007726632921799903,0.0007675507367878766,0.0021783939427830216,0.001497513298510745,0.0023159383420158592,0.0042296517371724724,0.0037589349409851824,0.0030237201547473006,0.001804232013487246,0.0018142498392571117,0.001857186960690318,0.0017905649847643097,0.0018684379796665967,0.0017888668274072155,0.0017852624121759855,0.001878092760445831,0.0018479688529499296,0.0018256452063722848,0.0017679379121268036,0.0017908581419902238,0.0018899149379115287,0.0022944806542822124,0.002234154488578541,0.0022935468478778504,0.0032734678003085564,0.0035876283953207703,0.0023283568932794523,0.002004773204920888,0.003591984529916598,0.0035917279594879594,0.003594070573934404,0.0035914053748678774,0.001761199084801387,0.0017536236175278862,0.0017505733964198822,0.0029614768769027884,0.004931771099862477,0.002279261759282056,0.0016882264481613556,0.0020778253999791437,0.001948734569229003,0.0020185882064657776,0.0018685990892900832,0.002040773449117431,0.002457784429933993,0.002988626635101178,0.0007652751668531335,,0.000460275612779801,0.0005838916489245348,0.004978499587253225,0.001377527183028811,0.0037214395411488523,0.002139253975119903,0.004127586637464266,0.0011798933207194662,0.001120206559826625,0.0012671799372295785,0.0012230557234473591,0.0007820791144529062,0.0007781424240652684,0.0007749518802020449,0.000789112904828539,0.0007662719446135775,0.000765376024977876,0.0007858482349109487,0.0015020886030583252,0.00422788910892409,0.0029920287978464277,0.0018180599930616422,0.0018179936481427586,0.0018501091829379482,0.0017923597654096336,0.0018630129037326558,0.001790860165382695,0.0017737518212123469,0.0018650118289693326,0.0018609035801229786,0.0018397451552379968,0.001770202752519765,0.001791805306757621,0.0018965367446554492,0.002296363780927161,0.002295520968375827,0.003205910240404615,0.0036115305619493065,0.0035772910850064453,0.0035983369687506953,0.0036036982119558064,0.0035867043843181637,0.0017524955774493147,0.0017629995461998084,0.0017493300170654939,0.00227526784384575,0.0016797945298036316,0.002074012592350228,0.0019386976838391481,0.0020235442205763293,0.0018860312391686806,0.0020374822933042812,0.002465686811722062,0.0029635346191650104
lapgyn4_instrument_count,0.0007557378469993167,0.0004718068164526484,0.0,0.0005065020658616866,0.0018943713363016848,0.0032676342545504625,0.004833894645270063,0.0014266721748060474,0.003265176762945005,0.003685086464380789,0.002219376242668691,0.0021015978771098238,0.002062392074218454,0.001968522313499691,0.00407672960476352,0.004367807899601411,0.0011923436698733948,0.0011342317049664072,0.0013325112474819665,0.0013519055871529103,0.0007554486689661239,0.0007613238581556195,0.000754376133076829,0.0007501518000409607,0.0007527810073436891,0.0007550568153675539,0.0007514575792007335,0.0021112076064476043,0.0015904417454562702,0.00232735024394167,0.0041333137254843545,0.0036198943180256065,0.002960208635561403,0.0018846460081672197,0.0018962575142126047,0.0019372642339970689,0.0018680046231119509,0.0019492932661948751,0.0018689646419776194,0.0018639887068621702,0.001957621325065705,0.0019305026709703374,0.001905141469378666,0.0018439296936160914,0.0018701797550624401,0.0019676883112368314,0.00232082038832336,0.002182690347940236,0.002327395952116585,0.0031745159011640454,0.003498946673824618,0.0024076994089056868,0.0020484771030299716,0.003502831706348226,0.003502743679832854,0.003505394653673232,0.003502649849311164,0.0017719123008994753,0.001779054434879601,0.0017784745321397996,0.002931844897140573,0.004848687730570569,0.002271349098992508,0.0017356884837913724,0.002048302366582197,0.001999843306134501,0.001997755151449717,0.001871993719407416,0.002024579569706973,0.002438805927943183,0.0029344153524098453,0.0007638027145452373,0.0004807517466489617,,0.0005282753600589351,0.004851154718230539,0.001424407986036979,0.003627390794074793,0.0020786960538511454,0.004061673916427382,0.0011871084098713704,0.001126322507982331,0.0013416013584368744,0.0013475269970672494,0.0007678051634262192,0.0007597040047261077,0.0007687290689670323,0.0007682133702052727,0.0007517907176580024,0.0007423923330479563,0.0007644937286228153,0.0016022142916821721,0.004131775439690521,0.0029273760080072257,0.001901974095615031,0.0019010642800488956,0.0019299198766428841,0.001875701111917115,0.001941347401384953,0.001869688187175299,0.0018508616106061148,0.0019442473640137454,0.001944433979617769,0.0019171088830478944,0.0018468108542895388,0.0018751435549256158,0.0019766058082606765,0.002326882807748411,0.0023289975925189907,0.0031094361323167775,0.0035230649714644985,0.003488777624450764,0.003509298298138055,0.003514269104145736,0.003497654315905885,0.0017657951117314094,0.0017858660910566905,0.0017756827148507287,0.0022679443244544746,0.0017282577998814902,0.002046199153592044,0.0019890966224762868,0.002001666573849664,0.0018845095267237138,0.0020195675846423496,0.0024456673146198123,0.00291013356223156
lapgyn4_anatomical_actions,0.0010334127539526666,0.0005893474760115553,0.0005065020658616866,0.0,0.002106407691365033,0.0034389297626321105,0.00498185413158796,0.0015975872521815232,0.0034276289449687836,0.003809441569756294,0.002402516243560262,0.0022850364751905504,0.0022423028694175265,0.0021540123194744355,0.004183524501578736,0.0044950833140030635,0.0014298252825000568,0.0013828873697418675,0.0015026269985835346,0.0015132383349744454,0.0009933555296903806,0.0009982919233996036,0.0009911940209171338,0.0009893453407549045,0.0009912647279663568,0.0009944412341890518,0.0009899742788780225,0.002317414231375501,0.0016748187523088329,0.002514442241377433,0.004307358164427334,0.00382731277389612,0.0031148311241036754,0.0020321804804618038,0.0020410667980340267,0.002074339211640658,0.0020199064905506723,0.0020841484557673007,0.002016533810864702,0.002016144398936784,0.002094707644126112,0.002068862505330924,0.002046868983178846,0.0019963513747377464,0.0020148333079327424,0.002098658269223695,0.0024879021183742854,0.002357509288842042,0.002490973729867647,0.003367507824402829,0.003704258908130704,0.002502544106035823,0.002213127706981949,0.0037084542455258157,0.003707982987084309,0.0037100977153817043,0.0037080049943609686,0.0019362964032487886,0.0019462601791194174,0.00194542377593217,0.0031027237944399955,0.005023821335611902,0.0023879244491118792,0.0018969832730592676,0.0022087474043397384,0.0020851930597189476,0.0021156098175855475,0.0019895430612106306,0.0021534882443401838,0.002607356757039286,0.0031315723943520866,0.0010373603161592678,0.0006004113289010268,0.0005027291027097384,,0.005000276534109839,0.0015953911095834827,0.0037528242231797764,0.0022574591020814412,0.004169853538826598,0.0014254854983590396,0.001377446843860601,0.0015099960841179188,0.0015082606849158655,0.0010073172021336835,0.000999901217308763,0.0009996312115219405,0.0010088174622974381,0.0009811595282771997,0.0009844995314525118,0.0010021068268906772,0.001682019998463062,0.0043059143876588764,0.0030834574321290252,0.0020461529111790336,0.0020430275808076158,0.002067200839577586,0.002024400071964388,0.0020783268957660973,0.002018655662921551,0.0020039319935889564,0.002083025952265005,0.002078702921817623,0.0020589411737720912,0.0020006149092276202,0.002016943593062352,0.0021075297764371927,0.002491908554721457,0.0024924243770681233,0.0033051975504781905,0.0037276004040688055,0.003694135702596634,0.0037150772825464877,0.0037183159583981024,0.003703292447050305,0.0019292807088371333,0.0019528599442081036,0.0019437538560900822,0.0023847727370053173,0.0018865790946778775,0.0022039348628896185,0.0020757416427330594,0.0021218541296784883,0.0020028921355056627,0.002150196208578844,0.002615606680682152,0.003108997340472492
sklin2_skin_lesions,0.0018080906813075274,0.0019633555903735027,0.0018943713363016848,0.002106407691365033,0.0,0.0029758427452867327,0.004495681128956677,0.0020243045412048025,0.003095151994922037,0.0037051775383829316,0.002298464381187469,0.002249089160769423,0.0023031227526682683,0.0021512288694681,0.004131379169859311,0.004364301414434123,0.0015905526254984222,0.0016445364907666563,0.001997194838824676,0.0020585360092371177,0.001865388895703422,0.0018725234945825913,0.0018694360465316604,0.0018660420678382832,0.0018675425431597882,0.0018676389258248203,0.0018708085204339846,0.0014573545375225917,0.0021582702425516766,0.002093664561166513,0.003933045466359748,0.002914655944749317,0.003115231413721202,0.002329975721379698,0.0023494454992478643,0.0023896710991746493,0.0023135209144443357,0.0024029407959173296,0.002318157839761502,0.0023073548910836866,0.002407404674377016,0.0023978788600022153,0.0023562513963773716,0.0022738452417176308,0.002336123496587918,0.002422038147351341,0.0027692868865254964,0.0013074526577591626,0.0027978663252609275,0.002302683495848955,0.0031446281460868323,0.002885470541690594,0.0024184780900988385,0.003151924488033805,0.0031548876331290313,0.003157455394683123,0.003156525987023832,0.0020250522101604293,0.0019443108767890657,0.0019449193698537208,0.002714994421716275,0.004591708931002367,0.0027905224947350794,0.0022911783205718647,0.0024743947140465706,0.002652846349146703,0.0025151864567745565,0.002465506142748678,0.0025109888974173987,0.0025650515975862336,0.0026149070058570445,0.0018038282597017791,0.0019528676037777067,0.0019056862223598501,0.0021163641380867425,0.004511735583632692,0.00201935231855741,0.0036542081695179465,0.002305714327578999,0.004116174656345988,0.0015870853348984657,0.0016350951080076723,0.0020093141194244294,0.0020587168153273568,0.001860940984539966,0.00186593422919791,0.0018785052492373835,0.0018827251927090206,0.0018865697616701773,0.0018613598313333068,0.0018636796794254406,0.002188362110636591,0.00393239327484329,0.003077184472210375,0.002352053097084113,0.0023598087004377483,0.002385032848000905,0.002326975681839218,0.002388312781144481,0.0023168012364768024,0.0022927610799608096,0.0023982319879037083,0.0024154124006636334,0.0023664784011179158,0.0022735308493028747,0.002352707278175473,0.0024332863440108365,0.002782925853403199,0.002794796209217664,0.002254422815957818,0.003162796361188404,0.0031398190326162837,0.003161931606262776,0.003159342505361339,0.0031498164222789633,0.0020180870426259783,0.0019463528996785352,0.0019372019721326397,0.002791472833144346,0.0022864308424970546,0.002477310616808735,0.0026394418109379164,0.0025130373014021854,0.002471166239289662,0.0024967979576349555,0.002570490635416204,0.002591439151824141
identify_nbi_infframes,0.0031608381127701526,0.003387250362776929,0.0032676342545504625,0.0034389297626321105,0.0029758427452867327,0.0,0.0030451415115938605,0.003563517894918663,0.0027054395745056015,0.0030961705004051558,0.002551704063109169,0.0025855175060450165,0.003047703678389792,0.002810190378985979,0.003968707944058499,0.0040765232441879575,0.0031571102922808006,0.0032265622961425862,0.0035194429369386224,0.003605994151324875,0.0033859731145449903,0.003395586978520481,0.003391759337212105,0.0033802290498847125,0.003389117648398669,0.003385204062484199,0.0033951040232990813,0.00270097783770839,0.0033602632819266635,0.002792927839129077,0.003463292885275739,0.0031307865412783806,0.0036120686550552917,0.0036951019073531506,0.003649592621121376,0.0036510472965258695,0.0036905873182753305,0.0036445864150383878,0.0036800541995070006,0.0036761202027513675,0.00365322673635527,0.00369806703437299,0.0036486211504695677,0.003669385927005688,0.003652042170838294,0.0036525067214612877,0.003794988014021805,0.002738611830203886,0.0038651081292601693,0.0026347591379544126,0.003907833018179197,0.004181050948781139,0.0036826590482732127,0.003909206170763794,0.003915587283622857,0.003919549215703082,0.003924268178045746,0.003691012467905816,0.0036552728058668,0.003654460095328967,0.002778588456763647,0.005055026333923452,0.0036311003753889525,0.0035632110814412545,0.0033553437108260658,0.003821342936771219,0.0033863602560309817,0.003467336592292929,0.003491476361833348,0.003273391083080693,0.003622905596250493,0.0031520677180525113,0.0033330727048564695,0.0032857973404830064,0.003458805617621453,0.0030538672851442893,0.0035594386566241143,0.0030895564273850503,0.0030413837936985244,0.003949840489305495,0.0031470012421171163,0.0032143605434260232,0.0035332674057809844,0.0036028630041107625,0.0033830452177062327,0.003377953948034003,0.003401650265717548,0.003396964207979423,0.0034020260044134434,0.003381193548792501,0.0033747059571261973,0.003395440779460619,0.003472464844155658,0.00360229993158961,0.003706964967877491,0.0036651925251463885,0.0036517809449353967,0.0037307234906822032,0.0036157456535400546,0.003666259334347062,0.003654284020178546,0.003648550116992123,0.003708881499903962,0.003649177346613908,0.0036781361783453513,0.003669098638004847,0.0036648116158707975,0.003821496599587225,0.003858671054467249,0.0026059900306622218,0.003917206900381277,0.003906399660674682,0.0039165055152128175,0.003913666264946091,0.003917214081466886,0.0036970037392252764,0.0036611408231110435,0.0036367263214268485,0.003636523961465613,0.0035600709892040566,0.0033615346274868062,0.003814039295572346,0.0033824943635490778,0.0034526801438088846,0.0034776683861643294,0.00327783035217214,0.003615195656558411
laryngeal_tissues,0.004720196672165154,0.004960079914411159,0.004833894645270063,0.00498185413158796,0.004495681128956677,0.0030451415115938605,0.0,0.005086586053696844,0.003912856380609978,0.0034998787102201263,0.003930760151732175,0.004019849024105254,0.004252339951589575,0.004023369203569897,0.0045859746348638625,0.004536103373566673,0.004812146799812024,0.004838646678683962,0.00507691739571671,0.005216253739110942,0.0049652616096234285,0.004976272300463473,0.004969704926561276,0.004960326394779946,0.00496748031541383,0.004964435446833469,0.004972394789305454,0.004148972604508903,0.004914601131350841,0.004481764726867456,0.004441446865344433,0.004280500751478475,0.004864572590570541,0.00535130923992596,0.005328586122794991,0.005330922856900771,0.005352255407452562,0.005323802421301375,0.005340594589203871,0.0053435116167614705,0.00532736027099154,0.005361168748114679,0.005324280687802889,0.005336013857295271,0.005296523247535346,0.005325225645399704,0.005371255831114334,0.00432462521173171,0.005440430960153387,0.0036943703854563146,0.004852404287474419,0.0058078898171551084,0.005224622534566366,0.004854642922927418,0.004861022305222135,0.004863352075977728,0.004868103688151157,0.005176300288845106,0.005136675967083939,0.005135119432499431,0.004299612303227322,0.005627211384818266,0.005059056175732818,0.005140549150689249,0.004938148974404956,0.005317802936261211,0.004970271495779039,0.004976614603554794,0.005056899989933317,0.004725366087884899,0.004843265936455058,0.0047131420284471795,0.004949601090850972,0.004849884361035707,0.004998616913090938,,0.005081273997409663,0.003537983401978067,0.004242189081490139,0.004573567703499495,0.004804138043244585,0.0048289876597809615,0.005089038599035492,0.0052117797007570025,0.0049634367260040745,0.004956617463982906,0.004978957458132444,0.004975676906240137,0.004978621114509134,0.004959232893596001,0.004955244924025648,0.004952086752349494,0.0044502861639909574,0.004858530324748854,0.0053589104218982695,0.005343366908895794,0.0053270468122625664,0.0053826830274867725,0.005304899203428193,0.005331279408847206,0.005321805480482646,0.0053223554441762504,0.005373874286759691,0.005323833985155194,0.005341071360556461,0.00531105011868335,0.00534076924622421,0.005396583669093225,0.005431657494311797,0.0037028480469438714,0.004857897691857437,0.004854380489519984,0.004862928315642508,0.0048559095311218395,0.0048596125611668544,0.005181809745211517,0.005143583665995501,0.0051199311304365724,0.0050631104691112325,0.005138942284062867,0.004944347202261714,0.005312441612621946,0.004964656141549808,0.004962638590911205,0.005043013593387121,0.004732338544609253,0.004840644232988346
nerthus_bowel_cleansing_quality,0.0014077165911607107,0.001378803924807339,0.0014266721748060474,0.0015975872521815232,0.0020243045412048025,0.003563517894918663,0.005086586053696844,0.0,0.0035911033577250553,0.0038253286888017346,0.0025072337640560656,0.00236081734392923,0.0022172985294600512,0.0021360691590173704,0.004271761102717481,0.004579964108149355,0.00109730619000277,0.0009720384144378556,0.0005748406575222053,0.0009914778338465384,0.0011733232241174394,0.001173111844908729,0.0011730503149726512,0.001175899269639325,0.0011757710276433392,0.0011733013000382278,0.0011736962125249426,0.0023129818238658622,0.001434691510522453,0.002497529220581443,0.004411165731891665,0.0038969464782804236,0.0030580900363106874,0.001914765765585441,0.0018916417591971896,0.0019305692226854582,0.0018849869898272934,0.0019366549590445936,0.0018879088170114084,0.00187435545367337,0.0019480966698718972,0.001939191407927485,0.0019049065026626785,0.0018604677866445932,0.0019008924936303098,0.0019655947753487147,0.002464226370192982,0.002328918139808229,0.0024666892646104735,0.003373263400453231,0.003581746824595401,0.0025107190517913635,0.001951529028094397,0.003586360841937098,0.0035870830434245353,0.0035902677090007716,0.0035832699119211645,0.0015296051191301726,0.0014993156915848386,0.0014893949258554186,0.0030806504169179263,0.00491431755430672,0.0023949256290404152,0.0017364120268397528,0.002108177337214857,0.002022139701862218,0.002139477836805264,0.0019501022449504985,0.0020848563599186365,0.002686878238696854,0.002980363780497949,0.0014080596494111181,0.0014413702400543095,0.0014296284918298378,0.0015908889285010416,0.005106871769989918,,0.0037640793073139564,0.0022265207053987265,0.0042645571528770335,0.0010877124994445766,0.000994264734761332,0.0005798343217881148,0.0009820397797148835,0.0011728169825820551,0.0011791333975700977,0.0011729287566113983,0.0011831018861250767,0.0011811848365209324,0.0011715963520687097,0.001179249631317927,0.0014386604841467232,0.00440928131298452,0.003022256281277643,0.0019287630581064107,0.0018954977656462913,0.0019245550534164471,0.0018900670604319438,0.0019329954162717786,0.001889916544083125,0.001864045934895807,0.0019380446012194417,0.0019530261895048737,0.0019177409736846856,0.0018607083900709358,0.0019035713372647122,0.0019682502246993016,0.0024646250307902014,0.002465801168494086,0.0033106725630907665,0.0036078974890844315,0.00356966939834702,0.003591963059483444,0.0035994297897909643,0.003578537640711155,0.0015192706003905032,0.0015083435015690568,0.0014842776441400664,0.0023914373182610843,0.0017283144931562462,0.0021094703107628512,0.0020146560801183417,0.0021425190739507776,0.00196689192894416,0.0020774451183058497,0.0026937050527827914,0.002954967911501064
stanford_dogs_image_categorization,0.003200893087084997,0.0034001406693031423,0.003265176762945005,0.0034276289449687836,0.003095151994922037,0.0027054395745056015,0.003912856380609978,0.0035911033577250553,0.0,0.0035534259727354315,0.0017150756542446742,0.0017655404831236616,0.0025660813195299195,0.002455368527204711,0.003954977622939843,0.004060860929177455,0.0032674476094397735,0.0033273468103672504,0.0035520935730688364,0.0036365014604500534,0.0034551636772062124,0.003463111293298096,0.00345805637869523,0.003450953138154426,0.003455934904321366,0.003454809892348142,0.0034612717807032886,0.0028148982852561665,0.00346671841774862,0.00313539699964176,0.0037760084454591574,0.003262355768103936,0.0035372921287323503,0.003787088751226763,0.0037608622127176233,0.003769569588958891,0.0037806826609352983,0.003765567497560566,0.0037720687860199114,0.003765309234259143,0.003773956209425259,0.0038006992091323202,0.0037629994356826193,0.003767262229805492,0.003747964213845603,0.0037749671310137317,0.003925002465612674,0.0029818449600460617,0.003974055706376148,0.0031037633848029203,0.003972214818726104,0.004207148157847975,0.003611927213978586,0.003972248234294165,0.003978853024666947,0.003980688028325604,0.003984058697452527,0.0036302185756452244,0.00357945305196153,0.003581054827576761,0.0032833055280019445,0.005006508336291561,0.003562132695696109,0.0035991571069465345,0.003358029199046246,0.0037794491921815587,0.003344727117065695,0.003398766268293687,0.0034638596925397405,0.0032203843346471327,0.0037328743431501435,0.003194235842195142,0.003361193764492153,0.003282846504399297,0.0034479311166365897,0.003917417119026689,0.0035874618774531,0.0035262761083539058,0.002575963434343807,0.003930821290861667,0.0032633870617332595,0.0033163951489149374,0.0035612501535771945,0.0036362965270739247,0.003453403585771862,0.0034504362868881754,0.0034725465503590066,0.003465083421564632,0.003470915818201196,0.003451213942051146,0.0034461156399813765,0.003505419293600736,0.0037828182603478833,0.0035258743385063436,0.003802182173734462,0.003773392375114755,0.003770021291918459,0.0038071126555836443,0.0037509408520671724,0.0037732489130681965,0.0037471212940535775,0.0037688411706652113,0.0038127940876050027,0.0037648009096555735,0.0037690288168907593,0.003753918927301472,0.0037882085407809837,0.003945399799116276,0.0039697354983043625,0.0030854631610267563,0.003979544781053621,0.003968143628487559,0.003985870478801374,0.0039777552466346185,0.003976755543552325,0.0036318658918421958,0.00358696301107646,0.003566380112508108,0.0035645480864331296,0.003590367425514833,0.0033599952304850375,0.00377136223777653,0.0033374475681269005,0.0033903432872092482,0.0034491102216592266,0.0032261648606875934,0.0037236370280334975
svhn,0.003692335905473707,0.0037806516075633264,0.003685086464380789,0.003809441569756294,0.0037051775383829316,0.0030961705004051558,0.0034998787102201263,0.0038253286888017346,0.0035534259727354315,0.0,0.0031082194312809174,0.0031285247424187018,0.0027145556779322503,0.0025386075989046234,0.0029886458917710657,0.0030054466804398817,0.0036435070579896975,0.003636065206736612,0.0037933592663925613,0.003897329337770319,0.0037340468322916505,0.003740291181082255,0.0037357311635577723,0.0037284280506497463,0.0037342223106234616,0.003733258676942402,0.00373889906621294,0.0034950904187970476,0.0037614864377647187,0.0037049852738077994,0.004172502447516854,0.004005224687257693,0.004093947383282498,0.004091013302909988,0.004043036956704554,0.0040544188830729695,0.004077204843805473,0.004043618314159721,0.00406933513020411,0.004064696854824053,0.004055228406402914,0.004088186114359631,0.004046221098275009,0.004058836666501061,0.004029235387106258,0.004055885912769894,0.004292033233409327,0.0036526828399594483,0.004347646792412558,0.0036417754375653614,0.004420607612757823,0.004583308415194175,0.0040487065604559395,0.004421951018320583,0.004426398142589088,0.0044328009537018655,0.004425905767434264,0.003955095561829923,0.00391139378487868,0.003914059697843704,0.0037878237711469693,0.005435071112353003,0.003939668993529471,0.0038835309000603644,0.003811036144855291,0.004053413724184435,0.0038369677031920312,0.0037616688971057084,0.0038943011467640898,0.00397307959126577,0.004244229475934362,0.0036883707917657934,0.003778913393259223,0.0036953851414695356,0.0038211981753565713,0.003511891915573572,0.003820602963774603,,0.0026964280897415456,0.0029866988933870808,0.003638840037992637,0.0036302981416419383,0.003801585053392341,0.00389774899530022,0.0037301905199041687,0.0037282246958516667,0.003741719151078895,0.0037434643163451204,0.003743724142312604,0.003729401558470738,0.0037270019834244657,0.003789668298022982,0.004175788999308922,0.0040862743175460355,0.004100564868507611,0.00405229160056505,0.004046965252554772,0.004103672246875176,0.004024911494052299,0.004063028627683502,0.0040468389431327165,0.004051839572924528,0.004098925890168618,0.0040523102582872075,0.004065722743056541,0.004040493868604859,0.004065495735673542,0.004314765012505136,0.00434057656285282,0.0036234565573038937,0.004433453026684804,0.004416245966847126,0.0044273984533371715,0.004431132931533589,0.004422200116528656,0.0039533971711146814,0.003916616585404988,0.0039019549839974747,0.003940380769414869,0.0038827310318728923,0.0038200808188466632,0.004045891134081131,0.0038381671419652655,0.003754541947289711,0.0038784519698537526,0.003976956876004196,0.004240613894634381
caltech101_object_classification,0.0022191856037193946,0.002333055475012048,0.002219376242668691,0.002402516243560262,0.002298464381187469,0.002551704063109169,0.003930760151732175,0.0025072337640560656,0.0017150756542446742,0.0031082194312809174,0.0,0.0005063903325701107,0.001632234933193812,0.0014499767671471158,0.003468651452384872,0.0036667441700704534,0.0022185561902499755,0.0022388825451018384,0.002465427956468375,0.002531977007120768,0.0023508924453206357,0.002358831588646965,0.0023531633875763357,0.002345341697288895,0.002351874660001416,0.0023505332753260763,0.0023566255380646902,0.0021280504273230444,0.0024081835059445154,0.002518754626949276,0.0035303523424735535,0.0031049663939957603,0.0028941399342398465,0.0027664642122042686,0.0027521742797302906,0.00277394350264237,0.0027630473627673242,0.002771336157403452,0.002752127574452735,0.0027498651911569013,0.0027842728054580474,0.0027968721192172846,0.0027561757240871674,0.0027468541207271583,0.0027398391913917306,0.0027858118874288665,0.003039707743899311,0.0022811982299343527,0.003073736095683236,0.002762617669305396,0.0033900240017963185,0.0032927437449558213,0.0025934693252023257,0.0033932152575710155,0.0033964496849460115,0.0033986535434658315,0.003401051315007224,0.0025642122118390825,0.0025156007146359995,0.002517478916230356,0.0027697208607679515,0.004591394104603588,0.0025536260068708947,0.002517596196923269,0.002368464106321175,0.0026992961234928456,0.002290544248409788,0.0022862987211405427,0.0024100272874694583,0.0025316898269930814,0.0030872307144197584,0.002216159338394297,0.0023123570352334578,0.0022397999681041713,0.0024187114315926835,0.003940095653162481,0.0025029842720247883,0.0030649408325332675,0.0016456740951127004,0.003451917300999949,0.0022168364936123288,0.0022304926623811713,0.0024730218406480175,0.002531435478787281,0.0023476867978680935,0.002346726237565924,0.0023697109969206213,0.002361866251688503,0.0023658052292564024,0.0023494968859076575,0.0023420315346789726,0.002446017324981665,0.0035322627245867157,0.0028713887597676463,0.0027834340538268956,0.0027669552237237095,0.0027715367199196398,0.0027875208140364285,0.002759664497165636,0.0027512485814249373,0.0027291381187256277,0.0027749937452220957,0.002810194604257062,0.0027642072167218088,0.0027475184899102556,0.0027452220839142803,0.002801138789892839,0.0030549170629617112,0.003071221847132877,0.0027276609010453232,0.003405940587509544,0.0033842769252447253,0.0033999688486386474,0.00340102259870196,0.003396166331116594,0.0025639667286793495,0.0025222114391910775,0.0025029507649017594,0.0025541050715537075,0.0025023028491301977,0.00236676265500552,0.0026898795275366186,0.0022867411004997206,0.0022892017521509624,0.0023974370908757666,0.0025365577605420356,0.003075020989822365
caltech256_object_classification,0.0021313631600043334,0.002208788260679284,0.0021015978771098238,0.0022850364751905504,0.002249089160769423,0.0025855175060450165,0.004019849024105254,0.00236081734392923,0.0017655404831236616,0.0031285247424187018,0.0005063903325701107,0.0,0.0015555624263315616,0.001367224456185004,0.003492811382768575,0.0037163479638400885,0.002110742435739614,0.002130867975154086,0.002332801108820379,0.002387339595741658,0.002219070388883167,0.002227069513580993,0.0022210494728922337,0.0022138446680077164,0.0022198602961460237,0.0022188034290650882,0.0022251264691445748,0.002077467994881579,0.002271880020796142,0.002469274334076234,0.00354939279090114,0.0031275865371723026,0.0028313347175794585,0.0026355576898871615,0.0026215177839035994,0.002645602838828332,0.0026318180079844796,0.0026447108916781478,0.002620241502867972,0.002617946245771347,0.002658189954022671,0.0026673163357342497,0.0026265215238216464,0.002615420912437976,0.0026131557404152793,0.0026594986468367614,0.0029074623026862628,0.0022415034956773418,0.0029407488039460655,0.002770724876264322,0.003328638209152443,0.003169005031399471,0.0024710521231896118,0.003332506593261595,0.003334651119807696,0.0033367953031495845,0.0033390838152912695,0.002440417240314593,0.0023970246509377236,0.0024017480689453906,0.0027409533041358914,0.004541543741668171,0.002428031052612115,0.0023666482618150218,0.0022135680450405533,0.0025859640600436684,0.002132677888621777,0.0021377575269006317,0.002254473403865127,0.002472414029916923,0.0030018176304384223,0.0021296145977841795,0.002184910419035538,0.002121616891546333,0.002298623965089956,0.0040291134285311446,0.0023569405970023487,0.0030838743164431697,0.0015668043617286412,0.003476628599356011,0.0021102644823108923,0.0021239326977197416,0.0023397080114411746,0.002387907535341521,0.0022153270031003884,0.002215885953138533,0.002236530011539001,0.002229969129214889,0.0022337199737579973,0.0022180442774236845,0.0022100440851993237,0.002309796316542126,0.003551716364725322,0.0028083287944397207,0.0026529305063977687,0.00263601800770093,0.0026424769507229842,0.002655529738879002,0.0026332581747461766,0.0026206159575473025,0.0025975651709802625,0.0026476912820650395,0.0026808156704891672,0.0026350695287415938,0.0026165078722916353,0.0026180235555225404,0.002674679030144161,0.0029223900469357144,0.0029370431433708255,0.0027343319820290284,0.0033444005822609495,0.0033230500558988924,0.0033382192113207716,0.003340635842668565,0.003334669345756664,0.002440245299795938,0.0024034639978866125,0.0023877929204220785,0.002430818873280399,0.0023487235739931963,0.0022118115304694446,0.002576973991537968,0.002128298641452283,0.0021414110264776913,0.0022403354638656963,0.002477335336147796,0.0029885913110424744
cifar10_object_classification,0.0021058485163819403,0.002124946293781819,0.002062392074218454,0.0022423028694175265,0.0023031227526682683,0.003047703678389792,0.004252339951589575,0.0022172985294600512,0.0025660813195299195,0.0027145556779322503,0.001632234933193812,0.0015555624263315616,0.0,0.0005697889916052466,0.0033819937341792185,0.0036413571935470933,0.0020518334294460233,0.0020513748086585324,0.0021796314764931275,0.0022173186609497028,0.002080622142393113,0.002087195246885188,0.002080926830203742,0.002079324586949194,0.0020800016669819373,0.002080602620561898,0.002084245754081289,0.002250094293421802,0.002176690904845762,0.0024602342520163474,0.0039103952660019745,0.0034717095006324477,0.0031380269076445037,0.0025270269031208137,0.0024954207721557967,0.0025265721530207718,0.0025111408344791145,0.0025237384858605967,0.0025048162170479265,0.0024935037181615227,0.0025431594782224553,0.0025534159799546095,0.0025098730191784363,0.002490367931847682,0.0024951051574322305,0.002550339206772568,0.0029425961276043906,0.0023433334753076313,0.0029654302148055013,0.0030922089349445982,0.003590791958437336,0.00308377085635432,0.0024926527317738582,0.0035946765519683467,0.003595058845944403,0.0035986872058034348,0.0035975595913534785,0.0023327016579497623,0.0023102751830988326,0.002316346723617634,0.0028120245820400106,0.004839424096889746,0.002621344115574387,0.0023595695278687207,0.0023877193416869114,0.002568385075586615,0.0023654542291196862,0.0022830351382983434,0.002423586281777835,0.002677327253684585,0.0031713399098990333,0.002102552049873619,0.002140821767635876,0.002075765776472137,0.002246267268282764,0.004263787047135389,0.0022127346562460354,0.00265582092870595,,0.00337711430678611,0.00204661296791964,0.002046537221315081,0.002186191216927654,0.0022173925601166817,0.002077483243835253,0.0020774362769020787,0.002093024321531592,0.0020907780030545798,0.00209064115903178,0.0020803656160325043,0.0020745916473107495,0.002204869189936196,0.00390990654522556,0.0031130817699247014,0.00254223189783305,0.002505747798726121,0.0025261213859708786,0.0025290521664087908,0.0025109693504232434,0.002504259911237679,0.0024810027370826965,0.0025321883744717447,0.0025653364739505794,0.002520169511314832,0.00249160639220123,0.002496180310705578,0.0025628989913825846,0.0029555769487306107,0.002963509694746462,0.0030521469587956457,0.0036103425361673326,0.003583254926899322,0.0035977093007329014,0.003604852062607941,0.0035947201583025066,0.002329407987909841,0.0023178579643345874,0.0023066075732059697,0.002623073586367258,0.002348655571161773,0.0023896001922692144,0.002557959707952505,0.0023658851478003127,0.0022931228566745628,0.0024116370139672374,0.0026837454067427553,0.00314987271243168
