,lapgyn4_anatomical_structures,lapgyn4_surgical_actions,lapgyn4_instrument_count,lapgyn4_anatomical_actions,sklin2_skin_lesions,identify_nbi_infframes,laryngeal_tissues,nerthus_bowel_cleansing_quality,stanford_dogs_image_categorization,svhn,caltech101_object_classification,caltech256_object_classification,cifar10_object_classification,cifar100_object_classification,mnist_digit_classification,emnist_digit_classification,hyperkvasir_anatomical-landmarks,hyperkvasir_pathological-findings,hyperkvasir_quality-of-mucosal-views,hyperkvasir_therapeutic-interventions,cholec80_grasper_presence,cholec80_bipolar_presence,cholec80_hook_presence,cholec80_scissors_presence,cholec80_clipper_presence,cholec80_irrigator_presence,cholec80_specimenbag_presence,derm7pt_skin_lesions,idle_action_recognition,barretts_esophagus_diagnosis,brain_tumor_classification,mednode_melanoma_classification,brain_tumor_type_classification,chexpert_enlarged_cardiomediastinum,chexpert_cardiomegaly,chexpert_lung_opacity,chexpert_lung_lesion,chexpert_edema,chexpert_consolidation,chexpert_pneumonia,chexpert_atelectasis,chexpert_pneumothorax,chexpert_pleural_effusion,chexpert_pleural_other,chexpert_fracture,chexpert_support_devices,pneumonia_classification,ph2-melanocytic-lesions-classification,covid_xray_classification,isic20_melanoma_classification,deep_drid_dr_level,shenzen_chest_xray_tuberculosis,crawled_covid_ct_classification,deep_drid_quality,deep_drid_clarity,deep_drid_field,deep_drid_artifact,kvasir_capsule_anatomy,kvasir_capsule_content,kvasir_capsule_pathologies,breast_cancer_classification_v2,eye_condition_classification,mura_xr_wrist,mura_xr_shoulder,mura_xr_humerus,mura_xr_hand,mura_xr_forearm,mura_xr_finger,mura_xr_elbow,bean_plant_disease_classification,aptos19_blindness_detection,lapgyn4_anatomical_structures --shrink_train 800,lapgyn4_surgical_actions --shrink_train 800,lapgyn4_instrument_count --shrink_train 800,lapgyn4_anatomical_actions --shrink_train 800,laryngeal_tissues --shrink_train 800,nerthus_bowel_cleansing_quality --shrink_train 800,svhn --shrink_train 800,cifar10_object_classification --shrink_train 800,mnist_digit_classification --shrink_train 800,hyperkvasir_anatomical-landmarks --shrink_train 800,hyperkvasir_pathological-findings --shrink_train 800,hyperkvasir_quality-of-mucosal-views --shrink_train 800,hyperkvasir_therapeutic-interventions --shrink_train 800,cholec80_grasper_presence --shrink_train 800,cholec80_bipolar_presence --shrink_train 800,cholec80_hook_presence --shrink_train 800,cholec80_scissors_presence --shrink_train 800,cholec80_clipper_presence --shrink_train 800,cholec80_irrigator_presence --shrink_train 800,cholec80_specimenbag_presence --shrink_train 800,idle_action_recognition --shrink_train 800,brain_tumor_classification --shrink_train 800,brain_tumor_type_classification --shrink_train 800,chexpert_enlarged_cardiomediastinum --shrink_train 800,chexpert_cardiomegaly --shrink_train 800,chexpert_lung_opacity --shrink_train 800,chexpert_lung_lesion --shrink_train 800,chexpert_edema --shrink_train 800,chexpert_consolidation --shrink_train 800,chexpert_pneumonia --shrink_train 800,chexpert_atelectasis --shrink_train 800,chexpert_pneumothorax --shrink_train 800,chexpert_pleural_effusion --shrink_train 800,chexpert_pleural_other --shrink_train 800,chexpert_fracture --shrink_train 800,chexpert_support_devices --shrink_train 800,pneumonia_classification --shrink_train 800,covid_xray_classification --shrink_train 800,isic20_melanoma_classification --shrink_train 800,deep_drid_dr_level --shrink_train 800,deep_drid_quality --shrink_train 800,deep_drid_clarity --shrink_train 800,deep_drid_field --shrink_train 800,deep_drid_artifact --shrink_train 800,kvasir_capsule_anatomy --shrink_train 800,kvasir_capsule_content --shrink_train 800,kvasir_capsule_pathologies --shrink_train 800,mura_xr_wrist --shrink_train 800,mura_xr_shoulder --shrink_train 800,mura_xr_humerus --shrink_train 800,mura_xr_hand --shrink_train 800,mura_xr_forearm --shrink_train 800,mura_xr_finger --shrink_train 800,mura_xr_elbow --shrink_train 800,bean_plant_disease_classification --shrink_train 800,aptos19_blindness_detection --shrink_train 800
lapgyn4_anatomical_structures,0.0,5.8440786453708014e-05,5.847880779494592e-05,8.032528010569451e-05,0.00013190658468404916,0.0002470330320048376,0.00034548667261657663,0.00010561673462530888,0.00026728088591739397,0.0002789752143841472,0.00018143386556813496,0.0001743013441918318,0.0001652054033297431,0.000153018853073203,0.00030061851578886225,0.000327506919917625,8.351336849659634e-05,7.83369655870161e-05,9.637576651465795e-05,0.00010364532893201065,7.206933467019964e-05,7.242099454380079e-05,7.234284789898813e-05,7.182836792205195e-05,7.200230498931412e-05,7.198029656720973e-05,7.194591175608406e-05,0.0001504470554664152,0.0001261892228847858,0.00016533609626714153,0.0003244642336017168,0.00027379952710762943,0.00023134828015064908,0.00015056202080412906,0.0001509403985558524,0.00015424536141011707,0.00014934538845453622,0.00015474253426309712,0.00014946189070502459,0.00014915208871777623,0.00015484528603913864,0.00015379288089867262,0.0001516904169757646,0.0001475310899013572,0.00014808022145955827,0.00015609888559983356,0.00018426003658613506,0.00015601299480497106,0.0001859722091301018,0.0002240100249994648,0.00027159893456107356,0.0001946467313108736,0.0001633987018107203,0.00027211307663777776,0.00027188620188118656,0.0002726102283154904,0.0002720664760987592,0.00013684632712764895,0.00013543005444362075,0.00013472248857641228,0.00021146105183792038,0.00039659076515718235,0.0001906956734373546,0.00014250071888724438,0.00016577146946162403,0.00016355167654554632,0.00016807784356294469,0.0001552130218749114,0.0001699482426745519,0.0001850655107998255,0.00022805242088009016,,6.19343526375349e-05,5.854029538784849e-05,8.12504319416616e-05,0.0003467186283352217,0.00010549742514993964,0.00027487039604261296,0.00016665178076614426,0.00029926013097921156,8.288260275548143e-05,7.770055457343481e-05,9.720500405695161e-05,0.00010320001748083659,7.262466096823326e-05,7.229813071807858e-05,7.268914597113399e-05,7.370539741770318e-05,7.306933504802099e-05,7.170008985548978e-05,7.264396724597545e-05,0.00012745554073769624,0.00032424074292502787,0.00022799728827548683,0.0001517081371286709,0.00015164129725961774,0.00015377191186136092,0.00015011554015139633,0.00015387432371021567,0.00014907225144373762,0.00014739836261478913,0.0001541831453461983,0.00015516257213882392,0.00015247276382510523,0.00014779549069615278,0.0001489160383361065,0.00015682908071801545,0.00018499552362207208,0.0001854395050913267,0.000217298037376307,0.0002738950711367261,0.0002706930769603927,0.0002725012543436237,0.00027330385695412227,0.0002714506078523146,0.00013631839667138044,0.00013625986998897492,0.0001341932809303092,0.0001900309412960963,0.00014225583549635722,0.00016610855546824837,0.00016238964651013745,0.0001685853138438163,0.00015606430556290614,0.00016904055915083443,0.00018566454883901887,0.00022616210926435098
lapgyn4_surgical_actions,5.8440786453708014e-05,0.0,3.850865848756632e-05,4.833819997035235e-05,0.00014316452096102528,0.00026308179716817335,0.00036331279760888944,0.00010657080456232371,0.0002811330555496784,0.0002871386315553367,0.0001898141546825488,0.00018016192399491945,0.0001684818505016884,0.0001575803095388996,0.00030692950137722224,0.0003370249519605564,9.110525672675996e-05,8.681358425358221e-05,9.672049541473417e-05,9.879981180854004e-05,6.146391381987874e-05,6.16141488258881e-05,6.145755786736147e-05,6.117832728574083e-05,6.121150021881348e-05,6.145039933555506e-05,6.108265091193973e-05,0.0001614443871730781,0.00011993793875930383,0.00017535655435573264,0.0003388846732340929,0.00029354946421163467,0.00023715765868263198,0.00014907567700463272,0.00014931749267585836,0.00015261260968542242,0.00014797279965666165,0.00015317604632073564,0.0001477935585290949,0.00014767980027573306,0.0001536512772500446,0.00015186010096164787,0.000150034021826683,0.00014595173219413522,0.00014668159352509202,0.00015461088107597036,0.0001855731764480774,0.00016637382877439616,0.00018654990321102213,0.00024217094720237577,0.0002848754396026848,0.00019086509594080155,0.00016339611343610223,0.00028538352536194763,0.00028513912439326057,0.00028572420702880166,0.0002852338842626959,0.00013583799077861272,0.0001355886142252211,0.00013527231822381452,0.00022014015086281203,0.0004091314437305233,0.0001859001719972872,0.00013818603705742082,0.00016473441557835313,0.00015786212073131718,0.0001624601432139765,0.0001512824366615525,0.00016484816386581162,0.00019351660251743066,0.0002394279017861586,5.9023529658092044e-05,,3.7726843719658684e-05,4.785601199412352e-05,0.0003645244838791006,0.00010642543512530035,0.00028275505940441155,0.00016990437542514048,0.0003056808565847421,9.097659940381162e-05,8.647582808122515e-05,9.721039818839735e-05,9.831062310870032e-05,6.217599119161653e-05,6.192363079546396e-05,6.149308027523465e-05,6.288418836671267e-05,6.085023592579778e-05,6.074780039548133e-05,6.248892531931462e-05,0.00012056702623352956,0.00033877762811877743,0.0002340490041395032,0.00015012792231496256,0.00014959617735331034,0.00015183399198593836,0.0001482797320123198,0.0001524907947849718,0.00014780835092855182,0.000146362646277855,0.00015287229965281533,0.0001528910383781649,0.00015118526106995601,0.0001464768929372924,0.00014701012664663897,0.00015524951020781162,0.00018609559036884788,0.00018647350951760106,0.00023553106407880826,0.000287242205704002,0.0002839609664796753,0.0002858372162588919,0.000286466801514053,0.0002847642503616621,0.00013515870624869673,0.00013640301005159855,0.00013501914787120105,0.00018533493220918923,0.00013752861711208798,0.00016471712115029427,0.00015685896971356212,0.00016305599869736472,0.00015235835958419655,0.00016413178696634902,0.0001941043402373147,0.00023720076531715047
lapgyn4_instrument_count,5.847880779494592e-05,3.850865848756632e-05,0.0,4.1758464519507226e-05,0.0001381975873070073,0.0002553869423299298,0.00035478989432110176,0.0001090911351798536,0.0002721229491849594,0.00028036510904467355,0.0001821905004645662,0.00017300730777151583,0.0001638652294360624,0.00015326238197269012,0.0003029815299580703,0.0003310699726642101,9.151707627397124e-05,8.685359528771695e-05,0.00010080611769055931,0.00010712032746768317,5.890069041403188e-05,5.912301868340345e-05,5.868442241276881e-05,5.841450621795304e-05,5.85860589765532e-05,5.87048631629716e-05,5.8443157838704105e-05,0.00015728952861850538,0.00012662038693588557,0.000177592028926873,0.0003330767808060649,0.000283902970153844,0.00023284971328223526,0.00015437473407690753,0.00015445688511189299,0.00015769098515256092,0.0001529014974839085,0.00015824469593164032,0.0001530181931172031,0.00015273216002230177,0.00015867907722896753,0.00015719483206825966,0.000155099897828271,0.00015084146212983652,0.00015192732808859383,0.00015956058966630024,0.00018742682214231644,0.00016321979211165354,0.00018889426447773604,0.00023571116449658342,0.000278731905793294,0.00019642528449807036,0.00016700646348409028,0.000279132375784751,0.0002789668072170949,0.000279567952402382,0.00027899465225854575,0.00013665590922695177,0.0001375665080603815,0.00013741665696813285,0.00021902128288738367,0.0004035478120896427,0.0001852936042723747,0.00014118328538296053,0.00016248062054203725,0.00016182292796267594,0.00016107092911609808,0.00015165937324568152,0.0001636436238410353,0.00019227154084542185,0.00023519725615888987,5.889998445596399e-05,3.907330416316297e-05,,4.3484180724039364e-05,0.0003559023673494092,0.00010891379667860279,0.0002761566585556901,0.0001654038433269607,0.00030168287648026044,9.108285642879134e-05,8.628802683769347e-05,0.00010164829518209188,0.00010659144961630611,5.976463248491164e-05,5.9007037950297594e-05,5.944538331241822e-05,5.982350021878833e-05,5.828007069201923e-05,5.775330942711986e-05,5.966641715427271e-05,0.00012769149106117657,0.00033300614808232695,0.0002296409201514645,0.0001557239886641007,0.0001547733855276168,0.00015693367595983975,0.00015361844923270074,0.00015744064870083695,0.0001528561865229015,0.00015131446305057076,0.00015792014964804643,0.00015837973643085775,0.00015605169016579868,0.00015143150674689889,0.00015267168772372915,0.0001603083615880252,0.0001882006289238446,0.0001887363600946446,0.00022917115288179763,0.0002811192310969721,0.00027779803855450876,0.0002796799471601135,0.00028027101799861086,0.000278545276123367,0.00013614148436760857,0.0001382038613569123,0.00013704748157945085,0.00018465410579560846,0.00014063106595966904,0.00016256966484642314,0.00016073266340393456,0.00016158496972134038,0.00015239175909036504,0.00016281739206763844,0.00019285198852377584,0.00023314658656257487
lapgyn4_anatomical_actions,8.032528010569451e-05,4.833819997035235e-05,4.1758464519507226e-05,0.0,0.00015530995202297148,0.00026873931653965515,0.00036675248691211276,0.00012398876171442006,0.000284486040263735,0.0002912022008710443,0.00019617102561408385,0.00018715166098149999,0.00017861084310433147,0.00016827287797612156,0.00031227538696442647,0.0003416146416551041,0.0001105896388920594,0.00010671654986175864,0.00011557176095385812,0.00012118818192902578,7.830219241024462e-05,7.858329997599397e-05,7.805743422745754e-05,7.792887970812385e-05,7.812052021528348e-05,7.828354293127448e-05,7.793187427599884e-05,0.00017285727380488496,0.00013342199354107864,0.0001923861793714856,0.0003456673478687853,0.0003000358859811989,0.00024515208874187946,0.00016716507891015333,0.0001671308035697767,0.0001697749223732846,0.00016611310986690237,0.00017015871932446258,0.00016584350572513624,0.00016592927490913435,0.00017079236830475991,0.00016952785058570196,0.00016755639253522684,0.00016406646161914063,0.0001646086806758237,0.00017119818907280896,0.00020172717431121343,0.00017686843238302153,0.00020298348418700213,0.0002504791930376483,0.0002950237497811776,0.00020568774391087975,0.00018084465799089465,0.00029547821318461325,0.000295254094421916,0.00029582893781928484,0.000295280471605025,0.00015050215666899614,0.00015164986545415437,0.00015137078021468838,0.0002330273500285434,0.00041731087247918693,0.00019571614200025446,0.00015492095135779215,0.00017573460651178544,0.00016984054750646032,0.00017089186903993927,0.0001617288318190251,0.00017440963134817138,0.00020617768348934053,0.00025079947993058394,8.042880072382834e-05,4.9122329102642e-05,4.156400851764663e-05,,0.00036794330098345905,0.0001238092081125882,0.00028704944545474584,0.00018006445558014128,0.00031111193547830206,0.00011022377647349293,0.00010630030534471298,0.00011635160669980698,0.00012063572658990059,7.930807342525423e-05,7.873329509643087e-05,7.854873521167242e-05,7.958373893445113e-05,7.704445435131126e-05,7.743501864403747e-05,7.893925228474149e-05,0.000134195496423953,0.00034566027878864405,0.00024207126998317902,0.0001682503978460139,0.00016730529060379778,0.00016903445852020123,0.00016674379713007778,0.00016941934027091973,0.0001657557069219169,0.0001645204358828819,0.00017011663367767752,0.00017026448936516004,0.0001685456725753837,0.00016473561118089645,0.00016509272819407837,0.00017194480184556205,0.00020238007532940333,0.00020289752277400958,0.0002441648761458236,0.0002973280618072241,0.00029408598956549923,0.0002960193110053349,0.00029650976000483346,0.0002948347230199885,0.00014996337740569434,0.0001522647178397443,0.00015109237248391602,0.00019502198381096813,0.0001542044514822345,0.00017563314011368247,0.00016894852581260405,0.00017161033792563983,0.00016261614228951532,0.00017361172430741087,0.00020683954086739455,0.00024883111153132685
sklin2_skin_lesions,0.00013190658468404916,0.00014316452096102528,0.0001381975873070073,0.00015530995202297148,0.0,0.0002417054441988841,0.0003420978786397687,0.00014662265535523965,0.0002632691364741895,0.00028913424068108316,0.0001883838398314652,0.00018352599710982085,0.0001826492974001639,0.0001682749905258019,0.0003147594006847511,0.0003376384676549643,0.0001154084673136449,0.00011822778814227894,0.0001425638178719388,0.0001511245199668068,0.0001326141148460727,0.00013308980660330512,0.00013280202343538157,0.00013258612671828235,0.00013283538450963717,0.0001327771082020285,0.00013300477089807095,0.00011225286294546226,0.00016291679785820437,0.00016216828174392585,0.00032505255921362825,0.000240200577955486,0.0002452279802025082,0.00018048297683030066,0.0001813297005892852,0.00018470248041533584,0.00017879991532314862,0.0001853509940398943,0.00017908422606143797,0.00017804898019953814,0.00018580364300943558,0.00018551129203656384,0.00018199667927424929,0.00017523144508302645,0.00017989740599729046,0.0001871249362424224,0.00021723660948245628,0.00010222157880531517,0.00021987203848967675,0.00017861838673225567,0.0002561079190604526,0.00022614914133502184,0.00018795859651557116,0.0002567460538216901,0.0002568686781144261,0.00025734101986202166,0.0002570164252009438,0.0001530813230775859,0.0001468551908262505,0.00014680486686592588,0.00020967839185788358,0.0003891145267449866,0.00022075256050263481,0.0001753634713892325,0.0001904238706497267,0.00020613473022128715,0.00019546284624060052,0.00019091009922699216,0.00019483607927881546,0.00020352934770009605,0.00020972672409666428,0.00013161849238380605,0.00014264322677043332,0.00013915667221150074,0.00015607156419384922,0.00034319324006249234,0.00014634461494380304,0.00028517492602444584,0.0001831313952572026,0.00031345831890351044,0.0001151169003733461,0.00011754131669965972,0.00014368241033330912,0.00015113562486406782,0.0001325944644796015,0.00013252167276075647,0.00013345286618180623,0.00013392573335353552,0.00013427027900616417,0.0001323353421994511,0.00013282066116075746,0.00016530008271374404,0.00032487294971103847,0.0002416662376147719,0.0001820298810209772,0.0001818469449289162,0.0001842655558833179,0.0001796271008220841,0.0001841995780267545,0.00017891768062781036,0.00017670042734150378,0.00018528704421551001,0.00018699905000829737,0.00018288677661221187,0.0001754985823122664,0.0001813981933331787,0.00018801565616402528,0.00021836465185267007,0.00021965965420440357,0.00017351844592223778,0.0002580328194618704,0.00025547202692582027,0.0002575875534914843,0.0002576857449935203,0.0002562278807217769,0.00015253960629232785,0.00014706574650398747,0.00014602602227018288,0.00022048937646258743,0.00017515897857660323,0.00019094733815983684,0.0002048835226849814,0.00019549564459548627,0.00019134301504042188,0.0001935574545228378,0.000204037046533309,0.000207824185973856
identify_nbi_infframes,0.0002470330320048376,0.00026308179716817335,0.0002553869423299298,0.00026873931653965515,0.0002417054441988841,0.0,0.0002348547494450402,0.00027579979163906183,0.0002336561037226786,0.0002509390538910643,0.00021003532653349883,0.0002123748116196933,0.0002472694555648939,0.0002278695102859203,0.0003109717207131549,0.0003256881542847052,0.0002478265071581583,0.0002518451090247572,0.0002714070347081454,0.0002796292182511669,0.0002609653483786149,0.0002617781216205202,0.00026146353066994156,0.00026057224483104306,0.0002613272048281368,0.0002608904880814262,0.00026169185530065743,0.00022092245376597252,0.00026608048467560567,0.0002308577353181697,0.0002919666056075548,0.00026066154535529047,0.00029416143785929784,0.0002964945844517697,0.00029221547135357593,0.00029301211429628906,0.00029584963842723414,0.0002925001707232275,0.000295027745278975,0.00029449112118316915,0.00029312325473458234,0.00029673668130671794,0.0002927035150153547,0.0002938103457998355,0.00029264536446872594,0.000293345382080644,0.0003101344274616592,0.00022390563363239283,0.0003158437049564833,0.0002153334757629707,0.00032485667525040913,0.000338450856373325,0.0002968392955653179,0.0003250244749777384,0.00032554556956526084,0.000326065979229159,0.0003262231062068173,0.00029449053777948306,0.00029100321780415055,0.00029056890803806125,0.0002310143360765374,0.0004339284337606261,0.0002957665738851001,0.00028478466156308454,0.0002691339049417182,0.0003072820876898652,0.0002738835551981334,0.00027879966632570705,0.0002827021682811721,0.0002705920379425772,0.0002983250405293702,0.0002462430304191548,0.00025970617130953173,0.00025675457725781706,0.0002704069044668406,0.00023537050891988908,0.0002753711031743043,0.0002508704934813022,0.0002465011765142367,0.0003091553426383401,0.0002467692253261492,0.0002510525496422179,0.0002724985672004455,0.00027908430335529864,0.0002608767101700335,0.0002604616482620146,0.00026207326186650123,0.0002618889852733827,0.000262303413969704,0.0002608592907998355,0.00026040624960233275,0.0002686323346688863,0.00029254826359371376,0.00029306647814786617,0.0002973254501470401,0.00029355415874153306,0.0002930255957495283,0.00029893479813564627,0.00029031313109935874,0.00029385269424675047,0.0002925867132509991,0.0002928168534744567,0.00029770883119781917,0.0002927780360987234,0.0002946804970060283,0.00029416188580632963,0.000294276966496654,0.0003121110116425738,0.0003154764495265905,0.00021259947986450038,0.00032611730576553394,0.0003245693171940612,0.00032596977881970074,0.00032569585034389104,0.0003254539695391217,0.0002949518024710836,0.00029148038806021254,0.0002893693799147181,0.0002960511433811116,0.00028432675434503484,0.0002698279761899388,0.0003063316463183765,0.00027361239146917805,0.0002778088419724072,0.00028133358492772045,0.00027102776905262564,0.00029766471636181926
laryngeal_tissues,0.00034548667261657663,0.00036331279760888944,0.00035478989432110176,0.00036675248691211276,0.0003420978786397687,0.0002348547494450402,0.0,0.00037231234640845874,0.0003120398291566954,0.00027978487620969664,0.00029806975871573746,0.0003039856104220218,0.0003214757287551983,0.0003022715113299372,0.0003579461666094376,0.0003602009758946837,0.0003541395340042574,0.00035503929809503826,0.00037012256992589903,0.0003824078933675865,0.0003606539003039356,0.00036148654010910875,0.0003610035579320102,0.0003603755970702045,0.00036097637097671007,0.0003606605212339182,0.0003612038919433336,0.00031577235481219023,0.00036404856692732443,0.00034362038950685705,0.00035833737494422304,0.00034304914330036203,0.0003760901558981631,0.0004051933261532089,0.00040297756330751305,0.00040368781577323993,0.0004051155754428795,0.00040296402396765134,0.000404122995291906,0.0004043261214291252,0.00040324374797384705,0.00040623783074463014,0.0004030061617010509,0.0004034652087696027,0.0004004496991146097,0.0004034142364239704,0.0004128240551590813,0.0003302947630977645,0.00041807130265008013,0.00028825947793335285,0.00038461251952957403,0.0004458255416893439,0.0003971865015055581,0.0003847308826549856,0.0003851499397187259,0.00038576919296041316,0.0003856807029643445,0.00038985042130631066,0.000386620863525204,0.0003860797782446529,0.000335772363399649,0.00047008442712959694,0.00038674286397454065,0.00038736854854338944,0.0003742867372454352,0.00040290834811227956,0.0003772822457144546,0.00037556152663846857,0.0003840660039611761,0.00036311751436363365,0.00037636434477510134,0.0003450634615384952,0.0003627754183804906,0.00035609394181501533,0.00036824006067002547,,0.0003718269508463539,0.0002819603186206428,0.00032083345981987854,0.00035693744904596067,0.000353503830718389,0.0003543051118195782,0.00037115151395305206,0.00038179168600203873,0.00036070106475310116,0.0003599046360832091,0.00036158504308873873,0.0003615585778175817,0.00036167507057358213,0.00036047262517901373,0.00036017846533481566,0.0003668397116571191,0.0003591470235583319,0.00037518724672875854,0.0004059132671827467,0.0004039373217883937,0.000403371640511724,0.00040736595233607103,0.0004017081157031213,0.0004033708234061883,0.0004023285236924075,0.0004029743058982274,0.00040726456360817246,0.00040309871588845166,0.0004041356570821514,0.0004018214329794738,0.000404564975878367,0.0004147329053997874,0.0004176482642248515,0.00028799783141889924,0.0003856784692405523,0.0003845385117849262,0.00038559725358152806,0.00038510105432773274,0.00038502952460267635,0.00039029435204154925,0.00038725964283837263,0.0003849497332208049,0.00038695678332099014,0.0003872747100112935,0.0003749410067248352,0.0004022087530409585,0.0003768094793242367,0.0003744905594118902,0.00038299243709737335,0.00036365650984601834,0.0003758535248371014
nerthus_bowel_cleansing_quality,0.00010561673462530888,0.00010657080456232371,0.0001090911351798536,0.00012398876171442006,0.00014662265535523965,0.00027579979163906183,0.00037231234640845874,0.0,0.00029627054982723925,0.0002908129627148794,0.00020355528599374053,0.00019180026442055416,0.00017503143570342175,0.0001650413356720607,0.00031864845721722593,0.00034727289059285476,8.215813726193989e-05,7.385594581854603e-05,4.5733899426669594e-05,7.994110290818698e-05,8.937345042809905e-05,8.919285742175226e-05,8.920389615297563e-05,8.948017305060106e-05,8.943302092662545e-05,8.921548422645599e-05,8.922954453148899e-05,0.00017032803871414468,0.0001133202368151503,0.00018770575770792606,0.0003542082148787511,0.00030256466257837233,0.00023920898856161275,0.00015587583737185857,0.0001533283726490655,0.00015582089358790062,0.0001535276563631459,0.00015596268898751523,0.0001537202162813785,0.00015276865045152238,0.00015660616194722264,0.00015687364117910357,0.00015402320025176532,0.000151542092321966,0.0001529639448236761,0.000158021523411401,0.00019684936219575144,0.00017281187522292103,0.0001981188222368626,0.0002486235343800657,0.00028226714952447125,0.00020299383875149038,0.00015766584765595094,0.0002826980429791241,0.0002826123095536762,0.0002831737157785735,0.00028240539906626566,0.00011769440308088183,0.00011637824274790022,0.00011560358105103895,0.0002273009168426356,0.00040564687741545665,0.00019201861815427307,0.000139526545498774,0.0001634445908254132,0.00016254784587741773,0.00016847232981210395,0.00015606275779884402,0.00016569224599061207,0.00020945298405531876,0.00023718583751117069,0.00010559852682680263,0.00011142824207795659,0.00010943627293871919,0.0001236876988313317,0.00037362265779406346,,0.00028629802878856847,0.00017617760247221376,0.00031790338083195725,8.149660170119617e-05,7.559450066392646e-05,4.6232004741135084e-05,7.915849222997636e-05,8.942093998765609e-05,8.947172381848632e-05,8.918089244491415e-05,9.018331998019783e-05,8.991354612908063e-05,8.889158214439165e-05,8.973816391361962e-05,0.0001140815944897917,0.000353906571770455,0.000235750808197904,0.00015688413200390302,0.00015357793198769658,0.00015526191983185675,0.00015400915311462724,0.00015538674853078193,0.00015363280603943692,0.00015152120147495217,0.00015613517635776054,0.00015793627112972508,0.00015491789796225622,0.0001519702469169373,0.00015376293394975995,0.0001584244620312777,0.00019727429100373234,0.00019775305033137424,0.00024234212163437005,0.00028475865758843317,0.00028117649771461774,0.0002831578914858621,0.0002839445157654912,0.0002818939096042313,0.00011692592626828398,0.0001170178074728197,0.00011509308498788277,0.00019134852258742492,0.0001388407765574583,0.00016388390071675902,0.00016179165409742994,0.00016898815154185823,0.0001568942521865948,0.00016453838156674266,0.0002101862469660286,0.000235128549339519
stanford_dogs_image_categorization,0.00026728088591739397,0.0002811330555496784,0.0002721229491849594,0.000284486040263735,0.0002632691364741895,0.0002336561037226786,0.0003120398291566954,0.00029627054982723925,0.0,0.0002997865485098761,0.00014811412157376028,0.00015185123270570848,0.0002219132984371951,0.00021370436582214287,0.0003256435985721363,0.00033729177193812603,0.00027347402977635635,0.0002775890457841176,0.0002924682019687204,0.00029912127473970815,0.0002842309238654903,0.00028482339121151893,0.00028445555085178115,0.0002840160317721958,0.00028428599848429303,0.0002842211650545693,0.0002846821971675467,0.00024090134794684548,0.0002901891495208161,0.0002680225249167348,0.0003193664286398788,0.00027388619135538096,0.00030059511258432415,0.0003204890610904415,0.000317868232411621,0.0003190518648149704,0.00031965505498646695,0.0003184617393593667,0.00031914538355396627,0.0003182893494633566,0.0003193698822398569,0.0003216292227721402,0.0003185332298596259,0.0003182077146208746,0.0003170901080926289,0.00031955507655147047,0.000334078400940467,0.0002542620458669076,0.00033797804781890715,0.00025796013850993204,0.0003384657816235069,0.0003559495219555807,0.0003077968451309531,0.0003386487078485269,0.00033901478892586317,0.0003394356206224505,0.0003394966364154336,0.0003064697499331033,0.00030221047611069896,0.00030207239496969943,0.00028120381296130293,0.0004354471553567943,0.00030517571965487164,0.0003045100122750388,0.0002867518608421173,0.0003197574767650215,0.0002866984742822444,0.0002897310481423137,0.00029629382778611406,0.00027660406375335184,0.00031735407865328706,0.000266743825416456,0.00027831899226374605,0.0002734008029141159,0.0002862067355510044,0.00031199138747849055,0.0002958921026481356,0.0002981315192500329,0.00022273033755564043,0.00032355338218801254,0.0002731254542074761,0.0002767530040762366,0.00029315526539695666,0.0002989742930244925,0.00028411966887499797,0.00028385919249601893,0.00028543894081300514,0.0002851013012493298,0.00028534385110727837,0.0002842190950511015,0.00028379360503934877,0.00029312109294888126,0.00032013717345128964,0.00029933058190668765,0.0003217825486051876,0.00031866385063883575,0.0003191529657587172,0.00032164865426744215,0.000317495439293621,0.0003192149093222581,0.00031675864856262043,0.00031907824593753855,0.0003225841677830588,0.00031875091903229837,0.00031845459357079595,0.00031772189869140545,0.00032067335221932033,0.0003355048003763751,0.0003377054954123852,0.0002561876096522953,0.0003393076925044408,0.00033830184252954667,0.00033969746414016166,0.00033915489863879997,0.0003388921061528899,0.00030659035834199895,0.0003028768359124332,0.0003010019181008536,0.000305012762937775,0.0003039123973877562,0.0002869445389039008,0.00031888238403484357,0.00028630759980998263,0.0002891088343474793,0.0002948600700563523,0.00027702071158901146,0.000316425040990785
svhn,0.0002789752143841472,0.0002871386315553367,0.00028036510904467355,0.0002912022008710443,0.00028913424068108316,0.0002509390538910643,0.00027978487620969664,0.0002908129627148794,0.0002997865485098761,0.0,0.00025219207733175877,0.0002533112344831137,0.00021677186679008143,0.00020206638329795592,0.0002342670853347066,0.00023695810849724618,0.0002773700398518798,0.0002759653289722911,0.0002880311459716565,0.00029699435834514416,0.0002814312630267486,0.00028194169186128665,0.0002816491161832429,0.00028106934230005213,0.00028160072494662727,0.00028137668802337694,0.00028180994112617065,0.0002730907016427893,0.00029269990860637086,0.0002934526468166114,0.00034591933297644945,0.0003210339254165315,0.00033077035531526905,0.00032357397303000473,0.0003195439055873523,0.00032107726175001057,0.00032207235972513105,0.00032019958467788224,0.00032167823770678643,0.00032102161973119925,0.00032108916810201916,0.0003236056103654672,0.00032017063992624426,0.0003199654548481934,0.0003183027347319505,0.00032147176431223507,0.00034438461110541854,0.0002865535690484279,0.00034883526932443925,0.000287535407863609,0.0003567563611828062,0.0003644828064118819,0.00032080661967218854,0.00035694796058281374,0.0003571871221190896,0.0003579087152106868,0.0003573589996111316,0.00030979153921773856,0.0003062294259596406,0.00030589956361073143,0.00030291493162735224,0.000457638613628657,0.0003169626897365065,0.00030606561117755936,0.0003016319757711144,0.0003208027968759547,0.00030643678060051293,0.00029803258259982764,0.0003111195700679994,0.00031868546395353225,0.00033952713278912903,0.0002786154501106349,0.00028690347940077995,0.00028130602163146007,0.000292330980651618,0.00028071451764901626,0.00029035625665373404,,0.000214908924680149,0.00023417384198077434,0.000276989949624488,0.00027564109253777104,0.00028873916493562114,0.00029681277422321286,0.0002812810681967396,0.0002807969909074272,0.0002819867206885631,0.0002823245604554449,0.00028216013543445764,0.0002811148779979551,0.00028118335720516167,0.0002946546162246903,0.00034625391162440176,0.00032973953771463986,0.00032446289326774067,0.0003200683376424595,0.0003205326346508694,0.0003240320199787436,0.00031884375796346605,0.00032106951356177443,0.0003195407152775632,0.0003208130011990915,0.00032472580369558967,0.0003207732658896417,0.0003207684835707502,0.00031930746732866867,0.0003221767513587997,0.00034596354010781955,0.00034838888955249876,0.0002854174786890558,0.0003583013526211274,0.0003562901519021031,0.00035735738414276413,0.0003578137184029602,0.00035686918041295096,0.00030965653083314605,0.0003066136980304249,0.0003050163949918801,0.0003170932746883366,0.00030600695561180236,0.00030251564069917096,0.0003200855889570507,0.0003066230859890029,0.0002974569024212306,0.00030964610030667053,0.00031928861567086545,0.0003390615511310235
caltech101_object_classification,0.00018143386556813496,0.0001898141546825488,0.0001821905004645662,0.00019617102561408385,0.0001883838398314652,0.00021003532653349883,0.00029806975871573746,0.00020355528599374053,0.00014811412157376028,0.00025219207733175877,0.0,4.456436310262008e-05,0.00014050608834450737,0.00012517808088787402,0.0002738120300381007,0.00029210435698035295,0.0001830451327666524,0.0001838819419737494,0.00019947045961413862,0.00020463645210162384,0.0001896603193468772,0.0001902270487096151,0.00018982205168885537,0.00018931597538205552,0.00018968832920605665,0.00018963599169124877,0.0001900346113458072,0.00017396069533898625,0.0001994287174416543,0.0002067441082796696,0.0002925749919453325,0.00024935003808396585,0.0002411188387989072,0.0002317482651939838,0.00023021976769465574,0.00023228855190923217,0.00023124478231589313,0.0002319101802409212,0.00023051010633667884,0.00023018473779772594,0.00023292801671059399,0.000234085773919277,0.0002308848413069538,0.00022975273766038905,0.00022916553036384164,0.00023323123176419722,0.0002562826012062037,0.00018609811700692205,0.000258954681637154,0.0002161969507694015,0.00028189085651942963,0.0002746819857849788,0.0002191821155581516,0.00028225285881205216,0.0002825374691181724,0.0002828787297302942,0.00028282577366786567,0.00021399994870077805,0.00020998549280032847,0.00020976552697492116,0.00022438900601238885,0.0003951307658623918,0.00021682309803879786,0.0002113043892132739,0.0001999023570816139,0.00022567068214670642,0.00019480914556451609,0.00019368926450769727,0.00020484856597811652,0.00021230714495747719,0.00025772257642323184,0.000181122721768215,0.00018843171702649837,0.00018378373733085807,0.00019763032789826284,0.0002985940690923411,0.00020316151756391364,0.0002491530996637296,0.00014166252078001143,0.00027237970369122714,0.0001829533666317175,0.0001832765324472078,0.00020008211749176783,0.00020441401408888616,0.00018946304264373827,0.0001892096792707138,0.00019101482894949283,0.00019051110841910999,0.0001906966150567513,0.00018979204415843915,0.00018920850670965807,0.00020237762427570955,0.0002929072040283983,0.00023901843993633825,0.0002332066020511192,0.00023116751854115807,0.000232182899071991,0.0002332036894570027,0.00023116452700228912,0.00023045378049819186,0.00022832132085470017,0.0002324507386930788,0.00023512766741913468,0.00023158060260162507,0.0002299993780668442,0.0002297086124926849,0.0002344224395895975,0.00025728851936897127,0.0002587110620301903,0.00021289234661189574,0.00028353974262388065,0.0002814620149067413,0.0002828870514185295,0.00028300053956467543,0.0002823440071413871,0.00021401213888312025,0.00021055043515075505,0.00020849109758402603,0.00021667346582909745,0.0002101899720444503,0.00019992992722979962,0.00022476245601092568,0.0001948299340633929,0.00019376287101540172,0.0002036671922522331,0.0002126739011516492,0.0002566019626383489
caltech256_object_classification,0.0001743013441918318,0.00018016192399491945,0.00017300730777151583,0.00018715166098149999,0.00018352599710982085,0.0002123748116196933,0.0003039856104220218,0.00019180026442055416,0.00015185123270570848,0.0002533112344831137,4.456436310262008e-05,0.0,0.00013380369741757767,0.00011799358635119627,0.0002747876962105535,0.0002955164311394382,0.00017467091137648874,0.00017553435384073295,0.0001891850366612099,0.0001933848689185954,0.00017961260370704348,0.00018017038897510774,0.00017977292883209292,0.00017929656279060165,0.0001796138476472013,0.00017959142949200527,0.0001800199786622699,0.00016940268291750459,0.00018886556682714666,0.0002023134521364131,0.0002939887202935967,0.0002509963234437214,0.0002354866147739675,0.0002217201943204584,0.0002200778973326977,0.00022236081087490865,0.00022117894399408404,0.000222128061112628,0.00022040508935290757,0.0002200035273914192,0.0002231720511294021,0.00022413946083367086,0.00022085403250085247,0.00021962167584004436,0.00021949914411330138,0.00022345096243791868,0.00024545799494390117,0.00018235021165029466,0.00024819136167043653,0.00021642886014452061,0.0002760230835747534,0.00026514052631428336,0.0002095483829542576,0.0002764220297555828,0.00027660960232451354,0.0002769366132165025,0.0002769285248144926,0.00020357103677208648,0.00020001845221903516,0.00020008184299622663,0.00022120608314702973,0.0003898340975789199,0.00020688549740900612,0.00019931638031849062,0.00018713416834960063,0.0002171178490988313,0.00018223036699818076,0.00018179400269884808,0.00019227547193509856,0.00020716535016615344,0.0002501595645680512,0.00017410792504882162,0.00017855395611479597,0.00017456392702083203,0.0001884438497659651,0.00030448879877243025,0.00019146923020540448,0.0002500062682009889,0.00013462097713448987,0.0002734193925209626,0.0001746528634868034,0.00017504012506243855,0.0001897347004264388,0.00019327374689500016,0.00017936106793703857,0.00017925833789879354,0.00018083379812735287,0.00018046621816941304,0.0001806485908852704,0.00017974920913954405,0.00017911877351667018,0.0001918697316365864,0.0002942451410404618,0.0002333690133005077,0.00022318860736805118,0.00022101051053616039,0.00022217589700544588,0.00022313635254936625,0.00022139243147718764,0.000220410071404796,0.00021821554595638073,0.00022260978109942995,0.0002251854260440041,0.0002215824688685998,0.0002198697095726259,0.00022000079091463807,0.00022463910781673446,0.0002465005668923609,0.0002479079574688904,0.00021279264955490276,0.00027765400859816104,0.00027561039179043465,0.00027699795642643996,0.0002771939985850379,0.0002764797649976557,0.0002035977501969514,0.00020059613839605624,0.0001988612505066961,0.00020685256366876956,0.0001979448868868025,0.00018721946236674116,0.0002162202983880369,0.00018222567556552778,0.000181909114706189,0.00019093133702796847,0.00020749124596050405,0.0002489034111528614
