,lapgyn4_anatomical_structures,lapgyn4_surgical_actions,lapgyn4_instrument_count,lapgyn4_anatomical_actions,sklin2_skin_lesions,identify_nbi_infframes,laryngeal_tissues,nerthus_bowel_cleansing_quality,stanford_dogs_image_categorization,svhn,caltech101_object_classification,caltech256_object_classification,cifar10_object_classification,cifar100_object_classification,mnist_digit_classification,emnist_digit_classification,hyperkvasir_anatomical-landmarks,hyperkvasir_pathological-findings,hyperkvasir_quality-of-mucosal-views,hyperkvasir_therapeutic-interventions,cholec80_grasper_presence,cholec80_bipolar_presence,cholec80_hook_presence,cholec80_scissors_presence,cholec80_clipper_presence,cholec80_irrigator_presence,cholec80_specimenbag_presence,derm7pt_skin_lesions,idle_action_recognition,barretts_esophagus_diagnosis,brain_tumor_classification,mednode_melanoma_classification,brain_tumor_type_classification,chexpert_enlarged_cardiomediastinum,chexpert_cardiomegaly,chexpert_lung_opacity,chexpert_lung_lesion,chexpert_edema,chexpert_consolidation,chexpert_pneumonia,chexpert_atelectasis,chexpert_pneumothorax,chexpert_pleural_effusion,chexpert_pleural_other,chexpert_fracture,chexpert_support_devices,pneumonia_classification,ph2-melanocytic-lesions-classification,covid_xray_classification,isic20_melanoma_classification,deep_drid_dr_level,shenzen_chest_xray_tuberculosis,crawled_covid_ct_classification,deep_drid_quality,deep_drid_clarity,deep_drid_field,deep_drid_artifact,kvasir_capsule_anatomy,kvasir_capsule_content,kvasir_capsule_pathologies,breast_cancer_classification_v2,eye_condition_classification,mura_xr_wrist,mura_xr_shoulder,mura_xr_humerus,mura_xr_hand,mura_xr_forearm,mura_xr_finger,mura_xr_elbow,bean_plant_disease_classification,aptos19_blindness_detection,lapgyn4_anatomical_structures --shrink_train 800,lapgyn4_surgical_actions --shrink_train 800,lapgyn4_instrument_count --shrink_train 800,lapgyn4_anatomical_actions --shrink_train 800,laryngeal_tissues --shrink_train 800,nerthus_bowel_cleansing_quality --shrink_train 800,svhn --shrink_train 800,cifar10_object_classification --shrink_train 800,mnist_digit_classification --shrink_train 800,hyperkvasir_anatomical-landmarks --shrink_train 800,hyperkvasir_pathological-findings --shrink_train 800,hyperkvasir_quality-of-mucosal-views --shrink_train 800,hyperkvasir_therapeutic-interventions --shrink_train 800,cholec80_grasper_presence --shrink_train 800,cholec80_bipolar_presence --shrink_train 800,cholec80_hook_presence --shrink_train 800,cholec80_scissors_presence --shrink_train 800,cholec80_clipper_presence --shrink_train 800,cholec80_irrigator_presence --shrink_train 800,cholec80_specimenbag_presence --shrink_train 800,idle_action_recognition --shrink_train 800,brain_tumor_classification --shrink_train 800,brain_tumor_type_classification --shrink_train 800,chexpert_enlarged_cardiomediastinum --shrink_train 800,chexpert_cardiomegaly --shrink_train 800,chexpert_lung_opacity --shrink_train 800,chexpert_lung_lesion --shrink_train 800,chexpert_edema --shrink_train 800,chexpert_consolidation --shrink_train 800,chexpert_pneumonia --shrink_train 800,chexpert_atelectasis --shrink_train 800,chexpert_pneumothorax --shrink_train 800,chexpert_pleural_effusion --shrink_train 800,chexpert_pleural_other --shrink_train 800,chexpert_fracture --shrink_train 800,chexpert_support_devices --shrink_train 800,pneumonia_classification --shrink_train 800,covid_xray_classification --shrink_train 800,isic20_melanoma_classification --shrink_train 800,deep_drid_dr_level --shrink_train 800,deep_drid_quality --shrink_train 800,deep_drid_clarity --shrink_train 800,deep_drid_field --shrink_train 800,deep_drid_artifact --shrink_train 800,kvasir_capsule_anatomy --shrink_train 800,kvasir_capsule_content --shrink_train 800,kvasir_capsule_pathologies --shrink_train 800,mura_xr_wrist --shrink_train 800,mura_xr_shoulder --shrink_train 800,mura_xr_humerus --shrink_train 800,mura_xr_hand --shrink_train 800,mura_xr_forearm --shrink_train 800,mura_xr_finger --shrink_train 800,mura_xr_elbow --shrink_train 800,bean_plant_disease_classification --shrink_train 800,aptos19_blindness_detection --shrink_train 800
lapgyn4_anatomical_structures,0.0,0.06739807112218271,0.06776111383271975,0.09206644879678387,0.15566562050006877,0.2530321004625512,0.3491579645271137,0.12642649871504857,0.2677807622657657,0.2876617438389444,0.19436093190985523,0.18812745309431309,0.18363752131825822,0.17454946092445853,0.31135415122580723,0.327876264137219,0.09957660858072752,0.09423902153794114,0.11728779382970647,0.11901474186041706,0.08653877283326286,0.08699166017752737,0.0868865719970315,0.08636603087457174,0.08642938460956287,0.08644292117252134,0.08638938099862781,0.17070284237389485,0.1414532943929448,0.18066747126246632,0.3028588470530725,0.2681806381591775,0.23432222354690668,0.1568238711247261,0.15819478549964397,0.16136522453618501,0.1560183284381558,0.16229226245421474,0.15616419438192877,0.15590878786506562,0.16242491954806984,0.16072914857074203,0.15900696983193863,0.15474779319541407,0.15579890763101023,0.16365962232117584,0.18460131315765216,0.17662326346148652,0.18542902884115148,0.23879088340441057,0.263037448305526,0.19571650173492516,0.17172792337847959,0.26333942276402855,0.26327406639754997,0.26355237745280313,0.2633712030121197,0.15710299890943658,0.1543227395551519,0.15366615806000838,0.22732507352199974,0.3442303441442522,0.19703573631862908,0.15232103667143648,0.1778005220788892,0.17466661132483619,0.17940254841137038,0.1674138342558817,0.18168067927334786,0.19261684084599567,0.2263477139054409,,0.07199858176521486,0.06772519848995709,0.09311648464333067,0.3504110803695362,0.12641282937619572,0.2843413404881966,0.18475057481273421,0.31041741330715755,0.0987736327843067,0.0937135097376165,0.1181441746401275,0.11855365186869672,0.08706697912583007,0.08690995155082289,0.08757397706804185,0.08820803546845098,0.08789439315812556,0.08594344077916022,0.08709958051278316,0.1426949001221774,0.30272421665754456,0.23212490177509426,0.15802205987789147,0.15910795765645835,0.16125019984257857,0.1568765595449711,0.16161253208006054,0.15594325934270648,0.15462492794220634,0.16144228288608986,0.16203325104323518,0.1595889883238787,0.1548304128990891,0.1564419439017639,0.1642975365846323,0.1848475583767593,0.1852515867106068,0.23422721377329977,0.2644668863243902,0.26256267027756114,0.26368514652809133,0.2641282638304731,0.2629783113227576,0.15653573581417873,0.15522216553711063,0.1533093337835053,0.19677202001375327,0.15242199101155438,0.17803595612308065,0.17384942812243745,0.17944933936759278,0.1685079166020166,0.1813237411781239,0.19305939300894914,0.22490785245349704
lapgyn4_surgical_actions,0.06739807112218271,0.0,0.04271677476730642,0.0525340137074668,0.17037466635495874,0.27310338368551224,0.37033813578620917,0.12528531583387995,0.2847540617882691,0.29590211060050015,0.20457504205160176,0.19526168809709998,0.18606602384077311,0.17934117942130845,0.3172482120260236,0.3379552155464991,0.10700971001955928,0.10291238227742014,0.11528757886972309,0.11096710680827472,0.07068301772457869,0.07104448274812543,0.0706832125004132,0.07048872850202068,0.07044758799194306,0.07077096706759312,0.07032414881000715,0.18626158111437016,0.13245682575271012,0.1935064608350218,0.32071444232663354,0.2932002228947007,0.24305835386755992,0.15298421166136422,0.1537378803554523,0.1568222945657634,0.152088669128689,0.15768038621187758,0.15193529616701132,0.15178060663355908,0.15845548766696574,0.1560234556879311,0.15458475577141823,0.15071079821717756,0.1520096011633034,0.15921238655933675,0.18572712444881492,0.19044195178416057,0.18543670811525348,0.26201164389201814,0.27915413024667896,0.18899573066040357,0.17042142022927423,0.2794288686054156,0.2793866722222592,0.27956552562894155,0.2793438056189739,0.15427902362915258,0.15359608916588635,0.15333076739187493,0.23910875351473074,0.35861612329771464,0.18941816151962337,0.1453453260173701,0.1756767363098446,0.16549654038409503,0.17208925801807323,0.16142539767768438,0.1740646684400577,0.2016932486042891,0.23974286314953436,0.06831780645945942,,0.04167554541779765,0.05210732792506028,0.3715848438075843,0.1251871565580032,0.29221382205627244,0.18716170462856968,0.3164077932196071,0.10677990495118037,0.10261881181590221,0.11578929664249109,0.11061586925734768,0.07165659886715445,0.07124433081920019,0.07098658156940532,0.07226695203050543,0.07015895370680296,0.07011967795155408,0.07200881838131179,0.13274333537810878,0.32062557327903085,0.24107155896062687,0.1539150464694222,0.1541147452007628,0.15633227865514357,0.15226300218740596,0.15732500837216407,0.15208778785237292,0.1509898252173212,0.15743618496387282,0.1569436339915466,0.15558342563552477,0.15092961773281152,0.15199560605621315,0.15967810755620498,0.18568942923397375,0.1857165866085404,0.25745811265679136,0.28065674688152864,0.2785424949318062,0.27985928710672037,0.2802002919548269,0.27908535258774125,0.15362814590956578,0.15436004146194787,0.15324374368015847,0.18916172968419454,0.1448533087983476,0.17541162939822671,0.16482858207693737,0.1724723707861599,0.1628625364381417,0.17388899962239535,0.20223646511079657,0.23806853166171288
lapgyn4_instrument_count,0.06776111383271975,0.04271677476730642,0.0,0.045467566746230766,0.16370373405138175,0.2620020114730983,0.3589551072455756,0.12953063659784494,0.27257136364064866,0.2874865347312302,0.19433133015641776,0.18557263821075673,0.1803504103738645,0.17313516460535688,0.311285185238932,0.3298280794415139,0.10732140619671468,0.10339291942645994,0.12133105623771759,0.12202794770786557,0.06883633699593494,0.06943810630949276,0.06878126860413072,0.06839215225169099,0.06860916397257125,0.06882591475386932,0.0685247172439287,0.17950217275719163,0.14053525647811135,0.19403316657078595,0.31207144121782304,0.28028297687192305,0.23724397550178616,0.15997898820463607,0.1609475590709234,0.16386497397855443,0.1588539597509223,0.1647733669956512,0.15892718288869206,0.15865851279375398,0.1654338948931025,0.16326582855760507,0.16155049554353187,0.1573335282684754,0.15889733755517294,0.16605084148407007,0.18791258568802904,0.18513155161913478,0.188340619244225,0.2526785196776231,0.27090361076529634,0.19593932710922154,0.1741976443141784,0.27113293619847856,0.27111076387527355,0.2713010914680024,0.2710891904023779,0.1549477483268497,0.15567967228228693,0.1556345214240462,0.23588944659923783,0.35090230361902963,0.18820831457861145,0.1490819234424429,0.1723422194526686,0.16966002387904677,0.16963774291632355,0.16124143422052456,0.17199595272883972,0.1997222015641521,0.23451081263742046,0.06849389211224205,0.04317857780437097,,0.04735277050067496,0.360106898537027,0.1293475858836774,0.28393633024619047,0.18159964139618948,0.31037630266914146,0.10687702599294814,0.10269963573674226,0.1221913023086419,0.12165203906700808,0.06994826915390484,0.06923995710325828,0.07001018092316222,0.07006639581750107,0.06852809063243584,0.06767469317957511,0.06966837415639462,0.1414960178570211,0.31201206718231633,0.23515239960127787,0.1612431814680674,0.16141717938861588,0.16334856938558193,0.15957750537500084,0.16417575323664418,0.1589644375152196,0.15772085951642498,0.16438014536470766,0.16429075037109533,0.16235518961919967,0.15760628511798214,0.15925362345319227,0.16672600207105243,0.18827527261609048,0.18859604154901793,0.24833210148762555,0.27241982602063797,0.27030730008192594,0.27156680698730196,0.27187538375504355,0.270796260209146,0.1545270492384268,0.15620995792490333,0.15541169318290926,0.1880102041912603,0.14868076481786496,0.1722360134260046,0.16892646664810335,0.16989590308237124,0.16227951301334875,0.17164548388528916,0.20019067024324214,0.23291495132147286
lapgyn4_anatomical_actions,0.09206644879678387,0.0525340137074668,0.045467566746230766,0.0,0.18230447393853944,0.2774956019359071,0.37239768311942634,0.14421486680667048,0.2869575249775698,0.2983725855666674,0.2103417711237134,0.20165483436483522,0.19604878929822084,0.18944699930346065,0.320789938910531,0.34114168836743264,0.12817623958438612,0.12518717341382057,0.13584865414684358,0.13590162173245462,0.08971183177592654,0.0901695508894442,0.089506901206304,0.0893583470434948,0.08948960278492084,0.08979845231438995,0.08940892875318397,0.1976678773913476,0.14750924850781225,0.2104120650896092,0.32806821009034615,0.29885431407506435,0.25095977867536784,0.17227191075505047,0.1729748385320909,0.17515941627579323,0.1715561995185559,0.17587912437398773,0.17122750464324546,0.17140677397954834,0.17673311238563916,0.17466326473023122,0.17328134665150377,0.17008756759021737,0.17093859125932323,0.1767687063922901,0.20190214282580765,0.2003598677714412,0.20198805208103537,0.26989011994582934,0.28889233462688524,0.20348470961536202,0.1881834169036519,0.2891529144320819,0.2890907207654677,0.28923255761949274,0.2890708711245643,0.16925110247065406,0.17028418386533672,0.17023485039171268,0.25090853153931314,0.3662001013704185,0.1984045808900756,0.16281780976705534,0.18623732510333516,0.17662192378816974,0.17984750478525552,0.17125450871538095,0.18319144129053377,0.21419237530572194,0.2518319718810061,0.09244769416031645,0.05318883945440223,0.04516557452102374,,0.3736380073628428,0.1440352726215883,0.2949357986100961,0.19720696040785685,0.31998236439375527,0.1278155748466356,0.12472957943068898,0.1365493480477894,0.13550902076455054,0.09096216379744841,0.09025111616479807,0.09028428697123501,0.09111347014084112,0.08855229454363302,0.0888951294703044,0.09051326652760593,0.14801370084590934,0.32800762905683006,0.2490056418970726,0.1732265848501645,0.17316921388826617,0.17466297866757718,0.17196138459374205,0.17547148851152689,0.17137644656361126,0.1705475985779431,0.17583714524815983,0.17530059036039608,0.1740915360967657,0.17050158508173013,0.17103532316015263,0.17742491335902064,0.20207227910245684,0.202248780271699,0.2657766551928684,0.2903515688697555,0.2883014253840769,0.28960176221518547,0.28976729017307173,0.28880869810795984,0.16874830071449815,0.1707970107200409,0.1701146479909647,0.1982167431025702,0.1621607018716219,0.18589563789010674,0.1760007106247295,0.18032546354094897,0.17239726110775533,0.1830057350590132,0.2147724275490593,0.2503825207836654
sklin2_skin_lesions,0.15566562050006877,0.17037466635495874,0.16370373405138175,0.18230447393853944,0.0,0.23648203522164746,0.3266640779447176,0.17547426509216935,0.2541372233000135,0.2846569147348565,0.19576906384757362,0.1923676590078862,0.19495749545929403,0.18230813158423387,0.3107880932882459,0.3243115524861284,0.13759155192065015,0.14212819956016193,0.17410932637589915,0.1793815016421877,0.1623623261094268,0.16301480753764702,0.16275499049350584,0.16239609946184552,0.1625429657697773,0.16256768933493543,0.1628336489821795,0.1201810548979503,0.18446787967996375,0.17176049362282814,0.29213031891063324,0.21941112960922549,0.24527718142512545,0.19511269747589116,0.19693568826175384,0.19989332028348059,0.19411423684826284,0.20089223596360506,0.19439372436454022,0.19370179311237012,0.201195766664734,0.20052056331654342,0.19737383591954527,0.19122188956013614,0.19590372652370508,0.20220627216465767,0.2237106001137919,0.10812088215974207,0.22603628619627708,0.17808374673671312,0.23818190836068487,0.23552212326520416,0.20194150749563303,0.2387177609534133,0.23889952143632734,0.23911597655805464,0.2390162840682881,0.16954050688623365,0.1625080728840559,0.16263944770059896,0.2158352471474,0.3266062908692885,0.22884347410156566,0.19339953468243684,0.2053254742856555,0.2211182871952582,0.21020762530996356,0.20728025479654244,0.2095643460358334,0.20579037841390221,0.20523558094164848,0.15519883754616287,0.16982608360868673,0.16479953045798018,0.1833083306538299,0.3276843056121151,0.17501800656297717,0.2816651468606683,0.19506157525884654,0.3098856668950145,0.13730722187811592,0.14132991377517462,0.17513025230987966,0.17943211877855436,0.16197561980645736,0.16245781328117487,0.16361027633139635,0.1638795271886439,0.16431579884869174,0.16195881168816356,0.16213630623241787,0.18716727471882885,0.29207786520061413,0.24271874409954186,0.19691570245645798,0.19798024750805066,0.19961675048084887,0.1953506923314872,0.19968096162082144,0.194255245096764,0.19251237541263572,0.20045713220949157,0.20179420600237874,0.19800684831209353,0.191271393184824,0.19727412080248855,0.20316641508442318,0.2247258265119204,0.22585058243795592,0.1749965014626514,0.2393207896202214,0.23801333689986764,0.23942105365802974,0.2391586469084192,0.23856965215725573,0.16903246750094153,0.1626268612187111,0.16197845018592086,0.22901159733629095,0.19315106315349267,0.20577426983228217,0.22014486073423806,0.20992497792354448,0.20772918557418776,0.20842076956608357,0.2061630891654932,0.20368456943345364
identify_nbi_infframes,0.2530321004625512,0.27310338368551224,0.2620020114730983,0.2774956019359071,0.23648203522164746,0.0,0.2128829975807836,0.2894818240782422,0.21050290894995008,0.231577085901056,0.2000334445880964,0.20268431467248227,0.24083100551824227,0.22101375191936082,0.2899921583191993,0.2946469853119945,0.2527692035885962,0.2592255754996281,0.285664122596767,0.2927749278446319,0.2734442482795772,0.2743567958732558,0.27393246244599945,0.27291812549752104,0.27373100164457476,0.27338864002499175,0.27427132819026845,0.21215584865455211,0.26971526263955303,0.21996372695861965,0.25069679907014264,0.2327202021288875,0.2768957425336558,0.29474577591391815,0.29132709453798766,0.2910958213158714,0.2947717189174091,0.29045850583165567,0.293795673704503,0.29369864674846613,0.2910310506424587,0.2947574513300512,0.2910675016328767,0.2935251901949635,0.2911737689610674,0.2907113880060772,0.2953679438037867,0.21511611328652575,0.30095326754369617,0.20043382293313697,0.2932547702836922,0.3303118533021833,0.2935204036142102,0.29328459476551627,0.29376107579632704,0.2940641087750342,0.29444618617810836,0.29673968183986055,0.29386713825035893,0.29386200912338967,0.21515774566997625,0.3589039798972422,0.2857177303315886,0.2849777608613967,0.2647541322385341,0.3052156850416058,0.26838132343272153,0.2756953597654038,0.27719101597637064,0.2542970750858388,0.2803792541661554,0.25221698507532037,0.2683217629676159,0.26364898826826877,0.27925252538711576,0.21332122140324927,0.2890947995842296,0.231907118776913,0.24024417881593108,0.2886963910052255,0.25195266832770197,0.2580353970772391,0.28690480499511406,0.29250203730240565,0.2732177950233421,0.27268482139873274,0.2749015166967115,0.2744915460211071,0.2749928010295595,0.2730339637896133,0.27244694238669703,0.27295008564448,0.2515461745811062,0.2764231973882489,0.29568337291022523,0.29273052264490523,0.29120178558480864,0.2981274992776759,0.28811703392444743,0.29265582599987905,0.29185851256774553,0.29065482231629314,0.2955333726869041,0.290982831225611,0.2942256570834577,0.29257913371652955,0.2917349898688316,0.29749392421677384,0.3005391963772976,0.19880162389281772,0.2936032644073207,0.29332444733648483,0.2938044187010986,0.2934740168877247,0.29399940743609154,0.29732177146301675,0.2943730423353196,0.2922267471886251,0.2861963728432157,0.2847767729112499,0.2653838144800451,0.3047610402616478,0.26794012456601024,0.27451714897626517,0.2760865453903829,0.2545933189648189,0.2799420594466868
laryngeal_tissues,0.3491579645271137,0.37033813578620917,0.3589551072455756,0.37239768311942634,0.3266640779447176,0.2128829975807836,0.0,0.38227996175739304,0.27932302945899284,0.24907003818567763,0.28081596235063466,0.28790340812683735,0.30724862546273174,0.28826059296575945,0.3233619261599448,0.3174166932913976,0.35570260406806486,0.35886138324036193,0.38098226581480604,0.39304278802299414,0.3711923022947768,0.3722198894063613,0.3715723573316614,0.37074787738063053,0.37137550775265327,0.37113128148087116,0.3718512572087566,0.2985594130838565,0.36532864795469056,0.32428780768228255,0.31175618309163117,0.3007493392705697,0.35315430244086843,0.3973582786188927,0.3956127153782828,0.3952781246767151,0.39780853315951537,0.39463247511336647,0.396772469261398,0.39719912830695303,0.39489923907423646,0.3978289959577065,0.3950277661935652,0.3969015529884676,0.39304144590355583,0.39436859596915474,0.39215412480022854,0.3108609097802296,0.39786665657879,0.2614406360397656,0.348171246366458,0.4297659969457928,0.38899328711949976,0.34827893925415637,0.3487182962403107,0.34892069025670197,0.3492884112840039,0.38595553541942385,0.38294927595178446,0.38294428240334316,0.3067303694716582,0.3921814177680726,0.37184884353700554,0.3814164526820385,0.3617267451452323,0.39545038681025024,0.36555629783626553,0.36810071263798644,0.37306132932891,0.343178408347632,0.3524743861093752,0.3485060388267239,0.3688225137194805,0.3604407406321802,0.37387055962334204,,0.38180773598272455,0.252155321777524,0.30638188918450804,0.3224256868911331,0.3550372292618457,0.35797362004034644,0.3820938033903931,0.3926732894871318,0.3710409811630227,0.37036692801645155,0.37245634214549467,0.37218997126777015,0.3724804240517835,0.3706902552265074,0.37032474397743764,0.3687598556254714,0.31248475710403023,0.3527602391616843,0.39791606322597906,0.39699838213459343,0.39508458580931627,0.400443418851806,0.39299175055119223,0.39595785188949306,0.39542354831813176,0.3945334642839937,0.3987011401770971,0.39484252006397663,0.39737571436534713,0.39420071754692687,0.39568893282218753,0.3942270285327175,0.39722590872520147,0.26231246326080554,0.348319652180904,0.3484439746457727,0.34884098160910093,0.3483000299812171,0.34882924111855634,0.38650563272611116,0.38348889645674034,0.381500361033514,0.37225458764306785,0.38133790191447936,0.3623121781759257,0.3951434121920824,0.3649659590122695,0.3670259279138203,0.3719441827270573,0.34372429697235557,0.3524070839453224
nerthus_bowel_cleansing_quality,0.12642649871504857,0.12528531583387995,0.12953063659784494,0.14421486680667048,0.17547426509216935,0.2894818240782422,0.38227996175739304,0.0,0.3031312313922772,0.3000891756196894,0.2213944263519465,0.21031987269886632,0.19523778369280625,0.18888175887156,0.328784776764377,0.34849311706954567,0.09829511751964679,0.08732331632137176,0.051581643166296334,0.08834388767706906,0.10700360898628025,0.10698191806544768,0.10697132953556181,0.10723817402349645,0.1072004938049122,0.10699758644600234,0.10703933421869907,0.19864778154189272,0.1260562121387795,0.2100283608346173,0.33650215673212275,0.30636982576058724,0.24526472214953798,0.16290499705118267,0.16106676111750445,0.163930769518292,0.16067293852701753,0.1643669455625423,0.16091361924733888,0.15991835818131975,0.16524790930894256,0.16454432349889087,0.16210214703506198,0.1590442267616366,0.16204431581388687,0.16651009182291626,0.20082444238441322,0.1988771584466587,0.20082242395607064,0.27158686339515925,0.2783326391883204,0.20562579238760792,0.1654523389325755,0.27862454434672845,0.2786792522089685,0.27893065514546866,0.27833608009910815,0.13235408216011638,0.129720136272025,0.12880928700124106,0.25033517572698805,0.3569701958755455,0.200887112129162,0.15008490643247765,0.17921581833604633,0.17265450214114006,0.1838658999027707,0.16879521023727956,0.17824876642584575,0.22280242455876648,0.23811251837217526,0.12643104580445874,0.13062930290935304,0.12977228701296808,0.1436840356706759,0.3836598618313937,,0.29619847406600713,0.19581902706390353,0.3284844855513055,0.09748043156978288,0.08930156918392713,0.05202866473914999,0.08754394340334179,0.10692889587436956,0.10752483014542166,0.1069998943997362,0.10784583442497062,0.10772469958903658,0.10685414301196174,0.10745034849278326,0.12620206491010078,0.33641489906122607,0.24290591379795345,0.1639124814259289,0.1614402833260743,0.16353461255618473,0.16107137599000226,0.1641354923618451,0.16101280322869665,0.1592435088999979,0.1645010108081395,0.1655446469475046,0.16300537305409474,0.15903881881779908,0.16222858411531899,0.16669848920420763,0.20064859243947114,0.20087322291072934,0.26748313749981295,0.2800214606929219,0.27756806591405125,0.27900184064876876,0.27951731154870446,0.2780335730160609,0.13151592392911265,0.130538558083517,0.12837750611927,0.20068266762063558,0.1495885389588244,0.1793858664082405,0.17218826249494126,0.18402589076698772,0.17019681178686608,0.17774096961312813,0.22327185776405298,0.23638357032038748
stanford_dogs_image_categorization,0.2677807622657657,0.2847540617882691,0.27257136364064866,0.2869575249775698,0.2541372233000135,0.21050290894995008,0.27932302945899284,0.3031312313922772,0.0,0.2699437742171914,0.1366534473780662,0.14005797077067228,0.20713829827017355,0.19815661024729192,0.29474679888145516,0.2982688003989312,0.2731012160792956,0.27897193566061207,0.2995080279574988,0.30652850678141996,0.29066712559200814,0.29144426739301793,0.29096093117319144,0.2903073290816759,0.29072559220542993,0.2906600231288263,0.29122651197363697,0.2288099689164536,0.28886356906454724,0.25265307238452506,0.2775081897236007,0.24538295020248743,0.2782495536695009,0.3112977736488023,0.309205101369282,0.30945461842558397,0.3112396478242533,0.3090208701543711,0.3103507233067403,0.30998951040364814,0.3096229161910191,0.3120742196679312,0.30921947599357313,0.3106438830160199,0.3082389956932822,0.30950368192848954,0.3152203292405015,0.24223134877178504,0.319289302358861,0.24113083667657317,0.30284585050281476,0.34039081595469595,0.29601428303813515,0.3028163089829434,0.30329999484040443,0.30341482771374817,0.30375586211743494,0.3021614255715812,0.29788238594149696,0.2981237104498048,0.2586815557025859,0.35898789073765747,0.2880639518035887,0.29730740322132776,0.27415602709829573,0.31114579426497946,0.2728738141938745,0.27949724819348143,0.2832771453635684,0.25800459788084723,0.2933543130300126,0.2671846424155454,0.2808778982088635,0.2741746412183898,0.28876635439977616,0.27945799890167466,0.3027977063098175,0.2688080704067084,0.20795497129493623,0.2931040225707341,0.2727902524895208,0.2779221789596933,0.30033864683994943,0.3065267387788858,0.2905604556528999,0.29026868998819744,0.29226164269733257,0.2916286463777659,0.29212887009845034,0.29037314377088286,0.2898131918813396,0.2922653518986497,0.2781608566792133,0.27782451783973605,0.3124325280335947,0.3104130939919626,0.30960321679420866,0.31362692280811655,0.3077424902870077,0.31033559058474464,0.30853317565562255,0.30920032930463326,0.3129436666661136,0.3091910646005662,0.31077494678698303,0.30867789374493326,0.3106213938583178,0.3168206913351673,0.31904974911508854,0.24061425178494697,0.3030346629865574,0.30278845296168866,0.30378446244913443,0.30306334696740067,0.30325767392757047,0.30241431114804884,0.2984423321901033,0.29680924444745316,0.28840347930953203,0.2966250097756279,0.2744244231217362,0.31063234203654366,0.2721678197791455,0.27882257255534926,0.2821295104642162,0.2583712648601324,0.2929097942169739
svhn,0.2876617438389444,0.29590211060050015,0.2874865347312302,0.2983725855666674,0.2846569147348565,0.231577085901056,0.24907003818567763,0.3000891756196894,0.2699437742171914,0.0,0.23666606192972373,0.23859191928415333,0.20334685003874653,0.1883719284005597,0.2181971502880534,0.21830266208367813,0.282878885895274,0.2830855363076642,0.2972948660925963,0.30609660253021664,0.2923853334194624,0.2930286290231603,0.29256568568788294,0.2919023780759932,0.2924460070093601,0.292366672656199,0.2929121428060221,0.26723210401558006,0.29154727281409154,0.281050880790627,0.30132530239197397,0.29553414439873205,0.3077672023412586,0.3155174893178538,0.3115145682242443,0.31182238440081367,0.3148681115486881,0.31082451542911305,0.3140605622732995,0.3138686433488721,0.3117411754983288,0.31475529379787937,0.3115262517366993,0.313755836478142,0.3105000584051837,0.31142384541115975,0.324183843733961,0.277593171832433,0.3285318363612758,0.2716779280809046,0.32809336978126696,0.35060153499354624,0.3131312516453739,0.32812907778884826,0.3284987049592677,0.32899906905692666,0.32851484637929096,0.3071528218167402,0.30366746759983976,0.303958358944508,0.283856990276931,0.38492516451259073,0.2986257025180046,0.2997721531086334,0.2904770730648414,0.3120387717424609,0.293336316497927,0.28805281306368685,0.2976048614908625,0.3005852037838449,0.3200167401220575,0.2872957810823644,0.295399468677341,0.28842093384080864,0.2993584442079641,0.24976432608709265,0.2996496370819719,,0.2018867298689938,0.21826427616244126,0.28251094013766154,0.28249804137198564,0.2980565791768883,0.3061826786414448,0.2920966525576776,0.29186348684230906,0.29313922642017254,0.2933928000182853,0.2934130566565214,0.2920754565817355,0.29178510277524694,0.29413803870796956,0.30163565944243326,0.30733738647720704,0.31625024260667656,0.3124800260251771,0.31137801884883354,0.3171429177376169,0.3092214315153831,0.31347661482089,0.3124793357146936,0.31154103351365675,0.3154270295086682,0.31187312339445544,0.31443195194728013,0.31141881794981635,0.3122083774452017,0.325961058080669,0.3280626415290201,0.27097366389757893,0.32880618959810193,0.32791391372929557,0.32853652791267257,0.3286892719171768,0.3282667343650132,0.30709042834078903,0.30404471756676954,0.30280240642918477,0.29878494554163704,0.2997869177717452,0.29123895905935315,0.3115173494248562,0.2933110177224125,0.28750047032808523,0.29640411936200556,0.3008181421477659,0.31983912475322474
caltech101_object_classification,0.19436093190985523,0.20457504205160176,0.19433133015641776,0.2103417711237134,0.19576906384757362,0.2000334445880964,0.28081596235063466,0.2213944263519465,0.1366534473780662,0.23666606192972373,0.0,0.04294812668246724,0.13763498993870404,0.12237019758659493,0.2582080691497306,0.2684296900005596,0.19458714746991426,0.1971732799896005,0.2177514701304235,0.2230895116029248,0.20743600114527275,0.20819210501904833,0.20765785464715897,0.2069637216131084,0.20751112475987588,0.20742348561756888,0.2079675220103136,0.17848608357298149,0.20839435586050492,0.20736814688454708,0.25847063655961366,0.2349784541415235,0.2297604117800899,0.2342211058722486,0.23297428490558522,0.23425561314716592,0.23438482735068045,0.2339440119135935,0.23330414336490501,0.2333351963782722,0.23493189661386985,0.2362354574407805,0.23311580930046522,0.23359746643104556,0.23222375685358465,0.23479143869354246,0.24831100226774977,0.19132450757716296,0.25114308736100277,0.2160175914848786,0.25945365532800607,0.2714104863397757,0.2185975806388816,0.259658350145782,0.2599054519854947,0.2600493039398891,0.2602910101967393,0.22128686611897164,0.21697114409968482,0.21725440241169328,0.22075476586050582,0.3277939237748319,0.211077293539157,0.2150881643149269,0.19888213282732947,0.22873264126735723,0.19257564756060414,0.19427297392117873,0.2029086044420378,0.2056836855950141,0.24467638522200497,0.1940471651353295,0.2023050887634295,0.19619949877503096,0.21178394662190064,0.2812609475636191,0.22100812856177104,0.2343198531682698,0.13870071969389625,0.2570909953165177,0.1944501328972171,0.1963348535143801,0.2184605239090005,0.22308846909185864,0.20718656052906853,0.20709467005674856,0.209178325945027,0.20852995742912253,0.20881812325531857,0.20738624445628479,0.20659206391226387,0.2117171415709852,0.25874714916086916,0.228519773321821,0.23552590359691564,0.23440373156251731,0.23415568290860694,0.2366585037695776,0.2329337827997145,0.23314342432481946,0.23169242806926224,0.23418278194978157,0.23719217152734162,0.23355539174021606,0.23367112954193703,0.23263578036134963,0.23609370016950162,0.24946887781478866,0.25103015499769515,0.2142709802608227,0.2602874136334484,0.2592661288659625,0.2601395741135518,0.26005920381030734,0.25996599368418083,0.22138048754874173,0.21751785661166598,0.21599502183484096,0.21131871946456737,0.21389219300583973,0.19883185887863433,0.2281205136263545,0.19215574130006913,0.19449780980502984,0.20192075937923976,0.20600965739444319,0.24404617712813836
caltech256_object_classification,0.18812745309431309,0.19526168809709998,0.18557263821075673,0.20165483436483522,0.1923676590078862,0.20268431467248227,0.28790340812683735,0.21031987269886632,0.14005797077067228,0.23859191928415333,0.04294812668246724,0.0,0.1321997108881913,0.11631224344517947,0.2607593506704589,0.27291316611941996,0.18663544645996172,0.18920334287430896,0.20790092193467125,0.21204582170260403,0.19737853959218013,0.1981406606069645,0.19757193246156193,0.19693947436150552,0.1974341523546974,0.1973705382548678,0.1979373311531646,0.17515486156146853,0.19813198911031668,0.20394900177909164,0.26043009796889527,0.237027407206512,0.2252212593310819,0.2245260063774822,0.22332130964398852,0.2248277660527977,0.22466782466240642,0.22464897196245084,0.22353399077185543,0.22356117550571564,0.225700389083577,0.22669945905261102,0.22357782338656343,0.22384523076941346,0.2229001964692479,0.22555148033355799,0.23853793062575473,0.18902508038000226,0.24130038039149954,0.21717117552727166,0.2550295581269824,0.2620854057555923,0.20932853014016642,0.25528320048433684,0.2554511623281475,0.2555731137900491,0.2558257388275529,0.21207232145906135,0.2081688758229675,0.20868599080873634,0.21899032578125488,0.32397647401628915,0.20136129613761466,0.20323740976240104,0.1869795470644604,0.2201790888833442,0.18021948348396083,0.18267624013729322,0.19083234862206422,0.20159968165700326,0.2382884809228345,0.1879265164886969,0.19268995557953042,0.18741225666504485,0.20288162951426053,0.28832626272835993,0.209963859668179,0.236082772856273,0.1330535832242529,0.2596693368581459,0.18658039270067106,0.18848760749803434,0.20855294773797042,0.21213618956205993,0.1970685276435954,0.19712473419942983,0.19899488866657275,0.19846142030320824,0.1987464761578746,0.19735496442170047,0.19652038030579333,0.20145631597146102,0.2607221416189395,0.22393494012741094,0.2258696006284468,0.22472247161558162,0.2246714762901991,0.2268542765050511,0.22366248017014273,0.22346651547977253,0.22195199570137164,0.22485832274927986,0.22766512963039195,0.22407513926489644,0.22394158982675683,0.22325408140370462,0.22683496119236768,0.2396854093442004,0.2411058711411589,0.21533013168200166,0.2558601825590619,0.2548700928696437,0.25568685455795503,0.25569955144879064,0.2555332036378008,0.2121727398829681,0.20869422822074105,0.20746854294577172,0.20177158399686262,0.20183127929624362,0.1868877618353158,0.21958830490841955,0.17975046997707678,0.18297479602011674,0.1897352435555596,0.20192583802901132,0.23758270476239463
cifar10_object_classification,0.18363752131825822,0.18606602384077311,0.1803504103738645,0.19604878929822084,0.19495749545929403,0.24083100551824227,0.30724862546273174,0.19523778369280625,0.20713829827017355,0.20334685003874653,0.13763498993870404,0.1321997108881913,0.0,0.04871305434695375,0.25139412047025533,0.26701474867604763,0.17937260447881181,0.17985812738819146,0.19204760251766168,0.19475858557416625,0.18344832201536695,0.18406998122472773,0.18351535322176263,0.18334158283551752,0.18340154787184612,0.18346754699907641,0.18381137962534477,0.18838268426613627,0.1876024667886917,0.20166461818885634,0.29151902994360823,0.2665830761535578,0.24980994394401002,0.21324789655067553,0.210614617139608,0.21266857527205352,0.21235572111962625,0.2123426484726028,0.21168813150992682,0.21093665149385216,0.21389330136326573,0.21499310636693642,0.21166623737623508,0.21113978960676216,0.21080461336232084,0.21421883501918543,0.2395476559376066,0.19535244911549227,0.24142460222528958,0.24342468307460155,0.2762932703539331,0.25305412603639016,0.2091402196056154,0.27655551617959934,0.2765731513275836,0.276850091709122,0.27682515844560684,0.20045334673109813,0.1984893402415722,0.19907037949205905,0.22341194719798046,0.3487875424438103,0.2154234899199038,0.2005945072297154,0.19938476395085217,0.21606950331259464,0.19809045399466668,0.19284400168624094,0.20275955903034204,0.21686445092166176,0.2513812597097585,0.1833089899029481,0.18708572441727608,0.18158143749938882,0.19645731870695937,0.3079456966530281,0.1948257185955204,0.19970225184559381,,0.2512473468977891,0.17890638211069312,0.17934899918383357,0.19266032863718335,0.19480898662646187,0.1831635650724475,0.18320018371609031,0.18464388605242776,0.18443761663626096,0.18445256430658913,0.18348694272437735,0.18286599127433278,0.19005957843154364,0.2915303283066337,0.24834033414805104,0.21439983485229774,0.2116447978981313,0.21275892853321388,0.21398476421793114,0.21124610840387426,0.21156461929145698,0.20994445204936502,0.2130124824009474,0.21582238374549395,0.21231687616345296,0.21122809462586362,0.21080503187047947,0.21530054577469449,0.2405155427216363,0.24136592841390808,0.24113825549282208,0.27747600341522716,0.2759757309199482,0.2767444470588143,0.2771702133378975,0.27667395044822096,0.20028190618516978,0.1990589671853652,0.19817863904661784,0.21572094080910478,0.19979778247967933,0.1995829809128078,0.2153840145127428,0.19803606217286002,0.19365638050717482,0.20189355526128552,0.2172973664998239,0.25001627338080445
cifar100_object_classification,0.17454946092445853,0.17934117942130845,0.17313516460535688,0.18944699930346065,0.18230813158423387,0.22101375191936082,0.28826059296575945,0.18888175887156,0.19815661024729192,0.1883719284005597,0.12237019758659493,0.11631224344517947,0.04871305434695375,0.0,0.24011245643041618,0.2543495051700492,0.17096297415669987,0.17100265619071076,0.1855705292399321,0.18953610011778763,0.1771152697839772,0.1777657717223458,0.17724946668814714,0.1769229775988424,0.17708212305441778,0.17713045344130768,0.17757067046543784,0.1721222907591292,0.1805141642358202,0.18776782898027355,0.2709264999425611,0.2516862679368942,0.23556682092730974,0.20541701302285748,0.20272489137163235,0.20450468814766348,0.20467507226162956,0.20402912676145823,0.20386820973237416,0.2033337390413919,0.20536457860322926,0.206912380995615,0.20361974848720138,0.20343541651579475,0.20195025761375918,0.20565600718767685,0.23077978821489956,0.18140489689098643,0.23294045825189288,0.2251083644880255,0.2646543246892471,0.24712535065153857,0.2010579772730735,0.26497366671549427,0.2650595534899818,0.26538076448786047,0.26527967053604673,0.19267050838499564,0.18948956095384478,0.18999576419013037,0.21290098917005523,0.3386994788868005,0.2047771947907469,0.19291049588359677,0.19244945716524048,0.20924429357181096,0.1898142115051739,0.18408826419612373,0.19517179422418843,0.20490369880970333,0.24055739685126637,0.1741947719602713,0.1803089923981564,0.17446777359869708,0.19013469774227693,0.28900903035169734,0.18850340440586064,0.18469534318924033,0.050696683993611866,0.23956055282841054,0.17062908509165187,0.1705018915618456,0.1861909231253875,0.18961072665223982,0.17678644049686296,0.17678194169590727,0.1783413515734064,0.17822873780902063,0.1782884199946294,0.17692646531028244,0.17637296416905884,0.1833634899141795,0.2708452758290564,0.23392642851975204,0.20647078741938116,0.2039770934186025,0.20442908165442972,0.20647808492014358,0.20279552122027225,0.2036801126259941,0.20220704446963936,0.20461715601286415,0.20774349481299226,0.2041256471640412,0.2036888129381053,0.20235011106293696,0.20684955926172477,0.2317300617223828,0.2327489025432157,0.22267843200753812,0.26587144904032395,0.26434892865481696,0.26528228709966406,0.26557828527774235,0.2650018929082353,0.19250791546969642,0.1900777550284675,0.18896247021060564,0.20508347085283257,0.19227299409405707,0.19274595381278026,0.20845800201296033,0.18974088323851765,0.1847404276551792,0.19428162460536819,0.20536863294317467,0.23928729687800582
