,lapgyn4_anatomical_structures,lapgyn4_surgical_actions,lapgyn4_instrument_count,lapgyn4_anatomical_actions,sklin2_skin_lesions,identify_nbi_infframes,laryngeal_tissues,nerthus_bowel_cleansing_quality,stanford_dogs_image_categorization,svhn,caltech101_object_classification,caltech256_object_classification,cifar10_object_classification,cifar100_object_classification,mnist_digit_classification,emnist_digit_classification,hyperkvasir_anatomical-landmarks,hyperkvasir_pathological-findings,hyperkvasir_quality-of-mucosal-views,hyperkvasir_therapeutic-interventions,cholec80_grasper_presence,cholec80_bipolar_presence,cholec80_hook_presence,cholec80_scissors_presence,cholec80_clipper_presence,cholec80_irrigator_presence,cholec80_specimenbag_presence,derm7pt_skin_lesions,idle_action_recognition,barretts_esophagus_diagnosis,brain_tumor_classification,mednode_melanoma_classification,brain_tumor_type_classification,chexpert_enlarged_cardiomediastinum,chexpert_cardiomegaly,chexpert_lung_opacity,chexpert_lung_lesion,chexpert_edema,chexpert_consolidation,chexpert_pneumonia,chexpert_atelectasis,chexpert_pneumothorax,chexpert_pleural_effusion,chexpert_pleural_other,chexpert_fracture,chexpert_support_devices,pneumonia_classification,ph2-melanocytic-lesions-classification,covid_xray_classification,isic20_melanoma_classification,deep_drid_dr_level,shenzen_chest_xray_tuberculosis,crawled_covid_ct_classification,deep_drid_quality,deep_drid_clarity,deep_drid_field,deep_drid_artifact,kvasir_capsule_anatomy,kvasir_capsule_content,kvasir_capsule_pathologies,breast_cancer_classification_v2,eye_condition_classification,mura_xr_wrist,mura_xr_shoulder,mura_xr_humerus,mura_xr_hand,mura_xr_forearm,mura_xr_finger,mura_xr_elbow,bean_plant_disease_classification,aptos19_blindness_detection,lapgyn4_anatomical_structures --shrink_train 800,lapgyn4_surgical_actions --shrink_train 800,lapgyn4_instrument_count --shrink_train 800,lapgyn4_anatomical_actions --shrink_train 800,laryngeal_tissues --shrink_train 800,nerthus_bowel_cleansing_quality --shrink_train 800,svhn --shrink_train 800,cifar10_object_classification --shrink_train 800,mnist_digit_classification --shrink_train 800,hyperkvasir_anatomical-landmarks --shrink_train 800,hyperkvasir_pathological-findings --shrink_train 800,hyperkvasir_quality-of-mucosal-views --shrink_train 800,hyperkvasir_therapeutic-interventions --shrink_train 800,cholec80_grasper_presence --shrink_train 800,cholec80_bipolar_presence --shrink_train 800,cholec80_hook_presence --shrink_train 800,cholec80_scissors_presence --shrink_train 800,cholec80_clipper_presence --shrink_train 800,cholec80_irrigator_presence --shrink_train 800,cholec80_specimenbag_presence --shrink_train 800,idle_action_recognition --shrink_train 800,brain_tumor_classification --shrink_train 800,brain_tumor_type_classification --shrink_train 800,chexpert_enlarged_cardiomediastinum --shrink_train 800,chexpert_cardiomegaly --shrink_train 800,chexpert_lung_opacity --shrink_train 800,chexpert_lung_lesion --shrink_train 800,chexpert_edema --shrink_train 800,chexpert_consolidation --shrink_train 800,chexpert_pneumonia --shrink_train 800,chexpert_atelectasis --shrink_train 800,chexpert_pneumothorax --shrink_train 800,chexpert_pleural_effusion --shrink_train 800,chexpert_pleural_other --shrink_train 800,chexpert_fracture --shrink_train 800,chexpert_support_devices --shrink_train 800,pneumonia_classification --shrink_train 800,covid_xray_classification --shrink_train 800,isic20_melanoma_classification --shrink_train 800,deep_drid_dr_level --shrink_train 800,deep_drid_quality --shrink_train 800,deep_drid_clarity --shrink_train 800,deep_drid_field --shrink_train 800,deep_drid_artifact --shrink_train 800,kvasir_capsule_anatomy --shrink_train 800,kvasir_capsule_content --shrink_train 800,kvasir_capsule_pathologies --shrink_train 800,mura_xr_wrist --shrink_train 800,mura_xr_shoulder --shrink_train 800,mura_xr_humerus --shrink_train 800,mura_xr_hand --shrink_train 800,mura_xr_forearm --shrink_train 800,mura_xr_finger --shrink_train 800,mura_xr_elbow --shrink_train 800,bean_plant_disease_classification --shrink_train 800,aptos19_blindness_detection --shrink_train 800
lapgyn4_anatomical_structures,0.0,0.000127567407395858,0.00013647947846302853,0.00018542063742648065,0.0003332607442417003,0.0004954216330080651,0.0006856179162820883,0.00023777519224108532,0.0006068677872006589,0.000608973400158743,0.00045693098764779485,0.000435543671700478,0.00040630040218831776,0.00038974150185750974,0.0006751850394584688,0.0007179325783550547,0.00020829715738464465,0.0001907587762056223,0.00022685294268960914,0.00021330565035256,0.00016114687873642223,0.00016189823726778745,0.00016196491241774684,0.00016106248048944482,0.00016095678479119548,0.0001610375153374807,0.00016078507833307745,0.00035700171670228586,0.0002810596432648994,0.00035893603201998976,0.0005735219871606804,0.0005189731122993851,0.0004904851304501907,0.0003233318396533766,0.00032940684835357464,0.0003386581514299386,0.00032052635622321365,0.00034206347008578706,0.00032159107026911527,0.0003205113698397837,0.00034237186978237476,0.0003358682673919994,0.0003326001975664431,0.00031582499012119166,0.00032366945051116115,0.0003465973772475438,0.00037799703345720557,0.00036413430637158794,0.0003767762385836828,0.0004658556917793436,0.0005269288136565079,0.0003969426732001691,0.0003323305208101691,0.0005283180651199633,0.0005283197970204685,0.000529094930794346,0.0005284265235605283,0.00031476954647193607,0.0003037157336264984,0.0003013171286807035,0.0004892474163056897,0.0006741575640444018,0.00041004509501111903,0.000310312803561145,0.0003742559030608562,0.00034667863622927554,0.0003815430216543213,0.00035408897256606795,0.0003746143224444239,0.00040550910280478755,0.0004551894787609924,2.9886605281477498e-05,0.0001420004834838191,0.00013592853344385764,0.0001872783321931507,0.0006883046095055171,0.00023775456016681757,0.0006025928384030503,0.00040776776069714315,0.0006749060117020472,0.00020709536731080067,0.0001908285648780356,0.00022835552612769265,0.00021267688091973253,0.00016203312667982024,0.00016235003413774804,0.00016185301374490644,0.0001647372164627826,0.0001639574412509212,0.0001604715322092655,0.00016329753156920577,0.0002822080716887893,0.0005740335203810332,0.00048629175130922113,0.00032600145598969086,0.00032971579206492657,0.00033821691362987804,0.00032077897148514165,0.00034062119337331843,0.0003214433265503993,0.00031907547406873337,0.00033910275812990286,0.0003396206912338873,0.0003347766877240622,0.0003153014757458773,0.00032426832324800264,0.0003467289355483045,0.0003780290935310497,0.00037673889213041224,0.00045793054403787747,0.000529871180281805,0.0005268415406294246,0.0005291544438582624,0.0005294404008830746,0.0005272907356727741,0.00031303018027220857,0.0003052075189586569,0.0003013458226467659,0.0004097699845791538,0.0003100948192082816,0.00037468077666523924,0.000345047409422085,0.0003817766309827744,0.0003561402326164659,0.0003746590173157379,0.0004062386676107337,0.000452183119437575
lapgyn4_surgical_actions,0.00013483707961493423,0.0,8.889401654846969e-05,0.00011582599109841957,0.00036168554896586413,0.0005321857267009307,0.0007254430611953387,0.0002500254324316927,0.0006264001340611717,0.0006207306325868874,0.0004604636453105828,0.00043602399410635015,0.00040991145183962534,0.0003980344547664678,0.0006639873450267985,0.0007088742216718868,0.00023376957362876042,0.00022300508031269575,0.00023643233580584663,0.00021481397455052682,0.00014543111578378952,0.00014590602175856962,0.00014568934939363968,0.00014554962222480347,0.00014484100209978022,0.00014542098520826791,0.0001446046363633537,0.000386927850747715,0.00027280447244995576,0.0003956931504760248,0.000615637508815117,0.0005724351966854967,0.000500097747614712,0.0003241764635469476,0.0003286047410050632,0.0003363472193591122,0.0003216059586476787,0.0003394003511892846,0.0003220194219041888,0.0003214476249245203,0.0003406060529207301,0.00033376538246470636,0.0003310016065184492,0.0003168937509235149,0.0003241880681253519,0.00034312345531412383,0.0003781529706206587,0.0003939503969017823,0.00037548025596863347,0.0005179608798397226,0.0005560482806424981,0.00038891782587000445,0.0003418269050430203,0.0005572161263504626,0.0005570410147204992,0.0005577008231975585,0.0005568465521758755,0.0003198567191091046,0.00031417676363967926,0.0003133137373015189,0.000503016924847985,0.000707092108198258,0.0003945231714989121,0.00030577455684172413,0.0003730221561609274,0.0003356889366127181,0.0003664229591716292,0.00034544868970888044,0.000363272440492768,0.00041699109166218264,0.00047993641188463364,0.0001365691594689712,5.977236596579993e-05,8.651508096867283e-05,0.00011667109713646029,0.0007276825420277464,0.0002496385518775178,0.0006142979753095731,0.00041161794068083214,0.0006632797682673634,0.00023359003567341137,0.00022263032471180616,0.00023717759423697268,0.00021455388260610987,0.0001468235326868761,0.0001463528447987,0.0001448629662100395,0.0001482743231713326,0.00014370725992292186,0.00014422181851510534,0.00014852880125381992,0.00027251956785588274,0.0006154327373225274,0.0004962605956339884,0.00032624015839309106,0.0003283378524253967,0.00033522546554851454,0.0003210383028166494,0.00033857180064935353,0.0003222910112552283,0.0003205147778667244,0.00033760979134280644,0.0003362147643114112,0.00033318528208488323,0.0003165164748129722,0.000323999846323134,0.0003432620890059565,0.00037749426747824466,0.000375893518273739,0.0005095322423080442,0.0005591594913299037,0.000555326995648017,0.0005580271100931169,0.0005585762216412814,0.0005564379410155412,0.0003178493235129622,0.0003156281705980834,0.000313846601710182,0.0003940567594782463,0.00030472969456213226,0.0003725654818738135,0.00033454245011262356,0.0003671577091152983,0.0003478178364337631,0.00036346993656120424,0.0004178919081264376,0.00047618939980573693
lapgyn4_instrument_count,0.00013889683445650596,8.509257382233338e-05,0.0,9.747521700096133e-05,0.00034438414765797253,0.0005203618909337256,0.000710449717327438,0.0002513638479128392,0.0006080740204050677,0.0006087338705305873,0.00044215493663211567,0.00041831435197406446,0.00039649547313011806,0.00038471516221629974,0.0006479790120646912,0.000691713627856017,0.00022753347165029958,0.00021694347471822815,0.0002414339324960294,0.00022896931191017812,0.00013542901433854753,0.00013676149709948668,0.00013562229227975873,0.0001351775243140768,0.0001350894907715072,0.00013528168611475234,0.00013459125800955698,0.0003737782068055467,0.000281269761687898,0.00039271521019755665,0.0005974620531093655,0.0005490822526478938,0.0004831080449869042,0.0003282773879154688,0.00033362734688773823,0.00034170442331489737,0.0003249361530387955,0.0003450444952908356,0.00032605716160563186,0.00032513195440291205,0.00034604689981434204,0.0003387820222355659,0.00033586032942687586,0.00032038399120844945,0.0003290877570394903,0.0003487308081244355,0.0003765619298688477,0.0003830202770290368,0.0003739858873178019,0.0005032095306097431,0.0005362256792232054,0.0003937071610871798,0.000343231733552037,0.0005373908413520749,0.0005372105277335334,0.0005376567582365413,0.0005368333993681722,0.0003183031022021306,0.0003147697892386626,0.0003143303651087964,0.0004987442201878347,0.0006855479137961491,0.0003923006894714238,0.00031000427744505294,0.00036922728975520797,0.00034338349103247515,0.00036230571876530346,0.0003439427923885124,0.0003605545405921791,0.0004181472868677187,0.00046629086367760313,0.00014066268551018838,8.898061911699447e-05,3.088541164643217e-05,0.00010158995841703396,0.0007125173427302642,0.000250916151549422,0.0006023780321349253,0.00039840593576471377,0.0006472836628181409,0.00022725429535383948,0.00021616372919013062,0.00024265926685638274,0.0002290278338603364,0.0001369940378425091,0.00013654172402937102,0.00013637668994937092,0.00013801407640912954,0.00013408650987507885,0.0001331962080878803,0.0001380004393122408,0.0002819187772118771,0.0005970661884752402,0.00047895589731332725,0.0003311117928185581,0.00033325639092273384,0.00034048119519388114,0.0003251287434489008,0.0003441739898906238,0.0003263553281871597,0.00032414934873475595,0.0003430766925945799,0.0003415804108522087,0.0003379604108807698,0.00031999306657060436,0.0003294041681417358,0.00034900950971007727,0.0003762932496846116,0.000374212080668314,0.0004947654504711997,0.0005393558858787645,0.0005354992474833929,0.0005382584749584638,0.0005385960077580237,0.000536511344374395,0.00031643140565792006,0.0003157950031448276,0.00031470299226345373,0.00039199771709602307,0.0003090908042894158,0.0003690179593493757,0.00034204856137229746,0.0003626400126664434,0.0003455349837358198,0.0003603554640914938,0.0004190339802955467,0.0004627775554323693
lapgyn4_anatomical_actions,0.0002078267250022028,0.00012103377500825144,0.00010660220040382864,0.0,0.00040329182354919494,0.0005786864582002771,0.0007626779030706912,0.00030181392276979954,0.0006481299444994653,0.0006551737379816707,0.00048654684022198414,0.000463454528913263,0.00044734264896468124,0.00043853390890115373,0.0006904341863018235,0.0007337952132471931,0.00029092644897140015,0.0002806466860811328,0.000292807421549484,0.0002773200963616575,0.00019416326972803008,0.00019503210684669668,0.00019385378781961197,0.0001939794416144748,0.00019361522664507658,0.00019423068784924606,0.00019333102389960244,0.00043116662790842423,0.00031136771826295996,0.0004523637008583545,0.0006658218877968304,0.0006135138824738356,0.000526984202554669,0.000372084258373635,0.0003774824578331185,0.00038406084222394833,0.00036979653883000983,0.0003870779164069866,0.0003700729170692664,0.00037015571423799367,0.00038850765714351415,0.00038141384687255,0.00037921651131041424,0.000365491935217846,0.00037320195266401536,0.0003900707534775043,0.0004215861472554132,0.0004343803867463601,0.00041805177223890977,0.0005634242113373697,0.0005879756563059221,0.000424190153196906,0.00038829076888954536,0.0005892711064844579,0.0005890359857646462,0.0005893949791793745,0.0005885132849274103,0.0003632975162666965,0.0003637100110315425,0.0003635864503873635,0.0005512768352452858,0.0007324332043980249,0.000427742359475576,0.000353721508828767,0.0004126307971154582,0.0003738922078039294,0.0003953196251999582,0.0003770329089466056,0.00039818564507439636,0.0004592543422805256,0.0005160567999144142,0.00020862462260371695,0.0001254857152154648,0.00010496602073082622,3.2889852835882694e-05,0.0007647666952803344,0.0003015292044329435,0.0006494430003955309,0.00044899677851252475,0.0006893837646264914,0.0002906965713469498,0.0002801965966498046,0.0002937631075173232,0.00027757594938551265,0.00019627637092870323,0.00019557168719755774,0.00019441827649820215,0.0001965144837612819,0.00019021536997588053,0.00019248780223904698,0.00019633769119529765,0.0003108937821957269,0.000665146218579221,0.0005230841936082209,0.0003743598445589492,0.0003765317058653137,0.00038278723793168433,0.00036930558066782903,0.0003866124866283283,0.0003706168487604943,0.0003694517621369231,0.0003858167499845744,0.00038326787677987994,0.0003811292506618045,0.000365313584702181,0.0003729882949683141,0.0003900691867754179,0.0004209572296231021,0.0004182759923983525,0.0005555701626752543,0.0005910132672135667,0.0005872424621319903,0.0005900097551619127,0.0005904284191387538,0.0005882308766030419,0.0003613191353712555,0.00036466218656859106,0.0003642533270681414,0.0004272523082322865,0.00035235968519408746,0.0004116734153784569,0.00037287629472170197,0.0003960326370461987,0.00037906921456926914,0.0003983959431626713,0.00046027126820221087,0.0005126588252349804
sklin2_skin_lesions,0.00032881064986673705,0.00033689011846615356,0.000335601693049087,0.0003696613092235225,0.0,0.0005298961733739139,0.0006569583733674019,0.000337116245974138,0.0006171393739054438,0.0005927661491522301,0.0004650075806889236,0.00045046334691026106,0.0004257794491132356,0.000403876938926525,0.0006387614676331758,0.0006819481109600329,0.0002770938920598366,0.00028022074411844847,0.0003388751724610849,0.00032953161740585006,0.00031042448894761634,0.0003113180930834445,0.0003113825953275654,0.00031066242129579547,0.00031079157985382407,0.0003110058191077023,0.0003112284633069258,0.0002395444861802564,0.0003645980538183028,0.0003670458591685102,0.0005580312968774209,0.00041196505501242596,0.0005166105506400908,0.00037848605568324684,0.00039130690537255103,0.0004017500702982781,0.0003747770871086742,0.00040740228882820925,0.00037711958564699746,0.0003750517475964496,0.000407068912813269,0.00039793504636279986,0.00039280352102128964,0.0003659763195827362,0.0003897245402338205,0.00041101633500529135,0.0004392751147077722,0.00023313192332791846,0.0004402478827289268,0.00031950768944720323,0.0004773930079915927,0.0004478034637275777,0.0003881974762593465,0.00047894857824994764,0.00047955566664729547,0.00048016784714877397,0.0004796267538177408,0.0003297574405349469,0.00031028696026308986,0.0003107366035764755,0.0004913124567006543,0.0006417855343492782,0.000480576547379125,0.00037629439076939205,0.00044526362197758835,0.0004254124653853556,0.0004526660555734557,0.0004426221311214912,0.0004353965586303872,0.00044205119050613295,0.0004162105549648075,0.0003283421179555295,0.00034013662478596244,0.0003379909416425399,0.00037005307995159213,0.0006593145500192309,0.00033599566099288246,0.000585328784243914,0.00042613069931050375,0.0006379601344856777,0.0002768013503938366,0.00027880291935973984,0.0003401506157404741,0.0003300420401926614,0.0003094738921020589,0.0003118936241039002,0.0003122050964521437,0.0003126529876830681,0.0003145885559460769,0.00031058078261045937,0.0003103739881160474,0.00036875265701655897,0.0005581317250097218,0.0005116985420704103,0.0003828347070605237,0.0003911386149162912,0.0004010203486192536,0.0003739552414945143,0.0004061497760421733,0.0003778562947468509,0.00037314079245384684,0.0004039318814774731,0.00040144693894425586,0.0003950451858252611,0.00036531657225322785,0.0003917295056929209,0.00041159304251367815,0.00043995371779097193,0.0004399551924481321,0.00031556706357390986,0.0004793167029986285,0.0004777937475306187,0.0004806221673615991,0.00047916067487227987,0.00047831626601838436,0.0003272576056845257,0.0003108198968493355,0.00031080600111898035,0.0004813521406704954,0.0003765498289206199,0.0004454133438081876,0.000423202591585955,0.00045284489558305107,0.000444558010227121,0.00043494709940614963,0.0004421974546062506,0.00041250370223732926
identify_nbi_infframes,0.0004237389605990044,0.00043957956953309793,0.00043046214934190023,0.0004616713198511401,0.0004149506505540388,0.0,0.00040911701002695016,0.0004569127147853308,0.0004912217775001984,0.00043853211787835757,0.0003970114118888672,0.0003883489558406284,0.00042205250762163333,0.0003852167100580762,0.0005702787626242582,0.000601046191035779,0.0004108674319456983,0.00041308144342905594,0.0004467998163301266,0.00044993590986845076,0.0004235040591852959,0.00042538298095770827,0.00042453951122358124,0.0004232390295798282,0.0004241935015480706,0.0004235211443340802,0.0004250399422176614,0.00038048573200352557,0.00043471959623267,0.00039234730128932994,0.0004850346629793834,0.0004906400740442945,0.0005292244510348591,0.00048534578415863764,0.00048766182271111887,0.0004910864026784316,0.000482526208738064,0.0004949755858115435,0.0004836770702461761,0.0004821753823464996,0.0004932344275784784,0.0004920757399355307,0.0004874819034112571,0.00047886943147088076,0.0004848065243175348,0.0004955874182057417,0.0004942908429636738,0.0003826154687800957,0.0005001414770409165,0.00040453229915507146,0.0005561626702817763,0.0005430599970359728,0.0004811711193906749,0.0005571838560916781,0.0005572986369050221,0.0005583517196604047,0.000558625432538243,0.0004819572686964671,0.0004698987576996908,0.0004694092467562068,0.0004609580761602486,0.0006759939026457875,0.0005054596576788333,0.0004700646840813993,0.00048282865065179815,0.0005062855879444313,0.0004819978456020728,0.0004782907218169767,0.0004889519828549929,0.0004666876745104969,0.0005157365885314411,0.0004238336771932325,0.0004356139199361892,0.00043268651195109577,0.0004623798782312882,0.00041011159399386365,0.0004556408788172835,0.00043915634025094044,0.00042239867624036746,0.0005693264110175965,0.00040999616066021423,0.00041107904541461127,0.0004481700917501715,0.00044986330375017605,0.00042232624305142653,0.000422831757658764,0.0004253001899356113,0.00042588417754043035,0.00042696564019364274,0.0004247206061960978,0.00042265228110434795,0.00044014853861655046,0.0004869246108074187,0.0005269397464452351,0.0004883344204030025,0.00048721878086196036,0.0004902501243487552,0.00048567819938947603,0.0004924737621501531,0.0004820960836317,0.0004797423091170449,0.0004913710793453172,0.0004944041613866577,0.0004890371388638569,0.0004784283630876998,0.0004862751237024373,0.0004958933346518398,0.0004970126972358734,0.0004997728089280562,0.0004026841717179508,0.0005576268061593533,0.0005565550020662549,0.0005575229165149793,0.0005572102607860035,0.0005578719332502669,0.0004814864209885872,0.0004712729456805705,0.0004672937794227445,0.0005064531628955096,0.0004684995944140027,0.00048354972665980075,0.0005058435613400957,0.00048263663388663317,0.00047844618263285485,0.0004888679828689946,0.0004673316999696528,0.0005144503016305837
laryngeal_tissues,0.0005175093200369062,0.0005265670485486633,0.0005225024211196849,0.0005432532645355564,0.0005442899487612333,0.0004615049917935944,0.0,0.0005237288097197791,0.0005898023575439253,0.0004406640525774874,0.0004940942430207409,0.0004931640154170876,0.000453775415492274,0.0004246172126444155,0.0006372062842475465,0.0006550241250440152,0.0005367491847751703,0.0005230596769820808,0.0005281139958687721,0.0005478319677626987,0.0005265975507567438,0.0005277452021586135,0.0005269471666380231,0.0005258512356331415,0.0005266480960319105,0.0005266328342767488,0.0005271095179327217,0.0005142314589757056,0.000525327761850413,0.0005544372644960679,0.0006047640708654941,0.0006426187613498037,0.0006325325005021304,0.0006144999755202575,0.0006300673372277162,0.0006349627497294092,0.0006136785873559226,0.0006391986107839101,0.0006152969405028784,0.0006171066193251865,0.000635389771688218,0.0006259728616544014,0.0006285879150747804,0.0006123596735357526,0.0006114374068286163,0.0006390167493585905,0.0006365773855059388,0.0005467611890963949,0.0006414169596359491,0.0005310119799416351,0.0006425778581440701,0.0006896318347976121,0.0005644789370516509,0.000643885148222869,0.0006424083437222906,0.0006435831931397814,0.0006434357700530264,0.0005501228195854839,0.000537860948921838,0.0005376385250830536,0.0006020274676269624,0.0007237634289961582,0.0006182766104637711,0.0005719941609305049,0.0006102519491796785,0.0005840330336942935,0.0005972205822073551,0.0005644286370243437,0.0005944496644030709,0.0005765506635998827,0.0006372514687719037,0.0005168419885927397,0.0005469769053298298,0.0005232840811940658,0.0005447904826926467,2.760807967541873e-05,0.0005224259685964394,0.0004438866406725114,0.0004524340202032912,0.0006368061367717668,0.0005356043486436713,0.0005228164659954306,0.0005289619511832751,0.0005475472532683737,0.0005267612623650001,0.000526415856318667,0.0005285192704539727,0.000527273316397364,0.0005291187736111292,0.0005254454697040706,0.0005262685744966667,0.0005306471632488636,0.0006065198257296407,0.000629400023375499,0.0006172041395282726,0.0006285263860522995,0.0006318744077545325,0.0006128261388550454,0.0006401352268094046,0.0006169507837350239,0.0006146376003944266,0.000632727677635781,0.0006300804949162868,0.000629213895255964,0.0006105178678386376,0.0006118135937889194,0.0006385592142536724,0.0006386116249830056,0.0006402696492795959,0.0005316030647749034,0.0006444741559401754,0.0006427333495282448,0.0006432966037867138,0.0006432851868606626,0.0006434510448599254,0.0005496540987286477,0.0005388677124293424,0.000536091270654426,0.0006192623814162514,0.0005716402100693086,0.0006105588965809928,0.0005837732979096311,0.0005976766806254609,0.0005665703493069734,0.0005946684925383268,0.0005762905824374508,0.000635797188765148
nerthus_bowel_cleansing_quality,0.0002832896688016075,0.0002769577081252052,0.0002872088590860146,0.0003134708635265452,0.0003844596039241793,0.0005842173385601662,0.0007630486391917884,0.0,0.0006702403714076205,0.000618084686262889,0.0004952435308851813,0.0004727198496805407,0.0004305607598126367,0.00041859133585360193,0.0006699129760031007,0.0007199094749397687,0.00022175014897913038,0.0001974782369690358,0.00012584098792354755,0.000190159043793884,0.00023551744506221218,0.00023500074066994892,0.00023499823989622456,0.00023599934805698265,0.00023526442859455094,0.00023515223601265915,0.00023529436346538435,0.0004093813147581527,0.00026961294955667056,0.0004306171013768674,0.0006428530581293969,0.0006176333242095631,0.000501202936042751,0.00033583296664250345,0.000336333814314274,0.0003449762377844469,0.0003320839049450213,0.00034793799391338783,0.0003322326110566947,0.00033066468445933376,0.0003479545755190702,0.00034375146902846434,0.000339238540751798,0.00032788771686665633,0.00033863575502339363,0.00035286136453614345,0.00042126287652179855,0.0004181384519401602,0.0004190356711305582,0.0005335219872700315,0.0005394689098856119,0.00042081386220383065,0.0003434222081371408,0.0005406525301833505,0.0005408208982532006,0.0005417168660510812,0.0005402077840777444,0.0002967260717019858,0.000285717131294585,0.00028355434920426554,0.0005261440177748613,0.0006771451521288423,0.0004246675786489614,0.0003138023559206192,0.00038217781169230873,0.00035741748971899936,0.0003985499695214641,0.00037382172831245563,0.000379332739485858,0.0004886003830447132,0.00047987648444533846,0.00028362084543787373,0.00028604801222017177,0.0002877096221800323,0.00031202524048748155,0.0007658166198824653,2.9248192375598716e-05,0.0006097264791446438,0.0004315163897123197,0.0006704098185199602,0.0002215503732620074,0.00020126955928232343,0.00012666463105382033,0.00018922125377124983,0.00023508181452764742,0.00023654121563846254,0.000235015189797355,0.00023740167601898833,0.0002364853465714039,0.00023517526655018198,0.00023588871698793448,0.00026887641999920163,0.0006433634212090347,0.0004974278024054036,0.00033759153193420506,0.00033595754872506453,0.0003436921907299748,0.0003321290750360831,0.000347640979388183,0.00033243006242492795,0.00032949397103015053,0.0003449234026307481,0.0003464728431773403,0.0003409182077634626,0.00032681130355897265,0.00033878111142643776,0.00035245059225452697,0.0004198526576311951,0.0004192786840876569,0.0005256784701090532,0.0005426247872651758,0.0005389462685170085,0.0005415642345074533,0.0005420833599638892,0.0005393270054844064,0.0002949249397388821,0.0002868276453599038,0.00028360960545964833,0.00042498826740141097,0.0003124850416196291,0.00038304802525095154,0.0003564853445515219,0.00039878601918252323,0.00037639351950241194,0.00037919330641610625,0.0004899135294785591,0.00047653389201395013
stanford_dogs_image_categorization,0.0005208892907772355,0.0005458792578385966,0.0005292565270252536,0.0005540116443076659,0.0005165259735841362,0.0004975306639715018,0.0006211237831446433,0.0005792909081303291,0.0,0.0005833759893811492,0.00030756105754550724,0.0003018830924547245,0.00042040908234037557,0.00041495204038007456,0.0006265841053338214,0.0006407154674684649,0.0005348778570920343,0.0005388494815156821,0.0005735549810238975,0.0005765192461749103,0.0005554653019697365,0.000556869272327013,0.0005563743793587304,0.0005551005556976242,0.000555627688103967,0.0005554696732070013,0.0005566089265331402,0.000476544956120082,0.0005585377347670289,0.0005092176311466492,0.0005812077437819425,0.0005133607618739221,0.0005737378827251598,0.0005941900306899105,0.0005957248480616452,0.0005993328809584274,0.0005932626030144258,0.0006005811792492923,0.0005924751480778343,0.0005915695358591166,0.0006009958834191777,0.0006012402584579442,0.0005969593122202381,0.0005917340433167994,0.0005929802570384577,0.0006033280927632128,0.0006071546385474731,0.0005036387718289639,0.0006127100549521696,0.0005178130695412913,0.0005903793725383591,0.0006484519407153935,0.0005674144387490452,0.0005907700587359325,0.0005917975992508515,0.0005918675055681757,0.000592450516613618,0.0005836118757729198,0.0005732020487634806,0.0005738250847913131,0.0005685021983533761,0.0006956052667969321,0.0005910234604813989,0.0005711527890599609,0.000558793956770024,0.0006068551300094532,0.0005527411179432121,0.0005650638441374181,0.0005705803449883966,0.0005331895342863859,0.000577925887773149,0.0005198833871786061,0.0005404318235772169,0.0005321537727145939,0.0005568126770763702,0.0006210405533660725,0.0005784117064516916,0.0005794823104356842,0.00042172724305961795,0.0006242544145661934,0.0005349077119781629,0.000537349900924865,0.0005747024536061828,0.0005773843034476667,0.0005557457688614559,0.0005554435641879553,0.0005583938343308385,0.0005568894765155341,0.0005581117563041671,0.0005562334646404981,0.0005546591411378101,0.0005640776836570249,0.0005821323051992581,0.0005721660529070353,0.0005963994065434984,0.0005960980256311506,0.0005997427447244662,0.0005959135837237504,0.0005991006775236452,0.0005934028182463652,0.0005891559538125404,0.0005992229255703866,0.0006037429472080747,0.000597058478286361,0.0005912291626891168,0.0005926557971191243,0.0006050798344104993,0.0006095479085117719,0.0006120999862777535,0.0005171468684306283,0.0005906534364318331,0.0005903925544611791,0.0005922790676948988,0.0005911018360524262,0.0005914753431654107,0.0005833843011502244,0.0005737574212098045,0.0005719201057625802,0.0005915268369766462,0.0005691995118553145,0.000559080177734911,0.0006056006589102766,0.0005519621015531388,0.000565100735941487,0.0005694141013542568,0.0005337096536965191,0.0005765657923597219
svhn,0.0004887833106956795,0.00047706722768941297,0.00047248891900984773,0.00048449725927280106,0.0005586952177613395,0.0005462189455830254,0.0005128882986057988,0.00046867803869000805,0.0006117760850211705,0.0,0.0004751914461610103,0.0004692027107908225,0.00032849420986857,0.000301528526312747,0.00046642074877338677,0.0004834273072223193,0.0004861874010655861,0.00046890759016048945,0.0004665821983260927,0.0004787152857054314,0.0004656146157308855,0.00046633704380732164,0.0004655745384509876,0.0004649909949361584,0.00046563707641720007,0.00046547664955934814,0.00046635489902992986,0.0005451890037665294,0.000477425508326987,0.0005617063512396775,0.0006216530541059628,0.0007125710487498702,0.0005853718398070434,0.000527200280601143,0.0005257063927410805,0.0005299918577437394,0.0005251349709695888,0.0005303495032152962,0.0005242016165365694,0.0005247971065784392,0.000530686268071658,0.0005300659076271617,0.0005259142942010736,0.0005229254771957853,0.0005204904773862655,0.0005324040959742843,0.0005699767772768417,0.0005770253495944029,0.0005727908528995867,0.0006094954147409905,0.0006741634723067484,0.0006095566278280084,0.0005127394366548604,0.0006746756382446439,0.0006742700060072409,0.00067520327229299,0.0006741073987073004,0.000493295115450894,0.0004816268306515874,0.0004818637855383252,0.0006121370872301344,0.0007693829257917188,0.0005400712466179347,0.0004918711908101879,0.000541732556892355,0.000496167610873897,0.0005302382217200911,0.0004814164703906633,0.0005259200408024433,0.0005821558916852651,0.0006378755594722964,0.0004897128859073555,0.0004901765467684378,0.0004729006878356833,0.00048445422261220834,0.0005140353965153798,0.0004679898963198783,3.188718391736715e-05,0.0003278650956562716,0.0004676243690056038,0.00048683370411363257,0.00046839140438397766,0.00046734364577905474,0.00047966027192937547,0.0004655944931345927,0.0004656130776881025,0.00046711835916388037,0.0004673103822391074,0.0004678010790379252,0.0004656235037645003,0.000465591732392785,0.0004809132969196846,0.0006228553984569739,0.0005835346191883926,0.0005294614092675493,0.0005262456800455247,0.0005281632524675747,0.0005269985550131405,0.0005301779611356829,0.000524474915379121,0.0005225171662571491,0.0005287027717949916,0.0005323941732810788,0.0005277587213636651,0.0005235490931933511,0.0005221726578596788,0.0005331245516708011,0.0005710363117152617,0.0005721124219655912,0.0006072965663718055,0.0006769378818726253,0.0006733178669409636,0.0006746656313198535,0.0006747725923786251,0.0006736447021667295,0.0004918259500059639,0.0004817392516105038,0.0004814684010680763,0.0005404854258284434,0.0004918240730600178,0.0005430123270336467,0.0004953335719010819,0.0005310062616095672,0.0004833661110424817,0.0005254685482121497,0.0005819360925896393,0.000635489325196824
caltech101_object_classification,0.0003753500232056582,0.00039059497608207776,0.00037352059671546633,0.00040325804592328447,0.00039245361097606094,0.0004240009481320937,0.0005457377041013533,0.0004193714919267635,0.00031156082169320036,0.0004717830437925652,0.0,8.730122149298554e-05,0.0002742751078381693,0.00024311644056768323,0.0005003034798073294,0.0005169314314682117,0.00038134290675505,0.00037806314906086087,0.0004126348856448559,0.0004190962053008503,0.00039178273353629477,0.00039306220733841034,0.0003921862706324502,0.0003908841684362828,0.00039197382135211826,0.0003920464139860179,0.00039279930882651036,0.00035818165151009355,0.0003916376834211739,0.0004049874279613905,0.0004889583727608769,0.000458378081167882,0.0004457704567069537,0.00043716511071323024,0.000437793752155361,0.0004433949122143691,0.0004372772356955843,0.0004435428587045542,0.0004353338344206759,0.0004352601114027479,0.0004451778926425609,0.00044549903752647495,0.00043949400603563495,0.00043560785364483176,0.0004351003539593974,0.00044706758104941924,0.00047389012763636646,0.00038622209376039493,0.0004781609795002212,0.0004254344208061457,0.000490970203459324,0.0005198618963672076,0.00040997273875566015,0.0004915449916731064,0.0004918134340490936,0.0004919661393266094,0.0004924013873608295,0.00042245244107260045,0.0004083330709275095,0.00040835539910849994,0.00044624619317271575,0.0006036430021262465,0.0004324403441333639,0.0004072131537308934,0.00040690368141661646,0.00044537670107904674,0.00039497152836768124,0.0003958613265139981,0.00041221958140815796,0.00042152778219469334,0.00047381269419747706,0.000374991824693717,0.00039089015974540963,0.00037673042680701256,0.0004051291111232634,0.000546047791570166,0.0004181342768701232,0.0004669579040359733,0.00027637223560712625,0.0004987402117905483,0.00038091250578886464,0.0003773700410525456,0.0004137205948652159,0.0004195765492762925,0.0003915722548957841,0.00039157323089504856,0.0003949585323090506,0.00039335914600648135,0.0003944631933907078,0.0003918828180529266,0.00039057471002140834,0.00039753810443405105,0.0004895702496399257,0.00044411402578006733,0.0004395916379933621,0.0004396123662766126,0.00044329066798846537,0.00044103841177099966,0.0004420789224806948,0.00043598746371981665,0.0004319816589927246,0.000443228870208131,0.0004477035411942297,0.0004408495577754839,0.0004350521590913938,0.0004353040028285481,0.0004496983039219804,0.0004759565478418456,0.0004779785638624602,0.00042242707373184047,0.0004925655643896965,0.0004910044351123148,0.00049226723096403,0.0004919662116670782,0.0004917648288781133,0.0004220349639301289,0.00040904639280825493,0.00040678838979676956,0.00043304507697300253,0.00040489501778799553,0.00040711823052347746,0.00044392713797859474,0.0003942548457534108,0.0003964761456710055,0.0004109465856476964,0.00042175922769610943,0.0004721204659602347
caltech256_object_classification,0.00036480728297476133,0.0003761744129830463,0.000359087461665647,0.0003906017666926899,0.0003834189838150659,0.00042257346606764296,0.000556598943077444,0.00040120459414709833,0.0003109609617346856,0.0004629515267886477,8.826656262286254e-05,0.0,0.00026315224814498845,0.00022876166418022613,0.0004982247677489726,0.0005184274839440876,0.0003653623434005963,0.0003630475388779446,0.00039594853301013833,0.0004022626130813268,0.00037430304281927665,0.00037562810571289756,0.0003747101416247707,0.00037354431606547437,0.0003745776203701006,0.00037465277341672796,0.00037542398702066534,0.0003506256786206214,0.0003791627248377658,0.000397015294545697,0.0004915972922156723,0.0004591090534251909,0.0004344168937137025,0.0004194105003234895,0.0004198494128452081,0.0004254785126292488,0.00041943622669583563,0.0004258484605237681,0.0004174040181555815,0.00041735721265227115,0.00042755450437013834,0.00042758254300260314,0.0004214224331353082,0.00041773895630260315,0.00041835277813809853,0.0004291027559552363,0.00045644193005680217,0.00038029155613590723,0.0004605061904245227,0.00042662407953924944,0.0004808554727774658,0.0004982234672855698,0.0003946677835614978,0.00048172692481309327,0.00048184384015101926,0.0004819376287653099,0.0004823573586342365,0.0004061292507487633,0.0003930387079249624,0.0003937864269691573,0.0004417431057511935,0.0005995306667299021,0.0004089208462402523,0.0003839071874343159,0.0003795330543089548,0.0004241640374751356,0.0003680729537623135,0.0003713280146809461,0.0003852458331774687,0.00041793853562236127,0.0004560401115656788,0.00036482258665668254,0.00037284876980592176,0.0003624786383975406,0.0003929229388252769,0.000556896012344145,0.0004000907104635467,0.0004580635935389415,0.0002647273660826699,0.0004966586957431633,0.0003651121512409145,0.00036249774133540564,0.00039696011958004196,0.0004028543074928617,0.0003740836617741531,0.0003740837742195494,0.00037721335055085494,0.00037598636408470116,0.0003770203849508812,0.0003745108605492095,0.00037290842561262075,0.0003853010881848647,0.0004921616454250522,0.0004325310236168692,0.0004221670117928876,0.000421794332603842,0.0004252033102095616,0.0004234084057806139,0.0004243624151447481,0.00041813862131263955,0.0004140798951804308,0.00042527645925891696,0.00042992601138861625,0.0004227835364794604,0.0004171492052694268,0.0004185311047789855,0.00043170902957819965,0.0004584031887745738,0.0004602225079741477,0.0004233494000984194,0.00048222717503363743,0.0004809234830662892,0.00048240020852416746,0.000482427334879526,0.0004817107703836465,0.00040570436025251256,0.00039352036306960624,0.0003919031917284573,0.00040987496457134544,0.000380460374175596,0.0003798945670627898,0.00042277344680521933,0.0003671849255942987,0.00037183325038869374,0.00038361612208394607,0.00041834679503918173,0.000454446435808931
cifar10_object_classification,0.00038941642429084547,0.0003818743975137843,0.0003735284612088577,0.00039676532730336213,0.00044957966551668405,0.00054853609177612,0.0005873355055711322,0.00039547358599042434,0.00047066212914124924,0.0003770383834770679,0.0003123350253472206,0.0003030771144823446,0.0,0.00010517833170748737,0.00047793309519740773,0.0005095325290884389,0.0003905755083977103,0.0003805472589267062,0.0003922171421527265,0.00039737099862792544,0.000378447323079542,0.0003792130631278117,0.0003784387317828091,0.000378034324764049,0.0003783154566097868,0.00037825913238776436,0.00037881590914417456,0.0004300921659805197,0.0003882495455230716,0.0004289481754546969,0.0005941340089773346,0.0006035166978910851,0.0005078762342525792,0.00043000870178311985,0.0004305480336300269,0.00043661838566961105,0.00042873283172141833,0.0004373681501866641,0.00042752400149854324,0.00042718756297113926,0.0004389273484839138,0.0004370876772029021,0.00043307385377735396,0.00042712643348093583,0.0004266938294929412,0.00044213045391266066,0.0004847325350267387,0.0004565584181943715,0.0004861323956381747,0.0005456040299222993,0.0005861868264983676,0.0005098350631772707,0.00041371477919552405,0.0005870125431921918,0.000586431065482323,0.000587026890224172,0.0005867957210982938,0.00040433335044912186,0.00039757088998211413,0.00039800846689161894,0.0005019608423620964,0.0007081132681460371,0.0004621109973987685,0.0004115248743466243,0.0004504597876221301,0.0004361075804988372,0.00043795976137338353,0.0004100184837979611,0.0004395810659867622,0.0004841419799674648,0.000544944428566529,0.0003892944784733381,0.00039151346191208076,0.00037524551385180173,0.0003973608044558468,0.0005887544638096089,0.0003942359523687014,0.00037129605016439625,3.329723291948309e-05,0.00047871808148874126,0.00038988363333745273,0.0003797746255077151,0.0003929687889632001,0.000397678224498719,0.0003781446775581151,0.00037844788749126404,0.00038066143164193955,0.0003799729529537605,0.00038008514794333136,0.0003782610899593869,0.0003773899371237899,0.000392001457351843,0.0005941657091813694,0.0005050633252863289,0.00043188788360278317,0.0004312890556061219,0.0004365129788656193,0.0004299406670708928,0.0004363495389993552,0.00042890809440215247,0.0004248948653991861,0.0004370141120544196,0.0004397518659596672,0.0004341482013313582,0.00042637605766378695,0.0004258980815952569,0.0004439474921463825,0.0004862251745535599,0.0004861234631799838,0.0005397321196135372,0.0005889600795236557,0.0005858865092325763,0.0005868699215622912,0.0005874379801749749,0.0005866874297281387,0.0004034014313413322,0.00039754276329393085,0.0003967401261912205,0.00046269232895227455,0.0004096754695982965,0.0004511895107673357,0.0004349777509713939,0.00043803812843744056,0.00041250312503793513,0.00043916031246244336,0.0004843004825973103,0.0005421738900830556
cifar100_object_classification,0.0003627407913685778,0.0003614446452959685,0.00035162781491207643,0.0003773729433995059,0.000411783237878651,0.0004929967533282561,0.0005291868372151634,0.0003736235456579314,0.0004520547030770324,0.000335731348404597,0.0002737308916242923,0.0002635167558148344,0.00010171842141815167,0.0,0.0004494577755144867,0.00047891314989304657,0.0003635173344735657,0.0003547461385070593,0.00036956104110667446,0.0003797468400529526,0.00035683151397528166,0.000357732745524335,0.00035697138130543637,0.00035623488318182333,0.00035679158002837404,0.00035679439345850895,0.0003574572350635123,0.0003881321934638223,0.0003684148611355741,0.0003968915406455435,0.0005291638879217009,0.0005563536008559579,0.00047202232296988884,0.00040779410946093544,0.0004080967243838166,0.00041391337644513864,0.0004066577937988394,0.000414534297633045,0.000405362189526962,0.00040538414950075765,0.00041558968402327445,0.00041463838361913065,0.0004103230446996294,0.0004049172177995466,0.0004030907793141364,0.00041862274544517694,0.0004611025131678417,0.0004174551490937266,0.0004629038399186185,0.0004919490811456032,0.0005512543693085625,0.000494943928813134,0.00039148890516951405,0.0005521456300698266,0.000551718227693044,0.0005523418458738353,0.0005520742125565274,0.0003774653590847008,0.00036795355009262316,0.00036831647360269356,0.0004742778908569266,0.0006730728462392751,0.0004353632974044157,0.00038976778300389703,0.00042897411789223985,0.0004148409303641496,0.0004142241610599432,0.00038790228386449547,0.0004174466735632269,0.0004506771686442624,0.0005113244546626394,0.0003625060025199437,0.00036988932621746307,0.0003533851530285481,0.0003784347625078008,0.0005310229150240242,0.00037242606272834067,0.0003302148995224243,0.00010431447412442783,0.00044970583710316966,0.0003631913700102666,0.0003540915134931037,0.0003703084971509345,0.00038022610593371433,0.0003566611596840484,0.00035668616599104274,0.0003591974905940951,0.00035882487328786736,0.0003590452093561312,0.0003563365915229831,0.00035553400126188146,0.0003731678043395987,0.0005294333182173357,0.00046906760323457263,0.0004098303916495908,0.00040960606220514714,0.0004136732793172473,0.0004087526042257962,0.00041307267164145004,0.0004063062130254039,0.00040250629101462035,0.0004138191708790794,0.0004172952352719288,0.0004112156267908647,0.0004044437981410475,0.000403078470520767,0.0004205118838108849,0.00046246308666867867,0.00046241220306135093,0.00048646392262553085,0.0005540071972387223,0.0005511324558443414,0.0005523261823639276,0.0005525362166349418,0.0005517047805437625,0.00037658141322828136,0.0003681285071515504,0.0003668728066510286,0.0004360655904382767,0.00038820472226521347,0.0004300165306128883,0.0004135428916641051,0.0004144072678063474,0.0003902063889245068,0.0004169934130630237,0.00045102414485254615,0.0005088667358412918
mnist_digit_classification,0.0004659667633688567,0.0004523967897989406,0.0004556326064697779,0.00046960194256205086,0.0005647432399264677,0.00064854193138844,0.0007014452022489925,0.0004546152750446274,0.0006438084264000518,0.0004625653931601525,0.00045901320625911263,0.00046016170100682437,0.00043007265246596937,0.0004076363857042928,0.0,0.0001786775485951322,0.0004640031428062439,0.00045531428586704175,0.0004475632429117571,0.000465440078267464,0.0004532275275225862,0.0004536803204215694,0.00045355678559122557,0.0004525619387462608,0.00045319287385277784,0.00045292786419112133,0.0004535787123939189,0.0005444915736704094,0.0004659467796051005,0.0005843895515187606,0.0005478929042294799,0.0007202812796463817,0.0005560560387265438,0.0005145621504888719,0.0005235789175340771,0.0005280553246705971,0.0005150337131053508,0.0005298697193566969,0.0005140147765328704,0.0005166236428063705,0.0005279646261616804,0.0005225520150855097,0.000523365678941533,0.0005157406065955857,0.0005120672533586965,0.0005325226733739472,0.0005345307569703819,0.00058730469064554,0.0005349302499506206,0.0006424661918717493,0.0006370295898177657,0.0005668212863767226,0.0004615576798776905,0.0006377211282182951,0.0006375247972790691,0.0006378825733552014,0.0006371972279831551,0.000481063654884953,0.0004688041097606376,0.00046823319742169827,0.0006474463379439801,0.0007269127717190161,0.0005482335540922263,0.0005048756133238999,0.0005383602030782323,0.000494464924763705,0.0005307823812536475,0.00048356308925670197,0.0005279078412884344,0.0005952625636628552,0.0006198529539931128,0.0004671569074523887,0.00046491769781588864,0.0004561509789093572,0.00046928351891232454,0.000702282060295334,0.0004527235143615077,0.0004568114980719861,0.000430908249719618,3.155024064008118e-05,0.00046362907876834484,0.00045570433941391557,0.00044738608820773195,0.0004650809405288013,0.0004540131503876812,0.00045445334184405204,0.00045409580751468046,0.0004554340289908092,0.00045479730638369766,0.0004536450188233124,0.0004537171947207946,0.0004684485943338184,0.0005484604235450191,0.000553801247788816,0.0005167161748936364,0.000521384377710595,0.000525988862391732,0.0005151267672386636,0.0005325220632831413,0.0005144299572756138,0.0005140452726739697,0.0005264452197994285,0.0005248649290105735,0.0005252442927073759,0.0005149113890744943,0.0005126868588775542,0.0005316829204270086,0.0005339581900314085,0.0005347456850503258,0.0006349408195895334,0.0006385368473685853,0.0006367025981181025,0.0006382584051772887,0.0006370766512225924,0.0006364174127389936,0.00048004275343705913,0.00046919498816867615,0.00046806928643858655,0.0005483741123511655,0.0005051976204226799,0.0005382268328049504,0.0004931091201772263,0.0005311620178890134,0.0004875819444102184,0.0005279959920350681,0.0005958756436707346,0.0006169337161666436
emnist_digit_classification,0.000482677191633396,0.000478108532296147,0.0004751978888089975,0.0004920952088066852,0.0005656661601341961,0.0006491938303417202,0.000671828281353859,0.00046867092832056747,0.0006537808092856172,0.00044988465533818645,0.00047224191875203797,0.0004748961322073489,0.0004484833456175353,0.0004227746826131317,0.00018173124327559755,0.0,0.0004876097429887569,0.0004743532632274953,0.0004641187493550448,0.00048230042310627773,0.0004723663031228203,0.00047278918151966414,0.0004727099280339076,0.00047177350040794553,0.0004723405274888573,0.00047202257267389285,0.00047282855966947716,0.0005414989344414493,0.0004833289049691711,0.0005883272140873432,0.0005264239677207832,0.0007250780401247493,0.0005633978848959717,0.0005353826261677084,0.0005413329109354417,0.0005459719680740938,0.0005347275269650248,0.0005473332589503549,0.0005342939436224676,0.0005361466366212366,0.0005454112044158993,0.0005418038836331009,0.0005417181392289674,0.0005359947619546662,0.0005322419117549078,0.0005500915151733822,0.0005507078580540192,0.0005900443027018877,0.0005518215326319469,0.0006297140055384776,0.0006344525016343308,0.0005973626854128961,0.00048438047626176827,0.0006347994823689427,0.0006347701174036814,0.0006352289325300014,0.0006344696517112597,0.0005076488001611651,0.0004923750914975209,0.0004919588301978725,0.000641746554514098,0.0007223409368550189,0.0005487349332541382,0.0005162337462006401,0.0005502479304273401,0.0004974814424344982,0.0005364877531372369,0.0004915104461334668,0.0005316825815996067,0.0006116976080342278,0.0006228866489537073,0.00048347076975880905,0.0004914721966317481,0.00047608880907879794,0.0004922243377045436,0.0006727684164226826,0.0004666633483615231,0.00044389317586389186,0.0004496100017852585,0.0001820042800608277,0.000486873424187229,0.0004748955720556179,0.00046410489672647244,0.0004821882292572282,0.0004728608525205258,0.00047364489542906977,0.0004735631424701011,0.0004743564807411148,0.0004739122407446978,0.00047244588826451245,0.0004721933050518174,0.0004864563092987501,0.0005277426253313004,0.0005615469099915654,0.0005376371319676333,0.0005404657412415396,0.0005436465282788568,0.0005356703009931437,0.0005495159687274194,0.0005345768708676024,0.0005333235430462388,0.0005438979802867075,0.000544305315163288,0.0005428191766544426,0.0005349440309892455,0.0005333560994774619,0.0005493723611776592,0.0005504490429498612,0.000551298478678494,0.0006223531274372068,0.0006358291686046076,0.0006337625535116687,0.0006355647060094245,0.0006345287009707017,0.0006337570151977924,0.0005067486487155843,0.0004925739319771004,0.0004919502458632117,0.0005482397072522205,0.00051641181585907,0.0005501219865412712,0.0004961331773708393,0.0005367230494152059,0.0004943297395154764,0.0005323413556556932,0.0006124565372786362,0.0006196906638241152
hyperkvasir_anatomical-landmarks,0.00020539424287623135,0.00021716821720159878,0.00021938233332256997,0.0002565784617471066,0.0002830425167302315,0.0004940332454168059,0.0006973362616890193,0.0001867001470860905,0.000612483315457847,0.0005816255110444649,0.00044077406280966947,0.00042180696593435734,0.00038353662250240766,0.00037001233823562285,0.0006187012306950572,0.0006737675034530259,0.0,9.54714601732657e-05,0.0001592017253701201,0.00018794340367047412,0.00017556871804728675,0.0001764469012194243,0.0001766166117325498,0.00017593363104534838,0.00017593867881750296,0.00017609960594492969,0.00017611891792839428,0.0003232580830974836,0.0002603100907147445,0.0003432149406716406,0.0005490784932314658,0.0004917373862093374,0.0004734619246174797,0.0002986605674448191,0.00030639284994091144,0.0003165691960100409,0.0002951811017244879,0.00032020258993583554,0.0002966836474794319,0.0002949964888060991,0.00032025050898529646,0.0003134105631515589,0.00030914482605127504,0.00028984121118495916,0.00030453261004071607,0.00032474101200553006,0.0003521570339382519,0.0003073034654448013,0.00035218147378504784,0.0004289543756051004,0.0004917011852537689,0.00035639167497482837,0.0003019639749775652,0.0004923932728429498,0.000492900172874342,0.0004938398187975737,0.0004930587383444205,0.0002769482830482361,0.00026772551896939016,0.0002652837727665481,0.00046727353202224737,0.0006333106636454486,0.00039800551413869396,0.00028065956554962715,0.00034694837887777456,0.0003395113086492001,0.00036741613544446084,0.0003483009324274114,0.0003502967499993359,0.00041163523745490463,0.000414434007923056,0.00020611473789857143,0.00021967154734397966,0.00021996579725671542,0.0002561573466964968,0.0006995757823751152,0.00018623944689338774,0.0005735841249911465,0.00038510574469961687,0.000618802375714742,2.9935046619766845e-05,9.422299827485959e-05,0.00016132007860135338,0.00018673219155369668,0.00017651506920856463,0.00017711231432510787,0.00017718113962309317,0.0001801062896899198,0.00017974482239388294,0.0001759835786604761,0.00017652067903741034,0.0002622238340579412,0.0005496367820270928,0.00046922279487080014,0.0003032779539856404,0.00030636649488202433,0.0003157852764119896,0.0002959716305340937,0.0003188916320860728,0.00029679972644701803,0.00029325002184963484,0.0003168793627401966,0.00031695497917220386,0.00031171933227379427,0.00028889576595833924,0.0003061376381438981,0.00032467472489554946,0.00035178700918386764,0.00035267592309387667,0.00042195981460990087,0.000494756127277881,0.0004913821999564742,0.0004931116834432088,0.0004941185485069765,0.0004925196068173755,0.0002750659074838448,0.00026967407272750817,0.00026475626092645655,0.0003983819562123654,0.0002812564667091849,0.00034814870416051023,0.00033795097740539095,0.0003672832817115898,0.00035097515606678667,0.0003498038910917403,0.0004126954301212649,0.0004115237273409065
hyperkvasir_pathological-findings,0.00019438768888993915,0.00020919413050913985,0.00021202545305093817,0.00025025513740964807,0.00028857762745250503,0.000498080743649812,0.0006962986207571861,0.0001708211010547808,0.0006191870747061282,0.0005747847073849835,0.00043980810572935905,0.0004203692361403852,0.00038026465285969225,0.0003651994411502775,0.0006264772348491529,0.0006797546097013259,9.768221598289527e-05,0.0,0.00014896214512405198,0.00016568758141501523,0.00015676115814725793,0.00015744561147679252,0.0001572400804700674,0.00015699463803016641,0.00015744338216798048,0.00015756193720402057,0.00015708698906295043,0.00033550057502462955,0.0002455398312563129,0.0003508210746223283,0.000556591527810831,0.0005141462533193943,0.0004636756739599547,0.0002943890964214991,0.0003026566981489272,0.0003134907373885661,0.00029098651527864605,0.00031704997918191775,0.0002924766886575141,0.00029100348927018146,0.00031694081477014045,0.0003093296341317059,0.000305815738183901,0.0002860306141135437,0.00029931930842109404,0.0003218187824211036,0.0003503508150163211,0.00032328390631548935,0.00034854981509476005,0.0004404803493932483,0.00049198195324384,0.0003560990692343356,0.0003001880882475287,0.0004931006704762831,0.0004934755710475511,0.0004942534812302611,0.0004936618329729618,0.00025673069043410696,0.00025056597825775736,0.0002487879267872576,0.0004707324088964276,0.0006348303693628477,0.0003847760436359298,0.00027241491669317944,0.00034107602987113004,0.00032382418630179377,0.00035702217778156434,0.0003351114417642451,0.00033799377249507006,0.0004168558149478431,0.0004135329910665376,0.0001947501711464867,0.00021449577144386087,0.00021278067580799624,0.0002501505416662623,0.0006986222457143694,0.00017035829312176835,0.000566933252494314,0.0003816074280174784,0.0006266658258657385,9.716664021403326e-05,3.033476677864926e-05,0.0001503087784282245,0.00016560288706341607,0.00015765498225230268,0.00015848499779970882,0.00015877787351907476,0.00016003015867727138,0.00016012300449506827,0.0001575920379376256,0.00015761973360454157,0.00024752011224193383,0.0005572035968985701,0.00045961024884588465,0.0002983769177172656,0.00030241879974641936,0.00031244589589683465,0.000291611574563813,0.00031616695168585403,0.0002927682378481752,0.0002893521737248321,0.00031344193750328233,0.00031298215993211503,0.0003084501968943077,0.00028504487186293306,0.000300192877811084,0.00032188034643678234,0.00034964714591428675,0.0003488741233313038,0.0004331173735961599,0.0004951285790688628,0.0004920545660006986,0.0004940142811837623,0.0004946428422889932,0.0004927486939401043,0.00025479932123985096,0.0002520900741489854,0.00024876139395547936,0.0003851932405248209,0.00027233671585386715,0.00034207832107238255,0.0003222905064801572,0.00035681202693389855,0.00033792489131352627,0.0003377156185186534,0.0004176612404593725,0.0004105189921589051
hyperkvasir_quality-of-mucosal-views,0.00024862659767760625,0.00024172982109794155,0.00025631037536086114,0.0002818836855855067,0.00036868092822097044,0.0005589929524467779,0.0007500841370344715,0.00011271532924128768,0.0006533464540619639,0.0006025346649424528,0.0004795746877458806,0.00045896839853187414,0.0004137655495088201,0.0004012125224983338,0.0006493842180378998,0.0007018989208860034,0.00017722774929805144,0.00016334373580745157,0.0,0.00016239039284721997,0.00020847668047449194,0.0002077658204172214,0.0002078191535124522,0.00020881155598297856,0.000208317727512801,0.00020813925667067038,0.00020816973225570924,0.0004003174030362713,0.0002479751578405046,0.0004061671628573702,0.0006286780436512723,0.0005935493975113533,0.0004945625153091302,0.0003171548695289703,0.0003225722301174659,0.00033043992700385776,0.00031368882058212705,0.0003340759122055099,0.00031475651565397847,0.0003130265668595416,0.0003329336546161529,0.00032688327901977016,0.00032482819530778653,0.00030997636890657434,0.00031748974118356077,0.00033777184313322584,0.000387160304471496,0.00039007329594969455,0.0003835032208450411,0.0005095445273684765,0.0005458003211513084,0.00038339458795721954,0.00032650368575974176,0.0005466119228698551,0.0005469981349482772,0.0005481128186521375,0.0005466871938041588,0.00029729299394588295,0.00028457757657317754,0.0002819512393203536,0.0005148033033331209,0.0006801256103005545,0.0004126299020430899,0.00030248710921015095,0.0003789265968152124,0.00033896706661520844,0.0003864567627424664,0.0003599714693860192,0.0003661551790806085,0.0004648249329948452,0.00047453859862315207,0.00024934262688396656,0.00024953207788035576,0.0002558714151806104,0.000280887964163495,0.0007528035389200645,0.0001122612650752481,0.0005947247781692955,0.0004151256368976401,0.0006498460685474558,0.00017698513416912563,0.0001676202237890944,2.860099299998465e-05,0.0001618054097151984,0.00020849335988893435,0.00020902038403407562,0.0002082400222453574,0.00021103068719589347,0.00020908784321873642,0.00020765699723798259,0.0002101533240556755,0.000247597280119493,0.0006292623405608222,0.0004905005392976517,0.0003199756780769022,0.0003213747159788346,0.00032946689621762436,0.0003129073700510286,0.0003337265076186831,0.0003143744931722269,0.0003126846470578431,0.0003311386145725446,0.00033018252092135926,0.0003273757469606001,0.000308627499775874,0.0003178003948224019,0.000337172831563795,0.0003852897303049181,0.00038379000365393974,0.0005018389628694234,0.0005489593331585545,0.0005454049052465645,0.000547576409238154,0.0005486297522949042,0.0005459396831809969,0.0002952158603955302,0.0002862667295488812,0.00028159711463976184,0.00041283492838257746,0.0003020847690866914,0.0003792647632304714,0.00033785370368179626,0.00038665296387270254,0.00036296413157059417,0.0003660758580345842,0.0004660938824993486,0.00047089023821946354
hyperkvasir_therapeutic-interventions,0.00024687715143734785,0.00023707805507045215,0.00025754418267705606,0.0002844220693761364,0.0003765069568851631,0.0005545393248365224,0.0007574333353790828,0.00018889335798708074,0.000668004742684401,0.0006128176326466072,0.00048600384420177754,0.0004628453969779283,0.0004163091595563007,0.00040390127509390243,0.0006727699038363108,0.0007205317812265228,0.0002154052405457385,0.00018763913458325385,0.0001721994984542998,0.0,0.0001999096126363568,0.00019957513933313657,0.00020012343941370423,0.0002007284670554683,0.0002002684791361661,0.00019970640077042305,0.00020013389441245893,0.0004102126569404709,0.0002546029025596217,0.00039922545148777573,0.0006291242780873305,0.0006147013877512212,0.000493542232000229,0.00031526583805263533,0.0003186011201757287,0.0003274474871930736,0.0003107357393670396,0.00033015959504175806,0.00031224420814305063,0.0003099852273806805,0.0003301803966992554,0.0003245353592476317,0.0003216985232229903,0.0003069559088782701,0.00031612825493020807,0.00033453689507357783,0.00037945996126146936,0.00040646939647743645,0.00037459437797925934,0.0005250557483928477,0.0005543839735463582,0.00038872879204254404,0.0003316108921469753,0.0005553384803731547,0.0005554370609751225,0.0005565297475910336,0.0005553238549013764,0.00031789741959226884,0.0003055524729958695,0.00030342305887105775,0.0004958021911203222,0.0006960798002529063,0.00041367613416123326,0.00030520848453464316,0.00038665904561052027,0.00034607426922915604,0.0003871817640917738,0.0003585543875507127,0.00037142755931697177,0.00046356072973240744,0.0004796560614211596,0.0002476275877348527,0.0002479051328475461,0.00025780136984925115,0.0002827153558713864,0.0007599776621486954,0.00018909756814072874,0.0006042964281685409,0.00041757026671888946,0.0006731729674924725,0.00021682650815444998,0.00019078096619327663,0.00017184563572328565,2.905293989919962e-05,0.00019931366551483468,0.00020116404486623078,0.0001994370184984453,0.0002020764425746224,0.0002012450305011369,0.00020127775349056349,0.00020216968135435844,0.00025353976742257736,0.000629382961787401,0.0004896814506027349,0.0003180353850475591,0.0003179688579695727,0.0003266558517302147,0.00031049176502004355,0.00032965693102594796,0.0003125160561324585,0.0003092354788989939,0.00032752945571311103,0.0003279320492045098,0.0003248702683062661,0.00030650821511255135,0.0003161105922804866,0.0003340651959449337,0.00037729495178940214,0.00037443737264921154,0.0005171561752453679,0.000557498133055958,0.0005540337042597785,0.0005560742058484943,0.0005569920443245608,0.0005545797913242159,0.00031522376515505466,0.00030758267643352506,0.0003035396361187407,0.00041341801178745993,0.0003048688684686205,0.0003867110126635295,0.00034516046853993874,0.00038771582158873136,0.000361625209616174,0.00037170600563634455,0.00046460242849279197,0.00047549740847457704
cholec80_grasper_presence,0.00016935082711729587,0.0001474033810519839,0.00013995374746485112,0.00018675630207064172,0.00032630826082902286,0.0005176719952797088,0.0007268407255145558,0.00020598875440333184,0.00063101599522788,0.0005970693130678602,0.000453482404048026,0.0004289673737944053,0.0003893797194673881,0.00037752463234768036,0.0006429811030041127,0.0006932614126316269,0.00017998006280757313,0.00016369167548370637,0.0001961488912400841,0.0001740259589436021,0.0,2.7094587935282922e-05,2.7243779857603547e-05,2.7023919385961116e-05,2.6877151868140094e-05,2.697322391316753e-05,2.7213129825427957e-05,0.00037133741384310433,0.00023320728434196792,0.0003796052603668834,0.0005757901818604868,0.000563303129903401,0.00047169658370071967,0.0002856752025376758,0.00029325130078743436,0.0003055217841170488,0.0002822118101244325,0.0003092608930502005,0.0002834242765877584,0.0002826143590733489,0.0003096987962197342,0.00030031502900916443,0.00029768380388966645,0.00027700584132742286,0.0002896594978799537,0.0003147828267830125,0.0003448680350342786,0.0003697300553402896,0.0003417312539540818,0.000500553702985519,0.0005216187189510224,0.0003533830128362869,0.0003049127633066146,0.0005228313254336543,0.0005227583178894331,0.0005233804144486769,0.0005225789847483359,0.00028568034335792864,0.0002790166624775006,0.00027715309865898705,0.0004868575738013384,0.0006671203114306716,0.00037233138949344417,0.00026376213696278526,0.00033736901345561587,0.0003155507619284602,0.00034214433263877444,0.00032477508506852863,0.00033023049552350427,0.00041681454816518896,0.00044195687890342413,0.0001707545679333262,0.00015421211553178377,0.00014140363546604937,0.00018670788711610777,0.000728918158174263,0.00020625988422952527,0.0005896879395689167,0.00039018352265469134,0.0006427946537148738,0.00018071949267276232,0.00016254846850032484,0.00019727639830669158,0.00017360653326864808,3.022556945803375e-05,3.0303786223499978e-05,3.0068718333806298e-05,3.115747075055014e-05,3.0912804319308366e-05,3.1062239295418274e-05,3.086996613623365e-05,0.0002342105016602698,0.0005758871193579218,0.0004676229769282528,0.00028863490504430243,0.0002927090083669272,0.0003043715600755749,0.0002822082931193443,0.00030909670659191245,0.0002839214725893848,0.0002811355457839731,0.000306055027786194,0.00030409088039824706,0.0003004766620865732,0.0002766515109979119,0.0002895959763133559,0.00031424129700970843,0.0003441218823420288,0.0003422072406506632,0.00049268727344603,0.0005250639403447088,0.0005213219057748834,0.0005235835221369949,0.0005241262375708215,0.000521813380750315,0.0002838661509271861,0.0002804565043897046,0.0002775503886141755,0.00037278452858210097,0.00026350339308875957,0.0003375857562116465,0.0003141573785231217,0.00034255064778689504,0.00032732121752715806,0.00032959095626232626,0.0004176432477231404,0.0004383935002959593
cholec80_bipolar_presence,0.00017075906886748914,0.00014835756968443808,0.00014166542621500791,0.00018801633061842982,0.0003280995894358534,0.0005198676707316272,0.0007291019737993658,0.00020643551910814526,0.0006327063800009888,0.0005992075184576695,0.0004551893807154731,0.00043073672837195875,0.00039111721563153836,0.00037934606248730306,0.0006446755190138475,0.0006951915468166023,0.00018127173382354855,0.00016486720460885998,0.00019629208450159163,0.00017428776724623922,2.7098367010273833e-05,0.0,2.7288261073454193e-05,2.748838376484479e-05,2.7341645393709075e-05,2.7446390660131253e-05,2.760852469728095e-05,0.0003732416926733,0.00023349638884788992,0.00038151820940774653,0.0005769495842914631,0.0005655187419016492,0.00047236865660240225,0.00028599102538572096,0.00029352239873618106,0.0003059335788092786,0.00028260718520247037,0.0003096410284985574,0.0002837514174796732,0.0002829929682752318,0.0003100371162444972,0.00030060471031552975,0.0002980744152051071,0.0002773882781108265,0.00028988384862371015,0.00031525591960187134,0.0003457495525236305,0.00037140951110760135,0.0003425510849737963,0.0005024447748216684,0.0005220180602515928,0.0003532221290544935,0.00030539861274230765,0.0005232133089679541,0.0005231350102898357,0.0005237490556581155,0.0005228721312600587,0.00028704718063658134,0.0002800324177838919,0.0002781451577586302,0.0004885763096337606,0.0006673588645983472,0.00037302455459745684,0.00026403007348934184,0.0003383742640585711,0.0003159159017223867,0.00034273191245498167,0.0003257433809194261,0.0003306305815181939,0.000418205047245674,0.00044249003124285414,0.0001720893941590979,0.00015539095419906453,0.00014297116209524197,0.0001879181616499613,0.0007311794381459555,0.00020678059141487518,0.0005918149150765446,0.00039192151746886305,0.0006445095466837691,0.00018204361675747105,0.00016378646455480396,0.000197370173178057,0.00017383372398266727,3.0393082598122398e-05,3.088519670162122e-05,3.026849439949407e-05,3.062372818111425e-05,3.131442954679991e-05,3.150604101648694e-05,3.119913518708627e-05,0.0002343781762326952,0.0005770792254070887,0.0004682478056689046,0.0002889085668820997,0.0002929546525213212,0.00030478492283319127,0.00028253092926219824,0.00030957512813912743,0.00028417115081969603,0.00028151497306362156,0.0003063877273683942,0.000304374584837477,0.00030084616501983705,0.00027702894493392095,0.0002898634287323102,0.00031470385004134216,0.0003450257598724806,0.00034310568410946446,0.0004946183236132512,0.000525449185250614,0.0005216643019757487,0.000523940726896177,0.0005244874724405614,0.000522174532679223,0.0002851153016847364,0.00028147647147724804,0.00027855922550304956,0.00037341985727675886,0.0002636853951297702,0.0003386040952982379,0.00031454568704826865,0.00034316925769578495,0.00032839273979081037,0.00032996214180786503,0.0004190590206701639,0.0004389165714247685
cholec80_hook_presence,0.00017035316611825434,0.00014761075170746733,0.0001401693416358786,0.00018651283028736762,0.00032741736510268613,0.0005185177044609109,0.0007273543681113726,0.00020639810169177054,0.0006313231420957543,0.0005976852055106424,0.0004537457217250376,0.0004292115812347434,0.00038986541134846677,0.00037808629984690254,0.0006437739203849788,0.0006940876857988181,0.00018125225862088726,0.00016456959247786496,0.0001962234536607287,0.00017471028240015435,2.7245187871394024e-05,2.7286825356979738e-05,0.0,2.7357656138572612e-05,2.710594717369548e-05,2.7429421838183075e-05,2.7117567083382326e-05,0.00037218633396129605,0.00023283993267979758,0.0003809636801823806,0.0005766858202040085,0.0005648142270250538,0.00047125851909415623,0.0002861004969312784,0.0002935943634949326,0.00030593411386466715,0.0002827410644771321,0.0003096059183066289,0.0002838590705134189,0.0002830989437968861,0.00031006309530418676,0.0003006572876688296,0.0002980649179513921,0.00027751867464287464,0.00028996507453700883,0.00031523753980604633,0.0003450534954032733,0.0003707240706931684,0.0003418645190202473,0.0005013659423932309,0.0005220213351886389,0.0003531681809614286,0.00030522899433216353,0.0005232564634003209,0.0005231549799826183,0.0005237709962183767,0.0005229074886862166,0.00028621070392010874,0.00027938496763942847,0.0002775470686965335,0.00048800347022428625,0.0006671130158159969,0.00037178147541498056,0.0002636028782731081,0.0003373051213690358,0.000315117495480015,0.0003413627450467292,0.0003241713212284936,0.0003295260278709223,0.0004174321450796849,0.0004420822186613942,0.0001718320421827925,0.000154486392626111,0.00014167088572437448,0.00018642033129278934,0.0007294051230932643,0.00020676271208270417,0.0005903869862111065,0.0003906995895394861,0.0006436017966379903,0.00018197340533574396,0.00016350393827773945,0.00019732799961196166,0.0001744229603829268,3.051788813696609e-05,3.046470850886704e-05,3.0420648501118233e-05,3.0708424149618725e-05,3.077360676762088e-05,3.099141023611623e-05,3.099905458698314e-05,0.00023381840808101871,0.0005768028055882586,0.0004671304417377517,0.0002890662394690593,0.0002930526670091289,0.0003047724033266848,0.00028269587871281347,0.0003095109868072348,0.00028435283595144,0.00028166240679590964,0.00030642910996781495,0.0003044263736222847,0.00030082768293002995,0.0002771668492683968,0.00028992563534824647,0.0003146230607906762,0.0003443627708817379,0.0003423588312205982,0.000493505372355776,0.0005254385321725769,0.0005216916305041954,0.0005239569447081129,0.000524497821809095,0.0005221768407257718,0.00028437771714448913,0.00028083591257746065,0.0002779665287492665,0.00037216326018855387,0.00026327591795338625,0.0003375583915824105,0.0003137379616717983,0.0003417840196692975,0.0003267317475750888,0.00032887045909976394,0.00041823886318979533,0.0004385253203587001
cholec80_scissors_presence,0.00016927021140547284,0.00014763059563223887,0.00013980868379928542,0.00018657342611396442,0.0003264823825477217,0.0005172551874590636,0.0007264666884016249,0.00020660190706231225,0.0006304747317985729,0.0005969807176275715,0.0004528496227417092,0.0004283625495273008,0.0003894619300277157,0.0003775186271764824,0.0006426938490189957,0.0006931217644337609,0.00018031539742392803,0.0001638218166348172,0.00019654993187909406,0.00017475978676300872,2.70238115667147e-05,2.74856982593497e-05,2.7355686994386117e-05,0.0,2.741956730901749e-05,2.7270558194140664e-05,2.7432210261879777e-05,0.000371162725526449,0.00023279882217523847,0.0003799718678530632,0.0005752954305432048,0.0005632589347138961,0.0004706776622885302,0.00028588282948884577,0.0002935043278230408,0.00030577511871061707,0.0002824641038103792,0.00030948314173313417,0.00028357335453318066,0.00028285189942152275,0.0003099329352555495,0.0003005196411726894,0.00029789386286832164,0.0002772493632090979,0.00028977680902173887,0.000315046063165015,0.00034479058677840027,0.00036956577781516674,0.0003416906115954688,0.0005000935644658704,0.0005209776976135771,0.00035331746392544756,0.0003047440449437784,0.0005221963483615222,0.0005221200828064665,0.000522779929662769,0.0005218850067327744,0.0002861595894263034,0.0002792853606361449,0.00027738096060144965,0.0004868587037120652,0.000666234094311853,0.00037172195363275175,0.00026348724437529666,0.00033669716800229746,0.0003154045373029776,0.00034142623120423846,0.00032438610609392365,0.0003294493989753404,0.00041637150925645955,0.00044145357026418854,0.00017063318982121946,0.00015415397504298187,0.0001413431836540181,0.00018658778695182466,0.0007285207171210301,0.0002069458127009095,0.0005896316035415147,0.00039027349752276,0.0006425229036751837,0.00018108765720004959,0.0001627522761437959,0.0001977248454415154,0.00017439996735121914,3.054080170071717e-05,3.058492267961418e-05,3.040432620490198e-05,3.133979442384871e-05,3.118146325271331e-05,3.119328189889011e-05,3.071769653254672e-05,0.00023379135667498508,0.0005753903160818253,0.000466633033348089,0.0002888238663963662,0.0002929331442858916,0.00030461358546279426,0.0002824633889359692,0.00030936415747065426,0.00028404200152405874,0.00028133851594737115,0.00030623162889659476,0.000304287174472075,0.00030067049509506494,0.0002768576152336085,0.00028973762239789216,0.0003145070953573467,0.0003441233646990725,0.0003421708255994465,0.0004922827857243894,0.0005244173876221322,0.0005206328464759948,0.0005229124277467765,0.0005234845440264305,0.000521129984666782,0.00028435489642159517,0.00028068899520230443,0.00027773155728149116,0.00037221724636882236,0.00026321826272907305,0.00033694618967676986,0.0003140808883067038,0.00034183841270680386,0.00032697716552074294,0.0003288154230245403,0.00041723230640192555,0.0004379193035375452
cholec80_clipper_presence,0.00016924715026511646,0.0001468968479029836,0.00013967054352261266,0.0001863355704851456,0.0003270068780050456,0.0005182735448105207,0.0007267997527589385,0.00020625043985768267,0.0006311867487398717,0.0005978213935433005,0.0004538279997728527,0.0004293523084122872,0.00038996215452258396,0.00037813248077038964,0.0006439857454325229,0.0006943292356457347,0.00018082861002313293,0.00016481087204783283,0.00019656542371823612,0.0001747304697213684,2.6879341123922056e-05,2.7337909957448956e-05,2.7106577527054162e-05,2.741992846315268e-05,0.0,2.707483500697168e-05,2.7046044405512306e-05,0.000371655893811576,0.0002335900106169712,0.0003807639392906165,0.0005765700860230912,0.0005639178428901839,0.00047220162244898694,0.0002864842341709139,0.0002940270142295745,0.0003063341695661912,0.00028305825887299453,0.0003100530245820085,0.0002842248866926809,0.0002834086176390105,0.0003105162514899329,0.0003010980078745379,0.0002984728502768723,0.0002777756804594175,0.00029040076963941265,0.00031564170385004993,0.0003455557092368203,0.00037011549519408947,0.0003423756062596558,0.0005006555066651059,0.0005223523531067648,0.0003537779216192305,0.00030573988771376553,0.0005235696482489579,0.0005234917818470555,0.0005241026716288387,0.0005232612712896849,0.0002868930766007448,0.0002800987812490327,0.00027822440935180396,0.0004878256955446488,0.0006676868018790032,0.00037270646789059497,0.0002646968674481396,0.00033793803414882025,0.0003160693080302376,0.00034233564402949004,0.000325229160629504,0.00033075296962073485,0.0004170470097326714,0.0004429407610250447,0.00017056470073758954,0.00015370704329601935,0.0001411478966166872,0.0001863157925815509,0.0007288684849395236,0.00020659057670336097,0.0005904317520787333,0.00039076835592113035,0.0006438161219175609,0.00018165427755212208,0.00016366342446454693,0.00019765482590862596,0.0001742562675514825,3.0861281010610914e-05,3.0465638211741356e-05,3.0131940247209274e-05,3.097326033780832e-05,3.054812717871045e-05,3.121013872681961e-05,3.116739486239614e-05,0.00023453707986729593,0.0005767008954560417,0.0004681049811100293,0.0002894570868656578,0.00029343804084873285,0.00030524436305331114,0.0002830240084806375,0.00030996191678879124,0.0002846958937040892,0.000281904537092359,0.0003068878420858796,0.0003048963025269356,0.0003012312624753493,0.0002774488979534862,0.0002903515153912488,0.00031510452491206485,0.0003448543109203752,0.0003428742637147996,0.0004928463110481205,0.0005257940988505647,0.0005220231874309186,0.0005243173073943534,0.0005248179864572227,0.0005225367480312093,0.0002850390918956772,0.00028154657389715444,0.00027858280109704556,0.0003730923690226487,0.0002644245057396775,0.00033814225438826484,0.00031470475565205684,0.00034283830431430177,0.00032777372171192374,0.0003301197943415082,0.00041787048939648296,0.0004393352627034184
cholec80_irrigator_presence,0.00016938621182447712,0.00014737798428278862,0.00013984860994647138,0.00018676012522417397,0.00032715104168887384,0.0005178624578802349,0.0007270909943028084,0.00020614179105276563,0.0006311037095680327,0.0005978480010526232,0.0004538915104843837,0.0004293651569494793,0.00038982118677029166,0.00037809040488374224,0.0006437274110160671,0.0006942971404722293,0.0001806919987718382,0.00016458956541367956,0.00019624531894723028,0.00017427773795220664,2.697350756846861e-05,2.74433360190221e-05,2.7429790366963552e-05,2.727240310751829e-05,2.7075947704850103e-05,0.0,2.7335802005145338e-05,0.00037180057637513505,0.00023384091623139004,0.0003805238321101545,0.0005761430004064495,0.0005640128799264447,0.00047235093947617314,0.00028598663768901196,0.00029359841410394325,0.0003058890150583613,0.0002825477224045091,0.00030963564123165696,0.00028375559715819654,0.00028293748277177214,0.00031013410034206294,0.00030067450993247284,0.0002980766354955286,0.0002773783710088522,0.0002900729573300589,0.00031521310261720266,0.0003454585749839656,0.0003701657353709177,0.00034236225761504515,0.0005006782813877953,0.0005221827514863852,0.0003535973274219924,0.00030567139247433226,0.0005233931115706737,0.000523348251158699,0.0005239273216167207,0.0005230778916537821,0.0002868998299801643,0.00027997574864490823,0.00027810931704821224,0.0004873256319492222,0.0006675297264127777,0.00037286239969019013,0.0002644706382520727,0.0003378278208579355,0.0003161401950054328,0.0003425034563362497,0.00032516557044913225,0.0003306408019458551,0.00041701524515460724,0.0004427134237822021,0.00017071986527058134,0.0001539700209839306,0.00014138214420582118,0.00018675521623021812,0.0007291647194636681,0.0002064430455539639,0.0005904783395410138,0.00039061547429310644,0.0006435793278429382,0.00018140328911025823,0.00016343297388831578,0.00019741486554715346,0.00017388300849721368,3.035135477580336e-05,3.040233280742049e-05,3.0245593197414108e-05,3.128582313633681e-05,3.142707133275897e-05,3.126310855293453e-05,3.1547120986601876e-05,0.00023468590296844212,0.0005762547030499318,0.0004682367373215212,0.000288950673272683,0.0002931350341248252,0.00030477698400819777,0.00028257166418918316,0.00030948729549803294,0.0002841825235758131,0.00028148098182810576,0.00030643922742128714,0.0003044747170464554,0.00030086801507512835,0.00027701104134005775,0.00028997297224399836,0.00031464531275126565,0.00034470535193257564,0.0003428390509826963,0.0004928596572100683,0.0005255896240980124,0.0005218404207661498,0.0005240976770265796,0.0005246615747991249,0.000522332713352481,0.00028504666882105573,0.00028143732610840097,0.00027849577486362,0.00037326718545665843,0.00026418500815144307,0.00033803904959035314,0.0003147737742573596,0.00034293193214994576,0.00032771263412122886,0.0003299985146815478,0.00041784554727070415,0.0004391267483906541
cholec80_specimenbag_presence,0.0001691119660920487,0.00014659920793503572,0.0001391592251424902,0.00018592029302829668,0.0003273008775717332,0.000519448265744013,0.0007279863528358042,0.00020603490704642193,0.0006320276913256438,0.0005987054631836781,0.00045460594525249077,0.0004301117896929498,0.0003905047658407703,0.00037877390887734676,0.000644522275394317,0.0006949038719188251,0.0001808260362270496,0.00016443685025843124,0.0001962300770727887,0.00017452762240150127,2.721531633921777e-05,2.7605143950168816e-05,2.712001734464446e-05,2.743303368953088e-05,2.7045024055855123e-05,2.733639873428734e-05,0.0,0.0003725073722319323,0.00023444943624217673,0.00038106580606336085,0.0005769821610495616,0.000564513096061418,0.0004725983942772294,0.000286922621412067,0.0002945009033721643,0.0003068264612092215,0.0002835355390639584,0.000310522232006562,0.0002846741979942978,0.00028387163522165706,0.0003109733720088381,0.00030152747838894716,0.0002989811014744575,0.0002782654208360685,0.00029082672916221476,0.00031608820017147224,0.00034593680303559703,0.00037072160732487004,0.0003427053954639089,0.0005013888157273229,0.0005223834062022649,0.00035401877894877473,0.00030586524902821363,0.0005236295598027298,0.0005235418391977957,0.0005241493295209143,0.0005233057350363092,0.0002867906290116953,0.0002802156694467591,0.000278346001882006,0.0004883974245849215,0.0006678623902870895,0.00037306886677528875,0.000264388038424928,0.0003382238904088966,0.0003161713285896176,0.00034267122487848537,0.0003255697670290494,0.0003308383614509047,0.00041745256583836663,0.0004427856968925399,0.0001705352560672673,0.0001536851768150112,0.00014056512934350064,0.00018573887977213922,0.0007300666155203642,0.00020642914246963548,0.0005913227726550186,0.000391304163477821,0.0006443480138148232,0.0001815198011929676,0.0001632207764346556,0.0001973330833463688,0.00017420195998671387,3.109975673592168e-05,3.08621737825763e-05,3.0121364267667552e-05,3.092432665063142e-05,3.0923016341320924e-05,3.0832643550908905e-05,3.11792520905818e-05,0.00023529530618495576,0.0005771469270009775,0.00046848269076812737,0.0002898979613969026,0.00029398791499986776,0.00030565792045194576,0.00028339515121987953,0.00031040395998235175,0.0002852024880347022,0.00028240861939490976,0.00030735844643705674,0.00030532358933371093,0.00030176972499794353,0.00027792047925400174,0.0002907839854335412,0.0003155197724712984,0.0003452037533058334,0.00034320229611799804,0.0004935495070017642,0.0005258170461567672,0.0005220389851776075,0.0005243500267423866,0.0005248986748006727,0.0005225587092932181,0.0002849470988193505,0.0002816475303727548,0.00027867495126175315,0.000373466802444761,0.00026408804935854947,0.00033847375875828856,0.00031479351693139277,0.0003430850446399657,0.0003281469235786021,0.00033023376235208476,0.00041828255836090424,0.0004391737477281121
derm7pt_skin_lesions,0.00033396894794051035,0.0003408217672601998,0.0003423583688938307,0.00037189257576962384,0.0002261713397509252,0.0004661870264992503,0.0005908538079727594,0.00035869041933006345,0.0005804855071905532,0.0005527748846884391,0.0004262849034451825,0.00041148789954560596,0.00039210400503356785,0.00036467738484071755,0.000612220238520511,0.0006406712826964791,0.0002976584921009691,0.00030603549287089847,0.00035370812147205496,0.0003430080261086932,0.0003337480785248183,0.00033471490848123177,0.00033437054320640104,0.00033348043213807363,0.0003337530657110718,0.0003337968212087304,0.0003346442643763754,0.0,0.000354921142901024,0.00036391693598409984,0.0005226921669438521,0.000355693416781491,0.0004891920564617054,0.00038916814992310866,0.0003941074747775904,0.00040247547498302195,0.00038691613074890563,0.00040573135696248994,0.00038670742381831163,0.0003854957849551438,0.0004064808316374559,0.0004022193032320108,0.0003963565749337288,0.0003804913476684169,0.00039084289961959455,0.0004092460113393769,0.0004529110955605039,0.00017876552609741848,0.00045714147823311917,0.0002540856843743877,0.0004814431217331852,0.0004679890069578746,0.00040679338165185874,0.00048196527483846557,0.00048214278932267896,0.000482753705276491,0.00048256846570365024,0.0003628567845003433,0.0003471678794593565,0.00034684879258224134,0.0004450651616516247,0.0006315841624418634,0.0004669039931522635,0.00039150506510338113,0.0004397721202200823,0.00042407775983384225,0.0004380367624806778,0.0004306514646639283,0.0004313721431893546,0.0004240389787828073,0.0004443512629927621,0.0003341912884804141,0.00034252968518874493,0.0003445561688364628,0.00037156569085757755,0.0005940546247663872,0.0003573013182675974,0.000547094293433249,0.00039233417169511655,0.0006105913969167723,0.00029857752556731695,0.0003043069724172927,0.0003549518438536038,0.00034309041424533866,0.00033320934698629777,0.000334536470940048,0.0003352041038971459,0.0003357890312855811,0.00033778203335550674,0.0003337360226422337,0.000332511291976478,0.00035950913426348026,0.0005234183601758354,0.00048558246541108513,0.0003924007840431223,0.0003944819386128389,0.0004019436444271025,0.00038805815011453375,0.0004037664102388204,0.000386466768353857,0.00038381150097556275,0.00040295372665163524,0.0004052975555317286,0.00039769114047887217,0.0003791881271603683,0.0003931550306728631,0.00041129361937638283,0.00045476898226192163,0.00045692598668893526,0.00024765869487610635,0.0004834695464874014,0.0004812935141482836,0.00048243683651125234,0.0004825573265441884,0.0004822783591840882,0.0003613519538778596,0.00034832643213929536,0.0003457204782934973,0.00046731454097298985,0.00039072156482329487,0.0004399794246241559,0.00042182562966847916,0.0004382236628058465,0.0004316925074954866,0.00043030463002028297,0.000424863942009463,0.0004422978356392324
idle_action_recognition,0.00033167723843241607,0.00031037356128424165,0.00032745103558692325,0.00033858324326490875,0.0004224704508616542,0.000568857149786487,0.0007691011290275275,0.000283131154422857,0.0006815986282185382,0.0006137378903549736,0.00048755903311621445,0.00046720352524075477,0.00044136636883487687,0.0004269418544940887,0.0006743820290976085,0.0007161220946968866,0.00032105021356216586,0.0002960712847006165,0.00027127959535335595,0.0002650683720204688,0.0002744382736035283,0.00027399455367629893,0.00027360184473401266,0.0002739775231645279,0.0002744194618464138,0.00027485883001535793,0.00027534067984914915,0.00043439413551136786,0.0,0.0004506995779467726,0.0006653553687163005,0.0006592018364300466,0.0005254821676105243,0.0003635771663664435,0.0003675176647900316,0.0003780255935433153,0.0003631498547382294,0.00038097198316513624,0.0003612836256702769,0.00036104691143128424,0.00038124469828926667,0.00037498759467484357,0.00037149754463103443,0.0003573815592002427,0.00036451317991211885,0.0003843907089851803,0.00043618410808904504,0.00041722370620368775,0.00043447661100105297,0.0005701137399610523,0.0005691611469305002,0.0004490164739159075,0.0003408259195794307,0.0005701481920375108,0.000569832792303515,0.0005704063711061532,0.0005699303242804423,0.0003513227472841048,0.00034736227895416807,0.00034683424524437843,0.0005225752271542775,0.0007158846852384665,0.00045377899158171756,0.00035785910129667296,0.0004293231784080488,0.00039876565845789285,0.0004242150805090315,0.0004047825834930668,0.000411524512327808,0.0005057296889184941,0.0005055561979539964,0.00033357781276356635,0.0003211937487688544,0.00032756410622380603,0.0003358479827203812,0.0007709538401423614,0.00028313000306196554,0.0006073195946279634,0.00044333089761718395,0.0006737537101504207,0.0003210936971927484,0.00029650040046730114,0.00027121353213080564,0.00026650614555434203,0.0002739907701864464,0.00027617297020811614,0.0002752706744494549,0.0002762811569654803,0.0002750494709418183,0.00027614307793378325,0.0002742063332500271,3.218364017721856e-05,0.0006659098737111204,0.0005224871002871899,0.00036562034631083676,0.00036741670940100893,0.0003769282764166917,0.0003622675803176236,0.0003799799709484458,0.0003609709959869479,0.00036071074907323257,0.00037700137412847654,0.00037767690114084377,0.0003746823090572856,0.00035677181422613105,0.000364810222632693,0.0003845352492724309,0.00043612026801331853,0.0004350633635563275,0.0005629150263685031,0.0005714924342367035,0.0005689564623234167,0.0005700427445465585,0.0005711648429116248,0.0005697410189419751,0.00034972673023599013,0.0003496495179512934,0.0003459049664702604,0.000453811708870597,0.0003560384655415334,0.0004293402864903732,0.00039809194990760336,0.00042495155562664064,0.0004072758876879771,0.0004109453832381797,0.0005066454772429828,0.0005005908977529004
barretts_esophagus_diagnosis,0.0003851680958452603,0.00038954895449256466,0.0004047794310418102,0.0004271426156543552,0.0003908158684744488,0.0005156120463652075,0.000711680877583097,0.00040391843873643956,0.0006406751111957011,0.0006117142854402375,0.000499992035492244,0.0004836442533241857,0.000444200072687575,0.0004221469912578968,0.0006867652521908439,0.0006942786672723816,0.00036484220805308137,0.0003679962555306273,0.0003948963268955534,0.00037960051405012686,0.0003867665543809337,0.0003877712259939921,0.00038786296294912955,0.00038721884281411553,0.00038714946101047956,0.00038753622211201087,0.00038780598390646814,0.00040972164715552745,0.00041720742084684577,0.0,0.00052865152869973,0.000583325806268563,0.000539458107434665,0.00035467008330540393,0.00036066587293491915,0.0003699720704400696,0.00034781646531599974,0.0003747003330665148,0.00035102973576256626,0.00034637947606574494,0.00037494174875554417,0.0003699507205086464,0.0003640690707807088,0.00033866269162611927,0.00035716973000811815,0.0003803288207440312,0.0004271921331791648,0.0004182735410343354,0.00042808625164889047,0.0004982624329022355,0.000588978041880439,0.00043697383365191053,0.00041364791858706634,0.00059067330228726,0.0005898047485826999,0.0005909994680473284,0.0005907837268916662,0.0004369361617859664,0.0004153909018250717,0.00041408139796410466,0.0003443386531882824,0.0007373468077716168,0.00047221479259828853,0.0003805869189260298,0.0004458410470638037,0.00043758649370840387,0.00045076365458334176,0.0004328535372582019,0.0004431311496576409,0.0004841272224040958,0.0005360996896379626,0.00038510860503204047,0.0003965267690163377,0.00040430597341227243,0.0004263173448562876,0.0007130564282617909,0.0004031689673444888,0.0006053230828908973,0.000446945334661772,0.0006859183832984544,0.00036465890943582495,0.0003661647164580509,0.0003954959680237467,0.0003797079419593641,0.00038683408132262763,0.00038766876750215604,0.00038799400244530547,0.00039012118565271103,0.0003903493237105834,0.00038812466160871416,0.0003878338308932488,0.00041919178697331927,0.0005291137329245979,0.0005358536334841396,0.00035706642668397457,0.0003589557473112026,0.0003702682407018549,0.00034835268420318664,0.0003728119687334726,0.00035092054314356556,0.00034586986477167154,0.00037162768994792493,0.0003740499062252176,0.0003657694793095503,0.0003370089110322658,0.00035847304603720237,0.0003805592234532496,0.00042857606007942463,0.0004282766620934097,0.0004929558295945768,0.0005911133745241489,0.0005889410710183078,0.0005913458125600024,0.0005906249702777064,0.0005898353968510757,0.00043502782350788736,0.0004166380982546215,0.0004144195463853766,0.0004732488762488681,0.00037952413542477166,0.0004467667827928334,0.0004361448286591969,0.0004511939079959763,0.0004340726681765202,0.00044223036100587,0.0004842722640315501,0.0005330310339028775
brain_tumor_classification,0.00046972063573778806,0.0004792648003946896,0.0004769090811507259,0.0005049265312726256,0.0004976591643431156,0.0005734441953614358,0.0007176767439827373,0.0004874013737106068,0.0006342578205913339,0.000621970530076982,0.0004895693546595168,0.0004822403860459062,0.0005112369344580732,0.0004729776417731528,0.0006048982336228355,0.000605263549784802,0.00045561201359602436,0.00045275248479324386,0.00048313385689764394,0.0004831947289329054,0.0004483570719141257,0.0004488234619650324,0.0004489305427874213,0.00044806023691296924,0.0004483122057817612,0.0004482490964719505,0.0004488865542078079,0.00045788131026824246,0.0005068393278906432,0.0004589752218401937,0.0,0.000577255542276762,0.00048268071529352876,0.000519737545679945,0.0005282585948162675,0.0005388376967264763,0.0005179051659976153,0.0005403382482663437,0.0005186961356959965,0.0005177806634256851,0.0005388916421150054,0.0005356784834598665,0.0005316624928161811,0.000515090269053521,0.0005234012488977747,0.0005459392420752698,0.0005476306081282421,0.0004946323953179266,0.0005482997597038439,0.0005548260454697477,0.0005075956933828147,0.0005984955632383902,0.0004558587241222954,0.0005096235700075755,0.0005095313596874785,0.0005095812849794436,0.0005098412227777119,0.0005130216672005307,0.0004938428162451192,0.0004917891885201172,0.0005740588094128266,0.0006068146010622978,0.0005508361187670015,0.0004944450270857339,0.0005334920946890724,0.0005136391963770463,0.00053087115796764,0.000511083817541946,0.0005399737964421417,0.0005359342097047755,0.0005127759834911781,0.00046918848264224284,0.0004852110752666364,0.00047791689250814573,0.0005041939032446015,0.0007191984049356693,0.0004874117487741594,0.0006153808956095818,0.0005146116211294262,0.000602811698875678,0.0004562473389636174,0.0004521455894478686,0.0004838923715789298,0.00048393017886897696,0.0004474691236120771,0.00044884628350924053,0.0004504838372084858,0.000449844458393573,0.00045171417589553683,0.0004482581355378126,0.00044713094338657243,0.0005112551267098938,2.921988402917059e-05,0.00048079047963964683,0.0005238433099965679,0.0005291571557111957,0.0005372728522712222,0.0005190580763683483,0.0005401483135790697,0.0005188738678127613,0.0005150117651132992,0.0005367230607294418,0.000540692886175558,0.0005329048328811108,0.0005131452298156862,0.0005247133506401948,0.0005463330729192984,0.000547974695136002,0.0005492675572852276,0.0005485493155096613,0.0005093353913389394,0.0005090084865122402,0.0005102399296394972,0.0005083094788874755,0.0005083516074940195,0.0005107251400328275,0.0004958861364650286,0.0004911121040850766,0.0005516704010521914,0.0004942044626593293,0.0005344281889008622,0.0005118756431824547,0.0005297843280545134,0.0005138398053185626,0.0005402069330661069,0.000535348658518915,0.0005125453993940705
mednode_melanoma_classification,0.0004638463331272588,0.00048139328919489155,0.00047291707647383844,0.0005094707095330647,0.0003703748093545842,0.0005548675201922353,0.0006821814386824001,0.0004888467667999746,0.0006367370728211358,0.0006607717941148529,0.0005227100093424138,0.0005153884589492795,0.0005254490632573629,0.0005015030040005181,0.0007118245196560119,0.0007376943289556435,0.0004200311007997183,0.0004291711228159592,0.0004789455377510443,0.0004838054192823767,0.00046738199728561965,0.0004682939330152231,0.00046822454926509884,0.0004670744515893099,0.00046712359331340975,0.000467638910103354,0.0004681239351314814,0.00032525790254148677,0.000509966322542688,0.00048843387391106,0.0005931730831873459,0.0,0.0005839567971172611,0.0005353880704176783,0.0005453528550684999,0.0005544032233080079,0.0005345990455478938,0.0005584985209761998,0.000534735781077317,0.0005346469057019664,0.0005579810946394171,0.0005514232638972679,0.0005471528162913656,0.0005289306922336576,0.0005443884297851532,0.0005615555327157031,0.0005670230895218032,0.0003236905476964466,0.0005690542243860332,0.00034629594695498463,0.0005678131815483968,0.0005754231908476705,0.0005401518015335513,0.0005690770454381801,0.0005696224189634309,0.0005698440018045195,0.0005702306154347015,0.0005103807656993082,0.0004989584711513034,0.0004981904316981958,0.0005789468387684671,0.0007002400833831032,0.0006001040405148256,0.0005325966102390165,0.0005719593226551575,0.0005656084674966022,0.0005834240094630299,0.0005792410368806594,0.0005755991632256572,0.0005193017393487661,0.0005280472768325698,0.00046355486608489936,0.00048152847608410264,0.00047565131390699307,0.0005104231996950934,0.0006849615488720541,0.0004877925883938343,0.000655506065766094,0.0005269442880155763,0.0007115597095925248,0.00042101988196847163,0.00042866944060661034,0.0004805415899848553,0.0004842650433099628,0.00046803836406909843,0.00046882489977076523,0.00046934635209623676,0.00046857310594200995,0.00047052572206763606,0.0004673850844677318,0.00046644113578127896,0.000513999096306952,0.0005937431589179494,0.0005803046892937644,0.0005393667545298849,0.0005452071568776489,0.000554210374523513,0.0005350616240353529,0.000556690127876966,0.0005350523574510133,0.0005332091356629705,0.0005546729604752007,0.0005553330913894536,0.000548288907702749,0.000527182553165162,0.0005452947144333808,0.0005624539776760936,0.0005681274004001508,0.0005692747884295734,0.00034901363572808006,0.0005693482978509487,0.0005686589720432817,0.0005706951198185165,0.0005683342942102386,0.0005697108586346985,0.0005092118574300856,0.0004990520614528032,0.0004968707739596795,0.0006013970188965862,0.0005325326518512269,0.0005730395051330929,0.0005640643614843694,0.0005832966333205647,0.0005794827204944158,0.0005742757790703542,0.0005189944075796696,0.000526019356829099
brain_tumor_type_classification,0.0005511547428815064,0.0005498977272243889,0.0005504579931467976,0.0005714195587331834,0.0005883947067632431,0.0007202090991820049,0.0008741543332230047,0.000522967762810249,0.0007563409092631842,0.0007720330947603325,0.0006041658983712919,0.0005795230462419757,0.0006185521418537027,0.0005933023698235841,0.0007634370614780189,0.0007783206632515198,0.0005203747813340693,0.000507196616422058,0.000523690573812601,0.0005148233436959868,0.0005178457713685828,0.0005174745472968042,0.0005175302709017368,0.0005172830103676459,0.0005181800006992276,0.0005186474650816038,0.0005184853129316928,0.0005890430247165588,0.0005437872869799692,0.0005928677625837313,0.0006404591694907353,0.0007446052354024831,0.0,0.0005504243738317358,0.0005586473479009326,0.0005682963923489687,0.00054882613334571,0.0005701001439433475,0.0005488585262944622,0.000548022173276812,0.0005712906898393425,0.0005670655912050236,0.0005613304927761635,0.0005437309099535349,0.000562144702753958,0.0005755701926347271,0.000591775891066837,0.00060646090701877,0.0005897610926158325,0.0006888573298450152,0.0005763738671636688,0.0006109717837309695,0.0005158280566895431,0.0005780784999914828,0.0005766156406830352,0.0005772369254553201,0.0005757297668400522,0.0005450107550856896,0.000531740209792308,0.000531855712550785,0.0007043601157677473,0.0006707869358422752,0.0005485093244701924,0.0004900700970830035,0.0005529760804401189,0.0005293844688386807,0.0005386902540965069,0.0005167809341235288,0.0005319420225698506,0.0006497877182106438,0.0005303035710512835,0.0005515916726674973,0.000551187308932213,0.0005525413810986397,0.0005701699923550789,0.0008756850428374147,0.000522988877669731,0.0007649591323721085,0.0006189921155934495,0.0007634395544028683,0.0005228736826575673,0.0005070005594966871,0.0005240726438097163,0.000515104221384203,0.0005165185803477205,0.0005192505211486702,0.00051853924411467,0.0005183439575075365,0.0005184098665805472,0.0005170632598079296,0.0005172777606303269,0.0005465904993989508,0.0006397231764743688,2.9005137230468557e-05,0.0005542635405620456,0.0005577740832505471,0.000568324281137468,0.0005506764265125389,0.0005713960499740718,0.0005490014865458352,0.0005459983677577791,0.0005672048956349215,0.0005695110250189799,0.0005641904328116816,0.0005423378493316581,0.0005624422863057974,0.0005766240664085332,0.0005915331074482161,0.0005908729958532135,0.0006812947028684176,0.0005776500775648268,0.0005764058741687089,0.0005785618809161393,0.0005788369390605007,0.0005734047075309828,0.0005435618931669884,0.0005330722210112073,0.0005308406586370986,0.0005484219670147783,0.0004880732381454396,0.0005527627638434327,0.0005290394743619275,0.0005383865131041135,0.0005194263703103611,0.0005325082520870701,0.0006499634316113802,0.0005274718415976926
chexpert_enlarged_cardiomediastinum,0.0004083793760951103,0.0003991139254972215,0.000414251800678195,0.00043438753467760677,0.0004933885339720798,0.000640378504969,0.0008327199649972841,0.0004061276020491112,0.0007347489054523998,0.0007108969632928663,0.0005816943196306314,0.0005617320598714571,0.000533651840915178,0.0005191484118541356,0.000774379087983714,0.000800226916410772,0.0004076256890235655,0.00040421397611428483,0.0004000307558752061,0.00038450244057588046,0.00037444923494815686,0.0003745961880039618,0.000375101163662395,0.0003748953874053142,0.000374908466756834,0.00037458267612143514,0.0003758212409990177,0.0005197866881476903,0.00041302813216035977,0.0004324870274229112,0.0006991473847801249,0.0007143218361322025,0.0006183613692416956,0.0,6.774227095022016e-05,8.713660006167244e-05,3.82530120691821e-05,9.984690999348162e-05,3.2399245107815025e-05,4.266789244943473e-05,9.035503238273836e-05,6.335263833891867e-05,6.97824825873849e-05,5.538435710990133e-05,5.334216485216643e-05,0.00010465887245146349,0.00027755673371412124,0.0005326225329630904,0.0002789215413751686,0.0006305766823386113,0.0006623784753054616,0.0002404327182482262,0.00044417991940364393,0.000663948550578461,0.0006629989882005658,0.0006636412913383876,0.0006635334498894462,0.00045139301377147617,0.0004267953768040334,0.0004245575237010074,0.0005432736153267748,0.0007881842779304902,0.00043565278539254464,0.00026772232025737256,0.0003977938062957292,0.00040005067606765416,0.0004310975885830281,0.0004074913350897366,0.00041549261589985824,0.0005584039538064652,0.0005917806240585567,0.00041098475242333857,0.00040136313621176193,0.00041449206289683913,0.0004329149957191847,0.0008337403192010967,0.0004046815815876696,0.0007052077919483661,0.0005347964178480036,0.0007738554125180807,0.00040896264075764585,0.0004030433823175166,0.00039970605204477143,0.00038574100974825975,0.00037300881220577397,0.0003757826833079744,0.0003739554979391768,0.0003780678662365305,0.0003779209174363323,0.00037472714518794505,0.00037585472680809473,0.0004126648345204372,0.0006982262684842715,0.0006155439057453285,2.974602965156716e-05,6.469083426895668e-05,8.414319731667392e-05,4.110971050545276e-05,0.00010267315964140281,3.572013603503124e-05,4.398694297012345e-05,8.58756067247437e-05,7.153749121291186e-05,7.043689605547624e-05,5.8427069907807545e-05,5.291957706238339e-05,0.00010374303745181587,0.0002794465542376535,0.00027998811914697343,0.00062553981345357,0.000665433423477083,0.000661852076666386,0.0006640609374642297,0.0006639712519544074,0.0006632947781247345,0.0004499191700549224,0.0004278604907329178,0.0004260012202311237,0.000436910191426794,0.00026761114328081295,0.0003976984752939249,0.00039914176330050537,0.00043138313789003384,0.00040993982152455304,0.00041464431868463286,0.0005589718229639099,0.0005880999226363162
chexpert_cardiomegaly,0.0004077381464513785,0.00039628052790569165,0.0004120802631771525,0.0004307743195456897,0.0004958976566648219,0.0006301719240401175,0.0008302813693750214,0.00039978077969439257,0.0007297521946346336,0.0007041899807427876,0.0005776680063164276,0.0005591662621393974,0.0005280733157009006,0.0005143763883507911,0.0007701877111598533,0.000794777346137794,0.0004055522316614278,0.000401587272797378,0.0003976502219486987,0.0003814051148333851,0.00037351064784514767,0.00037344723637312724,0.00037397309016268623,0.0003738978263910928,0.0003739704692079581,0.00037366874551949126,0.0003747658146586217,0.0005144802781290128,0.0004079103696137705,0.00043274963056028125,0.0007061272575115172,0.0007143678014051721,0.0006175330085652756,6.74437574193989e-05,0.0,4.3606380117076415e-05,6.87651943090906e-05,5.128285692709645e-05,5.693121544175703e-05,5.936179922118296e-05,4.927150308743305e-05,4.776862542855223e-05,3.346481271304498e-05,8.164020018719181e-05,5.9439329912744826e-05,6.236329810772499e-05,0.0002962316356888649,0.0005277877996728993,0.00029710753395484167,0.0006249223870811656,0.000664443160542906,0.0002648287101929644,0.00044332825801918734,0.0006659657029686207,0.0006650429174523307,0.0006658267213184446,0.0006656526632573021,0.00044402823866188036,0.00042106330981196325,0.0004191574760458366,0.0005381692332202343,0.000792379054799833,0.0004336778565501013,0.000263579749006516,0.00039046579708935545,0.0003992339018795839,0.0004302605502263754,0.0004068168591069392,0.000416888854545733,0.0005620483128087317,0.0005903352120901966,0.00041028369309741117,0.0003990592766795331,0.00041212278097795706,0.00042937935366579914,0.0008313204735106723,0.0003982173356661819,0.0006986219121109839,0.0005293030203916173,0.0007695882538201421,0.00040684210375184596,0.00040065150983343244,0.00039753899530132857,0.0003824338543337426,0.0003721477088861612,0.00037482678433961656,0.00037282398172742596,0.0003767570001466352,0.0003768765627922414,0.00037403060265554935,0.00037462502505274684,0.00040745754507678065,0.0007053183837904973,0.0006145901020227352,6.586497816397891e-05,3.1549061283384325e-05,4.312763901099799e-05,7.683319644551655e-05,5.385231934165121e-05,5.5711685364999985e-05,5.9170220713142943e-05,4.381560613458163e-05,5.265277396941038e-05,3.8034634983893735e-05,8.797116529916344e-05,6.164807740753275e-05,6.252841800452456e-05,0.0002978305220106743,0.00029810205135371833,0.0006192457536578737,0.000667478992018958,0.0006637922858436031,0.0006660394534637094,0.0006660671865632241,0.0006653649956083615,0.0004431471273840083,0.00042042507555648304,0.0004204682931102535,0.0004347727761459936,0.0002640759903463171,0.00039102133781976914,0.00039841083547209946,0.0004306876157797933,0.0004086932789651356,0.0004154893624333921,0.0005625773730133938,0.000586825917903021
chexpert_lung_opacity,0.000420706850172471,0.00040751691866205595,0.0004241737355088906,0.00044062186649546136,0.0005084295590567875,0.0006376615466715313,0.0008352243722422437,0.00041060242560368547,0.0007353727119689131,0.0007115480530086543,0.0005863903726322729,0.0005687417067726926,0.0005387562463327572,0.0005248032801548561,0.0007767990508742614,0.0008008513329885501,0.0004186953028583987,0.0004149240749648448,0.00040811300709398386,0.0003940380260610736,0.00038904430791896437,0.00038904057921156077,0.0003895593281070446,0.0003894068995976247,0.000389529113321486,0.0003892032346501826,0.00039030205174879723,0.0005249143696176233,0.0004196356812441168,0.00044417015658803976,0.0007207243149925033,0.0007253862139862306,0.0006268098239681919,8.70487608340604e-05,4.363915080881088e-05,0.0,8.987620074124117e-05,3.3566873606665324e-05,7.821605653952405e-05,8.13377120574437e-05,3.243594293676065e-05,4.643039985071451e-05,3.56574224288286e-05,0.00010290237584520149,7.063627423604195e-05,3.855487858301242e-05,0.00030113328279140214,0.0005382531379163471,0.0003017790304893007,0.0006352315094718831,0.0006747581675134854,0.00026890593597855963,0.0004563714734803455,0.0006762129338805524,0.0006753258492545003,0.000676081815469507,0.0006759385108442625,0.0004535875135860837,0.00043038052357943465,0.0004285279589709637,0.000547448331582508,0.0008026878688432249,0.0004406781930084277,0.00027325678890693754,0.00040191266503071657,0.0004089202877125193,0.0004419336589120937,0.0004181327471954543,0.0004295538046618694,0.0005721423331126354,0.000598848859331281,0.0004232973691207562,0.00041039127174313816,0.00042410395789069694,0.00043927530950883017,0.0008362549522684561,0.00040941960416813713,0.0007061287303940654,0.0005399780608269027,0.0007762249379687006,0.00041998780712192873,0.00041395862623774116,0.0004080463925980498,0.0003952888926939797,0.0003879007169212593,0.00039041588015792573,0.00038821959734389774,0.000392118356396721,0.0003920614231142561,0.00038958323878663227,0.0003900587459167943,0.00041896614792892226,0.0007198404953452479,0.0006237992183941146,8.412320861944165e-05,4.9144929287046906e-05,2.8691765181069037e-05,9.722305056538135e-05,3.8064221053194683e-05,7.620721910947766e-05,8.142600335103047e-05,3.265535734201578e-05,4.660017658721286e-05,3.8189067320313166e-05,0.00010972280275254592,7.263632891377638e-05,3.9344896994421877e-05,0.0003024402820286961,0.00030247782556141355,0.0006295984465168493,0.0006777454588599119,0.0006740204787356579,0.000676230786261713,0.0006763011610586745,0.0006756931565143836,0.00045267511417645484,0.00042939786120900524,0.00042967306271368954,0.000441608777723316,0.00027431307848535145,0.00040249591826059555,0.00040812260592838713,0.0004423562590374892,0.0004201538680313196,0.000428531842537283,0.0005727111181538377,0.000595400150221982
chexpert_lung_lesion,0.0004023568963562816,0.000393586521326906,0.00040785408776944387,0.00042905468902507213,0.00048696426461758733,0.0006361683467620491,0.0008306940492059361,0.0003983912670139926,0.0007309472853068711,0.0007067874403155413,0.0005784496931223981,0.0005585279087028522,0.0005287853069897278,0.0005145259020538441,0.0007714935477360185,0.0007978997447844599,0.00040042502136604667,0.00039639899886705575,0.00039336679644313716,0.00037619215511513256,0.0003674088725707536,0.000367631395827768,0.00036816453352842915,0.0003678873291877237,0.00036786793634658086,0.0003675498893920692,0.00036884975277339676,0.0005146009824687077,0.00040975920656119045,0.0004246927633554431,0.0006943647968267977,0.000709564735219054,0.0006146522896386031,3.809363465814123e-05,6.889776127218443e-05,8.966860294575369e-05,0.0,0.00010360596146707687,3.410434935638495e-05,3.200475720390739e-05,9.583263789414347e-05,6.995172938554982e-05,7.235180301862242e-05,4.0328123629483764e-05,6.23460163984488e-05,0.0001101868829081169,0.0002830886983660523,0.0005285356485812093,0.00028420258668734926,0.0006248236766260264,0.000660540047138342,0.0002400942030834524,0.00043801196045440387,0.0006621578724890647,0.0006612359009780121,0.0006618978273321456,0.0006616823604213007,0.00044452183705829754,0.00042014307325539957,0.0004179414405121768,0.0005371026857153474,0.0007871190591422007,0.00043041916680934284,0.0002642263248406096,0.00039125834130087505,0.0003943946205250341,0.0004237001733256953,0.00040042212461662897,0.0004089186945119786,0.0005556622953747932,0.0005873710466669942,0.0004047326520180377,0.00039617168590999033,0.0004080383003741374,0.0004276931501823217,0.0008317402514958507,0.0003968325131724632,0.0007009519453936783,0.0005299166932304447,0.0007710370729167148,0.00040166181931461565,0.000395288038046486,0.0003932056938552512,0.0003773403437686163,0.0003660469570998836,0.0003686779499103685,0.00036701818407549545,0.00037097172827973453,0.00037095902145554033,0.0003676415279907391,0.0003691152120042421,0.00040934189409918805,0.000693497329688278,0.0006118454866292661,4.130957362092114e-05,6.402443519673237e-05,8.661867115246535e-05,3.1756168306177465e-05,0.00010660326716320216,3.773646186969192e-05,3.614191654154915e-05,9.116872991704965e-05,7.760154152919016e-05,7.354430077475653e-05,4.4024627991832145e-05,6.143417237483559e-05,0.00010895383956948605,0.0002849528945507243,0.00028553008116707115,0.0006198229110182472,0.0006635840658206254,0.0006600184559723713,0.0006622937685175165,0.0006621680498099405,0.0006614076241405664,0.00044299923468035714,0.0004211751738909474,0.0004195925270542012,0.00043160371387863234,0.00026423243821189005,0.00039104506425484355,0.0003934707411766272,0.0004239966058480699,0.0004028337565962325,0.00040776550408342846,0.0005562777034489328,0.0005836353859139374
chexpert_edema,0.0004236025833379149,0.00041006657428946207,0.0004268670691452384,0.0004426980415586723,0.0005114927008836958,0.0006377236313914064,0.0008358072886216919,0.0004135053969049269,0.0007368248827448302,0.0007118610633704,0.0005874986724546942,0.0005704291634629679,0.0005397733549509383,0.0005258549578224594,0.0007768958938070036,0.0008006195906574803,0.00042122319782540664,0.00041736358270486827,0.0004111882808208934,0.00039675397126309644,0.0003920540491425881,0.00039200260727139454,0.0003924856163768399,0.00039237444628665804,0.0003925584745020424,0.00039223689253319136,0.0003932469927664409,0.0005259274381107387,0.0004216141836534531,0.0004486012741374227,0.0007239322144917705,0.0007275697799876798,0.0006280414099196942,9.988458043606539e-05,5.142049543948923e-05,3.356183466345737e-05,0.0001038863405831681,0.0,9.110689612229356e-05,9.431549755704118e-05,3.524710723807392e-05,5.832980693823941e-05,4.6747987121467904e-05,0.00011639303799815346,8.174493227132979e-05,3.5867427375036125e-05,0.0003083860492087211,0.0005383660745825111,0.00030903593664017887,0.0006351587881162103,0.0006756922775721512,0.0002790725495956362,0.00045857433377302984,0.000677069773456622,0.0006762044292212518,0.0006769282272851283,0.0006768237761884318,0.00045581716553763234,0.0004329391269321909,0.00043096031607846156,0.0005500261324673473,0.0008039327063974636,0.00044447517399879156,0.0002766772248517873,0.00040460364418723867,0.0004125859751267948,0.0004450747805757808,0.0004218225486759524,0.00043384283073083724,0.0005749565827650678,0.000600828755726445,0.00042628622541170645,0.00041313458200028787,0.000426804029010812,0.00044131729061370806,0.0008367858138348182,0.000412348366233803,0.0007065036901822674,0.0005409735450555576,0.0007763251988426909,0.00042253991568216745,0.0004165125923263916,0.0004111963986543556,0.0003979037416227645,0.00039091895967221276,0.00039343530769600114,0.00039114856608259,0.00039495861638312395,0.0003950139160923162,0.00039256319999229975,0.0003928873630096601,0.00042090611567450456,0.0007230699299162044,0.0006250042194087488,9.690358552294727e-05,5.874901987498086e-05,3.715523812909326e-05,0.00011142263432273402,3.00393580160422e-05,8.889731263790767e-05,9.381122353882451e-05,3.595472772724557e-05,5.760747951834815e-05,4.966111777117122e-05,0.00012329387880553777,8.400224644105331e-05,3.77978042122218e-05,0.0003096300052372596,0.00030970413230771085,0.0006294707195873297,0.0006786406525834831,0.0006749532438955097,0.0006770627689041766,0.0006771875594501598,0.0006766532810801866,0.00045491596895732927,0.00043179602104201326,0.0004320238897395659,0.0004451311872840569,0.00027771217923577905,0.0004052789209426197,0.0004117747092037328,0.00044552607511801057,0.0004237479898147611,0.00043277571916520736,0.0005754259701014903,0.0005975198694717948
chexpert_consolidation,0.0004023685856796375,0.0003928773697135083,0.0004078995969869253,0.00042815718899500766,0.0004875735333703491,0.0006339200010562787,0.0008286868875534292,0.0003985051359443448,0.0007297038161245457,0.0007053200008330693,0.0005764687599380501,0.0005566526907243552,0.000527522580033739,0.0005132005611948421,0.0007689293483942938,0.0007951048478152141,0.0004005353080349934,0.00039694087121834625,0.00039364929094229346,0.0003775026795253308,0.0003678927587558602,0.00036802696348307704,0.0003685374753679266,0.000368254818811346,0.0003683441767137254,0.00036803721700920383,0.0003692480536892927,0.0005126830795975676,0.00040646658579909654,0.00042675659256346475,0.0006956907383954792,0.0007090430501567838,0.0006138971657891012,3.233828515213541e-05,5.709000167681209e-05,7.831408258393948e-05,3.4084332052675755e-05,9.106475331774174e-05,0.0,3.2079708529323e-05,8.365794737695453e-05,6.019136326229458e-05,6.101843235629055e-05,4.844321277120914e-05,5.3043795320228444e-05,9.815056399569909e-05,0.0002832231544099621,0.0005258011466337295,0.00028453405400195864,0.0006229284859782258,0.0006581235974758363,0.00024607351005640594,0.00043803215986244716,0.0006597266372857344,0.000658771397562821,0.0006594447368363606,0.0006592882401195882,0.0004434500199144315,0.0004191445704438269,0.00041696473587971597,0.0005370031865732601,0.0007848844741956023,0.0004311084149239899,0.0002624932653048844,0.0003911387344675088,0.0003955950445602127,0.00042528593248394224,0.00040193243725332147,0.00041024209012109674,0.0005545929260868808,0.0005861349247122968,0.0004049306232895356,0.00039522456683765023,0.000408191410912256,0.0004267565454466359,0.0008297232370826758,0.0003969648038465464,0.0006995321161617184,0.0005286693683810962,0.0007684292713980497,0.00040179375873190413,0.0003958314833455253,0.00039352050710671465,0.0003786521619756802,0.00036642818435799867,0.00036918036900841116,0.00036745543032264865,0.0003714550530420916,0.00037143461176477146,0.00036820470812990607,0.0003693189791680341,0.0004061010118558894,0.000694787940620049,0.000611085695919807,3.539277173797491e-05,5.3859157750129874e-05,7.561665072533828e-05,4.118415623009031e-05,9.391931869092561e-05,2.923730676964842e-05,3.3402064008737766e-05,7.852658679013867e-05,6.870551154248746e-05,6.287215815213939e-05,5.3419446003990655e-05,5.336437507716001e-05,9.733336084214285e-05,0.0002850720659388006,0.0002856174286292125,0.0006178692286399738,0.0006611838050500879,0.0006575658514764683,0.000659858531376793,0.0006597275725489976,0.0006590539814189067,0.0004419161351783842,0.000420150219486625,0.00041833161773152314,0.0004322496634559848,0.0002624995021440665,0.00039096410808111745,0.00039470355920280385,0.00042562607871785864,0.00040427229688264445,0.00040920182509283204,0.0005551768086738212,0.0005824627521193809
chexpert_pneumonia,0.0003997443351684115,0.00039057452555367456,0.000405208443450113,0.00042618877747570933,0.00048378804809104457,0.0006314807931452281,0.0008280619631302781,0.0003945943816873505,0.0007267666934054253,0.0007024954329368305,0.0005744733475700056,0.0005546707970592439,0.0005242191317981852,0.0005101871783194849,0.0007674158372005074,0.0007935442193853623,0.00039689743545568535,0.0003931235715081342,0.0003902541179503922,0.00037350710173730903,0.000365003334585047,0.0003651888395974301,0.00036568344668415375,0.000365454677131462,0.00036542291355473946,0.00036513825127543735,0.0003663554767588425,0.0005097087913122503,0.0004048589913542929,0.0004211410971506934,0.0006918825331465282,0.0007067565457899861,0.0006120833967582237,4.244621273551987e-05,5.9514159487346737e-05,8.13348684128322e-05,3.197257192082177e-05,9.423857870928079e-05,3.210151910609798e-05,0.0,8.839010576708258e-05,6.650699584923546e-05,6.443429148478516e-05,4.205535266959695e-05,5.936905241305828e-05,0.00010275633254044081,0.00028609275989522915,0.0005234593644092149,0.0002869490896037807,0.0006202365571026321,0.0006563609265345075,0.0002468421819289137,0.00043428759770864305,0.0006579940659083862,0.0006570648236938464,0.0006577293626732207,0.000657549013496217,0.0004394241963384204,0.00041488435377505403,0.00041265326179139896,0.0005334731064628398,0.0007836681038360055,0.0004277845079019112,0.0002593630499953092,0.00038684052965393063,0.00039143600524163384,0.00042010544930704723,0.0003970397290067342,0.00040573400819072895,0.00055370963432782,0.0005834005047527843,0.00040215066805026505,0.00039319627301324077,0.00040541735389873756,0.0004248253342066537,0.0008290973082150258,0.00039304904985577914,0.0006966060169826612,0.0005254015572569868,0.0007669105082125203,0.0003981118244769375,0.0003920339596363686,0.00039010325027422906,0.0003745651863887344,0.000363548238972498,0.0003662228647661696,0.00036463584372903584,0.0003685403636274822,0.00036851271621297525,0.00036527686139421506,0.0003665064170576193,0.0004043026289830625,0.0006910115681493377,0.0006092049489229781,4.4548204535166643e-05,5.518508118472618e-05,7.854593146523532e-05,4.0087125075150775e-05,9.714770637451922e-05,3.592090326885262e-05,2.9518435613987554e-05,8.305670221222055e-05,7.452593277664247e-05,6.649916481503266e-05,4.7149005213576375e-05,5.9873731883418895e-05,0.00010182015455341087,0.0002879174578463702,0.000288104616867262,0.0006150874201292954,0.0006593890720091406,0.0006558338962515284,0.0006581224044981205,0.000658002623881464,0.000657250775206149,0.0004377813052895876,0.00041581625139617726,0.000414209731349253,0.0004288510186429505,0.0002594960121988355,0.00038664361889397236,0.00039053241430477963,0.00042041254629603223,0.0003993496640975077,0.0004045403883740719,0.0005543298720433359,0.0005796883425149932
chexpert_atelectasis,0.0004262030765808533,0.00041326287632838287,0.00042991316846850453,0.00044614337834738774,0.000515065525381266,0.0006411587338513104,0.0008383752465964335,0.000415890701630122,0.0007396928240478728,0.0007150699540892447,0.0005911317573328765,0.0005738417349534237,0.0005439602770096576,0.000529602175399592,0.0007807577939482899,0.0008040924601082364,0.00042418541105607865,0.0004203083570917458,0.0004117908106871838,0.0003983661682389109,0.0003943845863773217,0.00039432054096639075,0.0003948571064162703,0.00039474036870501653,0.0003948746433180667,0.00039462101044592305,0.00039559333421385924,0.0005311892986041,0.0004243934013014577,0.00044968573932133713,0.0007235878675701506,0.0007310896871852903,0.0006298132573774222,9.002056225658941e-05,4.939486446470584e-05,3.244815735687181e-05,9.57221663864935e-05,3.529636861167888e-05,8.339442261821967e-05,8.815608545934052e-05,0.0,4.667410042533274e-05,4.143600076756687e-05,0.00011020411186090918,7.13878985839204e-05,3.571653357043788e-05,0.0002990038835829443,0.0005442119081588695,0.00030000526233481316,0.0006413656517406085,0.0006797300395571216,0.0002701015200713753,0.00046178793892809246,0.0006811913994424987,0.0006802855405355606,0.0006810547806466062,0.000680886393111319,0.00045935244986221655,0.0004367275436321257,0.0004348185120263459,0.0005531657242423696,0.000806943756792595,0.00044577297756588776,0.00027784309032864653,0.0004085167266644152,0.00041421091642596477,0.00044878762913088874,0.0004246863424009827,0.000436729195209367,0.0005770072214004507,0.0006053794853375453,0.00042893273157973,0.00041607771517127425,0.00042981713023665434,0.00044471886955712073,0.0008394171525226615,0.0004147099628833681,0.0007096420311850799,0.0005451922560272669,0.0007801786011374598,0.00042557311870937826,0.00041945571901405836,0.00041168285632991395,0.0003996154425291714,0.0003932881564483125,0.00039570477840995355,0.0003935202400126201,0.00039733963700134433,0.0003974062392936189,0.0003948674964691186,0.0003953777186773366,0.00042367214538686806,0.0007227121595047075,0.0006267207118056413,8.679389901780685e-05,5.532000443856901e-05,3.408043031833176e-05,0.00010278823408920582,3.90748356910303e-05,8.058173351935544e-05,8.716168923602653e-05,2.9482020545593977e-05,4.607448124002856e-05,4.299086721213739e-05,0.00011687184082276486,7.317237730947773e-05,3.584101436542562e-05,0.0003001946000025919,0.0003006340782346586,0.0006356892979659766,0.0006827340875483562,0.0006789990518733724,0.0006811936161222576,0.0006813155553921748,0.0006806517673792643,0.00045852791236118765,0.00043589424439535924,0.00043597213310612716,0.0004466662398657791,0.00027897400343716535,0.0004091011770481172,0.0004133973285876742,0.00044918178927232165,0.00042681594721819417,0.0004357276320003328,0.0005774821903891723,0.0006019875279991019
chexpert_pneumothorax,0.00042166543932812216,0.00040913514673660435,0.0004254409362815937,0.0004428627992681543,0.0005118098711767035,0.0006459409360622189,0.0008401355632673229,0.00041428683154717024,0.0007403943356139164,0.0007175099344060118,0.0005905814731511067,0.0005721222860563229,0.0005438528227471854,0.0005296574536170437,0.0007818121561049529,0.0008064567984119829,0.00042120867163761126,0.0004173125696586845,0.00040899335563860875,0.00039478946424057935,0.0003887982319903919,0.00038877478077826,0.0003892967563961671,0.00038916562663883947,0.00038923147938344524,0.0003889653402718706,0.0003900012075862163,0.000532187716913028,0.0004230589511621741,0.00044780129176098544,0.0007206498848150982,0.0007288101832573538,0.000629044148739426,6.323953879419559e-05,4.8220007578204736e-05,4.650283853793581e-05,7.013879757690227e-05,5.8427479774396835e-05,6.016222138883855e-05,6.663299753947692e-05,4.681698271932844e-05,0.0,4.002429881743273e-05,8.762601565302246e-05,5.2586538458217956e-05,5.811055758292384e-05,0.0002857417108550406,0.0005455133773124838,0.00028656756700442534,0.0006443332764829433,0.0006783916740899791,0.0002478982218727063,0.00045780153107281585,0.0006799305610085491,0.0006789832354351354,0.0006797147131845358,0.0006795983170980418,0.00045685076874077955,0.00043506368237287887,0.0004332707096107565,0.0005542686226795035,0.0008043989995532667,0.0004411404402145608,0.000273631687214339,0.0004054185662475028,0.0004090247395582805,0.00044390834203765836,0.00041902724523931945,0.0004305903265865436,0.0005718708408448587,0.0006038973616630025,0.0004242809523319333,0.0004114989772161441,0.00042540215404326205,0.0004415240834902967,0.0008412143492671453,0.00041286227943827835,0.0007119639789714284,0.000545096272677074,0.0007812353259100888,0.0004225583507971567,0.00041633430077605746,0.0004087211750914665,0.00039605680116837675,0.0003876130130714547,0.00039013359676795783,0.00038799272599958904,0.00039202291437938504,0.0003918861606402272,0.0003891810227517103,0.00039011601591862403,0.00042227389168231547,0.0007197102079482084,0.0006261067309228186,5.97510184951728e-05,4.782415325863692e-05,4.489711922544996e-05,7.511588293158664e-05,6.284648207206288e-05,5.910289881745194e-05,6.70349372419619e-05,4.6558289865088296e-05,2.991719322356772e-05,3.9591114113808966e-05,9.38323567896086e-05,5.140289095775325e-05,5.6554694081821966e-05,0.0002870530124786813,0.0002872516102508603,0.0006387928242250787,0.0006814555700755897,0.0006777381728929249,0.0006799805658502535,0.0006800182763580688,0.0006793468310438858,0.00045597150042769554,0.00043466229231064004,0.000434587224813236,0.00044210690496654457,0.0002745255515419026,0.0004052698704376643,0.0004081987197015889,0.00044433998687452945,0.00042131810871160814,0.00042972521516213615,0.0005723642048838587,0.0006003265079061205
chexpert_pleural_effusion,0.0004117254815321651,0.0003995434794171743,0.0004154288011500183,0.0004334442539385284,0.0004985347320157704,0.0006325657131985935,0.0008293194471574582,0.0004026070788199159,0.0007309776372990013,0.0007051638198178518,0.0005793081458286809,0.0005610602260715795,0.0005316401634459454,0.0005173611343186316,0.0007708295599629053,0.0007955149942183629,0.0004092850437434084,0.00040553521937570125,0.0004001620208610113,0.00038546742623613993,0.00037889944096043183,0.0003789295952295366,0.0003793906808578293,0.000379231516613049,0.0003793396623243383,0.00037907756964513,0.000380167713767036,0.0005174028831591517,0.00041151878233595013,0.00043612190558091086,0.0007091381360033342,0.0007166754969859831,0.0006190202983665069,6.966678345542144e-05,3.346532681288529e-05,3.5649830300964265e-05,7.241513536300824e-05,4.661514475552028e-05,6.094017547332059e-05,6.435441366341873e-05,4.141201760001349e-05,3.977663456529333e-05,0.0,8.56036984533862e-05,5.860112706478645e-05,5.19567520697735e-05,0.0002923882539120961,0.0005317031840694609,0.00029335048453400304,0.0006278526756999018,0.0006660014515075275,0.0002613653670267163,0.0004469136762635501,0.0006675098853521878,0.0006666124095081056,0.0006673626137382713,0.0006672323200965916,0.00044619225426726803,0.000422914455277861,0.0004210193282718781,0.0005412666881121013,0.0007936259566073119,0.00043518374975273983,0.00026476063923703,0.0003937162116011077,0.00040120676838246126,0.0004336351672205804,0.0004095412967264697,0.00042058758004422114,0.0005630801365350193,0.0005909841147424032,0.00041422880126126805,0.00040208525349292614,0.0004155513733167703,0.00043212758111666285,0.0008303738298894058,0.00040109969885345625,0.0006997007274198053,0.0005328904557400478,0.000770251606209006,0.0004106350414786498,0.0004045334371840984,0.0004000514097493942,0.0003866183995754385,0.00037760417338394525,0.0003800926296305411,0.0003781915351993542,0.00038211472882506304,0.00038205666666705595,0.00037932672337744424,0.0003800137177118204,0.0004109686025451649,0.000708251223908463,0.0006160742561026407,6.783688958058593e-05,3.9224327409550524e-05,3.4404688227549154e-05,7.992827753255988e-05,4.970707880129245e-05,5.85810287957982e-05,6.393825375392926e-05,3.787889800473502e-05,4.399058691500206e-05,2.9771150682937895e-05,9.204936227906639e-05,6.091336788857628e-05,5.2367578804877625e-05,0.00029377805695705563,0.00029418902990333896,0.0006222152165918744,0.0006690162594302672,0.000665331420164794,0.0006675697404720236,0.0006676047574429029,0.0006669556289281094,0.00044521860497477394,0.0004222550950186556,0.0004223718467841922,0.00043625928978177674,0.0002654625065739711,0.00039421555530175136,0.0004003869138016448,0.00043405197729382916,0.0004116570173039595,0.00041927084076515174,0.0005636285468679624,0.0005874387082094883
chexpert_pleural_other,0.0003947681895097499,0.0003858409297298097,0.00039987577460538,0.0004215754721698522,0.00047395419819026277,0.0006283040860966345,0.0008246818051604067,0.0003891795992547502,0.0007256018038371916,0.0006986979659962726,0.0005720689668825331,0.0005518650080129001,0.0005214524953926732,0.0005068356770238144,0.0007638401964326607,0.0007903853203958492,0.00039121177790294413,0.0003870917913703336,0.00038557079047501575,0.00036819437855032706,0.0003586877587127462,0.0003588967346158707,0.00035940800385085103,0.0003591565375224764,0.0003590470397822548,0.0003588531782845314,0.0003600641178509009,0.0005042557120195537,0.0004009525354314729,0.00041159370514838676,0.0006828683483683136,0.0006993985013145259,0.0006067564712514404,5.472679205344191e-05,8.176520260289957e-05,0.00010276010746082588,4.012739431955733e-05,0.00011616368709184462,4.826967905814955e-05,4.193878903013989e-05,0.00011022044620887154,8.717945051146238e-05,8.561677850773435e-05,0.0,7.572340113696777e-05,0.00012295916005516797,0.00028948682195410475,0.0005179988727508245,0.00029088303545507873,0.0006154465256984828,0.0006526189733619995,0.0002454226918932359,0.00042743985334100864,0.0006542961788085708,0.0006534097477187944,0.0006540191740165256,0.0006537256337210287,0.0004350206290546465,0.00040977371145139443,0.0004076038949573969,0.0005258170715040262,0.0007799239536248823,0.00042415206503838723,0.00025843392405374175,0.0003836692534273924,0.0003874971729242093,0.00041388114027490677,0.000392301691679494,0.0004000781105948522,0.0005477994057744653,0.0005763320773733858,0.00039700249031694767,0.00038853695410360903,0.0004001433375404503,0.00042026544389611536,0.000825765130789076,0.00038757639843165165,0.0006927634212584596,0.0005226891308810391,0.0007633795785332719,0.0003923145523181826,0.0003858212489364017,0.00038546632799142135,0.0003692016243878423,0.00035727266935091915,0.0003598269397678774,0.0003583748050243332,0.0003622850878693111,0.00036214871051377126,0.0003588096375176642,0.00036022647483333504,0.0004002026498646498,0.0006819552106933173,0.0006039745401457746,5.7171281975170195e-05,7.716582000176619e-05,0.00010043476876560155,4.388301061071409e-05,0.00011875318560137005,5.11400200949847e-05,4.5012805149042946e-05,0.00010500419574393832,9.517174757718284e-05,8.700285776100734e-05,2.960933432206879e-05,7.494560172035983e-05,0.00012202412469133965,0.0002914254501081779,0.00029233881252880396,0.0006104980051313323,0.0006556568798226992,0.0006521955407585439,0.0006545054903212399,0.0006542345020106821,0.0006534225320254476,0.00043327311832051796,0.0004108698056944131,0.0004093974471495322,0.00042538185222449227,0.00025858215594800195,0.0003834492316763808,0.00038642713627377124,0.0004143177687034423,0.00039464596607402395,0.0003988922289674396,0.0005482990498255169,0.0005725602650334706
chexpert_fracture,0.0004047602852390904,0.0003941420465602036,0.00040986134102304647,0.00042870415551240235,0.000496179181111229,0.0006335774678526763,0.0008266874398094538,0.0004043535200472026,0.0007282278159485656,0.0007026437547880016,0.0005791894611951068,0.0005602648104555126,0.0005295523924163032,0.00051426236657536,0.0007702668990492916,0.0007943671104030656,0.0004053955901868338,0.00040181559019952123,0.00039357357316085844,0.00038204596681418526,0.000373240783359192,0.00037324522059412263,0.0003737476495692591,0.0003736014119204496,0.00037362972444225,0.00037350804689567077,0.00037445500868502383,0.0005172111635205526,0.0004097370861164191,0.00042956145345399355,0.0006998125604348953,0.0007154955570833599,0.0006188967289781993,5.2982707068634886e-05,5.894896109445105e-05,6.947803399572696e-05,6.203205878747034e-05,8.022511412920775e-05,5.2850947144542264e-05,5.914721533612055e-05,7.040570959813492e-05,5.20695684120418e-05,5.791747349996224e-05,7.545935433161431e-05,0.0,8.388986898177371e-05,0.00027783373813142003,0.0005304100092555207,0.00027918495002672686,0.000629948502656117,0.0006672879138467414,0.00024895293840202426,0.0004438262582184955,0.0006688186560335409,0.0006678989059933703,0.00066856560576299,0.0006684520240068171,0.0004486600274103324,0.0004264695906295652,0.00042418276687383977,0.0005387724679913719,0.0007948463603483313,0.00043236377081510766,0.00027077376391155725,0.0003982132664057852,0.00039821564348385794,0.0004314309373933433,0.0004067451384222391,0.0004189117923011875,0.0005587580960385954,0.0005952935580296479,0.00040738596744633183,0.00039700328288045354,0.00040990429612145906,0.0004273493023523804,0.0008277532080459565,0.0004030535472327513,0.0006969961626662865,0.0005307618048192851,0.0007696819759056132,0.00040662226002120095,0.00040085179603184854,0.00039348608268126696,0.00038333457155956914,0.00037189500068715304,0.0003745299120207471,0.00037257028036434905,0.00037659512768339247,0.00037649361536505664,0.0003734337566179553,0.0003746034542987613,0.00040925395685607326,0.000698932252814569,0.0006159984266004241,5.2562624288062213e-05,5.7836758303769623e-05,6.704195588345157e-05,6.611939442499426e-05,8.143902925815124e-05,5.312021255318819e-05,5.9506511794374075e-05,6.828342705190619e-05,5.982985907989848e-05,5.9275964287784094e-05,8.137624722762759e-05,2.9676819405972116e-05,8.319813805059397e-05,0.00027966367982958475,0.00028000571488969415,0.000624369951426051,0.0006703884525852188,0.0006666182427697994,0.0006689071927827265,0.0006689173144892677,0.0006682058204574755,0.00044733399410229967,0.00042750790454520137,0.00042530288751632667,0.0004336400934454468,0.00027090880024913333,0.0003981083154159429,0.00039737690764483094,0.0004316393028498619,0.0004091557482303345,0.0004177931269121922,0.0005592553739959835,0.0005917371738026122
chexpert_support_devices,0.0004308762674336337,0.0004170177827405168,0.00043385827955939296,0.0004488832748158841,0.0005184478892132326,0.0006431551162182112,0.0008386254174198696,0.00042030311016818037,0.0007414692047579267,0.0007170448615789189,0.0005926848997922657,0.0005757213568285361,0.00054718321828319,0.0005327691854695683,0.000782561093571582,0.000806104437048384,0.0004290534235613059,0.000425263974020206,0.0004168989485142532,0.00040373465016430997,0.000400369186346632,0.00040037400060030886,0.00040090273626734274,0.0004007217662510324,0.00040091125149657926,0.00040059171385190353,0.0004015708025554961,0.0005333712750601608,0.0004272929123287192,0.00045498000470601575,0.0007313214191052287,0.0007332084237720858,0.0006328239514735475,0.00010460351164412153,6.251376845779633e-05,3.858885806015021e-05,0.00011045806550155667,3.5886650882590746e-05,9.80601388137334e-05,0.00010274253039973374,3.5753462660406685e-05,5.819603990062263e-05,5.200375884177626e-05,0.00012311017636269523,8.550482012802277e-05,0.0,0.0003045742499385885,0.0005468667993754404,0.0003054242727701667,0.0006438325918553466,0.0006823939470074286,0.0002768307495376493,0.00046559516372311164,0.0006837118278715149,0.0006828672501652774,0.0006835419632050311,0.0006834872001170336,0.00046148976139510526,0.00043884386424002813,0.0004370467563543012,0.0005555646722007084,0.0008091617152775981,0.0004480925913547185,0.00028052335382979323,0.00041105686796034046,0.0004180527013690845,0.0004514858546609648,0.0004275640050184529,0.0004400790570850638,0.0005793198666902452,0.0006057834818431335,0.0004335801074112714,0.00041966173238050866,0.00043385729037572705,0.00044750939398695543,0.0008396325130347431,0.000419185087957472,0.0007117433574014684,0.0005484210160383869,0.0007819881518953488,0.00043040982226151515,0.00042438213590619277,0.00041681702288855806,0.00040503979349136153,0.000399404451995924,0.0004018858010506496,0.0003995990309043592,0.0004033383050498218,0.00040327597699758486,0.0004008184807002615,0.0004013721248652259,0.00042649669311621634,0.0007303577632777691,0.0006297225317025337,0.00010092700039595095,6.885435429339844e-05,4.260319891764229e-05,0.00011697656406864,3.940785141019061e-05,9.489461140176848e-05,0.00010206711879938741,4.03115600112163e-05,5.5070364501237366e-05,5.3426034021512495e-05,0.00013014818540328866,8.69815116782884e-05,2.8396699650890955e-05,0.00030569061239248086,0.0003060170365962385,0.000638202364022368,0.0006852605095595446,0.000681610753434311,0.0006836938139021804,0.00068373410462627,0.000683366312131738,0.0004606052581526452,0.0004378146917437268,0.00043809232868990695,0.00044872263344690564,0.0002818336313515351,0.0004116279994104594,0.0004172684475768381,0.0004519394283301625,0.0004296379833129706,0.0004393127905370422,0.0005797471927791223,0.0006023959144624654
pneumonia_classification,0.0005392760033678712,0.0005255954273912233,0.0005371082425146708,0.0005573096813395553,0.0006226712137157705,0.0007485203785983113,0.0009070297813643729,0.0005367934045186526,0.000826681597398325,0.000798931463664936,0.000689806297001131,0.0006674280361106901,0.0006588208599287494,0.0006394153328154076,0.0008694417511293747,0.0008895594788812409,0.000533400571316745,0.0005282327032215181,0.0005210121548697508,0.0005113277719593913,0.0005023788076371631,0.0005027955603401151,0.000502516315001736,0.0005028736289403755,0.0005022276788734805,0.00050270374556395,0.0005032269643684445,0.0006468271608512194,0.0005360120072123877,0.0005726024001793096,0.00078725551660375,0.000814889068485208,0.0006911872543390438,0.00030160005430511836,0.00032538379601957756,0.0003264671597463998,0.00031177848908282233,0.0003333178327249776,0.00031032596911636997,0.0003155378256045494,0.0003227045192942436,0.0003078910604974037,0.00031954190983281576,0.000324101823368053,0.0003044095893738483,0.00032714206117598604,0.0,0.0006518124312788784,3.924280477375817e-05,0.0007468450816863995,0.00076011529064621,0.00027448572745334847,0.0005692842604965224,0.0007612698164869867,0.0007602949471754456,0.000760718016069515,0.0007601000892407182,0.0005861369417601353,0.0005622202109375297,0.0005603085561616803,0.000686468071391982,0.000866773875542598,0.0005096696414752465,0.00037883136140270306,0.0005051403216835399,0.0004868804516161419,0.0005295949812300308,0.0005052394327285473,0.0005228599906127071,0.0006493856510758306,0.0007024822998839715,0.0005406275513010126,0.0005264104999711982,0.0005376683139361075,0.0005558070588122809,0.000908057582708817,0.0005358776416688865,0.0007940558234596439,0.00066028532800136,0.000868827146293245,0.0005349729342643743,0.0005271370169135448,0.0005204779950285998,0.000511667487632956,0.0005017703052877597,0.0005038590969239371,0.0005024130817226522,0.0005055155411826239,0.0005034519335782495,0.0005015822228886471,0.0005042178023329372,0.0005355058474163499,0.0007863658790492108,0.0006877903240831867,0.00030346352609657545,0.00031938369237740716,0.00032371842747041916,0.00030636651003441105,0.00033705974084534705,0.00031114107026888405,0.0003187840105134677,0.00032320803307245326,0.0003106379470116371,0.00031719116792072624,0.00032493515577122507,0.00030506122740829963,0.0003258082519104922,2.8037115179021437e-05,3.8967803439803194e-05,0.0007413218259388164,0.0007627793381266315,0.0007592668436164871,0.0007603518822897209,0.000761011111742211,0.0007604555426500619,0.0005854177799506016,0.0005631629181983694,0.0005616938133983223,0.000511009789397645,0.0003811794891354769,0.000504925542732381,0.000486668137213317,0.0005293125527040685,0.0005091431325208978,0.0005226050731866988,0.0006501623395158275,0.0006988658857950817
ph2-melanocytic-lesions-classification,0.00036215824550476475,0.00036275224470939255,0.0003665152928769516,0.000390878874881653,0.00022031631403439622,0.0005015142578646191,0.0006498676021699709,0.00037522209430045816,0.0006278879566789955,0.0005844612950346,0.00047368571647727774,0.0004607520039223712,0.0004344562864758468,0.00041208908227450647,0.0006346797413034455,0.0006715208462232209,0.00030605434186355515,0.0003146243108543865,0.00036110590713462904,0.0003514767708390124,0.0003472876851030641,0.0003483110802878269,0.0003481613778315827,0.0003472574703259621,0.0003472458467155102,0.0003474723331340469,0.000347826137651853,0.0001891460108309858,0.0003644041920276617,0.0003969622677165642,0.0005632273568624932,0.0003766867781311631,0.0005192652155595241,0.0004104125824729018,0.00041692292801537344,0.0004253694039962957,0.0004097221507360961,0.00042802492204916027,0.0004085153010369712,0.00040801710688346876,0.0004294083896821383,0.0004251665639458443,0.000419874465012005,0.0004031101276898972,0.00041666622977768966,0.00043306625597832525,0.0004583134832094463,0.0,0.00046156689117737105,0.00027786257724436996,0.0004809214028740706,0.0004739174275594202,0.0004034345856933706,0.0004810336491564852,0.0004811971897844559,0.00048238812332811523,0.00048201931257519227,0.0003548284736950955,0.00034480237686418033,0.00034416427787621314,0.0004914221445175012,0.0006329203627967416,0.0005000082650112468,0.00040874817319253807,0.00046086697016794467,0.0004555724216044961,0.0004702638248006202,0.0004662900247480022,0.0004548238561223482,0.0004566519264463455,0.00043698009210778516,0.0003615907732251502,0.0003650825408137685,0.000368361310044134,0.0003902569545632193,0.0006525910370636285,0.00037430070354352096,0.0005781916645124233,0.00043437741491710263,0.0006337595177511279,0.00030782937466306725,0.0003131777861197164,0.00036228904797462103,0.0003518345559126296,0.0003476376441180417,0.0003489217953202347,0.0003487088590595185,0.0003493364991773544,0.00035075750002599087,0.0003476319516047517,0.0003472324481615321,0.0003687065057736255,0.0005642283663579472,0.0005151128864035017,0.0004136718720343909,0.0004162509012955619,0.00042515058651452803,0.000409773682148689,0.0004267459985382971,0.00040828178234401225,0.0004060367761818463,0.00042645778684926694,0.0004278775414962686,0.00042186201976681097,0.00040222820776414337,0.00041868055516230355,0.00043433855213648485,0.00046000601013644144,0.00046157576864521376,0.00027499912393120585,0.0004824456216665739,0.0004805155473900476,0.00048183184991716584,0.0004819959191365122,0.00048189520113879874,0.00035348188760952104,0.0003451618205233914,0.0003421710763897536,0.0005001689825258069,0.0004089899227940799,0.00046110659858687394,0.0004541819528819724,0.0004702961583911909,0.00046852290013386585,0.00045444657171537475,0.0004568438757076705,0.0004335381370827765
covid_xray_classification,0.0005425795467895456,0.0005274866296557754,0.0005389223869545212,0.0005586167107620001,0.0006277904822706217,0.0007565383249375112,0.000916275647306609,0.0005398853630948728,0.0008325578251915911,0.0008053985493936172,0.0006935566234743645,0.0006710278827392507,0.0006622323433974446,0.0006429069549296915,0.0008722239990216186,0.0008938546670110118,0.0005379080401528492,0.000531330304687522,0.000522589671912683,0.0005110085811864604,0.0005042246762194256,0.000504578956044756,0.0005042482632716209,0.0005047377319489631,0.0005040332540953576,0.0005046068183388855,0.0005049693713952508,0.000654458763736823,0.0005398615385426068,0.0005771759680940057,0.0007902881085245154,0.0008211370278266527,0.0006944119797854197,0.00030633863996100744,0.00032955859142214154,0.00033077773278186707,0.0003163608342467155,0.00033748920704837357,0.0003149859582086471,0.00031974392969114676,0.00032746352761756385,0.0003125021587039615,0.00032400470974803646,0.0003289285964141854,0.00030930890982686034,0.00033175745008860247,3.9719465416220656e-05,0.0006592118148197315,0.0,0.0007554101996963362,0.0007644439306684981,0.0002725536546971228,0.0005721368139557815,0.0007655968948727882,0.000764638593998149,0.0007650119841280436,0.0007644058800975161,0.0005900311588140702,0.000566402444751686,0.0005644866644325002,0.000693279655279339,0.00087135831339328,0.000512679753064487,0.0003841164842684481,0.0005113131564864501,0.00048632877844103603,0.0005325147065474133,0.000507712207838821,0.0005253009644399058,0.0006528629911406338,0.00070616642093457,0.0005440741217145095,0.0005285930026910351,0.0005394281806348379,0.0005571865388921541,0.0009173688027338338,0.0005390704991529771,0.0008004310765694785,0.0006636370021347862,0.0008715725654772561,0.0005395598655157739,0.0005305097332556885,0.0005219087708674215,0.0005113051646064535,0.0005036079469072165,0.0005057299168193316,0.0005040644075620344,0.0005070336943115105,0.0005049825121747973,0.0005034557213084145,0.0005060174098813638,0.0005393248093057709,0.0007894412749063444,0.0006910900091466438,0.0003080126866126346,0.00032386691715883615,0.0003281549493975854,0.00031095701648815985,0.0003415531186799108,0.00031587776120567016,0.00032318792257186223,0.0003279275983595678,0.00031512770212464847,0.00032192963508529207,0.00033003196507919424,0.00030986517009522777,0.000330403915499591,3.601475109366313e-05,2.595695642842718e-05,0.0007496901046196635,0.0007670453149298058,0.0007635673017007184,0.0007647231644105554,0.0007652353705318359,0.0007648580220581727,0.0005890418232938796,0.0005671775339230192,0.0005660514038895242,0.000513998769485805,0.00038641686067677545,0.0005111531679467896,0.00048623477541719583,0.0005322137096550423,0.0005118110007349378,0.0005248446032265774,0.0006536463927290136,0.000702561614333983
isic20_melanoma_classification,0.00039941776297980976,0.0004183337098092549,0.00041772138715930285,0.0004475396264204274,0.0002794911860238932,0.0004599944713390899,0.0005521290288716767,0.0004161230070877155,0.0005996496202503895,0.0005615536630838491,0.00047067409113858087,0.0004572376591013037,0.00046592381121939323,0.00043405450409578715,0.0006389300393606559,0.0006746515539955364,0.0003561867633736735,0.0003651025209247485,0.0004034815665305283,0.00040481903916918195,0.0004041107832617589,0.00040518080526004614,0.0004048319853433657,0.00040387353482213245,0.00040400073923386293,0.0004040777855836452,0.0004047471326065792,0.00022039584617589657,0.0004244286520461606,0.0004129569013919739,0.0005725024021891248,0.00036670395540662807,0.0005660913670377952,0.0004506224726548958,0.0004539486983260024,0.000461075473027276,0.0004477497045963716,0.00046332453896890833,0.00044703169635931767,0.0004457949434295813,0.0004655418095125279,0.0004640317375984016,0.0004559425238569915,0.0004427700069394487,0.00045185528332496714,0.00046933727525907997,0.0005074423204176588,0.0002466224046259074,0.0005119216739191713,0.0,0.0005215820523436766,0.0005232754368583302,0.000470429536300297,0.0005221901028059509,0.0005228441193430486,0.0005236991004563074,0.0005237026211204947,0.0004475829709708462,0.0004240487513271476,0.0004219113350996429,0.0004965923300949014,0.0006529914032049374,0.0005224962680232886,0.00045109245721070826,0.0004793943520613875,0.00048229261896528413,0.0004944763449032383,0.00048604232184594145,0.0004889742084174612,0.00048741982559875473,0.0004887090074330999,0.00039944434192870285,0.0004193770326709631,0.0004204448058741574,0.00044753703854946486,0.0005542422374295558,0.0004153158325894507,0.000556652739192529,0.0004660853127674705,0.0006380462385841186,0.00035647961585031393,0.00036352423355862795,0.0004041356404792664,0.00040499042731987706,0.0004042576901472385,0.0004050160053061998,0.0004054755904908452,0.00040640113236461214,0.00040773582211387063,0.0004037330508242728,0.00040432716711656224,0.000428681451779257,0.0005739096312742571,0.0005625545851024162,0.00045436348818779114,0.00045421366206437297,0.000460142087730441,0.0004500728302993382,0.00046133330323164083,0.0004464430359282796,0.0004428180244113113,0.00046290091226857934,0.00046701266569295225,0.00045803816631268104,0.00044207906432837125,0.0004553554276812799,0.00047148973827759163,0.000509999548068365,0.0005115407352905541,3.412759947780941e-05,0.0005230948212512751,0.0005216060606828862,0.0005226969035575413,0.0005225041350497653,0.0005224941987533909,0.00044605793616122724,0.0004245409352644866,0.0004202532439157793,0.0005235377123691958,0.00045131706089596537,0.00047990017235917946,0.00048042263637572706,0.0004949126176936249,0.00048630218960587135,0.0004880858872290659,0.0004881419571225599,0.00048612484984886787
deep_drid_dr_level,0.0005559935096867233,0.0005619167698725351,0.00055940099141467,0.0005922145904212295,0.0005059209203202557,0.0007317718680520239,0.0008573481475304854,0.0005116140642208793,0.0007875271841615724,0.0007687714157513855,0.0006227480631710242,0.0005974988367610785,0.000625750563961185,0.0006007434504462183,0.0007800489497255769,0.0008073964185076722,0.0005140534773849508,0.0005082076183887537,0.0005357566914451487,0.0005228150050885823,0.0005091308748635017,0.0005076305805342175,0.0005088650375050554,0.0005087705750558442,0.0005097052678307126,0.0005093492600888909,0.000509636552967372,0.0005306300110725319,0.0005429954240853366,0.0005949180377624072,0.0006235571827907479,0.0006846642914101874,0.0005455433395610801,0.0005633850723657103,0.0005679295040144324,0.0005769785135296141,0.0005626764525622274,0.0005787645954329322,0.0005613474413611781,0.0005608065679169494,0.0005801507985847861,0.0005761624334264436,0.0005706223967345861,0.0005587496297951892,0.0005763017104912622,0.0005839258835649712,0.0006292961829241208,0.0005285579664921337,0.0006307916199219013,0.0006313645487763559,0.0,0.0006365525427099321,0.0005341080058249329,2.6099282256864767e-05,2.619950083900331e-05,2.6366353161088794e-05,2.6261831850198057e-05,0.0005031855471203023,0.0004943704840880585,0.0004981401404596383,0.0006878349612604697,0.0002582571224797292,0.0006153444482069387,0.0005306925197377608,0.0005869415591506343,0.0005900183489415526,0.000597726924345658,0.0005933811542084097,0.0005939746928395712,0.0006431118505345364,0.00021261222319140027,0.0005559464874241038,0.0005639020462455688,0.0005602227332411634,0.0005916323841067811,0.000857997445817634,0.000511676626352163,0.0007615776414370847,0.0006256085036838215,0.0007801349158141969,0.0005162154665668242,0.0005069746480421494,0.0005361681402097503,0.0005236651161318981,0.0005056611835942018,0.0005129478880361712,0.0005093232556817037,0.000507954698353124,0.0005120928943020706,0.0005100078325099626,0.0005074755437124853,0.0005465656285550573,0.0006241535579164826,0.0005433310630295406,0.0005659626809481468,0.000569487384774305,0.0005767627764342565,0.0005625037216179718,0.0005794614283349941,0.0005623867806231531,0.0005597088180887869,0.0005777728937649757,0.000578781244753266,0.0005717045727588337,0.000557719581766223,0.0005778666160199847,0.0005838792221686643,0.0006292913963627035,0.0006308857651814985,0.0006247755466658549,2.6202286187125116e-05,2.582151072382862e-05,2.883654523950622e-05,2.6353861302368006e-05,2.6157408131825018e-05,0.0005037577882234832,0.0004922524181547945,0.0004986506794307852,0.0006156278995211007,0.000529028224550395,0.0005874608451272652,0.0005885853763270072,0.0005963463823277408,0.0005954144130277418,0.0005921981949533463,0.0006430089434094847,0.0002126562124671543
shenzen_chest_xray_tuberculosis,0.0005415764310052582,0.0005235711491752828,0.000541509727415199,0.0005528363351008876,0.0006321300473130775,0.0007846180815716127,0.0009566630454547387,0.0005448134326956689,0.0008376275186789313,0.0008407644125414228,0.0006976418204669209,0.0006767207312158548,0.0006705271342697793,0.0006575753174233193,0.0008754853322801146,0.00091221964903516,0.000539686371895231,0.0005339198204115472,0.0005268062596254625,0.0005163384313448568,0.0005058581448135937,0.0005054502709261723,0.0005058995010081566,0.0005060702721241446,0.0005057214754271981,0.0005057151098206035,0.0005065782269487025,0.0006678420992220287,0.000551344945247898,0.0005898643921930546,0.0008199787997969707,0.0008280175542952185,0.0007289763762103781,0.00027165069717106785,0.0003019602209899295,0.00030591004673030263,0.0002711178837086475,0.00031738489721143593,0.0002786235960035185,0.00027930959050356075,0.00030991834881483776,0.00028282597096144835,0.0002987656482487529,0.00027743368856893483,0.0002878398056182514,0.00031544875564684606,0.00029650982939461747,0.0006697776136153479,0.0002894485522067343,0.00077203047442343,0.0007805188411084605,0.0,0.0005662473824325501,0.0007815712266651437,0.0007806363691322499,0.0007806431008641521,0.0007807555919633784,0.0005882723437497283,0.0005657539525904343,0.0005635446906291721,0.0007103357903367436,0.0008874645866524068,0.0005070725914998598,0.00037207027357901085,0.00048047164655311525,0.00047257361818952247,0.0005116266849635239,0.0004957458970529414,0.0005105693541636658,0.0006613062769911978,0.0007087972608922387,0.0005443553394734576,0.0005247002456247498,0.0005416270477310228,0.0005505799121639605,0.0009578576296688167,0.0005432769316883585,0.0008348884993181093,0.0006712373381109358,0.0008747188653892158,0.0005409389232568846,0.0005338272272165113,0.000526577803771558,0.0005168976664605183,0.0005058536336182541,0.0005071481555088972,0.0005043893534707133,0.000508399654687906,0.0005064660945536942,0.0005057112386581124,0.0005072538469732069,0.0005496692955180168,0.0008192023351924491,0.0007265569828365901,0.000271410760843306,0.0002938766425576841,0.0003038756536050138,0.00026507282241530544,0.0003254282142147797,0.000284349451904941,0.0002836559055847096,0.0003084809376943167,0.00028496309490349473,0.0002953893400123725,0.00027656172865209746,0.00028252573820378374,0.0003131123418906352,0.0002976979250810828,0.0002914918997481017,0.0007674212325367011,0.0007830777397259405,0.0007796060318382175,0.0007814582445077238,0.0007811276994726538,0.0007808972908061655,0.0005864249716485247,0.000566593700661778,0.0005650188634017384,0.0005089986172730929,0.0003744206591392806,0.00048075660045874413,0.0004715685895770715,0.0005117077716568672,0.0004984999330563057,0.0005097990602639464,0.0006626073848389937,0.000704655276723165
crawled_covid_ct_classification,0.000429449311449612,0.0004235456654676018,0.0004367304148945404,0.0004597985892355824,0.0005010098673410669,0.00068134294318086,0.0008805019886440468,0.00038974355898916855,0.0007140907402916688,0.0007027085764925651,0.0005363899170104607,0.0005169448199144676,0.0005166835666478883,0.0005018896542067584,0.0007009310508266028,0.0007278488135089897,0.0003921160871344926,0.00038619566649298654,0.0003925070277124951,0.0003738295650273267,0.00038285072020038626,0.0003825710121547795,0.0003830912896424641,0.00038307844961068985,0.00038350349361493364,0.00038370712417321875,0.00038368130732217896,0.0005310998129213541,0.00039482695852922033,0.0004943199541716648,0.0006166187907664007,0.000722426518225287,0.0005512924988497204,0.00043128395851339753,0.00043631687968520875,0.0004485564223336336,0.0004269007730936324,0.0004508729628231086,0.0004276982077468626,0.00042509772113303294,0.00045227774223548906,0.0004461349622248086,0.0004409374646114894,0.00042019444197269557,0.00043571150868000673,0.0004578845612109109,0.0004969321991556861,0.0005215961207039807,0.0004932033732918881,0.0006560190046106178,0.0006314589578516325,0.0004991994744496984,0.0,0.0006329251958666032,0.0006325414515587749,0.0006331368275697279,0.0006324336816006515,0.00043752081792525053,0.00042152198450364485,0.00042002559780215227,0.0005932516216476552,0.0007633701740207173,0.0004953429153754347,0.00040606766472315063,0.000479853851502664,0.0004272133321932737,0.0004653477349248836,0.00043599743106437363,0.00045949718945308344,0.0005660617007477638,0.0005762537417195543,0.00042946313443590657,0.0004323310363446582,0.0004373091354513466,0.0004581679191378218,0.0008823845495526674,0.00039024186922079315,0.0006934089620728424,0.0005187071562661817,0.0007001117897684264,0.00039269171954246844,0.0003861955278621765,0.0003929066939669055,0.00037351619744341823,0.0003825239058367312,0.0003843252083750371,0.000384918259178049,0.00038474386158971147,0.0003855672518863436,0.00038506722083843115,0.0003832392914125599,0.00039604433428710236,0.0006168063095172247,0.0005482982420680299,0.0004343980182018116,0.00043622460646010536,0.00044710785362517047,0.00042687563699574224,0.000451676556904171,0.0004290799408963299,0.0004240635165446441,0.00044881795840537894,0.00044989668686227493,0.0004459299882539301,0.0004190797296407684,0.0004356948802614341,0.0004577357735611801,0.0004962271136447738,0.0004938498342786772,0.0006487483041469267,0.000634667019312485,0.0006312152652216904,0.0006333753876375417,0.0006335964365089028,0.00063114693429791,0.00043497672193527545,0.00042319195171155907,0.00041895288336309626,0.0004961725743182939,0.0004058445636710669,0.0004786959879766582,0.000425706594748304,0.00046536150001357825,0.0004393901508440501,0.0004584412539546083,0.000566373686031365,0.0005727718582156571
deep_drid_quality,0.0005577067767863003,0.0005635444443007575,0.0005610179546683275,0.0005939854864685701,0.0005085517688546866,0.0007329014576778213,0.0008586779070510104,0.0005132202492885937,0.0007892590164964964,0.0007699595760727127,0.0006244245336012569,0.0005993821087742937,0.0006277921244999484,0.0006027609940573891,0.0007809486955801149,0.0008081883630445007,0.0005156893107873047,0.0005102351147738297,0.0005373681918629722,0.0005244034807020018,0.0005107710929434658,0.0005092365529464219,0.0005105306493570969,0.0005104250521949495,0.0005113587202909033,0.0005109787813029939,0.0005113082210866299,0.0005319085101985042,0.0005446390712995656,0.0005967653170758759,0.0006263353408092946,0.0006870648210120611,0.0005479762336920541,0.0005651537429536258,0.0005696690262581623,0.0005785954518745445,0.0005644901921316194,0.0005802912416379609,0.0005631738374036857,0.0005626536603512038,0.0005817855058343,0.0005778795136777046,0.0005723352639187603,0.0005606411031154606,0.000578067131891511,0.000585362045588007,0.0006305440403912347,0.0005300373627431468,0.00063206833716959,0.0006329979309558374,2.6101709288481704e-05,0.0006374845024809015,0.0005360321320837618,0.0,2.633193332241337e-05,2.678208627259706e-05,2.550531554297335e-05,0.0005048187620414497,0.0004958757851846644,0.0004995886997015329,0.0006888252001239557,0.00025740184351189,0.0006164978371531106,0.000532089457922786,0.0005880141903161037,0.0005913984070547624,0.0005989548785271599,0.0005949231864513429,0.0005953109986687108,0.0006449826144487396,0.00021645931279832057,0.0005576925411207267,0.0005654276049275583,0.0005618243899761352,0.0005934670587315887,0.0008593317607145154,0.0005134401355960616,0.000762770713353571,0.0006276908694048224,0.0007810390887894471,0.0005179102667288359,0.0005089823184897791,0.0005378212028246613,0.0005252920449268221,0.0005073270378902108,0.0005145606423027572,0.0005110066779216334,0.0005095463138126899,0.0005137529654695364,0.000511752642779832,0.0005091818881829391,0.0005482879999627857,0.0006269460261402409,0.0005457747514288648,0.0005677350746661621,0.0005712177187706911,0.0005784166074697514,0.0005643004203439837,0.0005810193503261234,0.0005642549796701936,0.0005614955807067877,0.0005794040235809028,0.0005804816287400757,0.0005734120619646674,0.0005596670583193218,0.0005796264155185241,0.0005853911393605065,0.0006305402910178829,0.0006321382987889677,0.0006264008056525643,2.9131783194012766e-05,2.620444122092755e-05,2.6728241783132553e-05,2.715836419955268e-05,2.6981221933813315e-05,0.0005054269400504861,0.000493703473916741,0.0005000935689473624,0.000616830397139447,0.0005304898701096399,0.0005885267643300758,0.0005899671195301114,0.0005975313414651308,0.0005969758070404615,0.0005935380027490879,0.0006448848210226941,0.00021649200611318324
deep_drid_clarity,0.0005576147674416602,0.0005634040819279186,0.000560911346357332,0.0005939035459765639,0.0005086959086466904,0.0007334532905172953,0.0008586289365047843,0.0005137934382771387,0.0007896720320143844,0.0007704468248694377,0.0006246136441854021,0.0005993375875953945,0.0006272181035176185,0.0006024182402862284,0.0007820183387362044,0.0008091769928976604,0.0005159488906760128,0.0005105850657290717,0.0005375664626532843,0.0005245530346984131,0.0005109175107411337,0.0005093745400517552,0.0005106322583818418,0.0005105546257362545,0.0005114930445633741,0.0005111622442107687,0.0005114312849367813,0.0005319632978581048,0.0005445058912388407,0.0005959402601686805,0.0006266608041427202,0.0006873742712716503,0.0005471518802353483,0.0005646423334967573,0.0005692589466832991,0.0005782742716319997,0.0005639564940188653,0.0005800240491375035,0.0005626476989275632,0.00056213130180122,0.0005814659697440387,0.000577468437415064,0.0005719613659270369,0.0005601227446513281,0.0005775728739041738,0.0005851467711031517,0.0006300898012992063,0.0005297792904488841,0.0006315922083256298,0.0006333084005948921,2.6205352964055276e-05,0.0006371624086135581,0.0005359004704487535,2.6336099329054598e-05,0.0,2.587545441642523e-05,2.5762405110342714e-05,0.0005046609959774064,0.0004961351631813562,0.0004998016804285914,0.0006889554609359391,0.00025795658201590546,0.0006160815208489743,0.0005323674499342804,0.0005888321979798748,0.0005913704999090028,0.000599351930119686,0.0005945865715805108,0.0005956217475556776,0.0006445727370931158,0.0002163020336921743,0.0005575942844463558,0.0005654181982451824,0.0005617504546362902,0.0005933743374134863,0.0008592571300056923,0.0005139060584564782,0.0007632333569528808,0.000627077201037585,0.0007821278678379422,0.00051818767591252,0.0005093925563076225,0.0005379490733297463,0.0005254373271651907,0.0005074298903024698,0.0005147091713269067,0.0005111213221563856,0.0005096920242145277,0.0005138644215959182,0.0005118729313272365,0.0005093395264881446,0.0005482179286287203,0.0006272575949893343,0.0005449403439353763,0.0005672018263347747,0.0005707963347818081,0.0005780673779877877,0.0005637200664631089,0.0005807644544531747,0.0005637471044890372,0.0005610193176770001,0.0005790442637197626,0.0005800588029282279,0.0005730513950711251,0.0005591427198028185,0.0005791316773758838,0.0005851511188340853,0.0006300766700231983,0.0006317380523398994,0.0006266930027589292,2.9316326248001825e-05,2.639546930302131e-05,2.5913508246682046e-05,2.7408081319754596e-05,2.7928017901476546e-05,0.0005052173886998363,0.0004939383677770874,0.0005003006779093778,0.0006164075963773564,0.0005306398206747031,0.000589345154517787,0.00058998025083117,0.0005979330782758961,0.0005966973516238494,0.0005938290863083634,0.0006445621810936096,0.00021658814559588857
deep_drid_field,0.0005590636209617673,0.00056470081001789,0.0005621106592754061,0.0005950247885853687,0.0005100581447376631,0.000734929801568788,0.0008601432820614767,0.0005147378993995468,0.0007905076156219,0.0007718008220734098,0.0006254861173657598,0.0006001303855668308,0.0006285408154159239,0.0006037696385381917,0.0007833094857981381,0.0008104515752867117,0.000517384585251491,0.0005117056159048609,0.0005390366172193372,0.0005260974328649259,0.0005120112369509967,0.000510450195664268,0.0005117195860195314,0.0005116894805196367,0.0005125664268388118,0.0005121875289257585,0.0005125159405333451,0.0005334975970631688,0.0005458281771992114,0.0005980402629817548,0.0006274761855177567,0.0006882078871687785,0.0005476011001188909,0.0005659440374563629,0.0005705128509608018,0.0005794542109940115,0.0005652683668939973,0.0005811259929667015,0.0005639390329487926,0.0005634135636259688,0.0005826736945482489,0.0005787255356701107,0.0005731820065297469,0.0005613596481567825,0.0005789461273840802,0.0005861805641079627,0.000631312846084882,0.0005314565926073675,0.0006327756970211679,0.0006347389179597499,2.6367152210776254e-05,0.0006378809205458912,0.0005369112653777013,2.6777506877414713e-05,2.5871977307720594e-05,0.0,2.5574871324750557e-05,0.0005054749254591602,0.0004969665683567209,0.0005006825902003562,0.0006895675550300953,0.00025455789926009617,0.0006163015849249855,0.0005322713294707391,0.0005886102181242132,0.0005917289753458309,0.0005991216894049014,0.0005946636205045029,0.0005953920025287131,0.0006458766408618608,0.0002140892484202091,0.0005590595963337641,0.0005666397434990361,0.0005629370905863875,0.0005944943015379915,0.0008607255428493757,0.0005148337767193797,0.0007645800307293277,0.0006284353202407178,0.0007834180507232053,0.0005196282096017941,0.0005104719897452182,0.0005394872459174587,0.0005269395453210527,0.0005085332915479889,0.0005157746371202968,0.0005122314826704786,0.0005107685917743231,0.0005149379328969958,0.0005129523543003064,0.0005104447291222362,0.0005494855194030637,0.0006280541156971505,0.0005453838837754608,0.0005685136027671966,0.0005720847974993387,0.0005792701697104655,0.0005651517812380184,0.0005818492028860835,0.0005649796166134679,0.0005623203206258675,0.0005802670876317146,0.000581325248234294,0.0005742640444566765,0.00056034737091094,0.0005805242839788967,0.0005861781209874124,0.0006312874867660416,0.0006329131148806935,0.0006281019059943648,2.862587981873805e-05,2.704052270234601e-05,2.7195990638333005e-05,2.592081549389779e-05,2.756207066669363e-05,0.0005060937929636996,0.0004947546299923665,0.0005011987628620194,0.0006168359373905073,0.0005305713943070392,0.000589104735890499,0.000590269287695513,0.0005976769408632073,0.0005967047829659204,0.0005936127852560025,0.0006458271878604025,0.00021481726920175956
deep_drid_artifact,0.0005591106906144812,0.0005646153215916169,0.0005620044388608566,0.0005948734756632297,0.0005101365842632563,0.0007355892115115274,0.0008607030688792866,0.0005139521471101017,0.0007911676859695634,0.0007718654926056244,0.000626316405772178,0.000601044232829978,0.0006292578601828482,0.0006043340776173394,0.0007828637913415106,0.0008098986575755026,0.0005170854748342258,0.0005117287133056812,0.000538461493728634,0.0005256282330767836,0.0005119260656573527,0.0005102736421889824,0.0005115551869176612,0.0005114884434070466,0.0005124329363373673,0.0005120509871155436,0.0005123717672837037,0.0005338956157104771,0.0005458647133348832,0.0005982946335428127,0.0006278735424782409,0.0006893826036325047,0.0005472367465175459,0.000566065951914004,0.0005707410287934502,0.000579728966728561,0.0005653576498754671,0.0005814523372496124,0.0005640748849971007,0.0005635729413853892,0.0005828926326311679,0.0005789337245771847,0.0005734532345267883,0.0005614302862430491,0.0005790605645147714,0.0005865704831089778,0.0006310401099887752,0.0005318524193799504,0.0006325434266569544,0.0006353212036073791,2.6262866886678994e-05,0.0006383692106357633,0.0005369356146315879,2.551095024274013e-05,2.5762147367039976e-05,2.5575858923853515e-05,0.0,0.0005054643592792938,0.0004967629846302474,0.0005005287816244622,0.0006901191594229667,0.0002566029230098568,0.0006174017133005216,0.0005327525348741663,0.0005891885778551759,0.000592263998241083,0.0006001170881433124,0.000595697168554765,0.0005961042469284032,0.0006465603586801133,0.00021552963639462109,0.0005590824373418233,0.0005666113608255251,0.0005628042079504627,0.0005943482612314186,0.0008613444701476116,0.0005141239292635818,0.0007646549379596178,0.0006291681548545634,0.0007829793812252214,0.0005193310538818894,0.0005105387195412567,0.0005388945218383538,0.0005265146001623755,0.0005084425456360805,0.0005156609757595062,0.0005120507575561538,0.0005105725590495269,0.0005147842275744606,0.0005128113491509859,0.0005102853499947562,0.0005495207424205278,0.0006284423617577198,0.0005449769381830716,0.0005686482273254058,0.0005722487868545348,0.000579538391227996,0.0005651582089005044,0.0005822103199310708,0.0005652060243992608,0.0005624859209904943,0.0005805244542603742,0.0005814991318179234,0.0005745251723050205,0.0005604542391242364,0.0005806092485727126,0.0005865486429412406,0.0006310258003657088,0.0006326289211761949,0.000628668870404591,2.8995647888219134e-05,2.6128972042619215e-05,2.7031274533289953e-05,2.7058398985809717e-05,2.563813222311905e-05,0.0005060352906563626,0.0004946848545995992,0.0005009662303577889,0.0006177768748321952,0.0005310643882374779,0.0005897055552580344,0.0005908177701641672,0.0005986823311259464,0.0005977635577121213,0.0005942793160865639,0.0006465007501850313,0.00021576874079448898
kvasir_capsule_anatomy,0.00040870938233837244,0.0003954011300958069,0.00040035667809799555,0.00042495848314805663,0.0004257134194992619,0.0006692739755450633,0.0008188950060055716,0.0003359077435564708,0.0007127720031847244,0.0006829479539069763,0.0005296294582495531,0.000506710892767214,0.0004926956625925558,0.0004761562324247119,0.0007215567047956434,0.0007704493035498675,0.0003542541259964412,0.0003260589795012046,0.00035747624977123746,0.0003681422206647765,0.00035327291226129224,0.00035401180327935156,0.0003533833819484548,0.00035376429514699084,0.00035419793524239313,0.00035399325336520787,0.0003539855478478295,0.00046517896365020435,0.00039148695052256585,0.0005153868737131211,0.0007000465659588135,0.0006610560050002469,0.0005652522348061183,0.00041247045571610067,0.00041616347395763897,0.0004246946924039031,0.0004103285400778959,0.00042786122743549397,0.00040940594368435413,0.00040838312902813747,0.00042743245372019195,0.00042001445804362627,0.00041866563454549116,0.0004060565395541288,0.0004145088084325291,0.0004312098216110285,0.00048257850099698375,0.0004627057080914352,0.0004823400057018979,0.000590819942349477,0.0005686434141921578,0.0004937217080363804,0.00042027858251389465,0.0005695003066483796,0.0005690212296508047,0.0005695713956634583,0.0005688343839271084,0.0,9.61340187636636e-05,0.00010474779211883861,0.0005899300755933265,0.0007095028309978834,0.00047482150697573575,0.0003761987480923678,0.0004307785242414877,0.0004394793290923917,0.0004526290369130406,0.0004328487796052715,0.00043298100661209594,0.0005377127335605739,0.0005004449485560634,0.00040893465721109887,0.0004050471615976378,0.00040173279591052295,0.00042380953397243184,0.0008207956297740285,0.00033586178708670225,0.000675559914329003,0.0004930915789805488,0.0007217251843223906,0.00035475960865757037,0.00032650565002897904,0.0003572157671588293,0.00036958457367385273,0.00035238854391412124,0.00035566100837827584,0.00035489928566197437,0.0003548910031086603,0.00035554794583255844,0.00035370112657448396,0.00035331229332103705,0.0003933763247512268,0.0006999064721819534,0.0005616828360548371,0.0004145175969910318,0.00041750454805073833,0.0004227727335103428,0.0004100471404934236,0.00042804042875098613,0.00041013350919724115,0.00040697122502509524,0.00042604912668096207,0.0004222729937479049,0.00042098623926726874,0.0004054034806294834,0.0004150173413867092,0.00043171057298514655,0.0004819880230538719,0.00048251688552713534,0.0005846395385180746,0.0005706504753106223,0.0005676237944267626,0.0005700454923528234,0.0005710982323963792,0.0005680346355661872,2.7639887225358446e-05,9.60162174337611e-05,0.00010493833241747398,0.00047635985778599684,0.00037281192784568534,0.0004292443896127228,0.0004383172222648336,0.00045268940226415974,0.0004353296773680587,0.00043256423463024695,0.0005378890403116875,0.0004987104299835956
kvasir_capsule_content,0.0003983864490558518,0.00038907064283164695,0.00039656022195781157,0.0004232271461266894,0.0004035449850894983,0.0006579665679126729,0.0008070249216400486,0.0003266694118496447,0.0006998927610106643,0.000669701822047006,0.0005206807847793189,0.0004994779250886755,0.0004846665551477774,0.00046596785287221216,0.0007114760564920679,0.0007596401753314662,0.00034514743416190594,0.0003202509580638212,0.000348199451314884,0.00035848027030368655,0.0003473328422706744,0.00034777447950174573,0.0003473677458323318,0.0003476601887559031,0.00034813687861733744,0.0003477808619708943,0.00034808064907987894,0.00044499228613227815,0.0003869144597289549,0.0004989289631269303,0.0006787686930054104,0.00064384934766874,0.0005508052227942112,0.00039153597567247324,0.0003951287724051362,0.00040333046793618034,0.0003890359483870665,0.00040682994519434065,0.00038823947990711456,0.0003866751454706345,0.00040697443832539475,0.0004010322177787255,0.0003974254917235005,0.0003840166712163008,0.00039527157914301836,0.00041083763035331625,0.0004649614472766824,0.00044686481180468635,0.0004653750013170454,0.0005677254858678722,0.00056604998657791,0.00047692492758359895,0.00041133376620744797,0.0005667534620132944,0.0005667793942594028,0.0005673873532618429,0.0005663564079467421,9.625509333180633e-05,0.0,3.04259556888542e-05,0.0005854483712873335,0.0007028553268821835,0.00046349089349959966,0.00035532682374494486,0.00041172756241429805,0.0004288354207718195,0.00043668340300980255,0.00042195275650758706,0.0004176776098880297,0.0005255022114167627,0.0005004096564366631,0.00039855474557746535,0.0003982761293957965,0.00039866342223400866,0.0004230689190194417,0.0008090072204697079,0.0003267842966146585,0.0006622483683457103,0.00048529478719493255,0.0007117512606974136,0.00034562091696630046,0.0003203060488109977,0.00034828999766016336,0.00035988887085615167,0.0003461882853628272,0.00034954824251385056,0.00034890996927478815,0.0003493105024065384,0.00035006977589115997,0.0003477436533008769,0.00034718545187975396,0.0003889896487554121,0.0006787122381290514,0.0005478426295432101,0.00039368875641747374,0.0003961062082815033,0.00040142000521128257,0.0003889525441362424,0.0004071482364066119,0.0003898294323019667,0.0003848615493439177,0.0004059790472848901,0.0004034825744071767,0.00040038337003968426,0.00038359954656440006,0.00039578798162315124,0.0004115556822874531,0.0004646745162780615,0.0004654781270522079,0.000562347081372253,0.0005688241434357035,0.0005653491457617256,0.0005674214504699503,0.0005679603282529999,0.0005654586940133815,9.498979616205528e-05,2.914863211600984e-05,3.3936822591498886e-05,0.0004652529676694229,0.0003534740107509613,0.00041038656679388553,0.00042779352805927213,0.0004364562706828999,0.0004245345003221594,0.0004167772457551687,0.0005257139787389481,0.0004978994237531138
kvasir_capsule_pathologies,0.00039633132370296855,0.0003882292718667392,0.000396034105494448,0.0004226262928930275,0.00040378402984392965,0.0006571391678189572,0.0008079224271029183,0.00032413671314122407,0.0007003826786257765,0.0006706904300095501,0.0005218256104830882,0.0005015168105365894,0.0004852220811777981,0.00046665431827498704,0.0007116063616504321,0.0007602239919442773,0.0003431589621706988,0.0003186269213560085,0.0003454456518902626,0.0003562845546156289,0.0003457603224268821,0.00034618269246671895,0.0003458229562590526,0.0003460320502415527,0.0003465502216292626,0.0003462065215930299,0.0003464751432971165,0.00044465637836876154,0.00038530290646282577,0.0004979159054355057,0.0006779516713281152,0.0006432868616651574,0.0005524069128074288,0.0003893713661155757,0.0003933434473867767,0.00040163587134991845,0.000386883427227157,0.00040503731638213936,0.00038613839692434816,0.00038449823552099083,0.00040531592963482263,0.00039947893220830614,0.00039567805846731693,0.00038192148329072874,0.00039315204409604064,0.00040931835375916,0.0004623838411766534,0.0004456706383061536,0.00046271761599053584,0.0005659692323290751,0.000569315470099308,0.00047409625248974143,0.0004109787176894171,0.0005699808843732906,0.0005699706105641508,0.0005706108935945068,0.0005696384553204536,0.00010487990561368129,3.0445776997047144e-05,0.0,0.0005859757486644302,0.0007042536863452386,0.00046389903152090436,0.00035380086227863015,0.0004100492100340866,0.00042813713354956484,0.00043606741639301685,0.0004224911511947987,0.00041682671667643995,0.000524898271965028,0.0005032269599051372,0.0003965203189025885,0.00039720550915235795,0.00039813292508928744,0.0004224346556023986,0.0008099332849064464,0.0003242911925686022,0.0006631782812335677,0.00048598652748912204,0.0007119543908124405,0.0003436329016305743,0.00031872708737847033,0.0003454751461688953,0.0003576009620835342,0.0003446714659593545,0.00034795973376855596,0.000347296165015094,0.000347786441345072,0.0003485313943324455,0.00034620629896160856,0.00034564522545086295,0.0003873524988630698,0.0006779422295163666,0.0005494617537454384,0.0003915600872181042,0.00039423646318715536,0.0003997071033056566,0.00038674389431194806,0.0004053533041727006,0.0003876768767748954,0.0003826717572913026,0.00040430862948958836,0.0004019648353050208,0.0003985458665415213,0.00038159773114998914,0.00039370886438662943,0.00041005613715324325,0.0004621025354047998,0.00046283509530086354,0.0005606463092143792,0.000572149668796965,0.0005686303313519548,0.0005705859408219084,0.0005711554260846323,0.0005686748057629516,0.00010375823759079265,3.581880900339223e-05,2.8368765137802448e-05,0.0004655816329946053,0.000351993258536801,0.000408649665027562,0.0004270913306753222,0.00043581480848876815,0.0004251815753254553,0.0004158646118623282,0.0005251209093143999,0.0005008367962646943
breast_cancer_classification_v2,0.0004940306152669664,0.0004954728254553159,0.0005059684083463167,0.0005266021721821002,0.0005209276547543325,0.0005660098690690324,0.0007098125332031297,0.0005002017401156376,0.0006894944586123386,0.000676370301469121,0.0005592387438526067,0.0005479087726835731,0.0005245697813000118,0.000508764971793402,0.0007497710555986626,0.0007432029729870964,0.0004811486833735713,0.0004772246420533346,0.0004913721044968545,0.0004672979997292684,0.000488522073658271,0.0004891911741026129,0.0004897484735565484,0.0004887246366974234,0.0004892241176358206,0.000488977824259211,0.0004896494422279125,0.0005182315218319785,0.0004900016184429624,0.0003057897949216735,0.0006465500268693944,0.000680779109949924,0.0006488784422343623,0.00044592036595833274,0.000447849980656708,0.00045486756075717113,0.00044225785022176386,0.0004581072586197036,0.0004433464704789413,0.00044127167196263454,0.0004578222429629966,0.00045549660980144556,0.00045131065249232884,0.0004379564787614499,0.00044502025433509554,0.0004614500835075128,0.0005026924575011473,0.0005207099413955438,0.0005055354579432497,0.000589664249232863,0.0006766835416488174,0.0005269898882809682,0.000492868884790354,0.0006777556705774663,0.0006772932748881765,0.0006776103652195983,0.0006780387277547476,0.00053523296080891,0.0005331627604450468,0.0005328393500152882,0.0,0.0007949957158321968,0.0005597431188933641,0.0004804929027136241,0.0005442923331693593,0.0005302148130045187,0.0005386132096784911,0.0005183913020840625,0.0005419155584631598,0.0005728209184383818,0.000632882486353156,0.0004930487428073389,0.0004998332493265454,0.0005063468930526771,0.0005272688988622227,0.0007111021826298777,0.0004995880935974055,0.0006711715062502816,0.00052613616315764,0.0007487442551440132,0.000481103145196173,0.0004762689300771535,0.0004921059589731958,0.0004672142712213672,0.00048750294701759055,0.0004890239516423812,0.0004891894526873944,0.0004914015160210749,0.0004923494363135071,0.0004891323379949946,0.0004889043072369874,0.0004911661529440484,0.0006465811587061561,0.0006463745199885956,0.0004479845604453133,0.0004473199084486822,0.00045484960418839605,0.0004450952299289298,0.00045477028252493103,0.00044282076192338616,0.00044237890151891014,0.0004556070865669495,0.000457905466230856,0.00045324358339459016,0.0004371369017247975,0.00044562262006369994,0.00046243609398150676,0.000504107670668108,0.0005045122604135066,0.0005842906404691402,0.000679190889341922,0.0006769255036197051,0.0006783108468334255,0.0006781234665948201,0.0006779807716013736,0.0005341024904895159,0.0005341045453891166,0.0005333563583463207,0.0005613139332605858,0.0004793875861318264,0.0005440280498750776,0.0005283171487342258,0.0005392429229353058,0.0005188296689353639,0.000541819798009055,0.0005734366919645042,0.0006312913390417081
eye_condition_classification,0.0007060352393699935,0.0007108630055251382,0.0007087119054747777,0.000736314966238702,0.0006816634732517959,0.000884214480894282,0.0010044629185083976,0.000651976180822996,0.0009124653701349357,0.0009120545114901617,0.0007627674563029576,0.0007385759477339357,0.0007686265933083697,0.0007490982753211751,0.0009135836588145723,0.0009395691330079486,0.0006690362484874357,0.0006635441883277287,0.0006797331025934711,0.0006727341636894908,0.0006543819585876349,0.0006522932320961712,0.0006534036826924107,0.0006536886178877157,0.0006546312968275887,0.0006542276905573572,0.0006546189517413008,0.0007034537145070767,0.0006925622094344102,0.000753064124369825,0.0007756821544226668,0.0008439508227615802,0.0006682915551453344,0.0006957315175320331,0.0006973637921505252,0.0007056957272975472,0.0006946232525769898,0.0007068173814216681,0.000693073661194336,0.0006920608450945735,0.0007094097769416218,0.0007058787924829918,0.0007002989178288896,0.0006912234941415603,0.0007097217226198877,0.000711612048891361,0.0007506939950680757,0.0007043698886996965,0.0007509902909145973,0.0007945259248373562,0.00026622157377447365,0.0007575923922275403,0.0006717527442405318,0.00026524390361896434,0.0002652777138232581,0.000261815424800901,0.0002636595145268946,0.0006593758653184462,0.0006454738652171446,0.0006471010370530621,0.0008265234952971473,0.0,0.0007396999717566184,0.0006648746686641044,0.0007260495141534199,0.0007267662950137003,0.0007352096066105102,0.0007304594947366293,0.0007267274488942765,0.0007856072009154241,0.0003280976395955542,0.0007063568965266429,0.0007122665668068129,0.0007100339819669287,0.0007354801046091964,0.0010051455113398071,0.0006520842393026977,0.000904846398404448,0.000768976513634732,0.000913738425882132,0.0006710593616255383,0.0006631154181327457,0.0006797721185155992,0.0006730316891071758,0.000649580866061905,0.0006575773090007828,0.0006531710660058175,0.000652542284280027,0.0006559573016256199,0.0006553517324742594,0.0006523113639718501,0.0006937719013728721,0.0007762864144130161,0.0006671047628207362,0.00069821364444175,0.000698875025215991,0.0007055711759128941,0.0006944203856152039,0.0007079312013353056,0.0006943476700468165,0.000691731762293028,0.0007065417213743934,0.0007079433985787622,0.0007018279941092415,0.0006904408267891296,0.000710469016407273,0.0007110235653982166,0.0007504384876315641,0.0007510209794657273,0.0007884618748479494,0.00026836789811414917,0.0002666499696837179,0.00026457592360097334,0.0002628066024418192,0.00026566287942827045,0.0006603272100173183,0.000644080406433298,0.0006475610654852223,0.0007402874364053232,0.0006633826210894,0.0007259568633907503,0.0007259633768849698,0.000734125890798922,0.0007326312585452023,0.000724976983545358,0.0007861214300796931,0.00033226134657259103
mura_xr_wrist,0.0005111274955609964,0.000485757428472824,0.0004899878683900226,0.0005093208516965472,0.0005771101715778395,0.0007160476506265175,0.0008447639612524112,0.0004937695349570807,0.0007238975890811079,0.000686485340050927,0.0005617665153695962,0.0005318383468866988,0.0005560546627585166,0.0005357954169954448,0.0007370622761794642,0.000782463792982751,0.0005048131742829601,0.00048495008572566284,0.0004899804617338459,0.0004825215951277206,0.00046211316588335555,0.00046185352925936894,0.00046148823576361883,0.0004613549888788016,0.0004622063629587833,0.0004621063095118803,0.0004626969687767718,0.0005933612941613837,0.0004953275486236617,0.0005890748998372182,0.0007294140605934357,0.0007810842763721136,0.0005648928092313497,0.0004386787955907532,0.0004438317346947002,0.000449517733539937,0.00043433886270878715,0.0004536137003988892,0.0004367424649190235,0.00043441637312075,0.0004541044692464545,0.0004460300407777288,0.0004449041607995066,0.0004315237019184016,0.00044328060279816625,0.00045601371734874053,0.0004768365758350965,0.0006243672793525476,0.0004739892386903364,0.0007097243819732096,0.0006907920574338339,0.00046171606628651375,0.0005028275026053989,0.000692163101459919,0.0006909529704840029,0.0006910008590322212,0.0006911327350504863,0.0004979055915368102,0.0004810214879182045,0.0004812165028877452,0.000679246447646358,0.0008007086331888831,0.0,0.00034553778072493905,0.0003304299831284055,0.00023175643517586242,0.00023896430744051568,0.00024825885652928853,0.00023391351205607504,0.000617510741392066,0.0006324118364594447,0.0005135190435947231,0.0004838781387702946,0.0004916221253799361,0.0005083089300237553,0.0008454030161474582,0.0004927787461027667,0.0006818553090251246,0.0005557684133995276,0.0007359639791580661,0.0005057463520983811,0.0004860563279889974,0.000489878769756015,0.0004839786833985741,0.0004614104608345386,0.000462014300404963,0.00046249746921348423,0.0004621304666068706,0.00046256722153526804,0.00046242956122278985,0.00046103720979691825,0.0004966852664103885,0.0007286991682437102,0.0005621480858669504,0.00044016125082229187,0.00044140381665742364,0.0004486359062722135,0.0004347603856891258,0.00045534656845176605,0.00043805320676631863,0.0004342194651579839,0.0004528985448717458,0.00044737913959835287,0.00044597222610162396,0.0004316493477680317,0.0004413511535124294,0.0004581102506454576,0.00047709431520414025,0.00047477327177440176,0.0007050060861025567,0.0006934745200819887,0.0006894325359083527,0.0006916220064943014,0.0006929453432808882,0.0006904710909395732,0.0004964857811226577,0.00048080685968883473,0.0004820732310393059,2.9450544710171856e-05,0.0003459423666958366,0.00032925006478031957,0.00023449935845496102,0.00023808784110301864,0.00024738458194838956,0.00023971728101263018,0.0006184303349434006,0.0006308743104399413
mura_xr_shoulder,0.0003810000139563513,0.0003622321146869332,0.00037030701799673437,0.00039270766287755635,0.00045749006878200154,0.0006185851163736165,0.0007906939182021257,0.000356823558858231,0.0006756039123637618,0.0006471832591050132,0.0005115554973125712,0.0004809832576498494,0.0004788094332337056,0.0004636913879468807,0.0006954026291229535,0.0007308312339881539,0.00035580278333744293,0.0003467630211774548,0.00035399579694135716,0.00035127507882810026,0.0003210026586115501,0.00032092759463187785,0.0003209255523420433,0.0003207746188308068,0.00032164068858344253,0.00032146980467236943,0.00032172234524166325,0.0004894618825212571,0.0003651961746268192,0.00046226141781256617,0.0006468092410058785,0.000688827023005247,0.0005180510658259771,0.00025409492797407146,0.00025577877007331877,0.0002672504206283487,0.0002502298985173597,0.00027073684047975057,0.00025054416709870727,0.0002469020675809326,0.00027188009647642186,0.00026463011614588617,0.00025820386461475667,0.0002456269653731793,0.0002635095324757682,0.0002761846465825253,0.0003322913798421871,0.0004983587407090168,0.00033448564262365967,0.0006011430930396998,0.0005843559745999043,0.00031412180559686406,0.00037753080637775987,0.0005853205540304092,0.000585041460191821,0.000584973091551527,0.0005846412238256107,0.0003875642199303287,0.00036291615440311076,0.00036108650034855436,0.0005582675929082762,0.0007051233667952551,0.0003214402896320786,0.0,0.00021604246590089211,0.00030648401854458973,0.0002692935063212692,0.0002798599274645367,0.00025259271794872326,0.0005153157222665051,0.0005145421991902168,0.00038310988636779185,0.00036284226326369464,0.0003715561328742965,0.00039133657792878246,0.0007911121625025132,0.0003553688297505304,0.0006411349255199326,0.00047857520016306957,0.0006948310212565311,0.0003573401060117991,0.0003463264269891566,0.00035426407669559375,0.0003514963406075386,0.0003190651532023126,0.00032197472998926125,0.0003212875648993897,0.0003233568670754732,0.0003236957402602958,0.00032169837381033797,0.0003193538792759048,0.00036446553389722007,0.000645725464796028,0.0005155911014509624,0.0002563317882801769,0.00025464668704118667,0.0002664794388586051,0.0002532755303566139,0.00027181548520904646,0.00025119370608968545,0.0002451015997186735,0.0002685688872798164,0.0002688306692587086,0.0002615900600950611,0.00024496390479359005,0.00026307288847748586,0.0002788452659917398,0.0003332247248918083,0.00033577944392933456,0.0005961400556065766,0.0005873360854213164,0.000583363216935063,0.0005850247731314447,0.0005859588190944947,0.000584087658561416,0.00038674116104875833,0.0003624375626191203,0.00036188572859631034,0.0003228839800971822,3.0966967449064613e-05,0.00021653964346818417,0.00030539524918471905,0.00026912153500540845,0.00028226750450641597,0.0002496589946273394,0.0005163303805342251,0.0005115840394827513
mura_xr_humerus,0.00044159883209654116,0.00042699889983995233,0.0004256531741526308,0.00045207461219306936,0.000503492275659613,0.000637186166317453,0.0008065560187044992,0.0004108299222250559,0.0006714468263439928,0.0006583910718970022,0.0005130680222260644,0.0004795425192853493,0.0004992357451121123,0.00048631915278656934,0.0006870764788473319,0.0007281247528028575,0.00041601927102071564,0.00040000740278126696,0.00042085192111948394,0.00042020139042698527,0.0003832153106007335,0.0003840027676138871,0.0003835778047548391,0.0003829356947473607,0.00038395230805727057,0.0003838007730651677,0.0003844730416757568,0.0005210081804332336,0.00041966023705741805,0.00052270561617406,0.0006771576113013671,0.0007096399943446127,0.0005480817405123946,0.00036556665383713277,0.0003664849016349149,0.00037770815858466096,0.00036086831611573095,0.0003808827243443523,0.00036234067792944387,0.0003586892162019354,0.0003831871873357091,0.0003757355933366178,0.00036935808511893726,0.0003577766817504431,0.0003745075188511837,0.00038704542917392093,0.0004175602013955121,0.0005373826944453675,0.0004214675659771227,0.0006281207165104276,0.0006098925127898203,0.000397540757487849,0.00043713827115351804,0.0006107944074609606,0.0006106748259332119,0.0006103732041514228,0.0006102169155193026,0.00042570826443879585,0.0004073204496089438,0.0004060836174462922,0.0006062040826618042,0.0007266996521043728,0.00030471582610105616,0.00020894362070671824,0.0,0.0003334848550909376,0.00017937833782279847,0.00023445609554488217,0.00020192172077217242,0.0005615184390187528,0.0005534730835595038,0.00044330301655426635,0.00042542975499583523,0.0004278733804195191,0.0004522650877503468,0.0008067270590195765,0.0004095383280907709,0.0006528046218411303,0.0004972753127000561,0.000685890010448138,0.00041681994445785824,0.00039981639743976577,0.000421316575986008,0.0004204214430437091,0.0003824695322254913,0.0003841077552345245,0.0003842161038159407,0.0003849890629442271,0.0003869460013397233,0.000384805310408101,0.00038095427757138555,0.00042053757816143985,0.0006766085310436474,0.0005460264686002397,0.0003682419923311704,0.00036488571742409383,0.0003766025869173534,0.0003635039993280198,0.00038145932083254576,0.0003633620890809938,0.00035702859666205924,0.00037996772791621823,0.00037937948944079903,0.0003724810669661605,0.00035714603541824025,0.0003735376401250972,0.0003892583186881675,0.000419925241780143,0.00042213971673795184,0.0006239133783264581,0.0006125210973131101,0.0006087241624031809,0.000610410835297065,0.0006122840307926008,0.0006096133958957661,0.0004257551483990977,0.00040718027279023933,0.0004057288934905024,0.00030619111377555173,0.00020660304871507107,2.733836140755999e-05,0.0003329177719060796,0.00017788903371534793,0.00023582817349187787,0.000195837062381283,0.0005628285744105625,0.0005527352651424002
mura_xr_hand,0.0004573212971902293,0.0004322120567347914,0.00044695876999884253,0.00045914638614807045,0.0005529924065953507,0.000705746626512717,0.0008578794459543934,0.0004431516692970106,0.0007446652497744656,0.0006977103206762293,0.0005689834678883561,0.0005464306122512721,0.0005423882763477387,0.0005271393911946758,0.0007225052144590043,0.0007659050253901692,0.0004602294547589749,0.0004375078915434024,0.0004319227593279973,0.000424165867229887,0.0004127831679889887,0.0004123026789792742,0.0004121621262398874,0.0004124119926437213,0.0004127570483151363,0.00041273466599900757,0.0004131268991000059,0.0005759211229906525,0.0004475820143714427,0.0005599765581463921,0.0007052344602183887,0.0007641395248754397,0.0005644117743876838,0.000415559252730412,0.0004203457879674575,0.00042772338218405206,0.0004112332310780446,0.00043159594748267067,0.00041370716983170743,0.00041097020668943323,0.0004316924763539997,0.000423618208929253,0.0004218870325778207,0.00040879378014787947,0.0004194452705446052,0.0004351707322390639,0.0004608246183015854,0.0005984380602617205,0.00045383753236499243,0.00069369473809258,0.0006822669352871871,0.0004301201127897478,0.0004520420470005082,0.0006835701748499535,0.0006827413210976144,0.0006826762494022452,0.0006825019114336497,0.00047176501891649854,0.00045939523842687197,0.0004590110381080454,0.0006681822787496477,0.0008058066732352339,0.0002480470346347524,0.00034873465737722537,0.00037574668330609805,0.0,0.00030542013994579664,0.00025378886865651306,0.00030287324898937295,0.0005863316971656204,0.0006201074761455256,0.00045976171123147974,0.0004388842712157034,0.00044737289047455176,0.00045758247697114097,0.0008591323321672123,0.00044215580078370374,0.000691977172654504,0.0005430058779927346,0.0007215018840368891,0.00046042530886681796,0.0004391863194486744,0.0004319890553055399,0.00042586583749087606,0.00041261742668536363,0.00041335936408191487,0.00041335586061829604,0.0004122168857028715,0.00041268045959981455,0.0004131200433273352,0.00041232174798595854,0.000447514619551878,0.0007048298147496938,0.0005616329844789795,0.00041729204363403366,0.00041802681659676113,0.00042597514500983095,0.000410540657161598,0.0004327165381489004,0.0004152941225478626,0.00041038818097805104,0.00043050752118231465,0.00042601576786402423,0.0004234924873418898,0.0004071206456451893,0.0004174588432675035,0.00043601562960080426,0.00046002260786856054,0.0004541820186348132,0.0006884267756045248,0.0006847797071247805,0.0006812480126731702,0.0006832873324053584,0.0006844168915679392,0.0006818218527083861,0.00047015767727761406,0.0004597893224479862,0.0004596194302064783,0.0002509483074296644,0.0003491110870608309,0.0003750907501489125,2.8615962103339464e-05,0.00030651060927703184,0.00025633032987190776,0.000305336306956691,0.0005870681624539447,0.0006181084692792609
mura_xr_forearm,0.0004486540549639893,0.00042550954196413185,0.0004239409140360922,0.00044257933961312264,0.000516966777906922,0.000657156852538549,0.0008166081981767595,0.0004350740344035318,0.0006614687378516481,0.0006583748432784064,0.000497497056244439,0.0004628485272099157,0.0004943947951604095,0.0004792050379599386,0.000676125460984749,0.0007191991790985544,0.00043751340830869127,0.00041987416884686795,0.0004323147971887313,0.00042633245240636473,0.0003929087124462865,0.0003929424468203202,0.0003921355635530102,0.0003922518940774227,0.00039293790840673026,0.0003930216138309045,0.0003935051400713041,0.0005283637493353044,0.0004326656919884061,0.0005381725011727067,0.0006792715774362509,0.0007239456533261005,0.0005285241167123253,0.00039540367921202355,0.00040198653891446027,0.00041245507511014813,0.0003897457195217352,0.0004158561269547571,0.00039302915820924804,0.0003892148997162683,0.0004176883398193683,0.0004091479839764272,0.00040479168753081206,0.00038508380966673073,0.00040221426997730616,0.0004211262073165927,0.0004391697102383546,0.0005570512560302524,0.0004377353278611425,0.0006501008822502867,0.0006255120511661896,0.0004273842909794537,0.00043142975480278244,0.0006264651826535084,0.0006260384946565648,0.00062570920536759,0.0006257284615406715,0.000441519639109143,0.0004256721278692019,0.00042527915810930915,0.00061614482123626,0.0007410788080841504,0.00022407327300383756,0.0002638875329476789,0.00018312842584157645,0.00026938392480442303,0.0,0.00017351747934903932,0.00012260447316209783,0.0005659503254945981,0.0005670559193961896,0.0004512453623353612,0.00042393826757973366,0.00042551970685134326,0.0004419637785196222,0.0008170079543980668,0.00043413574123737534,0.0006530657994633876,0.0004932190488403357,0.0006753072963967585,0.0004381735101142942,0.00042088239729620833,0.0004327228128142813,0.0004270209887675561,0.0003914896182468144,0.00039349600704164896,0.0003938422247407032,0.0003930339540758137,0.00039439279089907586,0.00039400472422616514,0.00039054361825394525,0.0004346137994962817,0.0006786454074041218,0.0005254008644950521,0.0003983282471893807,0.0003999894094439804,0.000410938517670026,0.00039146041227278237,0.00041624046136063406,0.000394783510107446,0.0003881322869770518,0.000414957430777142,0.0004126074142157511,0.00040723245113000303,0.00038346575258534044,0.00040122672517588464,0.00042350391545302837,0.00044012577403194144,0.0004392075787497777,0.0006452967674717232,0.0006280946063400985,0.0006243703922733017,0.000626057001615556,0.0006276745715591921,0.000624883019057316,0.00044023931075908414,0.00042615895190397345,0.0004249677252720394,0.0002249099265203242,0.000261606666653308,0.0001808157906989834,0.00026791538782549424,2.7591836598140936e-05,0.00017529224176619204,0.00012085828649752162,0.0005672818220493956,0.0005659364610524015
mura_xr_finger,0.0004247887943623626,0.0004047079491193261,0.0004088965835827193,0.00042233018372386084,0.0005022331975756902,0.0006444971101848483,0.0008021424695657409,0.00040884263886927446,0.0006590334091418717,0.000622068232605511,0.00048421071498163716,0.0004523953707131738,0.00047155284701128666,0.0004549052487988001,0.0006613269858986956,0.0007060947747459279,0.0004137357997505266,0.000395366319350034,0.0004007491967941458,0.00039397820132928713,0.00037854549766910036,0.0003788385186254185,0.0003778869599280572,0.0003780837701811662,0.00037860658512566296,0.00037863409586047335,0.0003794980040730883,0.0005185777514107159,0.000407363122286926,0.0005164979970264239,0.0006565528603754262,0.000711241242768929,0.00048397131522306155,0.0003756319885707552,0.00038055281625198824,0.0003895372044464778,0.00037091542442774955,0.00039288305047648547,0.00037327861382295774,0.00036992385792046,0.00039396310151577777,0.0003863610338047087,0.0003824290430914873,0.00036785697652944716,0.00037991642948269745,0.00039711644567320655,0.00042194620968151995,0.0005450774912828615,0.0004196933621320143,0.0006364390243640311,0.0006255714965937263,0.0004174663179849418,0.000405396151758272,0.0006269595143008329,0.0006259708512660869,0.0006259484196275598,0.0006258348179801888,0.00041853817360175074,0.00040590652300309264,0.00040668575324318197,0.0006065594452310981,0.0007441861344011345,0.00022900073771059176,0.0002809974684410309,0.00024270344468802044,0.00023270053914046097,0.00018122794432874525,0.0,0.00020000678770287403,0.0005426897863590194,0.0005646099212740512,0.0004274451397662686,0.0004048443053117734,0.0004101738461520443,0.0004218081938816231,0.0008031058277286443,0.0004073929250412075,0.0006160941920015418,0.00047081916333339556,0.0006605820734672132,0.000414176403536494,0.0003960829773574637,0.00040118856528466394,0.00039539106730056707,0.00037813621239361436,0.0003789620515895408,0.0003799656457355176,0.00037885065965107966,0.00037909237075629826,0.0003798003874602969,0.000377555333818903,0.00040849041518489754,0.0006566590925979541,0.00048138690407590186,0.0003788992251321518,0.00037895104117198676,0.00038768190822231,0.0003728040995615557,0.00039390982164433093,0.00037500422335091346,0.00036932457350264655,0.00039190673902943045,0.00038955470880360356,0.00038507401406986377,0.00036696083764763414,0.00037868507780740513,0.0003989269603550484,0.00042193525713446803,0.0004206939313983839,0.0006314553834939153,0.000628180678274081,0.0006245167107455893,0.0006267236077555764,0.0006277130395792949,0.0006251590186528989,0.00041729766209297437,0.0004066962310430549,0.0004063122338098524,0.0002322649480165367,0.00027745506874293465,0.00024172538716806902,0.0002317500266400489,0.00018310542736685054,3.077757760006853e-05,0.0001998764049927714,0.0005436096398854597,0.0005628704270099621
mura_xr_elbow,0.0004586442832696556,0.00043575428054331596,0.0004340097215107019,0.00045604626532963114,0.0005144409981509347,0.000666681666541426,0.0008129700249412874,0.00043095164257759015,0.0006803780339069535,0.0006551929325801877,0.0005124123110084714,0.00047992456664570156,0.0005022083924968196,0.00048630302689583863,0.0006883340504012098,0.0007386865718938334,0.00043248136121809815,0.00041587219517586827,0.00042468497413521546,0.0004201500630012114,0.0003944825135471377,0.00039440030770536747,0.00039383265079672076,0.0003937899326375247,0.0003950394988341602,0.00039457847937388117,0.00039520371838173263,0.000535036609971951,0.0004304569674352291,0.0005432400430944447,0.0007033968724017255,0.0007295705929465647,0.000544794471226465,0.00039004182965973635,0.00039822010141321617,0.0004089506176038765,0.00038572484473692044,0.0004131692684070415,0.00038801549494525786,0.00038517623159944274,0.0004143703033474405,0.00040511214873667836,0.00040060061565671005,0.00038178012301983127,0.0003983315927558492,0.00041828091986823794,0.0004379769343240532,0.0005571990504629969,0.00043611255282258795,0.000651744503233685,0.0006404150112822465,0.0004368059574743161,0.0004367306048207426,0.000641473492248785,0.0006409931986397866,0.0006407580746309895,0.000640564342624657,0.0004336454459666249,0.0004161468780530058,0.0004154607313652242,0.0006297791211519725,0.0007533506304555507,0.00023283457004537892,0.0002537111186101431,0.00021566457668939084,0.00027910815364245485,0.00012736220626062425,0.00020486120965190464,0.0,0.0005751257428572278,0.0005719191712361619,0.00046087956331866513,0.0004333190125220867,0.000435864030680685,0.0004557091703585713,0.0008131388294812282,0.0004297567584739254,0.0006497987726340708,0.0005011705073851964,0.0006877201801148728,0.0004333402128854128,0.00041667503791376374,0.0004249409780891226,0.0004210802165272092,0.00039305567069166037,0.00039442694867931286,0.0003950821779614385,0.0003952696059278835,0.0003965784611103735,0.0003956574984065405,0.0003924052767876002,0.0004321699768982765,0.0007029385016287162,0.0005416756972851181,0.00039362120148843437,0.00039618683651391806,0.0004075747654074907,0.00038732314747175634,0.00041367524838457903,0.0003895390123061929,0.00038377662502852206,0.00041122141546764024,0.0004087854915165444,0.00040254202745021434,0.0003801966134905569,0.00039768853426353027,0.00042048484640532316,0.0004383483376344606,0.00043751280597687816,0.0006478638648176067,0.0006431337932356565,0.000639220028053745,0.000640908250100901,0.0006425840675397111,0.0006397731790985677,0.00043262813859476523,0.0004164679962995695,0.00041575295487771176,0.00023387860230310493,0.0002510012932314103,0.00021411910439486978,0.0002786893154961054,0.00012733764823403366,0.00020730692516156285,3.1202872509662146e-05,0.0005761373813914135,0.0005708408912633138
bean_plant_disease_classification,0.0004654497505667838,0.0004642199870240821,0.00047549437725213163,0.0004960574372228228,0.0005004803279461735,0.0006341675900161806,0.0007909571873835558,0.0005027192189757479,0.0006730290243481408,0.0007031303247539013,0.0005340889635374435,0.0005196674037152875,0.0005258464816846935,0.0005058233051711452,0.000753607329060839,0.0007914422784595129,0.00046711002921523913,0.0004702293699508616,0.0005011546032854465,0.0004902972966840761,0.00046217992946670223,0.0004629262964228632,0.0004626944779322862,0.00046212505535910415,0.00046159501485018095,0.0004618372065943599,0.00046217531493483656,0.0005174216697836048,0.0005131550228891118,0.0005279858828418503,0.0006974134973635653,0.0006422829632332941,0.0006381195523709909,0.00052181889557647,0.0005274917723897364,0.000534813150202092,0.0005207957795038035,0.0005372458133847881,0.0005203654986695525,0.0005203976913221105,0.0005381450569067643,0.000533386507436781,0.0005295832389884541,0.0005172797913295916,0.0005269231318714599,0.0005408131271801625,0.0005739736458928754,0.000534700867305267,0.0005756285037905215,0.0006137884200986406,0.0006630054534980075,0.0005821573333498561,0.0005160333012497944,0.0006639909631206545,0.0006634579721492249,0.0006643154566020999,0.0006644111212420629,0.0005156876848461293,0.0005105217525136847,0.00050990851973753,0.000621562488816316,0.0007846400994902201,0.0005791783808762906,0.0004950143907912997,0.0005398955641176164,0.0005437828184498355,0.000556368454781558,0.000541506714176452,0.0005530368877537987,0.0,0.0006154479870166857,0.0004646723174603966,0.0004695891916402529,0.00047693870920565275,0.0004952839037705148,0.0007918081342654626,0.0005016132552190479,0.0006963894042579373,0.0005285673678326536,0.0007529423162328489,0.0004680991970408708,0.0004690682692414408,0.0005014821919829343,0.0004901772041257579,0.0004624322442561594,0.00046263725310149377,0.00046325306542965936,0.00046366134741515635,0.0004636866200083376,0.000461700070030493,0.00046063169695568926,0.0005159729145340294,0.0006973602274349931,0.0006351700313011097,0.0005242431220057987,0.0005287581069566623,0.0005346030033096371,0.0005209289620482363,0.0005369531524208516,0.0005208584942948506,0.0005192206388663766,0.0005354699520133854,0.0005357090971638417,0.0005309845588716494,0.0005165681682681922,0.0005273889287273185,0.0005413752123459977,0.0005750391405642749,0.0005751819757760439,0.0006090314846438842,0.000665180211957214,0.0006628245169174163,0.0006639840898722397,0.0006646774785320381,0.0006635551256369263,0.0005140605385960925,0.000511995923051416,0.0005102352961256491,0.0005793482487128715,0.0004950530011302582,0.000539404241577631,0.0005425816869482128,0.000557307417564893,0.0005426601000197771,0.0005523622216923013,2.6089013815388453e-05,0.0006127846557186143
aptos19_blindness_detection,0.0005147302395377869,0.0005196206684416735,0.000516980423710968,0.0005489361927682884,0.00046067096884858946,0.0007067615485448652,0.0008566939022399971,0.00047826493917055047,0.0007662700954094462,0.0007482965868457997,0.0006032812880034866,0.0005764440355668771,0.0005905565818427596,0.0005682553834839628,0.0007693263025676533,0.0008041924380281069,0.0004677770858349038,0.0004574893556794806,0.0004938555917855447,0.00047985096405242283,0.00046849340687355964,0.00046720774325350277,0.00046787892426268355,0.000468321095191819,0.0004694154101790982,0.00046906579043126537,0.0004688581998502802,0.0005200637228060438,0.0005127819448612151,0.0005797170375547922,0.0006272306347400655,0.0006698539819897596,0.0005098728485035838,0.000534649082586451,0.0005345253638727866,0.000541948823530697,0.0005322075082121068,0.0005435105563156902,0.0005312075203557801,0.0005296504677461383,0.0005463386809171486,0.000543520720651749,0.0005366142597242599,0.0005253192793600651,0.0005453950231597642,0.0005475398904504854,0.0005997325734370335,0.0005108591328326933,0.0005995777931234027,0.0006184670014881075,0.0002209444835833763,0.000604772999186267,0.0004901769575690708,0.00022467129939273076,0.00022428423390123646,0.00022219804103873445,0.00022311532909590734,0.000461584178122134,0.0004590830911851146,0.0004625092618804781,0.0006805284823228851,0.00032857537134538045,0.0005894158344043267,0.0004952658871132203,0.0005664924320960471,0.0005623235875661145,0.0005724310896754923,0.0005667664091375161,0.0005622003798983141,0.0006163401317305431,0.0,0.0005148390553735322,0.0005217137434806519,0.0005181638558814892,0.0005479137780399564,0.0008576948250265696,0.0004786986291175941,0.000740653458639973,0.000590773043998371,0.0007695444087591583,0.00046942495820859344,0.0004565437571245214,0.000494574643944093,0.00048164043785464135,0.0004653849568824604,0.00047214582480202956,0.00046873402526150735,0.0004681058809939368,0.00047061802272383227,0.00046909384421769365,0.00046731102350538935,0.0005154958004591676,0.0006264285172384253,0.0005069911588576194,0.0005366102656415186,0.0005365679908151089,0.0005419402916019701,0.0005327024641710836,0.000543674428845229,0.0005316080038348754,0.0005281055651491931,0.0005435098017521844,0.0005458884474797783,0.0005389988627348285,0.0005249830375539139,0.000547204425038141,0.0005474104006771979,0.0005991069694011222,0.0005998877246444018,0.0006134053045539693,0.00022127279721548975,0.00022224111286399585,0.00022623438263619098,0.00022252581695429065,0.0002218055463833898,0.0004616485726263575,0.0004577556515496413,0.00046240425819497313,0.0005901024185680575,0.000493472008139893,0.000566816381827942,0.0005610283561549947,0.0005717320046507273,0.0005688665545566363,0.0005604993486950128,0.0006164899931701225,3.051881343755702e-05
