,lapgyn4_anatomical_structures,lapgyn4_surgical_actions,lapgyn4_instrument_count,lapgyn4_anatomical_actions,sklin2_skin_lesions,identify_nbi_infframes,laryngeal_tissues,nerthus_bowel_cleansing_quality,stanford_dogs_image_categorization,svhn,caltech101_object_classification,caltech256_object_classification,cifar10_object_classification,cifar100_object_classification,mnist_digit_classification,emnist_digit_classification,hyperkvasir_anatomical-landmarks,hyperkvasir_pathological-findings,hyperkvasir_quality-of-mucosal-views,hyperkvasir_therapeutic-interventions,cholec80_grasper_presence,cholec80_bipolar_presence,cholec80_hook_presence,cholec80_scissors_presence,cholec80_clipper_presence,cholec80_irrigator_presence,cholec80_specimenbag_presence,derm7pt_skin_lesions,idle_action_recognition,barretts_esophagus_diagnosis,brain_tumor_classification,mednode_melanoma_classification,brain_tumor_type_classification,chexpert_enlarged_cardiomediastinum,chexpert_cardiomegaly,chexpert_lung_opacity,chexpert_lung_lesion,chexpert_edema,chexpert_consolidation,chexpert_pneumonia,chexpert_atelectasis,chexpert_pneumothorax,chexpert_pleural_effusion,chexpert_pleural_other,chexpert_fracture,chexpert_support_devices,pneumonia_classification,ph2-melanocytic-lesions-classification,covid_xray_classification,isic20_melanoma_classification,deep_drid_dr_level,shenzen_chest_xray_tuberculosis,crawled_covid_ct_classification,deep_drid_quality,deep_drid_clarity,deep_drid_field,deep_drid_artifact,kvasir_capsule_anatomy,kvasir_capsule_content,kvasir_capsule_pathologies,breast_cancer_classification_v2,eye_condition_classification,mura_xr_wrist,mura_xr_shoulder,mura_xr_humerus,mura_xr_hand,mura_xr_forearm,mura_xr_finger,mura_xr_elbow,bean_plant_disease_classification,aptos19_blindness_detection,lapgyn4_anatomical_structures --shrink_train 800,lapgyn4_surgical_actions --shrink_train 800,lapgyn4_instrument_count --shrink_train 800,lapgyn4_anatomical_actions --shrink_train 800,laryngeal_tissues --shrink_train 800,nerthus_bowel_cleansing_quality --shrink_train 800,svhn --shrink_train 800,cifar10_object_classification --shrink_train 800,mnist_digit_classification --shrink_train 800,hyperkvasir_anatomical-landmarks --shrink_train 800,hyperkvasir_pathological-findings --shrink_train 800,hyperkvasir_quality-of-mucosal-views --shrink_train 800,hyperkvasir_therapeutic-interventions --shrink_train 800,cholec80_grasper_presence --shrink_train 800,cholec80_bipolar_presence --shrink_train 800,cholec80_hook_presence --shrink_train 800,cholec80_scissors_presence --shrink_train 800,cholec80_clipper_presence --shrink_train 800,cholec80_irrigator_presence --shrink_train 800,cholec80_specimenbag_presence --shrink_train 800,idle_action_recognition --shrink_train 800,brain_tumor_classification --shrink_train 800,brain_tumor_type_classification --shrink_train 800,chexpert_enlarged_cardiomediastinum --shrink_train 800,chexpert_cardiomegaly --shrink_train 800,chexpert_lung_opacity --shrink_train 800,chexpert_lung_lesion --shrink_train 800,chexpert_edema --shrink_train 800,chexpert_consolidation --shrink_train 800,chexpert_pneumonia --shrink_train 800,chexpert_atelectasis --shrink_train 800,chexpert_pneumothorax --shrink_train 800,chexpert_pleural_effusion --shrink_train 800,chexpert_pleural_other --shrink_train 800,chexpert_fracture --shrink_train 800,chexpert_support_devices --shrink_train 800,pneumonia_classification --shrink_train 800,covid_xray_classification --shrink_train 800,isic20_melanoma_classification --shrink_train 800,deep_drid_dr_level --shrink_train 800,deep_drid_quality --shrink_train 800,deep_drid_clarity --shrink_train 800,deep_drid_field --shrink_train 800,deep_drid_artifact --shrink_train 800,kvasir_capsule_anatomy --shrink_train 800,kvasir_capsule_content --shrink_train 800,kvasir_capsule_pathologies --shrink_train 800,mura_xr_wrist --shrink_train 800,mura_xr_shoulder --shrink_train 800,mura_xr_humerus --shrink_train 800,mura_xr_hand --shrink_train 800,mura_xr_forearm --shrink_train 800,mura_xr_finger --shrink_train 800,mura_xr_elbow --shrink_train 800,bean_plant_disease_classification --shrink_train 800,aptos19_blindness_detection --shrink_train 800
lapgyn4_anatomical_structures,0.0,5.844025343491818e-05,5.8478884113560253e-05,8.032528044319627e-05,0.00013190650705007792,0.0002470330029462812,0.00034548661349306905,0.00010561693028480546,0.00026728086044061725,0.00027897521439874175,0.00018143380692600323,0.0001743014878652106,0.00016520534555448273,0.0001530188370676824,0.0003006184124581718,0.0003275073424695774,8.351329701337929e-05,7.833690605220568e-05,9.637559601837617e-05,0.00010364520418319436,7.20693686078676e-05,7.242118762127941e-05,7.234265962883976e-05,7.182849125083011e-05,7.200229481771559e-05,7.198006127182024e-05,7.194573390054864e-05,0.00015044710487247982,0.0001261892230005,0.0001653360371950573,0.00032446426546623325,0.0002737995385487217,0.00023134817602351516,0.00015056194837808148,0.00015094066944279253,0.0001542453589817584,0.0001493454958388399,0.00015474246848926401,0.00014946223094354548,0.00014915215095134368,0.0001548452646167778,0.00015379276884175237,0.00015169052800316734,0.0001475318829570125,0.00014808009944930494,0.00015609912280698597,0.0001842601514875429,0.0001560130494387897,0.00018597201147132976,0.00022401006429002517,0.0002715989249322248,0.0001946465849937134,0.00016339871226203205,0.000272113315903738,0.0002718861042455465,0.00027261026294006437,0.00027206610343752125,0.0001368465113190293,0.00013543007857545349,0.00013472254350042253,0.0002114611746260505,0.0003965906109024688,0.00019069568255514912,0.00014250061964569917,0.00016577140533174093,0.00016355155229686114,0.00016807791836557438,0.00015521335262894177,0.0001699480754696085,0.00018506557460405102,0.00022805230189531863,1.5233149466926034e-05,6.19341722172172e-05,5.8540233047136336e-05,8.12503669452693e-05,0.00034671850432935663,0.00010549762269193511,0.00027487039810192824,0.00016665178279147988,0.0002992602664892139,8.28826052926721e-05,7.770050420407854e-05,9.720500513187935e-05,0.0001032004547297325,7.2624759237092e-05,7.22981194649967e-05,7.268897714413791e-05,7.370545041811795e-05,7.306925257988766e-05,7.170001817335882e-05,7.264389277627945e-05,0.000127455560216719,0.0003242407166905598,0.0002279971974339787,0.0001517083094788601,0.00015164134413663796,0.00015377223991281416,0.000150115500345345,0.0001538742256937558,0.000149072176023022,0.00014739825587261902,0.00015418385684236495,0.00015516281452960815,0.00015247275936958331,0.00014779583120943493,0.0001489160494490681,0.00015682922335433702,0.0001849954008001604,0.0001854394150363355,0.00021729788338888155,0.00027389499160049367,0.00027069300007923243,0.00027250120117141197,0.00027330378117137056,0.0002714505182649325,0.00013631830391736688,0.00013625964488216352,0.00013419328221511565,0.00019003076298017388,0.00014225588734414406,0.0001661084419181867,0.0001623897218381222,0.00016858527774556452,0.00015606417473359484,0.0001690405278754001,0.00018566445279125104,0.0002261620710077108
lapgyn4_surgical_actions,5.844025343491818e-05,0.0,3.850813727444405e-05,4.833785516557779e-05,0.00014316451946445866,0.0002630817770851084,0.0003633127588078572,0.00010657114264858071,0.00028113293493867825,0.0002871386198545704,0.00018981410241547276,0.00018016200688907702,0.00016848148629445786,0.00015758031073445636,0.00030692947920261786,0.00033702540902063607,9.110485446836594e-05,8.681320512836919e-05,9.672032468016524e-05,9.879942469762044e-05,6.146376499651727e-05,6.161410901756834e-05,6.145702053109785e-05,6.117810041452021e-05,6.121126553878967e-05,6.145003830005127e-05,6.108229219513012e-05,0.00016144431396554815,0.00011993828634291688,0.0001753565191322869,0.00033888464139908425,0.00029354939256712143,0.00023715758855023306,0.00014907539849973972,0.00014931753577303292,0.00015261262566551099,0.00014797283688107509,0.00015317596737588794,0.00014779382132227363,0.00014767985954703067,0.00015365111550326687,0.00015185995582206533,0.0001500340424698778,0.00014595256383923108,0.00014668149510625066,0.000154610960452828,0.00018557326716102742,0.00016637381677501154,0.0001865497853676271,0.00024217085535706103,0.0002848754638492398,0.00019086504254211032,0.00016339609523264597,0.00028538363563361026,0.0002851391131368432,0.0002857242051359708,0.00028523354540074044,0.00013583797852320968,0.00013558853707537605,0.0001352725811123165,0.0002201402300756575,0.0004091314569906317,0.00018589977199797472,0.0001381856943298869,0.00016473417564923096,0.0001578617607129113,0.0001624600554257939,0.00015128270920334712,0.0001648476777177804,0.00019351669144078532,0.0002394278487277729,5.902314095172894e-05,2.7060235346979093e-05,3.772658890722444e-05,4.78558051329341e-05,0.0003645243093294227,0.00010642563901155168,0.0002827550577991087,0.00016990412459988712,0.00030568084941726945,9.097630840716473e-05,8.647548010145311e-05,9.721013932833394e-05,9.831013884217013e-05,6.217581241993125e-05,6.192341052825986e-05,6.149279038157574e-05,6.288389177350309e-05,6.084969967095694e-05,6.074795374636129e-05,6.24886271086202e-05,0.00012056702276778488,0.0003387776513000306,0.00023404888512719912,0.0001501280588741754,0.00014959616434906213,0.00015183425043374955,0.0001482797337845845,0.00015249082460131296,0.00014780814702666561,0.0001463626093394505,0.00015287291114343953,0.0001528913562227367,0.00015118521981729243,0.00014647714479161435,0.000147010241756409,0.0001552495973392643,0.00018609549585608143,0.00018647341491293549,0.0002355309328845029,0.0002872421871457104,0.0002839608851372241,0.0002858371869880426,0.0002864667610526208,0.00028476413103114444,0.00013515866083489464,0.0001364029790984133,0.00013501913787248773,0.0001853345706520644,0.00013752860630451456,0.00016471661494352958,0.00015685850688464698,0.00016305569588922385,0.00015235815492389149,0.00016413153728555896,0.00019410446960376246,0.0002372007467085501
lapgyn4_instrument_count,5.8478884113560253e-05,3.850813727444405e-05,0.0,4.175863341021465e-05,0.0001381976943818065,0.0002553869929911818,0.00035478984673435835,0.00010909149473367245,0.00027212294871244917,0.0002803651218775432,0.00018219053648710012,0.00017300750574551912,0.00016386524748613837,0.00015326240691457873,0.0003029815710183984,0.00033107037930680714,9.151704798942824e-05,8.68538149767925e-05,0.00010080620278378604,0.00010712042761961305,5.890091772454117e-05,5.9123471255520985e-05,5.868454046527793e-05,5.841462438442531e-05,5.8586219242264816e-05,5.87049425631396e-05,5.8443232416174274e-05,0.00015728967952336246,0.0001266209175724853,0.00017759206893881735,0.00033307686459041366,0.0002839030045053541,0.00023284970722157637,0.00015437469706892595,0.00015445677031067655,0.0001576911270026666,0.0001529015992563855,0.00015824467164256457,0.0001530185439467926,0.00015273213772624172,0.00015867904123127952,0.00015719504076941364,0.00015510008738878802,0.00015084232121271118,0.0001519273936871236,0.0001595610329611404,0.0001874268505049836,0.00016321987723372502,0.00018889412105521126,0.000235711215171808,0.0002787319415135751,0.0001964252036716658,0.00016700652483064838,0.0002791326072903367,0.0002789668456251536,0.0002795680025730765,0.0002789943674391778,0.00013665600645458548,0.00013756652733461734,0.0001374168629147039,0.00021902138400972936,0.00040354781408683904,0.00018529356333952244,0.00014118327232226253,0.00016248073371706936,0.0001618228973097708,0.0001610711802096406,0.0001516597341859272,0.00016364365388799442,0.0001922716072151982,0.00023519725364692497,5.890000831519175e-05,3.907306729752862e-05,1.562504247580961e-05,4.348422220661431e-05,0.00035590225439325414,0.0001089139264982811,0.0002761566381629464,0.00016540394340526054,0.00030168289579646083,9.108305405316924e-05,8.628833261359407e-05,0.00010164825305901974,0.00010659183841828151,5.9764655161508086e-05,5.900712618647622e-05,5.9445377509293544e-05,5.9823817394710694e-05,5.827994202479114e-05,5.775321805977093e-05,5.9666534660474634e-05,0.00012769160648251743,0.0003330061774172914,0.00022964096734502838,0.0001557241433253081,0.0001547734389816903,0.00015693391155623232,0.00015361860547887294,0.00015744062455961432,0.00015285618553713076,0.0001513143992929771,0.0001579209299191275,0.0001583800888237413,0.0001560517256232851,0.00015143183337327888,0.00015267168902036022,0.000160308545577649,0.0001882005986156271,0.00018873633470502826,0.000229171078976213,0.00028111930601311917,0.0002777981183994417,0.0002796799130530085,0.00028027104339486617,0.00027854531972660386,0.00013614155421262764,0.0001382038688742317,0.00013704748684582998,0.0001846540659946093,0.00014063110154308216,0.0001625694442827313,0.00016073272225312324,0.00016158510834372766,0.00015239172801847194,0.00016281759099830373,0.00019285199307405223,0.00023314665885097095
lapgyn4_anatomical_actions,8.032528044319627e-05,4.833785516557779e-05,4.175863341021465e-05,0.0,0.00015531019264669452,0.0002687394020343449,0.0003667525126713182,0.00012398934059303714,0.00028448607994544265,0.0002912023279217863,0.0001961709695529848,0.00018715183932845844,0.00017861071942990852,0.0001682729638201571,0.00031227511012632867,0.0003416147944770132,0.00011058985078475847,0.00010671676701994335,0.00011557186225056925,0.00012118830192774911,7.830242160631729e-05,7.858367420756722e-05,7.805756151008545e-05,7.792906887543165e-05,7.812071566278174e-05,7.828375754205257e-05,7.793207386476355e-05,0.00017285747790539066,0.00013342205282329517,0.00019238634638508566,0.0003456674671253134,0.00030003595285405123,0.0002451518271053491,0.00016716480276009375,0.00016713016899850265,0.00016977477197821755,0.0001661131466228017,0.00017015840900744733,0.00016584356245942695,0.00016592919999535685,0.00017079219129197403,0.00016952768822854186,0.0001675562512496201,0.00016406700630056538,0.00016460838356193257,0.00017119795833524162,0.00020172698315786735,0.0001768687037791208,0.00020298332198804216,0.0002504793280689991,0.00029502394662166923,0.00020568751368827163,0.0001808447684575548,0.0002954784923123524,0.0002952542865856428,0.000295829142582428,0.00029528037048827426,0.0001505023485346277,0.0001516500935562054,0.00015137089763634975,0.00023302739286714243,0.0004173108440530341,0.00019571607197157016,0.00015492109539030612,0.00017573466871949306,0.00016984024361134538,0.00017089219763435627,0.00016172915351704526,0.00017440943707921558,0.00020617794927822058,0.00025079959803022214,8.042893851285547e-05,4.912237832209664e-05,4.1564351601655814e-05,1.6495546462432275e-05,0.00036794322011672327,0.0001238095798520713,0.00028704956388343387,0.00018006432285527432,0.0003111117429607655,0.00011022388475202242,0.00010630047017589044,0.00011635171385121514,0.00012063560661126698,7.930821103422182e-05,7.87335142295782e-05,7.854873310989921e-05,7.958385532628671e-05,7.704437751468079e-05,7.743532460165582e-05,7.893939187412065e-05,0.00013419570618829676,0.00034566041928489486,0.00024207098218743354,0.00016825038124277064,0.0001673052039636276,0.00016903447409947364,0.0001667436167849191,0.0001694192156643093,0.00016575537442908058,0.00016452035935077004,0.00017011709655502305,0.0001702645270906096,0.0001685455363417878,0.0001647357455358808,0.00016509264621494243,0.00017194471090551598,0.00020237988604607913,0.00020289729680342378,0.0002441649053181513,0.0002973281939487579,0.00029408614223937554,0.0002960194882510544,0.00029651002096646684,0.0002948349511700609,0.00014996344816726995,0.00015226483118763228,0.0001510926525684737,0.00019502198161632206,0.0001542046186509763,0.00017563298678704265,0.0001689483388710834,0.00017161023175621832,0.0001626161497307305,0.0001736116447153858,0.00020683971039985616,0.0002488311645155011
sklin2_skin_lesions,0.00013190650705007792,0.00014316451946445866,0.0001381976943818065,0.00015531019264669452,0.0,0.00024170545992846786,0.00034209782900061823,0.0001466228827360752,0.00026326913180176113,0.00028913423432237365,0.00018838383185167985,0.00018352606816134765,0.00018264940718813527,0.00016827484284746388,0.00031475939095574105,0.00033763882809804,0.00011540854580567414,0.00011822792059229069,0.00014256382989231604,0.0001511245146379373,0.00013261422535320179,0.00013309007504550105,0.00013280209964643298,0.00013258618828865398,0.00013283554444458657,0.00013277701555299403,0.00013300481619490356,0.00011225292941204617,0.0001629168499770771,0.00016216837914544586,0.00032505256661767795,0.0002402005873036619,0.00024522801357413,0.000180482975453333,0.00018132994160218515,0.000184702593918957,0.0001788000072519399,0.0001853509457593529,0.00017908459020809164,0.0001780492116783208,0.00018580366356280698,0.00018551120636453784,0.0001819968619592173,0.00017523222487193395,0.0001798973583857066,0.0001871250233611301,0.00021723661359877925,0.00010222168311374353,0.00021987201961390623,0.0001786183690860179,0.0002561079292219175,0.00022614905385924164,0.00018795871545909958,0.0002567463231292824,0.000256868568094244,0.00025734098078795964,0.0002570161599898009,0.0001530813732773135,0.00014685522818669644,0.00014680504446369714,0.00020967843103340104,0.0003891145056745799,0.0002207527572198435,0.00017536353307172174,0.00019042391467951597,0.0002061346846164363,0.00019546312935907352,0.00019091051146535512,0.0001948362026585908,0.00020352937642480515,0.00020972670486069648,0.00013161852931752713,0.0001426432037062736,0.00013915673876778968,0.0001560716292364187,0.00034319352148404854,0.00014634464802484496,0.00028517493402992287,0.00018313141182332,0.0003134584082443428,0.00011511709247198449,0.00011754144384641956,0.00014368249607268004,0.00015113590471661412,0.00013259456934255797,0.00013252182342110897,0.0001334530328839913,0.0001339257887764313,0.00013427032341105128,0.00013233550774339914,0.00013282078351687472,0.00016530015583959593,0.00032487305988130065,0.0002416662709189552,0.0001820300661777303,0.00018184694709065313,0.00018426539220997958,0.00017962714770997397,0.0001841996249769702,0.00017891760138787608,0.00017670040553958934,0.0001852876459815699,0.0001869993450566024,0.00018288681568821846,0.00017549877781883344,0.00018139815291520878,0.00018801568004451612,0.00021836462487179268,0.00021965964860296282,0.00017351850742450007,0.00025803275148489964,0.0002554720645513831,0.00025758750244250713,0.0002576857456805978,0.0002562278432430877,0.00015253961245962328,0.00014706562826899246,0.00014602614733603243,0.00022048940071547115,0.00017515902513736876,0.00019094751911863416,0.00020488359368036696,0.0001954957377831302,0.0001913429881349752,0.0001935575192658601,0.0002040370503909553,0.00020782417469927383
identify_nbi_infframes,0.0002470330029462812,0.0002630817770851084,0.0002553869929911818,0.0002687394020343449,0.00024170545992846786,0.0,0.00023485482183931844,0.000275800006364294,0.00023365611737919626,0.00025093909684317003,0.00021003534086297984,0.0002123750188044951,0.000247269578161739,0.00022786956219910689,0.00031097168516461716,0.0003256885552770535,0.00024782659407918356,0.0002518451410750951,0.0002714070510505272,0.00027962923294017376,0.00026096538954582354,0.0002617782273558201,0.0002614635407592289,0.00026057226251615837,0.00026132717532655514,0.0002608904871066436,0.0002616918282791111,0.00022092253962712152,0.00026608060656488667,0.00023085770301673863,0.0002919666050054061,0.00026066158360737855,0.0002941613920495168,0.00029649454927135345,0.00029221571602569476,0.00029301216724603,0.0002958497670092153,0.00029250012140666717,0.0002950280148752192,0.00029449114537149747,0.00029312331265851394,0.0002967367022591345,0.00029270363234044016,0.0002938109353194116,0.0002926453984555006,0.00029334544684487835,0.0003101344040786835,0.0002239056203744326,0.0003158436904337176,0.000215333472142737,0.00032485668597481736,0.0003384508196552935,0.0002968392793760668,0.0003250247421981368,0.00032554557784571784,0.00032606598058352936,0.0003262228369525993,0.0002944904903580215,0.00029100322541027364,0.00029056897464867194,0.00023101436213913203,0.000433928406430211,0.0002957666077571357,0.0002847846930311798,0.0002691339296636413,0.00030728207770778853,0.0002738835867467467,0.00027879999839986754,0.0002827021723128564,0.0002705920195430301,0.00029832508394254486,0.000246243076644701,0.00025970617331139405,0.00025675454085094887,0.0002704069172044925,0.0002353705973993399,0.0002753710998754167,0.0002508704922804426,0.00024650119913983796,0.0003091554395968025,0.00024676918086870064,0.00025105251847505134,0.0002724985729186171,0.00027908441485372703,0.00026087672476280847,0.00026046169087056754,0.0002620733446856519,0.00026188900350703197,0.0002623033829857504,0.0002608593270528438,0.00026040626233428047,0.0002686323786991076,0.0002925482960783275,0.00029306647620063896,0.0002973254869399474,0.0002935541905118921,0.000293025821492913,0.00029893481157921534,0.0002903131651938829,0.0002938527223718241,0.00029258672659635124,0.00029281736773738103,0.00029770910793702965,0.00029277803856489644,0.00029468064872108517,0.00029416199233458633,0.0002942769972436363,0.0003121110140393872,0.0003154764492717433,0.00021259951628031394,0.000326117329011604,0.0003245693055328638,0.00032596980459710374,0.00032569584636780796,0.0003254539820419585,0.0002949518416229233,0.0002914804276817777,0.000289369476454034,0.0002960510953258762,0.00028432678043869284,0.00026982806182253755,0.0003063316693739614,0.0002736123906013216,0.00027780884337106216,0.0002813336448292974,0.00027102779788698106,0.00029766475128769395
laryngeal_tissues,0.00034548661349306905,0.0003633127588078572,0.00035478984673435835,0.0003667525126713182,0.00034209782900061823,0.00023485482183931844,0.0,0.0003723126416093481,0.00031203976848189364,0.00027978483442818187,0.0002980697411989797,0.0003039857456533216,0.00032147573227915007,0.00030227154230835925,0.00035794611843458066,0.00036020137525993076,0.00035413953899117673,0.0003550393251395416,0.0003701225166266544,0.00038240792001224713,0.00036065394202299786,0.00036148656755296117,0.00036100353490020837,0.00036037558026200643,0.00036097636374659653,0.0003606605279369273,0.00036120382859057017,0.0003157722874067735,0.0003640486604394124,0.00034362032358199507,0.00035833737691330257,0.00034304918083081896,0.00037609013279161065,0.0004051932778580864,0.000402977631375045,0.00040368777896332214,0.0004051156015058364,0.00040296405210862933,0.00040412307978675754,0.0004043261936466227,0.0004032436939476778,0.0004062377645086673,0.00040300629740952054,0.0004034658423135301,0.0004004497422894233,0.0004034143340571738,0.00041282411743605383,0.0003302947399995244,0.00041807123210833884,0.00028825946194382013,0.00038461246844503417,0.00044582547968282033,0.00039718649831122036,0.0003847312014887688,0.0003851499883314914,0.00038576925916761684,0.00038568037656712417,0.0003898503826230582,0.0003866207980269276,0.0003860797733369201,0.00033577234117314797,0.0004700843881302061,0.0003867429136545173,0.00038736851570537946,0.00037428670456692167,0.00040290835414356267,0.0003772822110524183,0.0003755617095297927,0.00038406594423655776,0.00036311751353526557,0.0003763643151836048,0.00034506347722339323,0.00036277541583473304,0.00035609390113609,0.00036824004383569407,1.4917138835532602e-05,0.00037182690882661576,0.00028196027756387276,0.00032083341564916675,0.0003569374809144549,0.00035350381269567456,0.00035430502112633627,0.0003711515031688217,0.00038179171490345374,0.0003607010641244274,0.00035990456953705584,0.0003615850293317511,0.00036155852725733404,0.0003616750692262273,0.00036047267273835154,0.00036017845658659726,0.0003668397203274961,0.0003591470105326173,0.00037518725061900116,0.00040591323986214907,0.00040393733067115814,0.0004033718747050318,0.0004073659257485309,0.0004017080999924891,0.00040337079216066997,0.0004023284972608863,0.0004029747897759464,0.00040726486083773303,0.0004030986927465902,0.00040413560199395075,0.0004018214610647131,0.0004045649669937863,0.0004147328342671912,0.000417648236649906,0.0002879978571186415,0.00038567845116716746,0.0003845385202741597,0.00038559725161913666,0.0003851010874678918,0.00038502950821971745,0.00039029432871025467,0.0003872595704065934,0.0003849496771824035,0.0003869566936449136,0.00038727465084680853,0.00037494098867982056,0.00040220874115249916,0.00037680947435059453,0.0003744904164294694,0.00038299243053704457,0.0003636564370932445,0.0003758535241581662
nerthus_bowel_cleansing_quality,0.00010561693028480546,0.00010657114264858071,0.00010909149473367245,0.00012398934059303714,0.0001466228827360752,0.000275800006364294,0.0003723126416093481,0.0,0.0002962708032582856,0.00029081306880415943,0.00020355552257119808,0.0001918006176838745,0.0001750317777370852,0.00016504146823338213,0.0003186485943399638,0.00034727343171774645,8.215831171846149e-05,7.385620068529379e-05,4.5733888421170836e-05,7.994117363162397e-05,8.937392852455642e-05,8.919358971172261e-05,8.920409401455545e-05,8.948058671372829e-05,8.943337680298673e-05,8.921584040753274e-05,8.922984862260168e-05,0.00017032833658049137,0.00011332075401996756,0.00018770601301954038,0.00035420851942793074,0.000302564914976496,0.00023920912075553027,0.00015587620132290284,0.00015332859449289455,0.00015582105096098543,0.00015352803915458067,0.00015596280382708925,0.00015372069248373866,0.00015276909410978529,0.0001566063556577932,0.00015687396541744025,0.00015402344350903493,0.0001515431072139774,0.0001529642925256168,0.00015802215789137967,0.0001968497616887507,0.00017281214870656762,0.00019811883251902185,0.00024862380315219656,0.00028226741189864844,0.00020299399667098245,0.00015766557258279368,0.00028269850941848,0.00028261250725415845,0.0002831739928969824,0.000282405406047207,0.00011769455526771787,0.00011637828609177821,0.00011560385429727085,0.0002273011382985488,0.00040564710553189456,0.0001920181720057546,0.0001395267278297204,0.00016344493570361556,0.00016254742269430087,0.00016847240650336767,0.00015606332366562527,0.00016569207890674534,0.000209453339570593,0.00023718612169206207,0.00010559875923583977,0.00011142844961358901,0.00010943661831067043,0.00012368795997715038,0.0003736228425050245,1.4901185243529353e-05,0.0002862982536435539,0.00017617788815557233,0.00031790355295186845,8.149703178890466e-05,7.559461441799727e-05,4.623193029375421e-05,7.91587329904266e-05,8.942115125284754e-05,8.947191851280879e-05,8.918110377389236e-05,9.018368740976813e-05,8.991368069103688e-05,8.889216285761878e-05,8.973853291903175e-05,0.00011408193890115491,0.00035390682217853844,0.00023575086150118933,0.00015688455253255406,0.00015357837945769332,0.0001552624001159262,0.00015400943534268593,0.00015538699058167464,0.00015363315004753936,0.00015152144002346385,0.00015613588361669095,0.00015793685225630978,0.00015491804739959739,0.00015197077232873398,0.00015376327043225578,0.00015842445429402362,0.00019727453281264274,0.00019775333522529154,0.00024234245057606706,0.00028475892848416165,0.0002811766919504655,0.00028315816797899816,0.00028394459530531053,0.000281894227404783,0.00011692588578225758,0.00011701786965217842,0.0001150933321169462,0.00019134827637605335,0.00013884107877479965,0.00016388432780986957,0.00016179141908861006,0.00016898794170329707,0.00015689439335946558,0.00016453822062140742,0.00021018658450157787,0.0002351287383560353
stanford_dogs_image_categorization,0.00026728086044061725,0.00028113293493867825,0.00027212294871244917,0.00028448607994544265,0.00026326913180176113,0.00023365611737919626,0.00031203976848189364,0.0002962708032582856,0.0,0.0002997865750262564,0.0001481141169682027,0.00015185123900726916,0.000221913151421025,0.00021370434346852687,0.00032564360603896985,0.0003372921110459972,0.0002734740783416232,0.0002775890326677582,0.0002924681954305306,0.0002991212639662786,0.0002842309272182871,0.0002848233227796936,0.0002844555402157242,0.0002840160452130051,0.0002842859799464977,0.00028422116306184276,0.00028468219270252556,0.0002409013662616255,0.0002901893312555122,0.00026802250187272516,0.0003193664281702448,0.0002738861396300522,0.0003005951156988571,0.00032048905078761535,0.00031786831031840635,0.0003190518755946504,0.0003196550533471074,0.00031846173597714644,0.0003191456509482306,0.0003182894033615271,0.00031936986804828474,0.00032162921959411886,0.00031853324713275986,0.0003182082927013168,0.0003170900977576147,0.0003195552548611705,0.000334078365789271,0.00025426204541645987,0.0003379780291495437,0.0002579601328568559,0.0003384657639175233,0.00035594948086025276,0.00030779685758437243,0.00033864892182967497,0.00033901475548488863,0.000339435658270294,0.0003394963456290126,0.00030646976309530046,0.00030221046627079825,0.0003020724153725313,0.00028120382926269025,0.0004354471541680829,0.00030517573763599447,0.0003045099967286236,0.0002867518695371995,0.0003197574458082402,0.0002866985993621503,0.00028973103312113365,0.0002962936263738567,0.0002766041029067959,0.00031735406705685556,0.00026674386499537465,0.00027831897269917864,0.00027340081197126716,0.0002862067070304794,0.00031199156869436316,0.00029589211014887723,0.000298131514783159,0.00022273032936689528,0.00032355347237551655,0.0002731254257979746,0.00027675298874588655,0.00029315526949360725,0.00029897428311662983,0.00028411965108033894,0.00028385919198117073,0.0002854389146274998,0.0002851012978403015,0.00028534383485012303,0.00028421920723977314,0.00028379361934308464,0.00029312085740818017,0.0003201372236325866,0.00029933056983595815,0.000321782546639542,0.0003186638371306303,0.0003191528505487257,0.00032164863630555193,0.0003174954269409759,0.00031921490442239566,0.0003167586763104628,0.00031907871020309185,0.0003225844335023468,0.00031875090864063346,0.00031845449095326613,0.000317721891139501,0.00032067340844560616,0.0003355047747199936,0.00033770547875330126,0.0002561876017268829,0.00033930769081910164,0.00033830184612704836,0.00033969749780042477,0.00033915487978736626,0.00033889210077154067,0.0003065903278908972,0.0003028767993744799,0.0003010019211908857,0.0003050127389555354,0.0003039123673604326,0.0002869444732454747,0.0003188823679559708,0.00028630761799401726,0.0002891088049954332,0.0002948600851198942,0.0002770207136527153,0.00031642501937001146
svhn,0.00027897521439874175,0.0002871386198545704,0.0002803651218775432,0.0002912023279217863,0.00028913423432237365,0.00025093909684317003,0.00027978483442818187,0.00029081306880415943,0.0002997865750262564,0.0,0.0002521920933878622,0.0002533114024328546,0.00021677194951510954,0.00020206648840537733,0.00023426711656290885,0.00023695858198725855,0.0002773699447678297,0.00027596532090555243,0.0002880310985007942,0.0002969944000330097,0.0002814312862033132,0.00028194185169955763,0.00028164910393302015,0.0002810692967723815,0.0002816006673775085,0.00028137657395772614,0.0002818098590168185,0.00027309078307311474,0.0002927000979174214,0.00029345264786280077,0.0003459193791213478,0.00032103392459930914,0.00033077027474000113,0.000323573889602152,0.00031954401739972576,0.0003210772741327699,0.000322072505012876,0.00032019956005918497,0.0003216785103520213,0.00032102172911860555,0.0003210891499860063,0.00032360567277215204,0.0003201707162799134,0.0003199661803602753,0.0003183027029606323,0.0003214719553378073,0.0003443845486732186,0.00028655364883272994,0.0003488352825783158,0.0002875354151834313,0.00035675639636906144,0.0003644827581365432,0.0003208065984112224,0.0003569482193680528,0.0003571871013556932,0.00035790871512242004,0.0003573592528065934,0.00030979160364922985,0.00030622943802271666,0.00030589962145751874,0.0003029149811110169,0.0004576386661411351,0.00031696277731895443,0.0003060655113328917,0.00030163198235505615,0.0003208026686006156,0.0003064368899764001,0.00029803289851884423,0.0003111196175584769,0.0003186854970505862,0.0003395270279453622,0.0002786155163369028,0.0002869033650170523,0.0002813059593762759,0.00029233093123274786,0.0002807147009855322,0.00029035614663322376,1.8138446343319565e-05,0.0002149089742129533,0.0002341737649138972,0.00027698987955466613,0.00027564098384950307,0.0002887391631669557,0.00029681272696896693,0.0002812810771065786,0.0002807969149746215,0.0002819867173838059,0.0002823245811297303,0.0002821600668139478,0.00028111490408414984,0.00028118343576740193,0.00029465458328560334,0.0003462539701786127,0.0003297395270582739,0.0003244629674290736,0.00032006837278076927,0.00032053274129388776,0.00032403207124625903,0.0003188438292786328,0.00032106961854760853,0.00031954077527891625,0.0003208136209983883,0.00032472610424419174,0.00032077326978262007,0.00032076871395452454,0.00031930748465023803,0.00032217680337254544,0.0003459634751468413,0.00034838877335174585,0.0002854173058606439,0.0003583012941307452,0.0003562901835720305,0.0003573572836925405,0.00035781362818729657,0.00035686918549535345,0.0003096565409732206,0.0003066136686673477,0.00030501636427375344,0.0003170932894526658,0.0003060069496025509,0.0003025158145819316,0.0003200855626070275,0.0003066231255290683,0.00029745686740753825,0.000309646190889895,0.0003192885320291756,0.00033906158447656435
caltech101_object_classification,0.00018143380692600323,0.00018981410241547276,0.00018219053648710012,0.0001961709695529848,0.00018838383185167985,0.00021003534086297984,0.0002980697411989797,0.00020355552257119808,0.0001481141169682027,0.0002521920933878622,0.0,4.456454894483159e-05,0.00014050600882149728,0.0001251780942708137,0.00027381198827769015,0.00029210469688803204,0.00018304513979786212,0.0001838819283623185,0.0001994704634421245,0.00020463645166435767,0.00018966033612370092,0.0001902270647960932,0.0001898220547541344,0.00018931597256770103,0.0001896883227219076,0.0001896359991057377,0.00019003460599726458,0.00017396074792625085,0.0001994289895508057,0.0002067441504367497,0.00029257497914200704,0.0002493500115866242,0.00024111886661970218,0.00023174830670698828,0.00023021986276234484,0.0002322885897234582,0.00023124495655229326,0.00023191018746635043,0.00023051037801253318,0.00023018480283107845,0.00023292795184284504,0.00023408577999821113,0.00023088489250800331,0.00022975327922764548,0.00022916556585229816,0.0002332314445027856,0.0002562826285018491,0.00018609811911308197,0.00025895470978997076,0.00021619695943324427,0.0002818908812843328,0.00027468194434196805,0.00021918212581391647,0.00028225313366665456,0.000282537480048595,0.000282878761019783,0.00028282550855478444,0.00021399997963994402,0.00020998549648616646,0.00020976556281594066,0.00022438903119297425,0.00039513077522764645,0.0002168231101262833,0.00021130439499989992,0.0001999023733651962,0.000225670662454038,0.00019480940867063498,0.00019368947945329584,0.000204848422065729,0.00021230714445194602,0.0002577225995779313,0.00018112277898497053,0.0001884317025312645,0.00018378373437974102,0.0001976303798066281,0.00029859395173957793,0.00020316154124055307,0.0002491531797308114,0.00014166251553150773,0.00027237981667524176,0.0001829533644335582,0.00018327653473382272,0.00020008210641033166,0.00020441393074932193,0.00018946306984044464,0.0001892096629577341,0.0001910148356328943,0.00019051114983504344,0.00019069661041804705,0.00018979210953893742,0.00018920850024614714,0.00020237762537663096,0.00029290721950753684,0.00023901844308595084,0.00023320658882434864,0.00023116757469822125,0.00023218288777841092,0.00023320370358580103,0.00023116452446682323,0.00023045376975992945,0.00022832129827626854,0.00023245122885855217,0.00023512794687814259,0.00023158059624271978,0.0002299994723563365,0.00022970862840468356,0.00023442253011311185,0.00025728848694495153,0.0002587110620229304,0.00021289230474723359,0.00028353974401131233,0.0002814620017449026,0.0002828870559195589,0.0002830005158935272,0.0002823440487579015,0.00021401214721269442,0.0002105504209866701,0.0002084910835654469,0.00021667347770566028,0.00021018993617067782,0.00019992996285459445,0.0002247624493034144,0.00019482995278731496,0.00019376283727758027,0.0002036672326670172,0.00021267391221141687,0.0002566019624689331
caltech256_object_classification,0.0001743014878652106,0.00018016200688907702,0.00017300750574551912,0.00018715183932845844,0.00018352606816134765,0.0002123750188044951,0.0003039857456533216,0.0001918006176838745,0.00015185123900726916,0.0002533114024328546,4.456454894483159e-05,0.0,0.00013380358025705193,0.00011799374077378549,0.0002747877549422116,0.00029551684898224085,0.0001746710224063648,0.00017553452125345466,0.00018918510926987402,0.00019338498644962072,0.00017961275307945036,0.00018017057530821866,0.0001797730559884142,0.00017929671871700896,0.0001796140012393385,0.00017959160508768162,0.00018002012342593703,0.00016940274613406748,0.0001888659758579978,0.00020231365603559935,0.0002939888656831065,0.0002509965162013694,0.00023548680440110798,0.00022172017499468003,0.00022007796452710201,0.00022236086889879808,0.0002211790939949118,0.00022212808581277633,0.00022040538519036424,0.00022000357451393228,0.0002231720952455622,0.00022413954925964725,0.000220854100891681,0.00021962226701625437,0.0002194992456549007,0.00022345118406164147,0.0002454581480490876,0.0001823504405160121,0.00024819152020513676,0.00021642869995656147,0.0002760232735003027,0.00026514067383510097,0.0002095486110644929,0.0002764224953829888,0.0002766098089542801,0.0002769367989263653,0.0002769284114570623,0.0002035712225965379,0.00020001859498962516,0.00020008203923757266,0.00022120627318477604,0.00038983429051120204,0.00020688551030871084,0.00019931615707361838,0.00018713395503396725,0.00021711774677559472,0.00018223039633250107,0.00018179405106332345,0.0001922751774314605,0.0002071655648768982,0.0002501597055858028,0.00017410812972248988,0.00017855411588672923,0.0001745641130000384,0.00018844405028428857,0.0003044889351909952,0.0001914693118335966,0.0002500064929688346,0.00013462102732884548,0.00027341948452651207,0.00017465304686936682,0.0001750402491990982,0.0001897347212729014,0.00019327382028010707,0.000179361217745637,0.00017925845966475744,0.00018083392172883462,0.00018046642420790427,0.0001806487338112669,0.00017974946579437084,0.0001791189124630988,0.00019186986190792603,0.0002942452853730315,0.0002333692267169056,0.0002231886615716386,0.0002210105343667086,0.0002221759791233325,0.00022313639267003605,0.00022139245758713626,0.0002204100649089012,0.000218215562571199,0.0002226102600656232,0.00022518576800034377,0.0002215825295451676,0.00021986978907256988,0.00022000086705346227,0.00022463922538246134,0.00024650071694777315,0.00024790809747850267,0.00021279241901468515,0.00027765415093464744,0.00027561059582868416,0.00027699815790576895,0.00027719404365943157,0.00027647997329965685,0.00020359787728956643,0.0002005963103898074,0.00019886141192356014,0.00020685263260670863,0.00019794465570194015,0.0001872193226248123,0.00021622024441106852,0.0001822255271105948,0.00018190896113313745,0.00019093123344705013,0.00020749146018481324,0.00024890356673840867
