,lapgyn4_anatomical_structures,lapgyn4_surgical_actions,lapgyn4_instrument_count,lapgyn4_anatomical_actions,sklin2_skin_lesions,identify_nbi_infframes,laryngeal_tissues,nerthus_bowel_cleansing_quality,stanford_dogs_image_categorization,svhn,caltech101_object_classification,caltech256_object_classification,cifar10_object_classification,cifar100_object_classification,mnist_digit_classification,emnist_digit_classification,hyperkvasir_anatomical-landmarks,hyperkvasir_pathological-findings,hyperkvasir_quality-of-mucosal-views,hyperkvasir_therapeutic-interventions,cholec80_grasper_presence,cholec80_bipolar_presence,cholec80_hook_presence,cholec80_scissors_presence,cholec80_clipper_presence,cholec80_irrigator_presence,cholec80_specimenbag_presence,derm7pt_skin_lesions,idle_action_recognition,barretts_esophagus_diagnosis,brain_tumor_classification,mednode_melanoma_classification,brain_tumor_type_classification,chexpert_enlarged_cardiomediastinum,chexpert_cardiomegaly,chexpert_lung_opacity,chexpert_lung_lesion,chexpert_edema,chexpert_consolidation,chexpert_pneumonia,chexpert_atelectasis,chexpert_pneumothorax,chexpert_pleural_effusion,chexpert_pleural_other,chexpert_fracture,chexpert_support_devices,pneumonia_classification,ph2-melanocytic-lesions-classification,covid_xray_classification,isic20_melanoma_classification,deep_drid_dr_level,shenzen_chest_xray_tuberculosis,crawled_covid_ct_classification,deep_drid_quality,deep_drid_clarity,deep_drid_field,deep_drid_artifact,kvasir_capsule_anatomy,kvasir_capsule_content,kvasir_capsule_pathologies,breast_cancer_classification_v2,eye_condition_classification,mura_xr_wrist,mura_xr_shoulder,mura_xr_humerus,mura_xr_hand,mura_xr_forearm,mura_xr_finger,mura_xr_elbow,bean_plant_disease_classification,aptos19_blindness_detection,lapgyn4_anatomical_structures --shrink_train 800,lapgyn4_surgical_actions --shrink_train 800,lapgyn4_instrument_count --shrink_train 800,lapgyn4_anatomical_actions --shrink_train 800,laryngeal_tissues --shrink_train 800,nerthus_bowel_cleansing_quality --shrink_train 800,svhn --shrink_train 800,cifar10_object_classification --shrink_train 800,mnist_digit_classification --shrink_train 800,hyperkvasir_anatomical-landmarks --shrink_train 800,hyperkvasir_pathological-findings --shrink_train 800,hyperkvasir_quality-of-mucosal-views --shrink_train 800,hyperkvasir_therapeutic-interventions --shrink_train 800,cholec80_grasper_presence --shrink_train 800,cholec80_bipolar_presence --shrink_train 800,cholec80_hook_presence --shrink_train 800,cholec80_scissors_presence --shrink_train 800,cholec80_clipper_presence --shrink_train 800,cholec80_irrigator_presence --shrink_train 800,cholec80_specimenbag_presence --shrink_train 800,idle_action_recognition --shrink_train 800,brain_tumor_classification --shrink_train 800,brain_tumor_type_classification --shrink_train 800,chexpert_enlarged_cardiomediastinum --shrink_train 800,chexpert_cardiomegaly --shrink_train 800,chexpert_lung_opacity --shrink_train 800,chexpert_lung_lesion --shrink_train 800,chexpert_edema --shrink_train 800,chexpert_consolidation --shrink_train 800,chexpert_pneumonia --shrink_train 800,chexpert_atelectasis --shrink_train 800,chexpert_pneumothorax --shrink_train 800,chexpert_pleural_effusion --shrink_train 800,chexpert_pleural_other --shrink_train 800,chexpert_fracture --shrink_train 800,chexpert_support_devices --shrink_train 800,pneumonia_classification --shrink_train 800,covid_xray_classification --shrink_train 800,isic20_melanoma_classification --shrink_train 800,deep_drid_dr_level --shrink_train 800,deep_drid_quality --shrink_train 800,deep_drid_clarity --shrink_train 800,deep_drid_field --shrink_train 800,deep_drid_artifact --shrink_train 800,kvasir_capsule_anatomy --shrink_train 800,kvasir_capsule_content --shrink_train 800,kvasir_capsule_pathologies --shrink_train 800,mura_xr_wrist --shrink_train 800,mura_xr_shoulder --shrink_train 800,mura_xr_humerus --shrink_train 800,mura_xr_hand --shrink_train 800,mura_xr_forearm --shrink_train 800,mura_xr_finger --shrink_train 800,mura_xr_elbow --shrink_train 800,bean_plant_disease_classification --shrink_train 800,aptos19_blindness_detection --shrink_train 800
lapgyn4_anatomical_structures,0.0,0.0673979318915386,0.06776103229854588,0.09206633685163937,0.1556656008689674,0.25303211719279556,0.34915795357350127,0.1264264780611021,0.2677807172921368,0.28766170196860974,0.19436091393267024,0.18812748566334034,0.18363753506601807,0.17454945413266487,0.3113541564385497,0.3278761862653381,0.09957659361850213,0.09423903258836602,0.11728779742128043,0.11901472101659,0.08653859962774768,0.08699180657595465,0.08688675244594937,0.08636596167921735,0.08642957441952367,0.08644291972737295,0.08638929594977796,0.17070288115222315,0.14145329884893723,0.18066755769745665,0.3028588421059305,0.268180689224883,0.2343222144572168,0.1568238367002973,0.1581950860897851,0.16136523865242403,0.15601833302722384,0.1622923322503641,0.15616424943305107,0.15590906954305242,0.16242497340571665,0.16072900764975184,0.15900687278806647,0.15474817194164442,0.15579886918990593,0.16365964357234758,0.18460137006713656,0.17662325645134194,0.18542887125263233,0.23879087335105795,0.26303744830427644,0.19571650889812847,0.17172794994597215,0.2633393427612778,0.2632744005244543,0.26355244030414593,0.26337123927180406,0.15710299430349642,0.15432268618713585,0.15366629570444948,0.22732515124925076,0.34423036324323264,0.1970357575202338,0.15232105566861603,0.17780050132111416,0.1746667489609099,0.17940253152226499,0.16741386330936364,0.18168066064864297,0.19261688450245415,0.22634765359104525,0.015152672018129618,0.0719983019721112,0.06772534761555682,0.09311643182898256,0.3504111052587969,0.12641297587162062,0.2843413131249118,0.18475056214985414,0.3104172691944007,0.09877359752226456,0.09371355765661439,0.11814420861564687,0.11855374574052358,0.08706697480517034,0.08690993828334509,0.08757405749386071,0.08820794196279164,0.08789449718198095,0.08594334446377674,0.08709967414000065,0.14269501553215352,0.302724494561104,0.23212485892407408,0.15802244093465595,0.159107880820735,0.16125024719966052,0.15687656847031278,0.1616126387244198,0.1559432688263405,0.15462497699099856,0.16144229825631723,0.16203326799022919,0.1595889078945446,0.1548305544480662,0.15644191917695,0.16429745775260535,0.18484761399385968,0.18525165288960307,0.23422723304727427,0.26446686088179083,0.26256269641289964,0.2636851568928926,0.2641283229293454,0.26297829113663024,0.15653576030216743,0.15522207829408163,0.1533092786871157,0.19677179485215332,0.15242212396551197,0.17803592176155014,0.17384938722465634,0.17944939971159074,0.1685078491559964,0.18132374390742187,0.19305939815958226,0.224907921371629
lapgyn4_surgical_actions,0.0673979318915386,0.0,0.04271669145305218,0.052533851038020926,0.17037461059128045,0.27310336465454976,0.37033805784231644,0.125285272970923,0.28475400224855657,0.29590209084463187,0.20457497976654537,0.19526163629760088,0.1860659944072481,0.17934115907713788,0.3172481425874186,0.3379551658186451,0.10700961217635688,0.1029121513384938,0.11528740501336614,0.11096711794628686,0.07068266977287604,0.07104463441582164,0.07068350487248364,0.0704883829419219,0.07044760955375355,0.07077101026123271,0.07032405076282724,0.18626139465445607,0.13245672393107186,0.19350646667199378,0.32071437181385765,0.29320024285151314,0.2430582308958526,0.1529839812959296,0.15373801145732824,0.15682218035682516,0.15208855863727472,0.15768018933559674,0.15193523470593734,0.15178081350047795,0.15845542071705365,0.15602330600940467,0.154584695612554,0.15071108690506677,0.15200952750296876,0.1592122954652716,0.18572709619511227,0.1904418062506511,0.1854363821079504,0.26201159758196,0.2791541014483605,0.18899560950141742,0.1704213415099906,0.2794287395537127,0.27938670544577227,0.27956552286444986,0.2793438291493523,0.15427904363668812,0.1535959070182236,0.1533308029495653,0.23910875890762143,0.35861608549101753,0.18941803050531017,0.1453451872290215,0.17567655642624813,0.16549656658779754,0.17208921379537506,0.16142522170595353,0.17406466755041503,0.20169326260099485,0.23974283968526955,0.06831767465384192,0.02943577404520159,0.041675365762455056,0.0521069571888917,0.3715847144484815,0.12518708518936783,0.2922138374208181,0.1871617375765534,0.3164076726463413,0.10677972862931356,0.10261866244219647,0.115789016102987,0.11061594880901625,0.07165655399588425,0.07124430790315943,0.07098656706646267,0.07226674288976902,0.07015898853642377,0.07011956245540568,0.07200888179150464,0.13274345599986223,0.32062583529113226,0.24107155849514575,0.15391523595979179,0.15411466863816625,0.15633220293221323,0.15226285478621224,0.15732489857587337,0.1520876300367527,0.15098972909766492,0.15743615412637707,0.15694358274819506,0.15558328983978162,0.15092961314243353,0.15199558181424622,0.1596779357532578,0.18568937705292976,0.18571643099249552,0.2574580940819232,0.2806567162780087,0.27854245748210116,0.2798592524122969,0.2802002528295936,0.2790851567007514,0.15362803049957505,0.15435989088129298,0.1532435744374403,0.18916154679217528,0.144853453021978,0.1754114394282484,0.16482851140430482,0.17247238429790715,0.16286236554297917,0.17388896811010002,0.20223645733280415,0.23806846945082957
lapgyn4_instrument_count,0.06776103229854588,0.04271669145305218,0.0,0.045467385279288425,0.16370364982254526,0.2620019926551575,0.35895505478287326,0.12953051668029705,0.2725713093016934,0.28748650112163354,0.1943312443127031,0.18557261060247032,0.18035035983723785,0.17313510734854953,0.31128513928600654,0.32982801718165733,0.10732130698257444,0.10339282463201349,0.12133094206676685,0.12202789752842715,0.06883597126663478,0.06943799241297505,0.06878140484466125,0.06839179476382634,0.06860948216790819,0.06882595778249966,0.0685244180614393,0.1795022121465004,0.14053517890265357,0.19403338072972265,0.3120714175420586,0.2802829360069572,0.23724390912647744,0.15997889637831092,0.16094772101496585,0.16386489181603592,0.15885386802487272,0.1647732311693439,0.15892706962119635,0.15865873198242936,0.1654338384118012,0.16326570122283587,0.1615504622254414,0.15733378638408346,0.15889724593333626,0.16605083492807815,0.18791250841455825,0.18513147416230474,0.18834026941165616,0.25267841677903413,0.27090355521196025,0.1959392206225728,0.17419768527987828,0.2711328142238817,0.2711110919945203,0.2713010007462477,0.27108914243900506,0.1549476567737765,0.1556794308977529,0.1556345340081619,0.23588940146654738,0.3509022409338852,0.18820813649130846,0.14908182869787015,0.1723420811899039,0.16966010313890703,0.16963771610383993,0.1612413049897448,0.17199595997519446,0.19972221040984517,0.2345107302267168,0.06849377273578272,0.043178377301019484,0.015551306775104749,0.047352352695133444,0.36010700773799653,0.12934760047672672,0.28393626606527034,0.18159958254525815,0.31037616840500826,0.10687690276384598,0.1026995682610348,0.1221910262758735,0.12165193536008534,0.06994825345345745,0.0692399225627548,0.07000992832056671,0.07006615600891074,0.0685282219050424,0.06767435347069012,0.06966851930657444,0.14149610085666545,0.3120122963502492,0.23515232928229157,0.1612433748854076,0.16141708157618206,0.16334847164355243,0.159577415239655,0.1641756989945111,0.15896444174953553,0.15772073355569877,0.16438015127428368,0.16429065345506583,0.16235502488975706,0.15760633483845604,0.15925358838225223,0.1667259072646957,0.18827519181257651,0.18859594353178694,0.2483320389314953,0.27241979895989754,0.2703073051352603,0.27156679969615327,0.2718753357320853,0.27079612799947717,0.15452705265997774,0.1562098387833623,0.1554114830101535,0.18800990317204877,0.1486808443230069,0.17223592760921796,0.16892629082157262,0.16989590644731595,0.16227934259695007,0.17164537838915578,0.20019064222123795,0.23291485244744983
lapgyn4_anatomical_actions,0.09206633685163937,0.052533851038020926,0.045467385279288425,0.0,0.18230442415705403,0.2774956270530683,0.3723976744562585,0.14421472119974665,0.2869572675735925,0.2983725292656836,0.2103416503843882,0.20165476292540252,0.19604877205656587,0.1894469311074314,0.3207899774472136,0.3411417632065663,0.12817598922291773,0.12518694050479812,0.13584864711063166,0.13590162229220343,0.08971174833662193,0.09016955976910526,0.08950708937581074,0.08935827782697138,0.08949002192419042,0.0897984059223482,0.08940890097269585,0.19766782457772022,0.1475092033663159,0.21041217121629735,0.328068311428972,0.29885421201494167,0.25095980445924027,0.17227154019345942,0.1729749201998129,0.17515919563182775,0.17155600307307756,0.17587882449388498,0.17122724976826828,0.17140681207605338,0.17673293401074913,0.1746630221427954,0.17328111345390707,0.17008761270649647,0.17093827176978504,0.17676839838728972,0.2019019313529371,0.20035963675774612,0.20198744056678586,0.26989000341132363,0.28889235079584535,0.20348437503185604,0.18818320327198107,0.2891528309820285,0.28909111098582707,0.28923243286490463,0.28907088591939517,0.1692508706611023,0.17028379203954844,0.1702347116882595,0.25090853407728164,0.3662001315513829,0.1984043888476289,0.16281756348619864,0.18623706175891758,0.17662186025790408,0.1798473335097893,0.17125424055553473,0.18319128325332673,0.21419215209766432,0.25183190996557464,0.09244742289916083,0.05318879124523824,0.045165646614370974,0.016442528116502285,0.37363816926144044,0.14403518111116076,0.29493577660256554,0.19720691283793218,0.31998230768768465,0.12781539406797876,0.12472949357546373,0.13654901052305507,0.13550897520699018,0.09096217677640056,0.09025107087697015,0.09028429303552014,0.0911134226305809,0.0885525863730222,0.08889503090418291,0.09051337348124908,0.1480137258467082,0.3280080534397456,0.24900572693417417,0.1732262470895479,0.17316893612701303,0.17466277373513464,0.1719611747060205,0.17547117701770834,0.17137619761873635,0.17054735671718915,0.17583697121940242,0.175300440541087,0.17409132159833218,0.17050140920602974,0.17103503787985047,0.17742457934593892,0.2020720236036354,0.2022483996499922,0.26577656556481644,0.29035156979003307,0.2883014372662831,0.2896018192311032,0.28976732678614714,0.28880869713594487,0.16874797337650999,0.17079659225567517,0.17011420698773505,0.19821644807382063,0.16216060628228812,0.1858953473991765,0.1760004121885212,0.18032528041555054,0.17239699236001707,0.18300538437943192,0.214772146558533,0.2503825059711554
sklin2_skin_lesions,0.1556656008689674,0.17037461059128045,0.16370364982254526,0.18230442415705403,0.0,0.23648206337843108,0.32666409741875646,0.17547421775083472,0.25413719811731084,0.2846568864340437,0.19576906547393125,0.19236769894271033,0.19495751777571232,0.18230811833268024,0.3107880634986311,0.3243115640577797,0.137591600305699,0.1421281456623268,0.1741092635708927,0.17938153120783457,0.162362356981599,0.16301474936589339,0.16275517231496667,0.16239600995888878,0.16254314581721857,0.1625676813313199,0.16283370442834538,0.12018125182603034,0.1844678758617126,0.17176051680414398,0.29213030504942883,0.21941117164133428,0.2452771526590957,0.19511259280107923,0.19693602663109783,0.1998933464160055,0.19411429507010683,0.20089227490977113,0.19439373418423178,0.19370207671082812,0.20119579842725607,0.20052055280914738,0.19737383225993532,0.19122221953042007,0.19590374961282458,0.20220626302527167,0.22371048932170834,0.10812099623475194,0.2260362808712309,0.17808368814801487,0.23818192876037778,0.23552206587043617,0.2019414801061233,0.23871768372938415,0.23889988823088568,0.23911609298725128,0.23901632263679662,0.16954055387889844,0.16250800247066446,0.16263953529321584,0.21583521700977418,0.3266063255380658,0.22884347468464492,0.19339954965817374,0.20532549076408146,0.22111844818422366,0.21020765151915627,0.20728033054857306,0.2095644130083718,0.20579038777878855,0.20523555229613816,0.15519889691619898,0.1698260662080181,0.1647994656893683,0.18330831301476425,0.32768440812362254,0.17501804179187935,0.281665128186662,0.19506152431569915,0.30988549826515427,0.13730718505746256,0.14132996673696682,0.1751302687043088,0.17943214551964426,0.16197555285317464,0.16245776174973275,0.1636103462290599,0.16387951178158877,0.16431592692586142,0.16195876492676842,0.1621363079266351,0.18716738079256104,0.29207814893132866,0.24271872888692336,0.19691566439526736,0.19798018412893068,0.1996167823790742,0.195350755456395,0.19968116682907916,0.19425528317925655,0.19251239857294128,0.20045721134972527,0.2017942060048023,0.19800696366777737,0.1912715983451963,0.19727415804955606,0.2031663970314898,0.22472589258831943,0.22585062500775016,0.17499644678368226,0.23932079094188016,0.23801338942835215,0.23942103578738472,0.2391587053455419,0.23856980122660504,0.16903247039584007,0.1626267990554985,0.16197842072190272,0.22901138813308122,0.19315120927969154,0.20577433050653596,0.2201448274577081,0.20992499810140416,0.20772906801500787,0.2084207715175695,0.20616313354096533,0.20368459316130674
identify_nbi_infframes,0.25303211719279556,0.27310336465454976,0.2620019926551575,0.2774956270530683,0.23648206337843108,0.0,0.21288300194067183,0.28948186070635895,0.21050290064265556,0.23157713540520525,0.20003343633142623,0.2026843350978521,0.24083102804109055,0.22101376799117606,0.2899921262143,0.2946469649617131,0.2527691844800356,0.2592253981456324,0.285664101193415,0.2927749357745054,0.2734442209619222,0.2743568307696264,0.2739324820797644,0.27291811185626336,0.27373088814931545,0.27338864407178065,0.2742713110785673,0.21215568893619915,0.2697152395575115,0.21996368558026036,0.2506968037195869,0.2327201828319401,0.27689571333138785,0.29474565468473934,0.29132733865607263,0.2910958031934176,0.29477169164435674,0.29045851980345294,0.293795649830633,0.29369882603904096,0.29103107135377243,0.29475742533727134,0.2910675121778527,0.29352532200161585,0.29117380159733885,0.29071135277190785,0.29536790957271153,0.21511612535498803,0.3009532755864426,0.20043380197632288,0.29325479005994043,0.3303118505087912,0.29352039983390754,0.2932847937982245,0.29376111274081124,0.2940642215537721,0.2944461742704978,0.29673967088043907,0.2938671548105253,0.2938620268516849,0.21515774369629787,0.35890397663669305,0.2857177018286528,0.28497775126295216,0.2647541369731232,0.30521576478360424,0.2683813496276633,0.27569537477248496,0.2771910389064603,0.2542969200855107,0.2803792719254441,0.2522169795705251,0.2683217779995465,0.2636490516483363,0.2792525596799764,0.213321341409418,0.28909480511025387,0.23190710612235196,0.24024432835719609,0.28869657646710256,0.2519526377693119,0.25803533558651587,0.2869048116961616,0.29250199615571587,0.2732177990843757,0.27268480725262934,0.27490151840636634,0.2744915376531075,0.27499279788398734,0.2730339237320205,0.2724470219330603,0.27295023419807307,0.25154637617522274,0.27642318717847075,0.29568355494653975,0.2927305123379673,0.2912017417572819,0.2981275117216208,0.2881172348221405,0.292655845407765,0.29185849570750294,0.2906548341594759,0.29553335733867225,0.2909829543663558,0.29422567751110307,0.29257920720189773,0.2917349306849306,0.29749392493743576,0.30053919260975537,0.19880155280395034,0.29360324541768235,0.29332452720548396,0.29380443846751236,0.2934740577259155,0.29399958574080254,0.2973217569880292,0.29437300819893497,0.2922267237650737,0.2861965266904953,0.2847769053532183,0.2653838087145391,0.3047610194574192,0.2679401187894843,0.2745173462193764,0.27608650363377163,0.2545932676456509,0.2799421116386253
laryngeal_tissues,0.34915795357350127,0.37033805784231644,0.35895505478287326,0.3723976744562585,0.32666409741875646,0.21288300194067183,0.0,0.38227994706798035,0.27932300429416385,0.24907002792901883,0.2808159125695717,0.28790339998641923,0.3072486242920701,0.2882606076359542,0.3233618907693089,0.31741667748132363,0.35570261612820675,0.3588614513770132,0.38098226858994666,0.39304278616432753,0.37119234180861005,0.37221993493320277,0.3715724499176446,0.37074790852820705,0.3713756252960452,0.37113126513311745,0.3718512335634486,0.2985595766983744,0.36532865763148537,0.3242878115136206,0.31175616377256904,0.30074930585561743,0.3531543264459046,0.3973583068890152,0.3956129657568056,0.3952781099391837,0.3978085391585158,0.39463244820991317,0.3967724645270772,0.39719941109903306,0.3948992552392593,0.3978289534387664,0.39502784220542997,0.3969016793788117,0.39304140715372005,0.3943685915619297,0.3921540674140571,0.31086091697065676,0.39786656436805046,0.2614406146359726,0.34817124758978246,0.4297659924607945,0.388993326179685,0.3482791412150372,0.3487186381691286,0.3489207197817036,0.3492883672267037,0.3859555444902062,0.3829492512251121,0.3829443539490226,0.30673037132652897,0.392181421490596,0.37184885201538964,0.38141643138582376,0.3617267339105753,0.3954504193479298,0.3655562892081027,0.36810079301222326,0.37306134007784303,0.3431784108262309,0.3524743922513068,0.34850605989088057,0.36882252202730076,0.36044074049771196,0.37387055073814224,0.012871273702757209,0.3818077248860784,0.2521553626598334,0.306381901958117,0.3224258492875049,0.3550372131266876,0.3579736148087924,0.382093825862288,0.39267331650274295,0.3710409911597117,0.37036692532236715,0.37245633228383185,0.3721899671776729,0.3724804648634113,0.3706902517523018,0.37032482238003317,0.36876000517206414,0.31248490944261037,0.35276023261417727,0.39791624071968396,0.3969984160494819,0.3950845550465002,0.4004433894767773,0.39299193638540864,0.3959578871000602,0.3954235670781209,0.3945334745461878,0.39870116911846576,0.3948425685393716,0.39737573587091857,0.3942007460770297,0.3956889068431752,0.39422707797365253,0.3972259261886977,0.26231242388387893,0.3483196138455764,0.3484439890819271,0.3488409687978614,0.34830004204934906,0.3488293981848157,0.38650567130872404,0.38348887460818437,0.38150031925834427,0.37225471878854777,0.38133796519334084,0.36231222667769236,0.39514344589132877,0.3649659748745724,0.3670258727598157,0.3719441969017728,0.34372433411702574,0.35240708374823904
nerthus_bowel_cleansing_quality,0.1264264780611021,0.125285272970923,0.12953051668029705,0.14421472119974665,0.17547421775083472,0.28948186070635895,0.38227994706798035,0.0,0.3031312224554216,0.30008918147121166,0.22139442731143072,0.2103198969712069,0.19523786182682784,0.18888180921354086,0.3287848226286877,0.34849317664990176,0.09829507269057461,0.0873234462371849,0.05158184214020915,0.08834385463903097,0.10700356446963755,0.1069820248943959,0.10697144735059623,0.10723814026523612,0.10720076733056313,0.10699761207707077,0.10703940438815965,0.19864794570799466,0.12605629402092092,0.2100283805454568,0.33650214604876205,0.3063698100486334,0.2452647355581662,0.16290489713485015,0.16106715480148437,0.1639306533347773,0.16067289294436077,0.16436689982826505,0.16091364717131293,0.1599185224037456,0.16524791101368264,0.1645442933834425,0.16210221181376372,0.15904398200540715,0.16204436322173538,0.16651017455538042,0.20082441386783828,0.1988772386345286,0.20082245728556405,0.2715868543149791,0.2783326573647998,0.20562580254010732,0.16545239671506934,0.27862438327959027,0.27867953227288855,0.27893067859005294,0.27833603282982533,0.1323541143072101,0.12972011194760974,0.12880945646830674,0.2503352375819015,0.35697016313352115,0.20088699898603968,0.15008484431898134,0.17921580849566054,0.17265474089825184,0.18386595692143567,0.168795239110558,0.1782487728327788,0.2228023508808052,0.2381124956017182,0.12643103972731373,0.13062935461363562,0.12977227825870508,0.1436840921448464,0.3836599908079341,0.01480423959806651,0.29619851767720573,0.1958191100133409,0.3284843604485709,0.09748038542901757,0.08930143162642115,0.052028426359063844,0.08754392268135976,0.10692876728189277,0.10752499776641695,0.10699961461702538,0.1078458074034743,0.10772473014135651,0.10685408730652324,0.10745044581266747,0.12620237411600016,0.33641515935867,0.24290589688538572,0.16391274195496447,0.161440268428375,0.16353453423556458,0.1610714899421092,0.16413556009207586,0.1610128034856959,0.15924348293984258,0.16450110836832738,0.16554468207341277,0.16300543043719828,0.15903897164383435,0.16222862268910268,0.1666984317040929,0.2006485360932547,0.2008731877195977,0.2674831342753562,0.2800213947691654,0.2775680465451509,0.2790018813207223,0.2795173024973367,0.27803379023750785,0.13151577222200533,0.1305385478471201,0.1283774522246343,0.20068248738483405,0.14958871287236475,0.17938582368228712,0.17218827841040546,0.18402588301646955,0.1701967509141961,0.17774103628686588,0.22327186074513827,0.2363836338956939
stanford_dogs_image_categorization,0.2677807172921368,0.28475400224855657,0.2725713093016934,0.2869572675735925,0.25413719811731084,0.21050290064265556,0.27932300429416385,0.3031312224554216,0.0,0.2699437730765121,0.1366533780411805,0.1400579871008933,0.207138233177338,0.19815661002538393,0.29474680333349146,0.2982687826374769,0.27310117722471444,0.2789717286710107,0.29950800247279924,0.306528461078667,0.2906670801415432,0.29144424781108913,0.29096081504142723,0.29030727340621654,0.29072554500014486,0.2906599940494723,0.29122648555687647,0.22880979358673217,0.28886352852844505,0.2526530561966372,0.2775081650957802,0.24538290943432967,0.2782495038311905,0.3112977391908451,0.30920510488531405,0.3094545811130805,0.31123961795831495,0.3090208218698741,0.3103506781605921,0.30998982366734606,0.30962289657344655,0.3120741581513259,0.3092194319692421,0.31064402719463907,0.3082389583694357,0.3095036778857508,0.31522027143926784,0.24223134285022094,0.31928931376241443,0.24113077825280455,0.30284582035118135,0.3403907437566057,0.29601426473784076,0.30281643601639124,0.3032999355735513,0.3034148275114024,0.3037558225004894,0.3021613807872502,0.29788234588892104,0.29812372151050626,0.2586815968434923,0.35898787612086225,0.288063913343801,0.29730736788000167,0.2741560010902624,0.3111458701813795,0.27287377638202315,0.2794972327800686,0.28327714071878674,0.2580046008016887,0.29335426909695433,0.2671845837769385,0.2808778711573014,0.2741746000377788,0.28876629978610935,0.27945801860543307,0.30279769305827,0.2688081172222093,0.20795472604069185,0.2931042275699167,0.27279021742204285,0.27792213388322684,0.30033863910690034,0.3065267047172372,0.2905604312480199,0.2902686541435443,0.29226164838784163,0.2916286073418106,0.29212892544918556,0.2903730919587514,0.28981321142104755,0.29226541839754017,0.27816106437226695,0.277824459245651,0.3124324539976239,0.3104130655009105,0.30960318833649614,0.3136269149507489,0.30774264944474927,0.310335556647695,0.3085331253980069,0.30920031805410836,0.3129436370310883,0.3091912110468781,0.3107749271587467,0.30867786162042976,0.3106213641790374,0.3168206817086053,0.3190497145085276,0.2406142419407083,0.3030345936856631,0.3027884621475201,0.3037844599110674,0.30306333376192784,0.30325783827205305,0.3024142699639639,0.298442267996889,0.2968091962773687,0.28840361640262824,0.2966250668745623,0.27442437777335005,0.31063228940956134,0.27216779878635805,0.278822715979883,0.28212946638378633,0.2583712564245586,0.2929097907323791
svhn,0.28766170196860974,0.29590209084463187,0.28748650112163354,0.2983725292656836,0.2846568864340437,0.23157713540520525,0.24907002792901883,0.30008918147121166,0.2699437730765121,0.0,0.23666605416884007,0.238591906948306,0.20334691185505982,0.18837192282405424,0.21819708472864155,0.21830261837601267,0.2828789107617341,0.28308559088949886,0.29729490578005974,0.3060966654023842,0.2923852963655007,0.2930286646499748,0.2925656295597753,0.2919024466246663,0.2924460864444647,0.2923666654066297,0.2929121047925958,0.26723216399247873,0.2915473529568332,0.28105086241846333,0.3013252957297956,0.2955341889568741,0.30776724853370635,0.3155174164323269,0.311514801974359,0.31182239805969847,0.3148681069669371,0.3108245179722524,0.3140606434503362,0.31386885461354525,0.31174125976005035,0.31475525323966097,0.31152624921206773,0.3137560675389486,0.31050004782136,0.3114238513738615,0.3241838652817548,0.2775931954604345,0.32853204612650533,0.27167785216231227,0.3280934104261581,0.35060147539036424,0.3131312938928993,0.32812900578227233,0.32849913116484264,0.3289991193623185,0.32851476505107546,0.30715281724084137,0.3036674993016888,0.30395845770961477,0.2838570142544802,0.3849251640001962,0.298625741236855,0.2997721490671242,0.2904770365362078,0.3120388322052459,0.2933363076329846,0.28805282057649056,0.29760489830934933,0.3005852020864212,0.320016729254723,0.2872957958166555,0.29539954554649084,0.2884209487763203,0.29935847121112036,0.24976448627916686,0.2996496625738858,0.016418796839335687,0.20188674435857645,0.21826444685738594,0.28251089356553105,0.2824980454971241,0.29805656529891605,0.3061827442314685,0.2920967097093446,0.29186347454997025,0.2931393029254873,0.29339285123968584,0.2934131403178011,0.2920755292207305,0.29178530109991296,0.2941382069214578,0.3016359281292492,0.3073374309014637,0.3162503778889896,0.312480023424196,0.31137804858938645,0.3171429277040364,0.3092215902963542,0.3134766259492525,0.3124793376351916,0.31154107619299676,0.31542705824028644,0.3118733145366432,0.31443205449849254,0.3114188666136263,0.3122083903515983,0.3259611042466722,0.3280626071115629,0.27097366761619907,0.32880620665780436,0.32791399299347207,0.3285365697262368,0.32868933898069097,0.32826692351251197,0.3070904561050404,0.3040447644777103,0.3028023928772756,0.29878512711990934,0.2997869898985606,0.2912389681695168,0.3115172540022867,0.29331099475139555,0.2875003579735716,0.29640414958865796,0.3008181307310832,0.3198391689978214
caltech101_object_classification,0.19436091393267024,0.20457497976654537,0.1943312443127031,0.2103416503843882,0.19576906547393125,0.20003343633142623,0.2808159125695717,0.22139442731143072,0.1366533780411805,0.23666605416884007,0.0,0.04294817350640616,0.13763491212500695,0.12237021313657986,0.25820800268396527,0.26842962942518955,0.19458710546174618,0.19717318616719662,0.2177514253377601,0.2230894690107024,0.20743596470778175,0.208192091985226,0.20765766796339447,0.20696369545492138,0.20751115098085,0.20742346566152747,0.20796754511914534,0.17848605473174728,0.2083943382621138,0.20736812772119836,0.2584706644964341,0.23497843417088976,0.2297604054125381,0.23422105270627644,0.2329744276910301,0.2342555805313127,0.23438479254277866,0.23394399334704988,0.23330413139309686,0.2333355085701569,0.234931857662256,0.2362354187477299,0.23311580448317076,0.23359763733240752,0.23222371403634262,0.23479142185170462,0.24831093052626935,0.1913244883592441,0.2511429831099547,0.2160175879463176,0.25945365870319603,0.27141043030971546,0.2185975493627882,0.25965853718608367,0.2599058407081245,0.26004930459299824,0.26029095841077515,0.22128684565537365,0.21697111915400513,0.21725442370724266,0.22075479303881118,0.32779393226228415,0.21107722690006547,0.21508814674387428,0.19888200155319147,0.22873275311296035,0.1925756378805564,0.1942729658574553,0.20290858103326967,0.20568360551006365,0.24467635494792622,0.19404713461711437,0.20230504496958357,0.19619941103147148,0.21178389406830822,0.2812609611575715,0.22100813687939116,0.23431987653556854,0.13870049307425844,0.25709081163670583,0.19445010604566143,0.19633479199515808,0.2184605209731163,0.22308847188062236,0.20718652405636748,0.20709465495430887,0.20917835892264905,0.2085299482904638,0.20881819621895553,0.20738619230190358,0.20659208523950578,0.2117172430269632,0.25874739830325844,0.2285197767940983,0.23552596415729019,0.23440368493871977,0.2341556320080476,0.23665850810676414,0.2329339782111428,0.2331434311623331,0.2316924396839656,0.23418279800727212,0.23719214512559622,0.2335555103173015,0.23367117079014726,0.23263576697157173,0.23609367168304468,0.2494688779967706,0.2510301141047327,0.2142709343721563,0.2602873637930697,0.25926615412698106,0.26013958137425774,0.2600592295720585,0.2599661047483304,0.22138046383893792,0.2175177915434828,0.21599493224393881,0.2113188457743982,0.2138922817489124,0.1988318136835504,0.22812047193525553,0.19215573293920207,0.19449789843564774,0.20192074699529186,0.20600963794049526,0.24404617739176646
caltech256_object_classification,0.18812748566334034,0.19526163629760088,0.18557261060247032,0.20165476292540252,0.19236769894271033,0.2026843350978521,0.28790339998641923,0.2103198969712069,0.1400579871008933,0.238591906948306,0.04294817350640616,0.0,0.13219972916730074,0.11631229001675539,0.2607593004734252,0.27291316727384085,0.1866354652288749,0.18920324082558063,0.2079009472927364,0.21204585010675908,0.19737849959741788,0.1981406877835279,0.19757181944831087,0.19693946066720439,0.19743417755812243,0.197370513942445,0.19793732946822826,0.17515480845895276,0.19813200600515285,0.20394904874483,0.2604301176592702,0.23702740149577312,0.22522129951816824,0.22452593843275198,0.22332140464192893,0.22482772951719696,0.2246678107638061,0.22464898458190907,0.22353397834146824,0.22356149335791858,0.22570042403387247,0.226699464884385,0.22357780558337095,0.2238454403852472,0.22290021083034567,0.2255515152970035,0.23853787646268462,0.18902512962376755,0.24130035135630767,0.217171187182717,0.2550295971540083,0.2620853815905162,0.20932854115530086,0.2552833441152463,0.2554515511956625,0.2555731342247213,0.2558257225270631,0.21207233394583586,0.20816887667241246,0.2086859269800926,0.21899036462359406,0.3239764782001163,0.20136129346526777,0.2032374454190971,0.18697940884784936,0.2201792435090753,0.18021951318836515,0.18267629358637516,0.19083239313675293,0.20159954871846075,0.2382884934799333,0.1879265589767688,0.19268998464405715,0.18741213310582933,0.2028816424254553,0.2883263103760753,0.20996387837112285,0.2360828074390846,0.13305343775283923,0.25966914509184436,0.18658043062154256,0.18848760531286912,0.208552963418218,0.21213621183092654,0.19706854293476742,0.19712473607792164,0.19899492155646414,0.1984614344279147,0.19874658408204693,0.19735498347531383,0.19652045040963878,0.20145645178236954,0.2607223733392129,0.22393495683996767,0.2258696781373426,0.2247224935219605,0.2246714632092079,0.22685431538044612,0.2236626228268883,0.22346653108915143,0.22195200344639027,0.22485834131496626,0.22766514891288056,0.22407530981371074,0.22394164752389223,0.22325409416597902,0.22683493399339288,0.2396854480089482,0.241105876281189,0.21533010293777896,0.2558601754020918,0.25487011823619954,0.25568686964289633,0.25569958444229507,0.255533351967373,0.21217273936149894,0.2086942067230007,0.20746851845411976,0.20177173339376497,0.20183139760394347,0.18688776041504973,0.21958831140576163,0.17975049722527944,0.18297492842442892,0.18973523767580674,0.20192582301333428,0.2375827146292248
cifar10_object_classification,0.18363753506601807,0.1860659944072481,0.18035035983723785,0.19604877205656587,0.19495751777571232,0.24083102804109055,0.3072486242920701,0.19523786182682784,0.207138233177338,0.20334691185505982,0.13763491212500695,0.13219972916730074,0.0,0.048712899841214435,0.25139415091938133,0.267014754245898,0.1793727643138352,0.17985811718849942,0.1920476331573136,0.19475843915127616,0.1834481707539284,0.18406990063361178,0.18351506111495147,0.18334144300236813,0.18340141540763472,0.18346746230625643,0.18381120375108687,0.18838258837699406,0.18760227419558156,0.20166459582031615,0.2915188500805761,0.2665831883900628,0.24981004795484416,0.21324776485291072,0.21061480615962805,0.2126686053755829,0.21235575430554296,0.21234272452258612,0.21168818481468216,0.21093682967960292,0.2138934170781767,0.2149930668897112,0.21166632132305513,0.2111399650687011,0.2108046263656995,0.2142188935242187,0.2395477296416713,0.19535252420426946,0.24142474491578209,0.2434247512361156,0.27629327132813053,0.25305414392121395,0.209139978900223,0.2765554943647174,0.2765735275168776,0.276850133668737,0.27682515428620824,0.2004534164860524,0.19848933241879785,0.1990704400648846,0.22341209746531843,0.34878751495827387,0.21542324801423052,0.20059449338599228,0.19938467251118375,0.21606971096306782,0.19809045225408,0.1928440783493492,0.2027596902082488,0.21686442396745886,0.2513812806924297,0.18330904668911085,0.18708582918006955,0.18158149891018385,0.19645734732447415,0.30794580028197516,0.19482581808793525,0.19970238019094505,0.017336680696814384,0.2512472203650348,0.1789064880018187,0.17934906219401497,0.1926604536303618,0.1948086951231082,0.18316346606095957,0.18320010387065427,0.1846439087378225,0.18443750194770678,0.1844524879120549,0.18348684207396967,0.18286606060367933,0.19005951054929066,0.2915304609154158,0.24834046222648218,0.21440003187285714,0.21164477778730834,0.2127589270043827,0.21398472534026158,0.211246345264535,0.21156462093231848,0.20994446920604032,0.2130125989017056,0.21582249310633134,0.21231706123545524,0.21122807385802805,0.21080511430988474,0.2153006273849735,0.24051566319967796,0.24136602317383005,0.24113826446368075,0.27747602579697345,0.2759757800274318,0.27674445489139854,0.277170256505187,0.2766741404861066,0.200281909733297,0.19905895102382049,0.19817855021935474,0.21572093426643635,0.19979789144779997,0.19958298894642795,0.21538401651166297,0.19803609227101282,0.19365633016590308,0.20189366681241033,0.2172974879514739,0.2500162889348041
cifar100_object_classification,0.17454945413266487,0.17934115907713788,0.17313510734854953,0.1894469311074314,0.18230811833268024,0.22101376799117606,0.2882606076359542,0.18888180921354086,0.19815661002538393,0.18837192282405424,0.12237021313657986,0.11631229001675539,0.048712899841214435,0.0,0.24011239992450256,0.2543494539610487,0.17096302219952267,0.1710025626172246,0.1855705366109305,0.18953611337755827,0.1771152112520209,0.17776581431036115,0.17724914947378434,0.1769229522077658,0.17708209161071092,0.1771304673889625,0.1775706704452985,0.17212222591732096,0.18051417844295314,0.18776790805140503,0.27092650425651793,0.251686270044735,0.23556687436831528,0.20541686951651988,0.20272495506086613,0.20450468352255852,0.204675073026594,0.20402914735545138,0.20386826834468985,0.20333400381743139,0.20536462462808203,0.20691229647330717,0.20361973843106318,0.20343561416184147,0.20195022911630056,0.20565600786574517,0.23077971366979438,0.1814049019906102,0.23294047980645738,0.22510835809377688,0.26465433881622313,0.24712532014309668,0.20105799557913157,0.264973595574508,0.2650599309525723,0.2653808120212223,0.2652796708683697,0.19267051257360657,0.1894895921861472,0.18999587670769874,0.21290100232264744,0.3386994846906758,0.20477720917633588,0.19291047286430507,0.1924492860657176,0.20924443841613602,0.18981422636045067,0.18408827941119021,0.19517180857613406,0.20490357237949927,0.24055741351339505,0.17419480083006658,0.1803090043909894,0.17446775699143274,0.19013468926367544,0.2890091333838751,0.1885034475516676,0.18469539284794367,0.05069662580264592,0.23956036546624182,0.17062906795369942,0.1705018932282036,0.18619100237532044,0.18961057182514868,0.1767864840641583,0.17678196664552548,0.17834143507415978,0.17822874677504574,0.17828854091058993,0.1769264374064374,0.17637307551132406,0.18336360435298335,0.27084554630846597,0.23392646446277077,0.20647093858632617,0.2039771109836532,0.20442906369501504,0.20647806519606943,0.20279572726560074,0.2036801709599281,0.2022070425625373,0.2046172421835028,0.20774345053129897,0.20412581938517882,0.20368886829472008,0.20235015064331413,0.20684953810158244,0.23173006267653745,0.2327488972562105,0.2226784372767456,0.26587143047553696,0.26434896122482104,0.26528229162282346,0.2655783099369784,0.26500199919503276,0.19250790165094994,0.19007771879045707,0.18896246442176493,0.20508362887960832,0.19227313434497012,0.19274596610068967,0.20845797017158732,0.18974091178103591,0.18474032557305098,0.19428169576390572,0.20536862107977447,0.23928731559647112
