,lapgyn4_anatomical_structures,lapgyn4_surgical_actions,lapgyn4_instrument_count,lapgyn4_anatomical_actions,sklin2_skin_lesions,identify_nbi_infframes,laryngeal_tissues,nerthus_bowel_cleansing_quality,stanford_dogs_image_categorization,svhn,caltech101_object_classification,caltech256_object_classification,cifar10_object_classification,cifar100_object_classification,mnist_digit_classification,emnist_digit_classification,hyperkvasir_anatomical-landmarks,hyperkvasir_pathological-findings,hyperkvasir_quality-of-mucosal-views,hyperkvasir_therapeutic-interventions,cholec80_grasper_presence,cholec80_bipolar_presence,cholec80_hook_presence,cholec80_scissors_presence,cholec80_clipper_presence,cholec80_irrigator_presence,cholec80_specimenbag_presence,derm7pt_skin_lesions,idle_action_recognition,barretts_esophagus_diagnosis,brain_tumor_classification,mednode_melanoma_classification,brain_tumor_type_classification,chexpert_enlarged_cardiomediastinum,chexpert_cardiomegaly,chexpert_lung_opacity,chexpert_lung_lesion,chexpert_edema,chexpert_consolidation,chexpert_pneumonia,chexpert_atelectasis,chexpert_pneumothorax,chexpert_pleural_effusion,chexpert_pleural_other,chexpert_fracture,chexpert_support_devices,pneumonia_classification,ph2-melanocytic-lesions-classification,covid_xray_classification,isic20_melanoma_classification,deep_drid_dr_level,shenzen_chest_xray_tuberculosis,crawled_covid_ct_classification,deep_drid_quality,deep_drid_clarity,deep_drid_field,deep_drid_artifact,kvasir_capsule_anatomy,kvasir_capsule_content,kvasir_capsule_pathologies,breast_cancer_classification_v2,eye_condition_classification,mura_xr_wrist,mura_xr_shoulder,mura_xr_humerus,mura_xr_hand,mura_xr_forearm,mura_xr_finger,mura_xr_elbow,bean_plant_disease_classification,aptos19_blindness_detection,lapgyn4_anatomical_structures --shrink_train 800,lapgyn4_surgical_actions --shrink_train 800,lapgyn4_instrument_count --shrink_train 800,lapgyn4_anatomical_actions --shrink_train 800,laryngeal_tissues --shrink_train 800,nerthus_bowel_cleansing_quality --shrink_train 800,svhn --shrink_train 800,cifar10_object_classification --shrink_train 800,mnist_digit_classification --shrink_train 800,hyperkvasir_anatomical-landmarks --shrink_train 800,hyperkvasir_pathological-findings --shrink_train 800,hyperkvasir_quality-of-mucosal-views --shrink_train 800,hyperkvasir_therapeutic-interventions --shrink_train 800,cholec80_grasper_presence --shrink_train 800,cholec80_bipolar_presence --shrink_train 800,cholec80_hook_presence --shrink_train 800,cholec80_scissors_presence --shrink_train 800,cholec80_clipper_presence --shrink_train 800,cholec80_irrigator_presence --shrink_train 800,cholec80_specimenbag_presence --shrink_train 800,idle_action_recognition --shrink_train 800,brain_tumor_classification --shrink_train 800,brain_tumor_type_classification --shrink_train 800,chexpert_enlarged_cardiomediastinum --shrink_train 800,chexpert_cardiomegaly --shrink_train 800,chexpert_lung_opacity --shrink_train 800,chexpert_lung_lesion --shrink_train 800,chexpert_edema --shrink_train 800,chexpert_consolidation --shrink_train 800,chexpert_pneumonia --shrink_train 800,chexpert_atelectasis --shrink_train 800,chexpert_pneumothorax --shrink_train 800,chexpert_pleural_effusion --shrink_train 800,chexpert_pleural_other --shrink_train 800,chexpert_fracture --shrink_train 800,chexpert_support_devices --shrink_train 800,pneumonia_classification --shrink_train 800,covid_xray_classification --shrink_train 800,isic20_melanoma_classification --shrink_train 800,deep_drid_dr_level --shrink_train 800,deep_drid_quality --shrink_train 800,deep_drid_clarity --shrink_train 800,deep_drid_field --shrink_train 800,deep_drid_artifact --shrink_train 800,kvasir_capsule_anatomy --shrink_train 800,kvasir_capsule_content --shrink_train 800,kvasir_capsule_pathologies --shrink_train 800,mura_xr_wrist --shrink_train 800,mura_xr_shoulder --shrink_train 800,mura_xr_humerus --shrink_train 800,mura_xr_hand --shrink_train 800,mura_xr_forearm --shrink_train 800,mura_xr_finger --shrink_train 800,mura_xr_elbow --shrink_train 800,bean_plant_disease_classification --shrink_train 800,aptos19_blindness_detection --shrink_train 800
lapgyn4_anatomical_structures,0.0,5.280352736788355e-05,5.284607784811651e-05,7.419702352077472e-05,0.00012396893735528068,0.00024000917523972774,0.00033560190308956595,9.80699960528998e-05,0.00025694773447893047,0.00026895135206023233,0.00017174978898309398,0.00016421502986777877,0.00015504449610016853,0.00014382407030144492,0.0002890267669927994,0.0003171874331224934,7.715774577838488e-05,7.19127549987019e-05,8.90473661616273e-05,9.675780549743139e-05,6.597409806827646e-05,6.62854536245807e-05,6.621697338323681e-05,6.571352094018111e-05,6.589511126533834e-05,6.587508104017967e-05,6.584061746883459e-05,0.00014287190729651172,0.00011862922315970071,0.00015718512686560042,0.00031666161807923106,0.00026713052934034133,0.00022245520186333243,0.0001426377510840016,0.00014301625099417893,0.00014622867811183457,0.00014154756005994558,0.00014668148683121308,0.00014158512340085294,0.00014132660106219085,0.0001467248774966625,0.00014571599304169926,0.00014372175813699944,0.00013989692080405898,0.00014014364168948393,0.00014791570583664123,0.00017561857992467425,0.000148128175796914,0.0001772993353287697,0.00021630845264827337,0.00026265572354547835,0.00018573210487982033,0.00015512399363752058,0.0002631243363504501,0.00026290869491312244,0.0002636410314428626,0.0002630892221038234,0.00012778803483603842,0.00012674191294586402,0.000126147119947378,0.00020158324963235466,0.0003866187426202184,0.0001822315532616923,0.00013457231538732586,0.000157639972132636,0.00015490988123547639,0.0001597561788715442,0.00014675708381822853,0.00016128973813831816,0.00017697819779980241,0.00021992295950435168,,5.601999683361858e-05,5.2876298826826165e-05,7.513649107454323e-05,0.00033681613463019543,9.798616039425129e-05,0.00026476404171203326,0.0001565004796412559,0.0002876768382688558,7.652640419513447e-05,7.126995756726189e-05,8.988910477810962e-05,9.636839774263114e-05,6.654305965172477e-05,6.619587947182989e-05,6.648858457616389e-05,6.758215728793878e-05,6.690956301933995e-05,6.559478398508744e-05,6.647165130341698e-05,0.00011988782782170084,0.00031643850959833873,0.00021905079320317937,0.0001437271208660463,0.00014366164664882922,0.00014572684222049722,0.0001422911599345037,0.00014581473578574166,0.0001411928271298828,0.00013957475798235765,0.00014613472680220237,0.00014707422145636705,0.0001444752066651721,0.00014017409416055895,0.00014091217070011936,0.00014863746007440297,0.00017632210752081324,0.0001767597536667872,0.00020950853864322642,0.00026494106948663767,0.00026174343706507623,0.00026351590103397093,0.00026431829327094284,0.00026247980030757404,0.00012723910100349644,0.00012755301188678992,0.0001256042064939151,0.0001815756402521971,0.00013435994062184134,0.00015798023839649,0.00015374217811228456,0.0001602910809879896,0.000147557689775246,0.00016039769507853523,0.00017759224038942187,0.00021804276508950477
lapgyn4_surgical_actions,5.280352736788355e-05,0.0,3.322119393383394e-05,4.3148840535497684e-05,0.00013378248104981282,0.0002545925794944373,0.0003523189516273867,9.94349196334676e-05,0.00027026657706827757,0.0002762532124513888,0.00018007967667906988,0.00017014564760743224,0.00015865171828501645,0.00014813206444696213,0.00029477211514854066,0.00032601056809821176,8.426718995316172e-05,8.020327962438467e-05,8.977441826380288e-05,9.280756742105888e-05,5.584529893791618e-05,5.598867930497622e-05,5.58496305858247e-05,5.555884785035484e-05,5.562623062434291e-05,5.583186318311678e-05,5.5480021715929806e-05,0.00015255773748360212,0.00011281667062410119,0.00016646218717335855,0.00032975499863424455,0.00028502192366450284,0.0002276868512606689,0.00014180263907394113,0.00014201436447151497,0.00014523878475771818,0.000140824857047597,0.00014573432388064665,0.0001406142504941187,0.00014052789532900553,0.00014612886123556491,0.00014444770808107643,0.00014268646841307365,0.00013888887259407348,0.00013929722426339033,0.00014706499109096442,0.0001770877664949449,0.00015694388040313515,0.00017812014447801688,0.00023275946557925196,0.0002750489637949978,0.000182721352062781,0.00015565083847208608,0.0002755364003117693,0.00027527696013926966,0.00027587438080937926,0.0002754058847043452,0.00012726771298208995,0.00012707826058441722,0.00012682936182259696,0.00020958597614082356,0.0003986060966685873,0.00017794602595751262,0.00013080952988319024,0.00015657988083810683,0.00014988929227994008,0.0001546257059081902,0.0001432916506100509,0.00015670832592776072,0.00018505593422269345,0.00023056781313150144,5.338044528285518e-05,,3.237496059427469e-05,4.258678228551317e-05,0.0003535112637681522,9.933758645660489e-05,0.0002718470361236877,0.00016008460939141093,0.00029357427356134654,8.410934536485278e-05,7.983143842618831e-05,9.027839697711126e-05,9.231160318973792e-05,5.660678623537274e-05,5.6348252460397805e-05,5.5856387785179485e-05,5.729173866802558e-05,5.522241729085788e-05,5.5119138256618155e-05,5.680769585994325e-05,0.00011348842502472721,0.000329634943323931,0.00022456559420555745,0.00014285080706101478,0.00014231631735326788,0.00014445412171294443,0.00014113128674693985,0.00014503510613231193,0.00014060897181213973,0.0001392135106483531,0.0001454011192808581,0.0001454348808826724,0.0001437903016148288,0.00013944656348259792,0.00013964836332569204,0.0001476841883932829,0.0001776153093313353,0.00017805231996482712,0.00022602349183837992,0.00027740192422091305,0.0002741368162308294,0.0002759945937592107,0.0002765958973494218,0.0002749427055853322,0.00012656516779058165,0.0001278670963126375,0.00012651990923581968,0.00017735680290067725,0.0001301988626217346,0.0001566193952603932,0.0001488811268001809,0.0001551710859074906,0.00014425998437940963,0.0001559676011883976,0.0001856599761442261,0.00022836568818435609
lapgyn4_instrument_count,5.284607784811651e-05,3.322119393383394e-05,0.0,3.6352297055970276e-05,0.00012901309794447375,0.00024727465750876783,0.0003441197605146603,0.00010176097192351021,0.00026128868725157323,0.00026973561638589475,0.00017270312725929134,0.00016332317333024796,0.00015394103576845381,0.0001436988253090064,0.0002913208342096718,0.0003201884989008551,8.470199913499674e-05,8.021613049932023e-05,9.351209003686083e-05,0.00010049171096673576,5.321798862295274e-05,5.338440888386186e-05,5.2987313585640113e-05,5.268343326295192e-05,5.289179607201051e-05,5.299686276195202e-05,5.2753055337977854e-05,0.0001487038534277314,0.00011903496933455337,0.000168460706623195,0.0003244201305294712,0.00027612017786747057,0.00022324785386208177,0.00014637982649077496,0.00014637585424184585,0.00014951540933995562,0.0001450085465711086,0.00015005234746345023,0.00014504869005953062,0.00014480061523012644,0.00015039086989492446,0.00014901733393302559,0.00014699183260905892,0.00014305172121960695,0.0001438349466754948,0.00015126762858386444,0.0001787794590314587,0.0001540841032192461,0.00018026528226129066,0.00022656310072083702,0.0002694070883883093,0.00018783433047175074,0.00015869044586209086,0.0002697700510090716,0.0002696115267838949,0.00027021958879342464,0.00026964653213059546,0.00012822944521536354,0.00012911944793923293,0.00012900020548262432,0.00020836352806903613,0.00039363021920200037,0.0001775234141641638,0.00013358208667894704,0.00015454986139720321,0.00015386383305141213,0.00015335263750712645,0.0001436845680389923,0.00015552561063233013,0.0001837059363059759,0.00022661100862364514,5.3272699264735824e-05,3.3664528396954306e-05,,3.8047901635955306e-05,0.00034521546818187874,0.0001015958761099771,0.00026553670529145217,0.00015549445871213872,0.00029003356808314236,8.424390958774048e-05,7.963148443030616e-05,9.439039018547526e-05,9.998524491737558e-05,5.405079176172114e-05,5.335490621284993e-05,5.372584797457049e-05,5.41408137934574e-05,5.2540158653896486e-05,5.208404090158629e-05,5.396562628945519e-05,0.00012014614636573321,0.0003243546580167763,0.0002200282889596263,0.00014767660386226625,0.0001466530612649968,0.0001487548725670722,0.00014569922207631735,0.00014929034593407859,0.00014486713624332207,0.00014340653155318596,0.00014968256453051123,0.0001502030933941473,0.000147902442408187,0.00014369739141302585,0.00014458333989595122,0.0001520139233265494,0.00017955916228548446,0.0001801052701847999,0.0002199486808549806,0.000271794129516356,0.00026846597578213306,0.0002703259898719889,0.0002709095461708151,0.00026919975344058566,0.0001276798486297549,0.0001297355215934878,0.00012858674781591168,0.0001768589267431561,0.00013304655004390663,0.00015466813136624178,0.0001527368491917041,0.000153863181980789,0.00014431488464006372,0.0001547142389838212,0.00018429413113365495,0.00022461391255780092
lapgyn4_anatomical_actions,7.419702352077472e-05,4.3148840535497684e-05,3.6352297055970276e-05,0.0,0.0001453059659277507,0.0002591872915781117,0.00035491828469527275,0.00011618817065088705,0.0002721255803190132,0.0002797913180814075,0.00018531989146352548,0.00017616962333591625,0.00016802447784521605,0.00015785618170155062,0.0002996262133447146,0.00032964914207456734,0.00010302092337921348,9.925434005112232e-05,0.00010790506471210719,0.00011433482630519418,7.228469542178566e-05,7.25366477422487e-05,7.201007517633405e-05,7.188009115472126e-05,7.209401578928021e-05,7.222671130364722e-05,7.18904654912915e-05,0.00016340392928174767,0.00012551822716227627,0.0001823445533698158,0.0003352614765233155,0.0002909315694756653,0.00023495782996030946,0.00015908414062158744,0.00015893533656253852,0.0001615764425768599,0.00015813215567062332,0.0001619063451473198,0.0001577959256259578,0.000157887947425158,0.00016243512761133537,0.0001613329767738405,0.0001593923705102757,0.00015621344392262036,0.0001564785774602455,0.00016288911654928283,0.00019296516878800443,0.00016693891254495396,0.000194216399960333,0.00024022269031070915,0.0002850352325284747,0.00019718729484100397,0.0001723411304276851,0.00028547159825096974,0.00028524936621366747,0.00028583230152163434,0.00028529399399763924,0.0001415296209535021,0.0001424681885083697,0.00014220507219799808,0.00022142803748581536,0.00040677435518746786,0.00018749429380324483,0.00014715053099297021,0.000167138414854669,0.00016169888412240517,0.00016283608256109424,0.0001534050687470617,0.00016593687417042126,0.00019728230815759594,0.00024131615031367548,7.424919658688047e-05,4.387784170189635e-05,3.6144858035148695e-05,,0.0003561044743011013,0.00011600725837484013,0.0002756085387720503,0.00016951284423493508,0.00029852370156507353,0.00010261663169319364,9.882062013422521e-05,0.0001087357813448493,0.00011378980569028248,7.328625314603402e-05,7.270937769550188e-05,7.245617197711899e-05,7.355677432065055e-05,7.10079259725025e-05,7.13843645138019e-05,7.289317626483875e-05,0.00012638080606435897,0.00033525379315934634,0.0002318375068502879,0.00016015897005758497,0.00015913708482021745,0.00016079822731323884,0.00015879190815163476,0.00016118058276945468,0.00015769205282356214,0.0001564588330424381,0.00016185217592642017,0.00016207003300199358,0.00016035539757421806,0.0001569165534475465,0.00015697894416033284,0.00016363564578294397,0.00019360141613530035,0.00019412052797682919,0.00023382271563582123,0.00028735735800340613,0.0002840890616842644,0.0002859941446699948,0.0002865018325192398,0.00028483677110536615,0.000140972931358229,0.00014309208573192117,0.00014187372562182764,0.00018675512300168754,0.00014642719625488916,0.00016705786759513226,0.00016080317404014482,0.0001634840609905465,0.0001541739068900561,0.0001650934194029529,0.0001979608911070086,0.00023936921135084513
sklin2_skin_lesions,0.00012396893735528068,0.00013378248104981282,0.00012901309794447375,0.0001453059659277507,0.0,0.0002339736906259146,0.00033319769971439745,0.000137471824536765,0.0002514279063745668,0.0002796937524418311,0.00017752185273568391,0.00017239502535570665,0.0001720397839924747,0.00015849774584236385,0.0003037242095416082,0.00032738203601193923,0.0001081173269179566,0.00011038071169746188,0.00013338654191969224,0.0001417525079904714,0.00012370240998983397,0.00012415394568198915,0.0001238349233974642,0.00012369324009644692,0.000123892016619041,0.00012388563514788105,0.0001240696273315299,0.0001068003934630011,0.00015354837515876122,0.0001545774189962285,0.00031664130275871745,0.0002348676488067794,0.0002358295569667789,0.00017146062459818268,0.00017218628143401648,0.000175510928844874,0.00016981539985782242,0.00017611159967802434,0.00017003375022369674,0.00016903142359838677,0.00017658402311856428,0.00017626369693418144,0.00017287178748510849,0.00016631697638184344,0.0001707332177390481,0.00017781474437104645,0.00020758409288924027,9.666026309096404e-05,0.00021003863738106932,0.00017281373278043487,0.00024828913624107453,0.0002158663760274049,0.00017823576093419175,0.00024888350962575824,0.00024901294274881885,0.0002494706473052328,0.00024915689486151524,0.00014528570443337292,0.00013925178966381807,0.00013919357931666663,0.00020112199212436624,0.00037966968866213916,0.00021034045683367543,0.00016657785218631316,0.00018123929680059347,0.00019610456391481491,0.00018533672630771772,0.00018099996950970648,0.0001849341327794144,0.00019513491514852534,0.00020176156489287538,0.00012369270114325192,0.00013302567627251357,0.00012989004586148303,0.00014601635115667785,0.0003342792663395069,0.0001372373927544451,0.0002757063055675106,0.00017257438691495756,0.0003024012669765202,0.00010778186431107536,0.00010973025987789402,0.00013452767450680442,0.0001417667650100085,0.00012372591229798034,0.00012362641705131736,0.00012450627465314455,0.0001249773255731016,0.00012524216564845192,0.00012343903952737354,0.00012394173650449202,0.00015579264876151462,0.0003164320788169168,0.00023222727484280357,0.00017291726817764196,0.00017262965191328636,0.00017506764975993295,0.00017051885477556861,0.0001750116937317251,0.00016987893794946895,0.0001677731411124632,0.00017611712939198556,0.0001776979833379389,0.00017370929671115903,0.00016655185929468388,0.00017220223287057936,0.000178661634054607,0.00020865869806285084,0.0002098692666947226,0.00016760582680444075,0.00025019759809950104,0.000247635292293286,0.0002497251344854821,0.000249848342815963,0.00024834271332588743,0.0001447633167145023,0.00013948452498571372,0.0001383938735508926,0.00021000308059980103,0.00016635368249408918,0.00018176718220602468,0.0001948150342856514,0.00018536867352007542,0.0001814215704099723,0.00018371638758893285,0.00019562147376358616,0.00019991525598470972
identify_nbi_infframes,0.00024000917523972774,0.0002545925794944373,0.00024727465750876783,0.0002591872915781117,0.0002339736906259146,0.0,0.00022734604640370872,0.0002665846943858707,0.00022215255561342404,0.00024338206519280685,0.00019948506280797107,0.00020137762848687792,0.00023595035196840192,0.00021822674283577804,0.0003012466967741073,0.00031723051641016636,0.00024066983229086746,0.0002446456415465364,0.0002625972602122157,0.0002701509016550503,0.0002530687011352624,0.00025383874665009444,0.00025353315714657734,0.00025267278285572004,0.00025337810543540434,0.00025295333607265494,0.0002537439506265739,0.00021327763133539596,0.00025690400179587575,0.00022249221948803536,0.00028399700619235313,0.0002534147364586255,0.0002837196423054924,0.0002865741859341415,0.00028267099047347283,0.0002836095594781351,0.0002859992778102696,0.0002831979083183299,0.0002851721874036848,0.00028459393390080953,0.00028381532890128173,0.0002870929234322487,0.0002832245152780921,0.00028389714437824435,0.0002831337599942215,0.0002841093569040157,0.0003004551776331013,0.00021640313454158728,0.00030589827038461534,0.00020875905628138037,0.0003159110225926993,0.00032669966429657246,0.0002851138804932336,0.00031609277361239097,0.0003166140463939363,0.0003171004462638225,0.0003172471904043185,0.0002844792811853276,0.0002811100402898992,0.0002808164895378672,0.0002233827136531322,0.00042388142583884073,0.00028431630568053856,0.00027529322188028896,0.00025974703447508317,0.00029611105390444736,0.0002630265467891036,0.0002682767440874724,0.0002717758917838456,0.00026177638670841846,0.0002892938331820286,0.00023927459306614395,0.0002512000304175225,0.0002485533940238835,0.00026069775373642066,0.0002278267820127756,0.00026614918267924036,0.00024326430390804595,0.0002351992236661691,0.00029942929040033945,0.00023965869059484372,0.0002439272664704246,0.0002635604567891999,0.00026963147398809844,0.0002529561610036995,0.00025263058777420604,0.0002541062911963782,0.00025380406722319587,0.00025428635765328817,0.0002529779956078018,0.000252450529327375,0.000259318402825512,0.0002845482620941835,0.00028271784836348475,0.00028736091568065436,0.00028393959296858806,0.0002835939522251234,0.00028888562994385127,0.0002812056327078787,0.00028410359798089127,0.0002828036513139873,0.0002834805052911377,0.0002880644093114458,0.0002832999932813188,0.00028467015936276436,0.00028450287880964827,0.0002849588693640344,0.0003023370160001706,0.0003055385887744947,0.00020599244100809073,0.0003171390291934263,0.00031563987440603536,0.00031706726444153614,0.0003167121225995295,0.00031647651861442506,0.0002849291713585221,0.0002815853753996493,0.0002796158176156559,0.0002847002124791537,0.0002747424913169008,0.000260334489672472,0.0002952128005163521,0.000262767648660781,0.00026729765825883904,0.0002705464215647921,0.0002621596521825083,0.0002886380522350607
laryngeal_tissues,0.00033560190308956595,0.0003523189516273867,0.0003441197605146603,0.00035491828469527275,0.00033319769971439745,0.00022734604640370872,0.0,0.0003607234359834198,0.0002989689868392006,0.00027318906729268994,0.0002857495060175222,0.00029131367948570524,0.0003106546922702402,0.00029250666776596437,0.00034895982216058,0.0003519876160419473,0.00034443926501019737,0.00034532348041295294,0.0003589749393855014,0.0003696329468060943,0.0003497783819258087,0.0003505518090724587,0.00035009684142543306,0.0003495127053937902,0.00035006972082577017,0.00034975107120993837,0.0003503109023286859,0.00030714485167144807,0.0003513320799235497,0.00033298201377286604,0.00034868534868848016,0.0003346388855795852,0.0003638341953972672,0.00039266964294985574,0.0003905580151948963,0.0003914888900284927,0.00039258725491479393,0.0003907681292880397,0.00039156011970733703,0.00039172635545702266,0.0003911121679321915,0.00039391611519179817,0.00039077881954817633,0.0003908961082967718,0.00038823878794806623,0.0003913692811353491,0.00040027944218556715,0.0003213898439359947,0.0004050860785328726,0.00028086873471981643,0.00037337009035030475,0.0004310263345061381,0.0003822838008867275,0.0003734866945275682,0.00037388730539114493,0.0003744891550706127,0.00037439623050290706,0.0003782261681074075,0.0003750855143195679,0.00037459344121306234,0.0003270189282461133,0.0004577157916096419,0.0003734859970583847,0.00037538534286697624,0.0003628644943055384,0.0003895851002821767,0.00036450263590989104,0.0003627327152864149,0.000371462750375303,0.0003526012682511332,0.00036452052756035,0.00033523168537417437,0.00035160774405858274,0.00034535848116736906,0.0003563116420888505,,0.00036023497357574874,0.0002752132290582606,0.0003100111610149024,0.0003479951371016686,0.0003438294171990452,0.0003446392697797597,0.00035991108902550634,0.00036904106710526846,0.00034980890184871404,0.0003490903546466001,0.0003506280471721758,0.0003505446014917297,0.0003507385177834481,0.00034964316892963283,0.00034930957896739856,0.0003539284310753939,0.00034948448176796835,0.0003629462305469681,0.000393338904809309,0.0003913631390895124,0.00039121059938216675,0.00039467332281298956,0.00038970693625467706,0.00039090346854238724,0.0003898161952628536,0.00039077656059681925,0.00039496313799697335,0.0003908695522889844,0.00039150228182810963,0.00038945200874609606,0.00039246233824707146,0.0004019999856196077,0.00040472053105260945,0.0002805643905937846,0.0003744599878114825,0.0003732852526582269,0.00037434049306374546,0.0003738212191611493,0.00037378443185935193,0.0003786505804346759,0.00037576012884092604,0.0003734943159339433,0.00037372306598003715,0.00037522477326186574,0.0003634515558231436,0.00038887831910031263,0.00036403884202613796,0.00036168155085313354,0.00037048395828643275,0.0003530298845536405,0.00036402530819460354
nerthus_bowel_cleansing_quality,9.80699960528998e-05,9.94349196334676e-05,0.00010176097192351021,0.00011618817065088705,0.000137471824536765,0.0002665846943858707,0.0003607234359834198,0.0,0.00028364526322910476,0.00028008385890323443,0.0001925103185797577,0.0001801687195240608,0.0001651074900200266,0.00015540247780639944,0.00030665263811990634,0.0003358330345161266,7.560988435070088e-05,6.76166252435137e-05,3.975130272074163e-05,7.431796265465908e-05,8.273846615920239e-05,8.253920575835841e-05,8.255241959566781e-05,8.284137154280567e-05,8.280554868907092e-05,8.258509958140922e-05,8.255070679357942e-05,0.00016153062682529854,0.00010663148504738463,0.00017821673609174092,0.00034523745061594064,0.0002927723932711172,0.00023026278349513695,0.0001479501003017309,0.0001455289035816739,0.00014776648968015756,0.00014574362069675752,0.00014789210276632423,0.00014593563236228507,0.00014506168202244214,0.00014843289374061867,0.00014873993998858935,0.00014608909980423756,0.0001438431508060872,0.00014481660602081177,0.00014977996554420796,0.0001874880928263764,0.00016346698363508264,0.00018884427420285375,0.00023867070312630665,0.0002730754419643993,0.000193464205607694,0.00015017535611760557,0.00027351382333363247,0.00027340318995356424,0.00027397683316278285,0.0002731511494819233,0.00011003335364309514,0.00010896894442762967,0.00010823375204571458,0.0002164233994157145,0.0003955777675965097,0.0001834401839447342,0.00013235828378501652,0.00015526592739896922,0.00015428264668156463,0.00016022770495257137,0.0001482138933230373,0.00015779033911460585,0.00019970226561020194,0.00022886713293593367,9.804056116248489e-05,0.00010408281613867115,0.00010211659579900902,0.00011592495398357799,0.00036201052611710286,,0.0002756448356043159,0.00016637574640671337,0.00030585916474135393,7.496400429073561e-05,6.933472372922355e-05,4.0285411372785416e-05,7.348297815420031e-05,8.274740201845168e-05,8.27760475146315e-05,8.248502877247589e-05,8.352623550035365e-05,8.325896938573081e-05,8.216754993647045e-05,8.305671665872288e-05,0.00010737473791836056,0.0003448985467435293,0.00022679899099870384,0.00014890090273473876,0.0001456904165454563,0.0001471816648875534,0.0001461955108184541,0.0001473375280415019,0.00014578677748546657,0.00014379022127199143,0.00014802217979119456,0.00014973957670446445,0.00014690040649314383,0.00014431629852696323,0.0001456785344960583,0.00015019535261672347,0.00018793074237023397,0.00018839491533752728,0.00023230365222190886,0.00027557276976522544,0.00027199536438017667,0.0002739582288905666,0.00027475654854960626,0.0002726459711998812,0.00010921717688004807,0.0001095581410189564,0.00010774080421850862,0.00018269982201532173,0.00013164179531827185,0.00015573093248857716,0.00015351893871311874,0.00016072373770261995,0.0001489504972920944,0.00015658913633526385,0.00020047236061045273,0.00022685517568237114
stanford_dogs_image_categorization,0.00025694773447893047,0.00027026657706827757,0.00026128868725157323,0.0002721255803190132,0.0002514279063745668,0.00022215255561342404,0.0002989689868392006,0.00028364526322910476,0.0,0.0002873913950328646,0.00014034480773793436,0.00014388796845965252,0.0002131658311295995,0.00020558576926021612,0.0003120791501420337,0.00032371500086218193,0.0002631326624257778,0.00026698414950647464,0.0002804394555036701,0.00028635018485798633,0.0002736254765200463,0.0002741602628803814,0.0002738343472720337,0.0002734261141939399,0.00027366011479126753,0.0002736059023384328,0.0002740369007884663,0.00023041708755967117,0.0002767526259757213,0.000256140585896377,0.00030720403962428415,0.00026211263077556655,0.0002880833201729968,0.00030676920447534977,0.0003042946452191159,0.000305415813136068,0.0003059646635086679,0.0003048651304144344,0.0003054706025128069,0.00030467583742330623,0.0003057943698456722,0.00030793866463835597,0.0003048900514676415,0.00030446713389441053,0.0003036833388536405,0.00030594752920024584,0.00032067414329513884,0.00024304259376949268,0.00032426263465659135,0.00024625582310020943,0.00032434173976078433,0.0003409727951395207,0.00029452789736624283,0.0003245175954011373,0.0003248850298232718,0.00032532890685779117,0.00032534449115463387,0.000293088123378722,0.0002890023171144519,0.00028894575243139934,0.00026906885806668294,0.00042047125118432384,0.00029117592996982496,0.0002917397669056401,0.00027420657423407157,0.0003060024921870474,0.0002735662698686354,0.00027672513597995306,0.0002830337164218895,0.0002649051771163402,0.00030408297384217146,0.00025642464630520515,0.00026755977846609346,0.0002624102564897292,0.00027371125103165114,0.0002988579470201623,0.0002832753693481953,0.00028567225838383066,0.00021387548429592734,0.00030996287140422135,0.00026280819030303484,0.0002663137961608008,0.00028102476863264755,0.0002862308189634232,0.00027346961228207,0.0002732417594127932,0.0002747334473424107,0.0002743113966048803,0.0002745916876452989,0.00027363418940865676,0.0002732403439061475,0.00027950485175766925,0.0003079541120162158,0.00028683947352089626,0.0003079951564894375,0.0003049971860051545,0.00030550078032085925,0.00030788819657298416,0.0003040506012376854,0.000305543545336752,0.00030319556040183277,0.0003054873151723272,0.00030884750024473063,0.000305130351206089,0.0003046640691881506,0.0003042940229940175,0.0003070131086135791,0.00032203409964799733,0.0003240279651128588,0.0002445753381817258,0.00032519665594562825,0.0003241544486625275,0.0003256065691270166,0.0003250770377427551,0.0003247368939610355,0.0002932469287175364,0.0002896574563912186,0.0002879570269137294,0.00029106684281212546,0.0002911518357661139,0.0002743497452869681,0.00030520974535354914,0.0002732295130869664,0.0002760822307740946,0.0002816891965580752,0.0002652878849986576,0.00030311547958226964
svhn,0.00026895135206023233,0.0002762532124513888,0.00026973561638589475,0.0002797913180814075,0.0002796937524418311,0.00024338206519280685,0.00027318906729268994,0.00028008385890323443,0.0002873913950328646,0.0,0.00024161266794140934,0.00024215201439336064,0.00020919076042517337,0.0001950934384303356,0.00022651626987240774,0.00022978105987813525,0.00026765619676842535,0.0002662856143028435,0.0002779146878642892,0.0002862623668348838,0.00027136843315721834,0.00027187362762126535,0.00027160485369533225,0.0002710313081348221,0.0002715301830519825,0.000271297476628867,0.00027173640942459087,0.000263609909651265,0.00028231363164716764,0.00028336153807984656,0.0003361573200978226,0.00031122249659502356,0.0003196162008611402,0.0003118714569096677,0.0003080034819190492,0.0003096756523327637,0.0003103041884317539,0.00030884554891067893,0.000309943194514204,0.0003092174682430117,0.00030975115024408186,0.0003121100549332513,0.0003086728682575771,0.00030812684907600415,0.00030699109139466305,0.00031015238565911733,0.0003334292875757154,0.00027698766634899423,0.0003376851933520682,0.0002787442421055453,0.0003458175679778915,0.0003508874113604429,0.0003083435170799488,0.00034602832636197874,0.00034626820625908853,0.0003469103261047928,0.0003463905919041415,0.0002997343315310463,0.0002959851320546594,0.00029568428992526776,0.0002934920905861725,0.0004459069781294334,0.0003058321960523514,0.0002950929373016584,0.00029118895744357473,0.0003088712055165413,0.0002953152192560637,0.00028762076570654444,0.0003002247650360241,0.00030855718222144924,0.0003276780578629557,0.00026860353875947097,0.0002754831267644805,0.0002706161321582006,0.0002808088609600475,0.00027407851484042444,0.0002796532184561832,,0.00020741203427876188,0.00022643455413154552,0.0002672962713429559,0.0002659552889506349,0.00027857926690594335,0.0002861095625727993,0.0002712068145093742,0.00027077051429597683,0.0002718657070653555,0.000272221193085636,0.0002719771461298273,0.0002711026728582838,0.0002710881850944625,0.00028411993529803455,0.0003364766453336898,0.0003186649645315302,0.0003127157743634633,0.0003084362485997065,0.0003091177795996947,0.00031215555279244165,0.000307610695863428,0.00030940239141725534,0.00030782467177437137,0.00030942105220911,0.00031326035878406734,0.00030929047653120554,0.0003088315832021231,0.0003078916485901459,0.0003108199647259785,0.0003349462038001498,0.0003372326930374876,0.00027656732946268546,0.0003473628040590688,0.0003453545034811233,0.000346414563536322,0.00034681116192525325,0.00034592909162247493,0.00029956495529262907,0.00029641233003983934,0.0002947999088621831,0.00030597571796358875,0.00029495297119210045,0.00029206183068846597,0.00030820323662052927,0.0002954942258347794,0.00028705079282450804,0.0002988081970884178,0.0003091324032615374,0.00032721363363624934
caltech101_object_classification,0.00017174978898309398,0.00018007967667906988,0.00017270312725929134,0.00018531989146352548,0.00017752185273568391,0.00019948506280797107,0.0002857495060175222,0.0001925103185797577,0.00014034480773793436,0.00024161266794140934,0.0,3.985921172918757e-05,0.00013282081663179156,0.00011822045977504147,0.0002618463884939458,0.00028051278873625406,0.00017359716086840508,0.00017460097327814093,0.0001888343578771803,0.00019375123068556576,0.00018012069025610008,0.0001806534360910911,0.00018026364355873165,0.00017978080129259482,0.00018015658296187422,0.00018008280804834495,0.0001804510954006449,0.0001638381142747274,0.00018867971608955059,0.00019512856081684834,0.0002821527948940909,0.0002387562368227045,0.0002301654400478766,0.00022045411230536556,0.00021893231928080928,0.00022089899637452282,0.00021986588260488403,0.00022054363243656337,0.00021920270616231845,0.0002188522543082363,0.00022151586614639894,0.00022261663968442769,0.0002195505722182668,0.0002183537079180392,0.00021783907262999013,0.00022179218059957854,0.0002448059832282825,0.00017542422423866603,0.0002473934068639061,0.0002051974963030346,0.00027031582727334773,0.0002621175400734717,0.00020827620036885502,0.0002706586552294641,0.0002709558118567959,0.00027134390077739176,0.0002712346609504535,0.00020293950472748741,0.00019910416198618298,0.00019897120747045148,0.0002127173514909171,0.0003829170451336085,0.00020602606037802812,0.00020128253089420897,0.00019009448557198423,0.00021452009275658467,0.0001849338701720376,0.00018395408944305955,0.00019479229699484023,0.00020159512202366209,0.00024660563550395523,0.00017148721896395494,0.0001787066375833321,0.0001741376327358183,0.00018673741783580014,0.0002863036916110449,0.0001921480963994771,0.00023855085030975026,0.00013389099420090878,0.0002603685809751126,0.00017354216082434448,0.00017403724734423243,0.00018935622334001126,0.00019351261157857027,0.0001798277778144192,0.00017965498404064027,0.00018134760796234488,0.00018080988042749733,0.00018106317993706473,0.00018025255703965837,0.00017971430448757936,0.00019145083856214677,0.0002824604952775992,0.00022802653312373064,0.00022189269382955033,0.00021984592279091056,0.00022079697365756247,0.00022178953624609084,0.00021976683593051864,0.00021911880128755716,0.00021705036218797714,0.00022100255987360777,0.00022365184234080757,0.0002202033718423298,0.00021859534022592797,0.00021839736722473836,0.00022288957319212559,0.00024581993400740276,0.0002471329082224575,0.00020172921672621265,0.00027201459323875885,0.0002698838520634198,0.000271351425404457,0.0002714455474760219,0.0002707450701723979,0.00020294325414976967,0.00019966953780363236,0.0001977305962824999,0.00020582758127499532,0.00020021074874428064,0.0001900884003550635,0.00021369435148011693,0.00018500663114030366,0.00018397405465017541,0.00019373828836431322,0.00020196963463891296,0.0002454654795942427
caltech256_object_classification,0.00016421502986777877,0.00017014564760743224,0.00016332317333024796,0.00017616962333591625,0.00017239502535570665,0.00020137762848687792,0.00029131367948570524,0.0001801687195240608,0.00014388796845965252,0.00024215201439336064,3.985921172918757e-05,0.0,0.00012598402662912728,0.00011091657174433896,0.00026234579739681794,0.0002832515737364133,0.00016485069857750468,0.00016582842045769457,0.0001779575274249337,0.0001824374590039609,0.00016970403678267604,0.00017019783249177264,0.0001698113691085747,0.00016938040068715762,0.00016969990037070287,0.00016966270410093384,0.00017005982418108814,0.0001585743250000585,0.0001778598382819467,0.0001904200427150516,0.0002827622877078536,0.0002398649411994136,0.00022427160855046383,0.0002100147263336096,0.00020840389453376327,0.00021054533291855402,0.00020942150579864253,0.00021034395624574263,0.00020872205071661965,0.0002083506231600411,0.00021136439450899493,0.00021225896602287714,0.00020909571774043286,0.00020782672934220375,0.00020783048995640254,0.00021160220998442375,0.0002336482563800861,0.0001712662102952462,0.00023630179586286564,0.00020475356203470085,0.00026381635792832093,0.00025206950527070397,0.00019852454775098663,0.00026421319709878934,0.0002643981132111539,0.00026476304106334196,0.00026467292546916547,0.00019222360666115463,0.00018880288273909906,0.000188919731356753,0.00020920850123849532,0.00037730578116659715,0.0001961861165285853,0.0001894973969729627,0.00017704620449010387,0.00020562723522924394,0.00017247355533361275,0.00017237601937415933,0.00018223320005286573,0.00019602849474696443,0.00023860295082277615,0.00016402453488002577,0.00016880484552947,0.0001647435058881595,0.00017736943879386548,0.0002918330716178558,0.0001798184317811551,0.00023880483393719476,0.00012668186692320896,0.0002609079453431709,0.00016485389359396796,0.00016539244232079703,0.00017844352767921247,0.00018226993313901727,0.00016936813672667096,0.00016931172675673002,0.00017079087187127156,0.0001703650315079454,0.0001705985226242982,0.0001698213210946176,0.00016923527797747727,0.000180685003030546,0.00028297570714304283,0.00022218793420852834,0.000211402977999686,0.000209306552362137,0.00021036401213555167,0.00021132869991633777,0.00020959950599807296,0.00020872437664933572,0.00020661104734572211,0.00021073858574614823,0.00021328055353869472,0.00020975081949034557,0.0002080844298440274,0.0002083442532471173,0.00021271164223646952,0.00023469866377274947,0.00023599741361203828,0.00020107167497025104,0.0002654646074012021,0.00026337165281804765,0.0002648515008246609,0.000265017011339338,0.00026422795489254564,0.00019229771793148533,0.00018938257410945614,0.0001877490033183045,0.00019609086136535955,0.00018820222339843853,0.00017714573908328337,0.00020479873883222984,0.00017250215319220214,0.00017248676122189738,0.0001809243397050641,0.0001963273641688068,0.00023733512109195827
