,lapgyn4_anatomical_structures,lapgyn4_surgical_actions,lapgyn4_instrument_count,lapgyn4_anatomical_actions,sklin2_skin_lesions,identify_nbi_infframes,laryngeal_tissues,nerthus_bowel_cleansing_quality,stanford_dogs_image_categorization,svhn,caltech101_object_classification,caltech256_object_classification,cifar10_object_classification,cifar100_object_classification,mnist_digit_classification,emnist_digit_classification,hyperkvasir_anatomical-landmarks,hyperkvasir_pathological-findings,hyperkvasir_quality-of-mucosal-views,hyperkvasir_therapeutic-interventions,cholec80_grasper_presence,cholec80_bipolar_presence,cholec80_hook_presence,cholec80_scissors_presence,cholec80_clipper_presence,cholec80_irrigator_presence,cholec80_specimenbag_presence,derm7pt_skin_lesions,idle_action_recognition,barretts_esophagus_diagnosis,brain_tumor_classification,mednode_melanoma_classification,brain_tumor_type_classification,chexpert_enlarged_cardiomediastinum,chexpert_cardiomegaly,chexpert_lung_opacity,chexpert_lung_lesion,chexpert_edema,chexpert_consolidation,chexpert_pneumonia,chexpert_atelectasis,chexpert_pneumothorax,chexpert_pleural_effusion,chexpert_pleural_other,chexpert_fracture,chexpert_support_devices,pneumonia_classification,ph2-melanocytic-lesions-classification,covid_xray_classification,isic20_melanoma_classification,deep_drid_dr_level,shenzen_chest_xray_tuberculosis,crawled_covid_ct_classification,deep_drid_quality,deep_drid_clarity,deep_drid_field,deep_drid_artifact,kvasir_capsule_anatomy,kvasir_capsule_content,kvasir_capsule_pathologies,breast_cancer_classification_v2,eye_condition_classification,mura_xr_wrist,mura_xr_shoulder,mura_xr_humerus,mura_xr_hand,mura_xr_forearm,mura_xr_finger,mura_xr_elbow,bean_plant_disease_classification,aptos19_blindness_detection,lapgyn4_anatomical_structures --shrink_train 800,lapgyn4_surgical_actions --shrink_train 800,lapgyn4_instrument_count --shrink_train 800,lapgyn4_anatomical_actions --shrink_train 800,laryngeal_tissues --shrink_train 800,nerthus_bowel_cleansing_quality --shrink_train 800,svhn --shrink_train 800,cifar10_object_classification --shrink_train 800,mnist_digit_classification --shrink_train 800,hyperkvasir_anatomical-landmarks --shrink_train 800,hyperkvasir_pathological-findings --shrink_train 800,hyperkvasir_quality-of-mucosal-views --shrink_train 800,hyperkvasir_therapeutic-interventions --shrink_train 800,cholec80_grasper_presence --shrink_train 800,cholec80_bipolar_presence --shrink_train 800,cholec80_hook_presence --shrink_train 800,cholec80_scissors_presence --shrink_train 800,cholec80_clipper_presence --shrink_train 800,cholec80_irrigator_presence --shrink_train 800,cholec80_specimenbag_presence --shrink_train 800,idle_action_recognition --shrink_train 800,brain_tumor_classification --shrink_train 800,brain_tumor_type_classification --shrink_train 800,chexpert_enlarged_cardiomediastinum --shrink_train 800,chexpert_cardiomegaly --shrink_train 800,chexpert_lung_opacity --shrink_train 800,chexpert_lung_lesion --shrink_train 800,chexpert_edema --shrink_train 800,chexpert_consolidation --shrink_train 800,chexpert_pneumonia --shrink_train 800,chexpert_atelectasis --shrink_train 800,chexpert_pneumothorax --shrink_train 800,chexpert_pleural_effusion --shrink_train 800,chexpert_pleural_other --shrink_train 800,chexpert_fracture --shrink_train 800,chexpert_support_devices --shrink_train 800,pneumonia_classification --shrink_train 800,covid_xray_classification --shrink_train 800,isic20_melanoma_classification --shrink_train 800,deep_drid_dr_level --shrink_train 800,deep_drid_quality --shrink_train 800,deep_drid_clarity --shrink_train 800,deep_drid_field --shrink_train 800,deep_drid_artifact --shrink_train 800,kvasir_capsule_anatomy --shrink_train 800,kvasir_capsule_content --shrink_train 800,kvasir_capsule_pathologies --shrink_train 800,mura_xr_wrist --shrink_train 800,mura_xr_shoulder --shrink_train 800,mura_xr_humerus --shrink_train 800,mura_xr_hand --shrink_train 800,mura_xr_forearm --shrink_train 800,mura_xr_finger --shrink_train 800,mura_xr_elbow --shrink_train 800,bean_plant_disease_classification --shrink_train 800,aptos19_blindness_detection --shrink_train 800
lapgyn4_anatomical_structures,0.0,0.05703058749960924,0.056994143628171706,0.07844577766960337,0.13579930081413688,0.23758922493189188,0.32641322612056867,0.10580362682723322,0.24989119256014183,0.26416179106567295,0.17658552258664584,0.17000518941960313,0.16242258163434842,0.15487945152712723,0.28500825424065845,0.30310388582278036,0.0844673413354333,0.07889043725346914,0.09777876778952208,0.10176430816776204,0.0727719173727274,0.07310293092021103,0.0730445965917092,0.07254078462579205,0.07267726490307691,0.07263944686080248,0.07260564229573876,0.152597302013345,0.1215963149806592,0.16164109722799078,0.2839673556269776,0.25199173928105856,0.2112885377282489,0.13634128477600102,0.137776502724035,0.14044654067906387,0.13566271391585585,0.14132317469126934,0.13588612508847336,0.13568944500888747,0.14124288127546208,0.13967889671363182,0.1383600659793235,0.13459933021801396,0.13513950415644088,0.14233742637902774,0.16208927116120514,0.15663838863714324,0.16263996471385547,0.22004241544859268,0.2389611075106613,0.17011082140300685,0.15030402946046645,0.23924067300165394,0.2391277101838502,0.23940183819069216,0.23919191504455692,0.1322991271939774,0.13039279855808691,0.12982764484143344,0.2037046342553022,0.31610973331479975,0.17533761629513733,0.13176788662236683,0.15702552180110638,0.1513588189827761,0.15907484227518787,0.14616395387649947,0.15977143441661068,0.17199547252284536,0.2040501737552619,0.009638970713645861,0.06074592733834476,0.05689760284272517,0.07945566313769356,0.32762981413020265,0.10578931022992334,0.26069033599170655,0.16345470019453362,0.2841148049753005,0.08370382503338844,0.07840457672590789,0.09858658300228125,0.10133548329406353,0.07328502404734433,0.07304542903165928,0.07345036384255638,0.07423621044448456,0.07391104662537426,0.07225947954669247,0.07316322888254628,0.12262854315240101,0.28375021961081015,0.20896933944762885,0.13732481451494394,0.13846686529078964,0.1403055260977285,0.1362052502400456,0.1407081056911728,0.13556379454757295,0.13443613105414978,0.14053032079463063,0.14085670212418544,0.13892162214522563,0.1347232734053746,0.13570384081515857,0.14293045691439799,0.16214942379118405,0.16245349973345577,0.21528147243486973,0.24046048973061152,0.23846474085900435,0.23943468243889782,0.24003945881513705,0.238831762306339,0.1317694502735533,0.13123011785300326,0.12946098744644235,0.1750840126267883,0.13191819895960644,0.1572684814474777,0.1505212917324496,0.15912720116918688,0.14720630449569772,0.15949211242458064,0.17244001891597427,0.20261307752554425
lapgyn4_surgical_actions,0.05703058749960924,0.0,0.03557538792415224,0.044418015023824836,0.14736160914348226,0.2557614249584351,0.34540132221873476,0.10490391173661494,0.2665756723443615,0.27131378750932295,0.18730962217118935,0.17788451400150385,0.16531585213241534,0.15928075752994758,0.2899901470770014,0.31218175166040646,0.09019567208576956,0.08597431573650205,0.09586248448119616,0.09494271007298528,0.059330444992301376,0.05956270184361881,0.05931735580360224,0.059088575247186,0.059108642860007256,0.05933780880359163,0.05897505962571543,0.1657319998364814,0.11406604452990657,0.17254356941656163,0.300420808763395,0.27433315970761163,0.21880473329689482,0.13322607481744422,0.1341163235133925,0.13676445226765205,0.13251938078516462,0.13756282193538089,0.13244982318606088,0.13232979049358445,0.1380387368353415,0.1357990404813909,0.13471681839634,0.131277902499994,0.13201295881208144,0.13873581552279615,0.16278799717936718,0.16776977028970252,0.16245309221315518,0.24040394106037746,0.2532802689467925,0.16474605014928612,0.14972720801822137,0.25351691183716385,0.25347709567511606,0.25359686522588737,0.25334524050330265,0.1296610725975615,0.1291834952279824,0.12888499949555932,0.21392599114612815,0.32953090206009666,0.16958588647589756,0.1261951934076358,0.15539596123287674,0.14388710233956414,0.15305595659597182,0.14175076312351526,0.15364178130695255,0.18017637430571665,0.2161821466299937,0.05776047904794206,0.023154890380421494,0.03456247818232586,0.04392107151951387,0.3465992569233206,0.10476664332273379,0.26750993609777396,0.1663787200189562,0.2892338078664405,0.08998304777835436,0.08565683463519816,0.09640216200180943,0.09458336526678118,0.06012861489301308,0.059797851740471177,0.059420999264632304,0.06071945939918548,0.058771564631781376,0.058691484632819244,0.06034179179055124,0.11429584554821161,0.300245465780934,0.21672302132824725,0.13406549428680395,0.1343638532336201,0.13625144829563648,0.13253693911854908,0.13716743252825084,0.13248457219244553,0.13153890785573785,0.13722682988525126,0.13661925597926688,0.13556983404780143,0.13155554420102128,0.1320640602846889,0.13916806886910663,0.16263560930782556,0.1626795998673634,0.23563713763350422,0.2548818910748728,0.25268578085804705,0.2538173544580107,0.25430996511982856,0.25315340164863476,0.12902153567944719,0.12988226074218795,0.1288332617265307,0.16929299295268052,0.12582026028303545,0.15524132631480853,0.14317966834804202,0.153396221064251,0.1429966270366354,0.1534566233988643,0.18075916102680084,0.214538365488318
lapgyn4_instrument_count,0.056994143628171706,0.03557538792415224,0.0,0.03776629374104899,0.1415695269010233,0.24544912758792597,0.3349760302733016,0.10866367105191613,0.25513195209385664,0.2637061035662832,0.17784611592744382,0.16906308687336466,0.1598712371015426,0.15340159200245088,0.2849043867343751,0.3047380320216565,0.09104376871367384,0.08676931832313327,0.10123881900170137,0.1045072027319103,0.05807745742835055,0.05852568434345247,0.057988354332305925,0.057607041841039666,0.05784158859867687,0.057984727110931215,0.05775883196544113,0.1600030109758562,0.12102034305390727,0.17298977008176056,0.2925084126127511,0.26287032153790146,0.2133335137869301,0.13924967785989462,0.14013233361755253,0.14256703326207426,0.13825920686187562,0.1433968075342515,0.13839515865058233,0.1381429340951792,0.1437866932756977,0.14187985729880717,0.14055766165245723,0.13693550476103478,0.13793239676722707,0.14432363112436014,0.1649312089425949,0.1633256794787898,0.16518899815547627,0.23183059452997842,0.24622162869151237,0.17089680663201628,0.15282699292453752,0.2463977172111646,0.24639901207123457,0.24653486998989033,0.24628113816476857,0.13082379172587666,0.13140812262098006,0.13135772674340152,0.21107067392460976,0.32283608988421697,0.16878140767752373,0.12964164847451642,0.15283672096862144,0.1480422448892747,0.15113363179778802,0.14174497733911517,0.1521235350978781,0.1786880936932664,0.21180332375450936,0.057563341852668565,0.03585572799139715,0.009946819392879109,0.039506485908674345,0.3360640219520632,0.10846848001757514,0.26006599447503254,0.1610524696570253,0.28404771304252374,0.09054019792178533,0.08612011710030042,0.10207383036018537,0.10414709074583081,0.05901015134224924,0.05837955085476799,0.05890959597817262,0.059135357935824896,0.0577160353600773,0.05697514055985933,0.058753764993560866,0.12188351624310634,0.29235671750751785,0.21112708328343371,0.14033019079799747,0.14047837124863308,0.14207050391800785,0.13875039521775834,0.14285652016981554,0.13832649002891947,0.1372677573690643,0.1429660712122617,0.14277813324276403,0.1412286133622827,0.13735494356722303,0.13828561197913103,0.1449823005608049,0.16513231008322762,0.16537419334702172,0.22728135834284263,0.2478319644301495,0.24562375376572687,0.24672891027450963,0.24720986577144413,0.2460285554357341,0.1304381707908906,0.13186335842300884,0.13116058085625176,0.16851460476062066,0.12930472453949665,0.1528076888483363,0.14725979428641942,0.15139765034336322,0.14262984104299697,0.1518211470865208,0.17918988158710863,0.2102379938071478
lapgyn4_anatomical_actions,0.07844577766960337,0.044418015023824836,0.03776629374104899,0.0,0.1575245508549429,0.2584113910788919,0.34644901945942497,0.12153302906295216,0.26673153172928904,0.27282396031412415,0.19097137265233569,0.18216190013104155,0.17324230618784564,0.16701792781647157,0.29282942372331866,0.31427815914150725,0.10873066031945425,0.10536780636775098,0.11414692709755576,0.11659566025905775,0.07611189353003073,0.0764811962231553,0.07591235734743043,0.07572504020089847,0.07591163804136815,0.0761298073231935,0.07582114537721654,0.1756760452736661,0.12707356915007678,0.18706880089773337,0.3057737671029897,0.2788433976259732,0.22521675427846977,0.1503882698984984,0.15114035440408108,0.15313619016334212,0.1497612036944302,0.15377757813982257,0.14954365472426362,0.14963657015139983,0.15435236087390686,0.15255012290760436,0.1514071481947466,0.14842728318824935,0.14901213000406133,0.1544601915757705,0.17806086691429673,0.17642458985807974,0.17800577706876963,0.24651029641253808,0.2622141440145398,0.1785860226027946,0.16541506824835372,0.2624477050283546,0.26240768561532,0.2625094676173172,0.2622838595816362,0.143289550035419,0.14398215560542557,0.1438258002133055,0.22400015030742598,0.33678828847310066,0.17770699829305617,0.14198771857508347,0.1649360426158818,0.15433230303233092,0.1599869467367775,0.15059545619643108,0.16190811896647028,0.19183398525384943,0.22689611570922308,0.07866648202926779,0.04505415869696178,0.03748254059479607,0.01091115739843311,0.3476404279305183,0.12132967814075199,0.2692316051293334,0.17439139167525944,0.29211627355036146,0.10829088435348103,0.1049259169898164,0.11489671878359371,0.11620797763986705,0.07720124834062744,0.07656259700344091,0.07643250344688218,0.0774165654140283,0.07500723141117735,0.07529269849107825,0.07674035168394892,0.12760390882810052,0.30563417414238747,0.22311890569286735,0.1512752652047268,0.15129861491707775,0.15258782969386514,0.15003885007187484,0.15335826881725784,0.14957115860077094,0.14879399780525798,0.15365001938231831,0.15314273550434798,0.15210310040199737,0.14890561546719597,0.1492054072067338,0.1551263325207904,0.1780899738819421,0.17822441643603987,0.24218672534606392,0.26378879579727105,0.2616269613869633,0.2627516955126594,0.26312803098357884,0.2620495857670093,0.14283082089453916,0.144466631439542,0.14374782233501315,0.1774853882695221,0.1414110940223437,0.16469323766207286,0.15369044208620797,0.1604094056834203,0.15157706848426603,0.1617040885731411,0.19244004088280553,0.22546031066364916
sklin2_skin_lesions,0.13579930081413688,0.14736160914348226,0.1415695269010233,0.1575245508549429,0.0,0.21940801676332802,0.30630147564926447,0.15176799491324486,0.23445844940262828,0.2628744301288032,0.1758232268309893,0.17204910998073952,0.17352243682754592,0.16230554566846622,0.28569427095372235,0.30109773485474167,0.12009656130663454,0.12359274247035879,0.15043384068413196,0.15545930844009295,0.13964992939622378,0.14023101680222405,0.13989419663476096,0.1396528178278243,0.13977066596792204,0.1398286343674529,0.14006813501044701,0.10842170774878433,0.16071969238969827,0.15477930101361057,0.2733544909828771,0.20689118813253704,0.22257592073485533,0.1724370718429145,0.17419554692172123,0.1768539310273073,0.17146251451112074,0.17782117935582747,0.17180443127274897,0.17114324652507218,0.17799471132728154,0.1771819501907002,0.1745610661425995,0.16883502106923803,0.17285930452729864,0.17895719153716844,0.19903179605677981,0.09673922160881426,0.2007367508799935,0.16469418169667616,0.21823968476021288,0.20703304698295766,0.1789524031805438,0.21872850932830942,0.21890803078584636,0.21905130453946103,0.21896302041683752,0.1494635061775773,0.1433028759298408,0.1433513235069448,0.19591958011859723,0.3011613968844271,0.20470520109809837,0.17077626556802583,0.18305763048391321,0.19515812809008878,0.1870571322554378,0.18320373872933826,0.18624892891874323,0.18628552455787106,0.18538971910106,0.13540659383276782,0.14673821636943,0.14243549651175264,0.15834729069530057,0.3072831855614794,0.15142220538623574,0.2597778342091325,0.17363225378230696,0.284803156047025,0.11982189340550631,0.1228984957334743,0.1514796010363988,0.15548917923207933,0.13932641475235819,0.13966758410048036,0.14063130029804466,0.14096952758897466,0.14126206700622923,0.1392487656699253,0.13952954379060153,0.16313246477490412,0.27329682785730747,0.21992704638401356,0.17394986061513745,0.1749959699030097,0.1765258545944902,0.17231616760888965,0.176788495004366,0.1716431613168757,0.17014954686871464,0.1773901359287061,0.17835130274649874,0.17514174752512895,0.16885492885873987,0.17413873306979044,0.17975214592490518,0.1998275741795032,0.2005999549600639,0.16144349871810457,0.2193612911896105,0.21805660623015086,0.2193773109155207,0.2191887915814402,0.21852789630821234,0.1490406247517424,0.143436214379776,0.1427100263463159,0.2047806492615291,0.17059792951261152,0.1834664340310285,0.19422290565913453,0.18677652081723253,0.18369745256929143,0.18527441061614747,0.18663989656790472,0.18389217502235594
identify_nbi_infframes,0.23758922493189188,0.2557614249584351,0.24544912758792597,0.2584113910788919,0.21940801676332802,0.0,0.19689005404608984,0.2692940019050521,0.19361698819821907,0.21563991897901613,0.1832865355164247,0.18552013236629059,0.22262696451349584,0.20493749126143604,0.2698333472565325,0.27609820890154185,0.23767223145061936,0.24353738777307238,0.2661102352777796,0.27317960793352347,0.25634954687140493,0.2571327856891895,0.2567712289767953,0.25582519216316774,0.2565578363375517,0.25620379828749584,0.2570943378099595,0.19662056749837045,0.2508169375780584,0.2041426107257504,0.23488503313717055,0.21821691305102425,0.25584441888919796,0.27454604323262677,0.2716282019813587,0.27126275767118474,0.27460165361816835,0.27075266202004566,0.2737911778987205,0.2736690844777467,0.27117922108134884,0.2745873828741181,0.27132429961558,0.2733680863644414,0.271434732681728,0.2708863708657861,0.2744322329671827,0.1990881459650291,0.27941465656406456,0.18587124015186451,0.2732581424291313,0.30456766544794106,0.2725727100728339,0.2732810757595638,0.27369418940684614,0.2739722023932102,0.27435618796005656,0.27503293527811745,0.27233536692861765,0.2724056345434631,0.1986434746034648,0.33438033008630963,0.2645569603018529,0.2653310086864439,0.246361441549156,0.28174965768558885,0.24898613346999704,0.2555487851767972,0.25693555153973663,0.23557824414073644,0.26084836102431985,0.23686787220468047,0.25122818576509554,0.24692123617711229,0.2599472369163637,0.19731286291676892,0.2689697633464526,0.21582175242608537,0.2220421535870385,0.26860599159040566,0.23696832430377204,0.24256081331131457,0.26716722145754657,0.2728937641307967,0.2561386417425603,0.2556304971830392,0.25756008409909603,0.2571272472348478,0.2576362496985112,0.2559319047152259,0.2554159967128106,0.25377068465661173,0.23565639067806005,0.25535335765144646,0.27534238714940507,0.27284271647060954,0.27136277531809394,0.27758760473829175,0.26867869333907424,0.2727278284543655,0.2719974010657855,0.270944760642729,0.27527438823339145,0.2711796412093789,0.2739642403380434,0.2726854194033135,0.271778437652789,0.27632521024602463,0.27900910119664263,0.18415469956211478,0.2736240192279543,0.27332590477077057,0.27368608773978864,0.2734268999626486,0.2739454244493893,0.27562131313658156,0.27279911575955623,0.2708283191479027,0.26509943209915077,0.26516372307172376,0.24683477545616803,0.2813756410108863,0.2486127214331159,0.25441288525898853,0.2560719278438951,0.23583128411010035,0.2604452375371624
laryngeal_tissues,0.32641322612056867,0.34540132221873476,0.3349760302733016,0.34644901945942497,0.30630147564926447,0.19689005404608984,0.0,0.3550980091501508,0.25877227400015085,0.23271440994844664,0.2594843985455725,0.26608953443790384,0.2870550598488576,0.2694511474113129,0.302442364616781,0.29798671403141874,0.33339604560443226,0.3358672168882142,0.35463294893621733,0.3648474923484981,0.34597759532493744,0.3468690635007164,0.3462787743518936,0.34555592407616614,0.3460950672937262,0.3458044509874142,0.34656148786361907,0.2799726327862937,0.33957813033384276,0.3031247033477649,0.29144742839973636,0.2832750726132549,0.32800470193889686,0.37013932754897916,0.36859197321908077,0.36839068565412325,0.3704741738662532,0.3677851124894907,0.3695919703380006,0.36991025262701294,0.36803790392225666,0.37061033678295596,0.36815608154353374,0.3696029373910643,0.3661752499569251,0.3676030177697921,0.3650563231764389,0.2916349343019924,0.3699260083963302,0.24525654131298386,0.32428222756502045,0.3978581036526009,0.36051992986904036,0.3243628812968681,0.3247584036322321,0.32498670053702217,0.3252909933888788,0.36008029227223454,0.3570781952791555,0.3570532334611343,0.28753075679787743,0.3646876772300556,0.34531272566225063,0.3550001690907514,0.3376516338582263,0.3659942149097918,0.34019697197380183,0.34167490505950127,0.34721965894828766,0.3213208736870008,0.32815631302386816,0.32585212841345723,0.3440499065472644,0.3363175289055547,0.3477709789815027,0.009189407930356257,0.35466194378969285,0.23552677095723784,0.2861748194235153,0.3015815952010681,0.3328607465252436,0.3350705281820954,0.35563019339331847,0.364489613361061,0.34586057467344467,0.34512954010291336,0.3469797307019561,0.34672161199572055,0.34704704368990313,0.3455246507573574,0.34518371129321335,0.34260802500753595,0.29210814123148465,0.3275758131802343,0.3705942159197395,0.36975247208659834,0.368222364362184,0.3727294449231541,0.3664171119484553,0.36886634327746526,0.368271846139415,0.36765805717101196,0.3714795354538657,0.36795423296712537,0.36990565056810687,0.36716564627672904,0.36871838871761675,0.36681741263014755,0.36935060933898184,0.2460582055767931,0.324443165564922,0.32449264775920317,0.3248889809967158,0.3243846083578663,0.324850021354981,0.3606309231880383,0.35755741508954014,0.3557012251366871,0.3457749608445404,0.35495548147957645,0.3381274269308315,0.36571869848650046,0.3396665774493951,0.3406697422288152,0.34624450498764714,0.32172645301326475,0.32804285654697196
nerthus_bowel_cleansing_quality,0.10580362682723322,0.10490391173661494,0.10866367105191613,0.12153302906295216,0.15176799491324486,0.2692940019050521,0.3550980091501508,0.0,0.28083766843483293,0.2746055814315903,0.2002256658152185,0.188877619253081,0.1719834136875847,0.16627145272233834,0.3003263004405557,0.32105546343637,0.08291255626098015,0.07297356706580457,0.0421491460151825,0.07558721019532014,0.08839519648369194,0.08838371394365689,0.08837764993896038,0.0886432760856494,0.08864840018130707,0.08841352909758793,0.08837882798422678,0.17622906617099054,0.10807033234812691,0.18612101424818073,0.31500894908378796,0.28427339859790024,0.2213423772847761,0.1409910748830937,0.13946604766933657,0.14179721785707547,0.1390129479711276,0.14214845108046065,0.13931951350099864,0.13849682453874318,0.14282415952326244,0.1420823713944676,0.14022755849183266,0.13762676523905001,0.13956701162445448,0.1439154741925409,0.17534151895875896,0.1748013679496076,0.1751766723245339,0.24741662432392822,0.25338175214456693,0.17753000856102552,0.14516018409830928,0.2536803099376683,0.2536861550607981,0.253907928160113,0.2532772970561115,0.11226705880704062,0.1102424945173356,0.10943292165054433,0.2228785331486698,0.32836326037690233,0.17794727363822826,0.13004128758288355,0.1573721918165849,0.14907903647726123,0.16197936095514598,0.14787278179604596,0.15704045239752745,0.19809128184138508,0.2155189934144711,0.10576189266050953,0.109673254429913,0.10885414365176846,0.12105829325658521,0.35648715349999727,0.009155843943030408,0.270728063764276,0.17270212598666518,0.29995638664443336,0.08211296485447968,0.07478185048145931,0.042585453883183036,0.07479597924360126,0.08839221912314413,0.08879733586510816,0.08822419248845981,0.08919427781398638,0.08899551085366834,0.08815967457734854,0.08886967041092625,0.10822084422742553,0.3148017351915257,0.2188710134991332,0.14177762909624628,0.13966365818956722,0.14136471592946576,0.13922390272841248,0.14199547162775888,0.13925038569458098,0.13781635894377028,0.14221645512839898,0.1429240352627667,0.1409923365265085,0.13784171098465053,0.13981242453415132,0.14405041236626362,0.17510396691034058,0.1750881889107968,0.24301451655896347,0.25515426893467996,0.25261679979007245,0.2539368062433599,0.2546050414044356,0.25304391581691266,0.11143800724412137,0.1109664969316189,0.10904728149305686,0.17755748328609838,0.1295568790064836,0.15762896105248078,0.1485469195448766,0.16217092977400388,0.149119252978007,0.15646456862331728,0.19857671439932417,0.21389607673928188
stanford_dogs_image_categorization,0.24989119256014183,0.2665756723443615,0.25513195209385664,0.26673153172928904,0.23445844940262828,0.19361698819821907,0.25877227400015085,0.28083766843483293,0.0,0.2505003969717501,0.12650500265607342,0.12984389544983332,0.19491270330022772,0.1866917959153319,0.2716248033673604,0.2759629899681638,0.25560014967439726,0.2608072635836933,0.27820044797960486,0.285285643984698,0.2723277875049385,0.2729715672544213,0.272555766582687,0.27199552642850783,0.27237624847269387,0.2722654322154389,0.27282178310618466,0.21231517631449742,0.26749548818881386,0.23425674505961336,0.25847482937695043,0.2279604595031105,0.2566380776845638,0.2885918647297236,0.2868126107148653,0.28682758924051255,0.2885602780526004,0.2864125529864697,0.28782575275555117,0.2875252028665998,0.28691253412189605,0.2892201560360938,0.286710817832,0.2880774583412736,0.2858494043880468,0.28672830424049484,0.29156163485184766,0.22345879559570714,0.2951399864382824,0.22253547906892354,0.27910067135964,0.31302289861089305,0.2746825061256006,0.27902932673350356,0.2794857331727494,0.27963849776888183,0.2798748141532733,0.27929177112904807,0.2755489590351149,0.27581871196320645,0.2380858203231872,0.3312487312106969,0.2662768122300289,0.27637012685981943,0.2542332096959237,0.2877127365309735,0.25309868203417596,0.2591781718529882,0.2626081937860717,0.23887692567222926,0.2713146901698157,0.24928476147672138,0.26306250999176223,0.2564955144685538,0.268374500914791,0.258818273352342,0.28055702446469777,0.24933327038084843,0.19553352937283705,0.270032117899098,0.2553216399376891,0.2599977916051701,0.2789008048302173,0.28526795766366575,0.27216180867759293,0.27184747435991485,0.27366154790189084,0.2730185750201277,0.2735313049335807,0.27202365549019664,0.2715907550061897,0.27058507644541224,0.2590845336256068,0.25611209745963487,0.28954808292874007,0.28778917065471465,0.2869439405916537,0.29066622275667253,0.28534566836918285,0.2877805595694486,0.2861798513641791,0.2865385897131696,0.28996842922632377,0.2866024008615483,0.2882008907179799,0.2862297640214304,0.2877287782690998,0.2929822391902598,0.2949161990259578,0.22195289998315537,0.2793105287701018,0.2789925764123631,0.2799570367955557,0.2793889868616811,0.2794079086159166,0.27962502433515324,0.276050604632325,0.2746045387518706,0.26658001207793713,0.2757931199860937,0.2544696116485238,0.2873044419278072,0.2524883903582864,0.2584508787747697,0.2615650787603259,0.2391838019638641,0.27085034332715846
svhn,0.26416179106567295,0.27131378750932295,0.2637061035662832,0.27282396031412415,0.2628744301288032,0.21563991897901613,0.23271440994844664,0.2746055814315903,0.2505003969717501,0.0,0.21811776487196302,0.2195337203305605,0.1882931635481943,0.17440567501035015,0.20022191610560128,0.201383924922385,0.2604590836638234,0.2600217732699783,0.2725545007378182,0.2806908341023667,0.26802475690526884,0.2686145960953349,0.2681784102288698,0.26759847759768585,0.26805946184938606,0.2679507282809097,0.2684743895227724,0.24714576791348475,0.26823661582077396,0.2605945917526504,0.2822677190751457,0.27652099763443805,0.28442738066732537,0.2908371688003527,0.2874008028396623,0.2878073810505115,0.2901028200839769,0.28698470490654543,0.28954367946158427,0.2892368286064826,0.2877696335777348,0.2903182488941392,0.28743602194388934,0.28901820196004613,0.28642738359863174,0.2874626607555799,0.2996388347242104,0.25661883150043474,0.3033967920977087,0.25302002858864014,0.30395869808537257,0.3208112815468249,0.2879710795136661,0.30396493741334246,0.30430907802921897,0.30475482668904796,0.304271737267409,0.2830288250059686,0.2796892397305549,0.27995197499592894,0.26394455937445294,0.3572764780043386,0.2761911372759463,0.27649863729856994,0.26948198431465203,0.2862495622632054,0.2718813062630675,0.26661742719245285,0.27578226670167993,0.27885366386040134,0.2953681705874664,0.2637839789584563,0.27073692643249847,0.2644816929168324,0.2736643101234799,0.23333216231502546,0.2743343516626058,0.01207479655429539,0.18693559071951835,0.20030516721808828,0.26015164655294276,0.25951314682022664,0.27325117864450416,0.28077956170689516,0.2678374023066241,0.2674593875203455,0.2685512263392593,0.26883458486234,0.26880399568822533,0.2676895461407438,0.2675116553997666,0.2704945565840427,0.28248126779567856,0.28399412853079126,0.2914238033665424,0.28815282861010116,0.28732773986533655,0.2920147979977363,0.2856245323595633,0.2889491121613733,0.2879725745222903,0.2875435982133999,0.29096824992335457,0.28773655083358657,0.28952624543267313,0.2872448745532839,0.2881663179386189,0.3012279781830815,0.30289709361768785,0.2521451084111032,0.30466518666952536,0.3037261425191791,0.3043446317938794,0.3044934240362457,0.30409094159324457,0.28294842568917145,0.2801468479494149,0.2788427148291245,0.2763149198579105,0.2764987583738685,0.2702209529355174,0.28580010287483365,0.2718536434256995,0.2660945387945433,0.274713455054465,0.2789862238500319,0.29518524688547876
caltech101_object_classification,0.17658552258664584,0.18730962217118935,0.17784611592744382,0.19097137265233569,0.1758232268309893,0.1832865355164247,0.2594843985455725,0.2002256658152185,0.12650500265607342,0.21811776487196302,0.0,0.03771091974347478,0.1264530381366599,0.11213250729958499,0.23559722189062177,0.24676824461528782,0.1776204107373452,0.1801182137985981,0.19734156236991676,0.20342590330518512,0.1899722506519778,0.19061062185179478,0.190146012420712,0.18950209966389944,0.19006034179244444,0.1898765368356879,0.1904579243824797,0.16116219431951512,0.18896310547830983,0.18779044868221004,0.24081595157702296,0.2171224086219756,0.20832235199922444,0.21327724781859397,0.21220098308476823,0.21313728378341346,0.21335115592769147,0.2128362987872173,0.21252486280659547,0.21252694298072683,0.21364637052188143,0.21491104707430164,0.21221817562902526,0.21263182509656042,0.21121813909861042,0.2134512382048227,0.22584693165280711,0.17157476458254856,0.22838441359467931,0.19683059393760538,0.23693572661960863,0.24558321851189574,0.19928882573855944,0.2370890423811624,0.23733269530978357,0.23752980302124976,0.2376588930067271,0.20019135151962858,0.1965214751115802,0.19677766940416078,0.19881786121453132,0.30123163359531235,0.19246001534172916,0.19674331693960337,0.18155215219997228,0.20764511604158165,0.1761571365478432,0.1773672092952721,0.18552184268678662,0.18715727777952293,0.2238969882234201,0.17628362151925722,0.1852470905109222,0.17943410552876538,0.1923153215528261,0.25991305460675573,0.1999076588820956,0.21578229323725429,0.1273940130667493,0.2344776109134142,0.17748077670577203,0.17935092848482626,0.19794100550978272,0.20337507895339177,0.18967766235959502,0.18952769670988956,0.1914101453411533,0.19080889807519813,0.19112466404019277,0.18991854732863364,0.18925225047374583,0.19196717302142133,0.24104825976160071,0.2069484515356353,0.21443199301313523,0.21344277256944347,0.21304890054291298,0.21536595657484797,0.2118560644422429,0.2122964634037411,0.21095177759278716,0.21294149006942065,0.21576446304297736,0.21257017531908096,0.21269923226200171,0.21163792028251882,0.21460751455377342,0.22690562872133752,0.228195905345306,0.19483725159214962,0.23785001441637632,0.23671642925773984,0.2375070482796603,0.23759918447720624,0.2373822143948948,0.20035326517891128,0.19702617184617177,0.19555950697457414,0.19263747834166806,0.19571729107284522,0.18153488775339818,0.2071317426516851,0.17580167353839155,0.17751202754459527,0.1846714819424311,0.18743738350395556,0.22319118440187033
caltech256_object_classification,0.17000518941960313,0.17788451400150385,0.16906308687336466,0.18216190013104155,0.17204910998073952,0.18552013236629059,0.26608953443790384,0.188877619253081,0.12984389544983332,0.2195337203305605,0.03771091974347478,0.0,0.12081832631117642,0.10602716977571555,0.23765828917556658,0.2505422218883337,0.16943033741352892,0.1719220388421866,0.18712801805404686,0.19257675660636653,0.17981566410749472,0.18045741432844353,0.1799459234935008,0.17938023825755756,0.17988012006426382,0.17971941593088447,0.18032152952074942,0.15732446926116234,0.17869516894629,0.18411119790345737,0.24211872345356372,0.2187392734102359,0.20365675732913757,0.203357935053895,0.2023200913270467,0.20337834598112806,0.20343520617228109,0.2032005168997515,0.20253823771127888,0.20256935273567367,0.20407578601694712,0.20507637430601985,0.20240223254645834,0.20264053751306854,0.20167753432170768,0.20381522333164007,0.2157879774084103,0.16888157340398502,0.21825641644266686,0.1974433946519173,0.2320260770943956,0.23567080678888225,0.18998500229161425,0.23223414669138687,0.23240020025351196,0.23255046233924803,0.2326603304619739,0.1908461365239464,0.1874870182061284,0.18798560327055502,0.1967299576138294,0.2971124403117842,0.18293119304895006,0.1852000066882226,0.16954953153426672,0.19883887628445604,0.16404784080098794,0.16628879127984256,0.17349920120557136,0.18269929948420877,0.21720609424908258,0.1697803045750247,0.17568001741950134,0.17065706991947593,0.18328765965245436,0.2664998146716415,0.18853699429455967,0.2169793657429307,0.12156326651325125,0.23655965873120388,0.1693687866122276,0.1713158987195491,0.18770045849530348,0.1926103771053582,0.17949185624709463,0.17943662930507237,0.18111842069497117,0.18061819816255464,0.18091031301077987,0.17978609729485534,0.17907865545008614,0.18164448348539808,0.2423179204374873,0.2022801926974953,0.20448471581295813,0.20351423239286576,0.20322758573755967,0.20531313266658477,0.2022530590083651,0.202426690747921,0.2010392638265823,0.2032994853709856,0.20592828629661752,0.20274975760593958,0.202753604757814,0.20203995382971626,0.2049588648079692,0.21685106482505792,0.2179778140014585,0.1953998598931951,0.23293506096658473,0.23184732119618404,0.23258480418593325,0.23275661414101942,0.23241475684579233,0.1910692031572836,0.18797186233583257,0.18683626815204993,0.1832385295670752,0.18401664911879204,0.1694850676523807,0.19831859835149612,0.1636559272431758,0.16656380747991262,0.17244586176591808,0.1829797565296063,0.21647309215001725
cifar10_object_classification,0.16242258163434842,0.16531585213241534,0.1598712371015426,0.17324230618784564,0.17352243682754592,0.22262696451349584,0.2870550598488576,0.1719834136875847,0.19491270330022772,0.1882931635481943,0.1264530381366599,0.12081832631117642,0.0,0.04276295391313044,0.2307923581938648,0.24735237939147176,0.1596100907600832,0.15971124943549542,0.16974958347437108,0.17300909665269648,0.162206465152807,0.16272884988444625,0.1622153719034436,0.1620898962144426,0.1621278558365166,0.1621329969116151,0.16252902264999824,0.1697452235693115,0.1664425578628288,0.18139098801183656,0.27199226736909077,0.24774783657547417,0.22605079200633582,0.19013029467745513,0.18805999951588365,0.1898555806560116,0.18924011299818214,0.18962403877219303,0.18882784244578987,0.18810500612245445,0.19093553863876095,0.19180276908103375,0.18894422501925567,0.18807093348628304,0.18802007246782731,0.19122843581875576,0.2151506446898236,0.1749636216649894,0.21657698091191635,0.22303132222019012,0.2520779603405488,0.22450242670082105,0.1882102273632851,0.2523046373776381,0.25230509033579473,0.2525422109641698,0.2524882696088104,0.17839581238808952,0.17661353403844843,0.17711727742913402,0.20187038299665233,0.3203906440745997,0.19496750685998246,0.1794085235830713,0.17907337422741115,0.19266338112315812,0.17857939086033123,0.17310619059217736,0.1827395475259334,0.19700711316398867,0.228355977219219,0.16210801514190254,0.16617547505907804,0.16101371800877376,0.17367992439101937,0.28764833044165233,0.17163728890045302,0.1847169730746388,0.012267743932819486,0.23065161987277005,0.15922227124811944,0.15924406872862035,0.17036265401203207,0.17308071719529555,0.16195050948104975,0.1618465678213376,0.16312826853958395,0.16300915484196185,0.16297646740590613,0.16220770084265357,0.16172342621609767,0.16860767559079784,0.27186492561073783,0.22441191971647356,0.19116767707865553,0.18889959914617785,0.18993361863245906,0.1905899399191106,0.18866066710174734,0.1886725995611191,0.1870807483756764,0.19015106592412917,0.19262825777481293,0.18941341206606804,0.18816065952591265,0.1879918129913935,0.19217493738935365,0.21593555986906054,0.2164566437329797,0.22048241811184532,0.2532589779497594,0.2517514822436552,0.2524036168614736,0.25294719170441676,0.2523640343474117,0.17822014579564635,0.1771232805055849,0.17627779340078975,0.19512019155183968,0.17865307264932917,0.17932977646887766,0.19198063833855594,0.1786161711753249,0.17385471182579965,0.18189931532994752,0.19739191453551974,0.22703125470728067
cifar100_object_classification,0.15487945152712723,0.15928075752994758,0.15340159200245088,0.16701792781647157,0.16230554566846622,0.20493749126143604,0.2694511474113129,0.16627145272233834,0.1866917959153319,0.17440567501035015,0.11213250729958499,0.10602716977571555,0.04276295391313044,0.0,0.22004812112700664,0.23535465689959484,0.15221006195039338,0.151846391296874,0.16386246733472273,0.16811922074184435,0.15643931474656247,0.1569683944740859,0.15647113355276748,0.1562455814932916,0.15636994752998967,0.15633818625431858,0.15682151073129008,0.1550938680857244,0.16003734154372895,0.16928479763360982,0.25330791582849965,0.23452564928998793,0.21286526919680765,0.18297024758148428,0.18081288094104392,0.18227711492413537,0.18227570442648955,0.18192443805896616,0.1816999251402941,0.18118570442274373,0.1830062071491665,0.18433069364798516,0.18154569434236073,0.18111664032684788,0.17986471852793745,0.1832585711256008,0.2073232186729868,0.1623401030834441,0.20899800289446913,0.20658093910074668,0.24181746049225772,0.2186614972206636,0.18102324678313633,0.24211016584723785,0.24214728300857036,0.24243107808807923,0.2422956615156907,0.17124826063981627,0.16833156072442973,0.1687171167642535,0.19249720901867898,0.3110664855123787,0.18497683596331993,0.1722196035297099,0.17272811550774647,0.18610328864348635,0.17084608390117945,0.1647886195953661,0.1756645568811741,0.1862389207912304,0.21879964024824627,0.15459331123085246,0.16007100335305482,0.15461924370196028,0.1677055230265614,0.2701191866834822,0.16597099590344838,0.17080328906386982,0.04464696195042717,0.21948629396966812,0.151972590293746,0.15139209235488887,0.1644403069214791,0.168245497588287,0.1561245558736306,0.1559833951497055,0.15733945515132944,0.15731561911088834,0.1572809886667636,0.15621385510396862,0.15579176513892007,0.16256994573486658,0.25312493860940855,0.21104731192592663,0.18385976333866005,0.18180980304002997,0.1822049941474705,0.18373967026690577,0.18081112804753002,0.1814451884085822,0.1800589981948782,0.18235035733367555,0.18512371952087983,0.18192208033575774,0.18132313066828842,0.18023116097804903,0.18430460628252793,0.20808277260205343,0.20873600882440524,0.2039038937184559,0.24303616573407266,0.2414805480833674,0.2423265460592623,0.2427261320096286,0.24203468305449533,0.17109027413993852,0.16888024228549486,0.16778248017776323,0.18519049826320644,0.17162185146447234,0.1730386846920079,0.1853715746105525,0.17080706874138035,0.16540377842799542,0.17486588606242243,0.18667268787967875,0.21752139596770298
