,lapgyn4_anatomical_structures,lapgyn4_surgical_actions,lapgyn4_instrument_count,lapgyn4_anatomical_actions,sklin2_skin_lesions,identify_nbi_infframes,laryngeal_tissues,nerthus_bowel_cleansing_quality,stanford_dogs_image_categorization,svhn,caltech101_object_classification,caltech256_object_classification,cifar10_object_classification,cifar100_object_classification,mnist_digit_classification,emnist_digit_classification,hyperkvasir_anatomical-landmarks,hyperkvasir_pathological-findings,hyperkvasir_quality-of-mucosal-views,hyperkvasir_therapeutic-interventions,cholec80_grasper_presence,cholec80_bipolar_presence,cholec80_hook_presence,cholec80_scissors_presence,cholec80_clipper_presence,cholec80_irrigator_presence,cholec80_specimenbag_presence,derm7pt_skin_lesions,idle_action_recognition,barretts_esophagus_diagnosis,brain_tumor_classification,mednode_melanoma_classification,brain_tumor_type_classification,chexpert_enlarged_cardiomediastinum,chexpert_cardiomegaly,chexpert_lung_opacity,chexpert_lung_lesion,chexpert_edema,chexpert_consolidation,chexpert_pneumonia,chexpert_atelectasis,chexpert_pneumothorax,chexpert_pleural_effusion,chexpert_pleural_other,chexpert_fracture,chexpert_support_devices,pneumonia_classification,ph2-melanocytic-lesions-classification,covid_xray_classification,isic20_melanoma_classification,deep_drid_dr_level,shenzen_chest_xray_tuberculosis,crawled_covid_ct_classification,deep_drid_quality,deep_drid_clarity,deep_drid_field,deep_drid_artifact,kvasir_capsule_anatomy,kvasir_capsule_content,kvasir_capsule_pathologies,breast_cancer_classification_v2,eye_condition_classification,mura_xr_wrist,mura_xr_shoulder,mura_xr_humerus,mura_xr_hand,mura_xr_forearm,mura_xr_finger,mura_xr_elbow,bean_plant_disease_classification,aptos19_blindness_detection,lapgyn4_anatomical_structures --shrink_train 800,lapgyn4_surgical_actions --shrink_train 800,lapgyn4_instrument_count --shrink_train 800,lapgyn4_anatomical_actions --shrink_train 800,laryngeal_tissues --shrink_train 800,nerthus_bowel_cleansing_quality --shrink_train 800,svhn --shrink_train 800,cifar10_object_classification --shrink_train 800,mnist_digit_classification --shrink_train 800,hyperkvasir_anatomical-landmarks --shrink_train 800,hyperkvasir_pathological-findings --shrink_train 800,hyperkvasir_quality-of-mucosal-views --shrink_train 800,hyperkvasir_therapeutic-interventions --shrink_train 800,cholec80_grasper_presence --shrink_train 800,cholec80_bipolar_presence --shrink_train 800,cholec80_hook_presence --shrink_train 800,cholec80_scissors_presence --shrink_train 800,cholec80_clipper_presence --shrink_train 800,cholec80_irrigator_presence --shrink_train 800,cholec80_specimenbag_presence --shrink_train 800,idle_action_recognition --shrink_train 800,brain_tumor_classification --shrink_train 800,brain_tumor_type_classification --shrink_train 800,chexpert_enlarged_cardiomediastinum --shrink_train 800,chexpert_cardiomegaly --shrink_train 800,chexpert_lung_opacity --shrink_train 800,chexpert_lung_lesion --shrink_train 800,chexpert_edema --shrink_train 800,chexpert_consolidation --shrink_train 800,chexpert_pneumonia --shrink_train 800,chexpert_atelectasis --shrink_train 800,chexpert_pneumothorax --shrink_train 800,chexpert_pleural_effusion --shrink_train 800,chexpert_pleural_other --shrink_train 800,chexpert_fracture --shrink_train 800,chexpert_support_devices --shrink_train 800,pneumonia_classification --shrink_train 800,covid_xray_classification --shrink_train 800,isic20_melanoma_classification --shrink_train 800,deep_drid_dr_level --shrink_train 800,deep_drid_quality --shrink_train 800,deep_drid_clarity --shrink_train 800,deep_drid_field --shrink_train 800,deep_drid_artifact --shrink_train 800,kvasir_capsule_anatomy --shrink_train 800,kvasir_capsule_content --shrink_train 800,kvasir_capsule_pathologies --shrink_train 800,mura_xr_wrist --shrink_train 800,mura_xr_shoulder --shrink_train 800,mura_xr_humerus --shrink_train 800,mura_xr_hand --shrink_train 800,mura_xr_forearm --shrink_train 800,mura_xr_finger --shrink_train 800,mura_xr_elbow --shrink_train 800,bean_plant_disease_classification --shrink_train 800,aptos19_blindness_detection --shrink_train 800
lapgyn4_anatomical_structures,0.0,0.05703062704632719,0.05699416289147223,0.07844582432858127,0.1357993249869893,0.2375892193764427,0.32641322380987725,0.10580362620372448,0.24989120093808376,0.2641617992186835,0.17658552304853048,0.17000518443254492,0.16242255048910575,0.15487945431888306,0.2850082510669825,0.3031039182788908,0.08446736456218792,0.07889047597466922,0.09777875107643763,0.10176430382716775,0.07277200231671394,0.07310291362751302,0.07304435993693006,0.0725408243747776,0.07267696798570791,0.07263946870632099,0.07260568149237431,0.1525972141208496,0.12159631764709972,0.161641061449582,0.28396735226862313,0.2519917313790012,0.2112885361557892,0.13634131925087534,0.13777623814007536,0.14044657393159118,0.13566269933954914,0.14132315169513385,0.13588607409421144,0.13568911730651156,0.1412428596127353,0.13967896922092288,0.1383600962256315,0.134598908639379,0.1351395186962865,0.1423374121634794,0.16208925456305767,0.15663838512049122,0.1626402796136964,0.22004241656786933,0.23896111189800834,0.17011082883196582,0.15030404376693646,0.23924084176411914,0.23912735190277795,0.2394017110458589,0.23919192922940857,0.1322991455414427,0.1303927842554456,0.12982760532711823,0.20370458129308544,0.3161097427676336,0.17533760751726407,0.13176785403425778,0.15702553254402815,0.1513586418582596,0.15907483929713567,0.14616394335022784,0.15977146658869923,0.17199546208564587,0.20405018922538154,,0.06074604880547591,0.0568975136395465,0.07945568920916735,0.3276298114567854,0.10578925720254434,0.26069034543146313,0.16345470705581552,0.284114974724073,0.0837038787690402,0.07840451927613162,0.09858652789887229,0.10133540934715407,0.07328498073797862,0.0730454255430608,0.07345022508196286,0.07423624253575709,0.07391088499983772,0.07225947695612228,0.07316308274180994,0.12262835280171755,0.28374983710115226,0.20896934761024766,0.13732447525756733,0.13846689102840093,0.1403054903599304,0.13620524350411622,0.14070807971455912,0.1355638306512234,0.13443611129934846,0.14053031052162707,0.14085670959941876,0.13892166000579909,0.13472310932054593,0.13570384978711683,0.14293048182436865,0.1621494275872937,0.16245348656854733,0.21528146993054603,0.2404604939080467,0.23846474394330533,0.23943468173824617,0.24003946168802512,0.23883182054460866,0.1317694428225955,0.13123015229941964,0.1294609868127487,0.1750842205564571,0.1319180235302665,0.15726851681635456,0.15052131408815628,0.15912719874036974,0.14720646703647294,0.15949212166392102,0.17244002698495953,0.20261306155903747
lapgyn4_surgical_actions,0.05703062704632719,0.0,0.03557539675204133,0.044418068605429496,0.14736162110134446,0.25576143583283234,0.3454013275756684,0.10490389523073393,0.266575681308618,0.27131374794912344,0.18730962958958636,0.17788451975335023,0.16531584375330613,0.15928076092072288,0.2899901490751199,0.3121817631891969,0.09019570048924516,0.08597450503295041,0.09586249484139608,0.09494269251363152,0.05933054611214655,0.0595626664034128,0.059317009937170914,0.05908868664749807,0.05910850158548279,0.05933779011564071,0.05897509584111281,0.1657321389909613,0.11406607308585628,0.1725435808580148,0.3004208079625862,0.27433314600820746,0.21880482066558288,0.13322613597800512,0.13411606139726048,0.13676447619198884,0.1325193825282215,0.1375628740797198,0.13244982520850415,0.13232949931114257,0.13803875246292213,0.1357990804839642,0.13471682674909072,0.13127753566053924,0.13201297700817435,0.13873583491696506,0.16278799655939738,0.16776979861380537,0.16245335198886665,0.24040394772635743,0.25328028102100936,0.16474604010903948,0.1497272332121148,0.2535170857017014,0.25347711353002406,0.2535968152530059,0.253345251374561,0.12966108762911302,0.12918351973460873,0.1288849529372624,0.21392599129628276,0.3295309056053972,0.16958591241968896,0.12619524349943628,0.15539611353485883,0.1438869440887489,0.1530559703852371,0.14175080115919375,0.15364180136977246,0.18017637844321677,0.21618215630657703,0.05776053557398523,,0.03456244805561247,0.04392117714963818,0.3465994096527677,0.10476663682779193,0.2675099033818945,0.1663786499061027,0.28923398483646806,0.08998308109285026,0.08565686992360719,0.09640238462326448,0.09458328830445774,0.06012861814398149,0.05979786875202721,0.05942084214180267,0.06071951130250924,0.05877142159785013,0.05869151197283168,0.060341596830319436,0.1142956531299554,0.3002450712930645,0.21672300040191417,0.13406522921951247,0.13436387309600215,0.13625144133456266,0.13253700131163623,0.1371675723176245,0.13248462503068065,0.13153893329095878,0.13722684142961736,0.13661928853530755,0.13556988337785622,0.1315553845557298,0.13206407535556897,0.1391680938533467,0.16263561456214673,0.1626796873853788,0.2356371260748129,0.2548818903553398,0.2526857955408865,0.2538173682038951,0.254309973022411,0.253153641029629,0.12902155133006726,0.12988228680177577,0.12883329869659402,0.16929312920039166,0.125820105474711,0.15524139747234134,0.14317968640575096,0.15339623757956122,0.14299681564815214,0.1534566314596275,0.18075915299532086,0.21453837260416542
lapgyn4_instrument_count,0.05699416289147223,0.03557539675204133,0.0,0.03776622311520644,0.14156958271708386,0.24544912671011562,0.334976040617017,0.10866370657755572,0.2551319605001827,0.2637061082919944,0.17784611935481584,0.1690630869732281,0.15987123811400647,0.15340159418116553,0.2849043916178903,0.3047380352331259,0.09104378911486682,0.08676939553161589,0.1012388552791009,0.10450717942274812,0.0580775650242614,0.05852571537938738,0.057988185629538946,0.057607196064456606,0.05784121810314283,0.05798472757270746,0.0577589464580172,0.16000298665563745,0.12102036393601123,0.17298965949659198,0.2925084201352436,0.2628703258566676,0.21333358254738005,0.1392497236752442,0.14013214142350594,0.1425670673608787,0.13825924869702858,0.1433968203410572,0.1383951699332543,0.13814267035735428,0.14378673671281783,0.1418799332935674,0.14055769364354798,0.13693523794181858,0.1379324566147247,0.14432368322994021,0.1649312060255982,0.16332570787094564,0.1651893971497284,0.23183065984118656,0.24622162768592498,0.17089682829259795,0.15282699262004779,0.24639787361921942,0.246398630404432,0.24653489148086188,0.2462811531780685,0.13082381029617968,0.13140817672078298,0.1313576971527478,0.21107070460797814,0.32283610146440267,0.16878147756778666,0.12964165362158964,0.15283676241038996,0.14804207729536434,0.15113362994469304,0.14174500377909915,0.15212351830326226,0.17868809827125648,0.2118033514421805,0.057563394958953025,0.03585571353077918,,0.03950657424166091,0.3360638441552745,0.10846845166831691,0.2600660213609416,0.16105246770845963,0.2840478785381121,0.09054023721162768,0.08612010828802577,0.10207404680240012,0.10414711000644626,0.05901017265089871,0.058379544255303575,0.058909540177172516,0.059135507113314605,0.057715835916006195,0.05697521411615597,0.05875351704863341,0.12188334434787824,0.29235634291956986,0.21112710637591803,0.1403299078658789,0.14047840772933484,0.14207054698808202,0.13875042996883313,0.14285662131856447,0.13832650748753017,0.13726778612795518,0.14296607406559522,0.14277819307516126,0.14122868970208763,0.137354780084678,0.13828563187978177,0.14498235176079416,0.16513233193343554,0.16537422914007927,0.22728138256940023,0.24783196252055945,0.24562376254683382,0.24672890913433126,0.2472098753807536,0.2460286961308636,0.13043816985616516,0.1318633847742567,0.13116061612198238,0.1685147643734577,0.12930455529696616,0.15280770960115858,0.14725982317659467,0.15139764327647356,0.14263002044715564,0.15182116567303622,0.17918987820504648,0.21023801760818522
lapgyn4_anatomical_actions,0.07844582432858127,0.044418068605429496,0.03776622311520644,0.0,0.15752460216735292,0.25841138050996476,0.34644900851908583,0.12153316474881767,0.26673175404210153,0.2728241044905729,0.19097141938999865,0.18216190576708938,0.17324228546635073,0.1670179500178232,0.2928293133491825,0.3142780248824193,0.10873084509904048,0.10536789631955629,0.11414692795348616,0.1165955848690916,0.07611182393851433,0.07648106959588769,0.07591200359115632,0.07572500017508811,0.07591113668450868,0.07612977432614357,0.07582105157655689,0.17567607374089073,0.12707375458536688,0.18706879152072592,0.30577359521000685,0.27884354725638977,0.22521662331135314,0.15038853398896562,0.15114026731217195,0.15313636724116833,0.14976133813269427,0.15377779391867263,0.14954385285844773,0.14963646806264616,0.1543525337363608,0.15255029310332924,0.1514073563989746,0.14842716388877203,0.1490123547179054,0.15446042261920045,0.17806106753515327,0.1764248164990317,0.17800641775883197,0.24651038649372053,0.26221402593104814,0.17858626043752912,0.16541527789539756,0.26244774419436795,0.2624071927917383,0.2625095355734244,0.2622837585534192,0.14328977382384067,0.14398240936008694,0.14382595643888563,0.22400014958304917,0.3367881911536544,0.17770718374478603,0.14198792295906912,0.16493625115784985,0.15433231173007844,0.15998713401072628,0.1505957008075699,0.1619082820342188,0.19183417093879904,0.22689612189835107,0.07866654829345858,0.04505405882556227,0.03748223375686135,,0.34764023603991023,0.12132975383651282,0.2692317012600582,0.1743913737209153,0.2921162831127947,0.10829106437610705,0.10492594238552228,0.11489695816560971,0.11620797145723202,0.07720118360911749,0.07656252474906218,0.07643227068446092,0.07741658051919156,0.07500688890430607,0.07529264910352082,0.07674010015255212,0.12760390684739611,0.30563360786125054,0.22311871794804633,0.1512754528373894,0.1512988394465677,0.15258802778164526,0.15003904898764397,0.1533585955295454,0.14957134687017293,0.14879419749469722,0.1536501995252298,0.1531428951152805,0.15210327689769654,0.14890565738048148,0.14920563090759936,0.1551265334671182,0.17809018965371076,0.17822469546469466,0.2421867479449119,0.2637886851014048,0.26162685480828807,0.26275156465345284,0.26312791109387046,0.26204952068214626,0.14283107854497892,0.1444669167049503,0.14374809059859314,0.17748567928530173,0.14141110831783835,0.16469345314584716,0.1536906758790771,0.16040960168766927,0.15157740055254632,0.1617043526904643,0.19244026341800097,0.2254603290833738
sklin2_skin_lesions,0.1357993249869893,0.14736162110134446,0.14156958271708386,0.15752460216735292,0.0,0.2194080066469299,0.3063014580139072,0.15176801396314255,0.23445845660471168,0.2628744618446142,0.17582322237268316,0.1720491003816862,0.17352234053444504,0.1623055483772039,0.28569427277789516,0.3010977360998104,0.12009652815991362,0.12359275645281602,0.1504338774629943,0.1554592974594777,0.13964993449687224,0.14023105836662275,0.13989411006214528,0.13965285836163158,0.13977058755603433,0.1398286550426865,0.140068128816674,0.10842153814248973,0.16071968301350933,0.15477929941061785,0.2733544874042314,0.20689117861105782,0.2225759447432823,0.1724372347873076,0.17419523103166606,0.17685390151060174,0.17146249346854098,0.17782115959381406,0.1718044420011203,0.1711428780688623,0.17799469716208322,0.17718194039506582,0.17456104076742968,0.16883479707348803,0.17285931941921762,0.17895718930992854,0.199031824367488,0.09673919500049834,0.20073680240360306,0.164694212131261,0.21823967585166476,0.20703306681797398,0.17895240649018812,0.21872866217305087,0.21890766000155773,0.21905114063333564,0.21896300710203231,0.1494635002471268,0.14330289163151205,0.14335123661001473,0.19591962304926486,0.3011613768603242,0.20470519474296278,0.17077624954685872,0.1830576439198439,0.19515792912497737,0.187057133584886,0.18320374256292862,0.1862489073915674,0.1862855121357913,0.18538973067648443,0.13540658681994233,0.14673822928967262,0.1424355236143308,0.1583472898424147,0.3072831051209081,0.15142218672827784,0.2597778326345642,0.17363226014848815,0.2848033383733299,0.11982191015626173,0.12289846681181703,0.1514795675097752,0.15548917193141848,0.13932642453406807,0.13966761005170786,0.14063126330492476,0.14096954504952958,0.141262030349308,0.13924876463930036,0.13952955546652274,0.16313233265234323,0.2732964872369449,0.2199270494525043,0.17395000978145111,0.17499597420040258,0.17652582274667716,0.17231615385476934,0.17678830325306502,0.17164317632522127,0.1701495325894439,0.1773900577825731,0.17835131155193398,0.17514157549532816,0.16885472593197998,0.17413872156559163,0.17975214278184068,0.19982754378473194,0.20059991018879958,0.1614435231971827,0.2193612845326271,0.21805649438540411,0.21937730653345314,0.2191887726623563,0.21852769301969555,0.1490406191727261,0.14343623989113402,0.1427100125918129,0.2047808319044658,0.17059777289028893,0.18346642072306857,0.19422291002472797,0.18677653430052543,0.18369762643231513,0.1852743992655623,0.1866398889054832,0.1838921729510824
identify_nbi_infframes,0.2375892193764427,0.25576143583283234,0.24544912671011562,0.25841138050996476,0.2194080066469299,0.0,0.1968900270125047,0.2692940013167465,0.19361698903615537,0.21563990619176637,0.18328653228931263,0.18552013129886638,0.22262693988968363,0.2049374886845548,0.2698333599030027,0.276098224015437,0.237672252452714,0.24353760949928085,0.26611024941663897,0.27317961020994963,0.25634956785941715,0.25713277253092026,0.2567712423984602,0.2558252049902587,0.2565579685417557,0.2562038073689081,0.25709435149231963,0.19662069956191944,0.2508169509541232,0.20414263864645715,0.23488504730783596,0.21821690119242182,0.25584446119358173,0.2745460828753008,0.2716279805000561,0.27126277304210183,0.2746016730710896,0.27075266400301823,0.273791184121395,0.2736688433661507,0.27117921042035364,0.27458739010425476,0.2713243070453012,0.2733679419856649,0.2714347041227987,0.2708863822757769,0.2744322410696038,0.19908814590354096,0.2794146889885536,0.18587125127469145,0.2732581372224228,0.30456766589157047,0.2725727461581092,0.27328087765935843,0.27369418660833444,0.2739720259631696,0.274356191710964,0.27503294794631455,0.2723353645931825,0.2724056264876282,0.198643479724729,0.3343803349143564,0.26455698296462427,0.26533101473929366,0.2463614400496616,0.28174960571018204,0.2489861300061398,0.25554876379735997,0.25693555022617487,0.23557841769497823,0.2608483552840398,0.23686788646823506,0.25122817484787285,0.24692121587968507,0.2599472339562341,0.1973127540994106,0.2689697816410402,0.2158217656735147,0.2220419747422571,0.2686058070139157,0.23696835095019114,0.24256087329801052,0.26716723019499544,0.2728938016688855,0.25613864524617447,0.25563051544846677,0.25756009505218797,0.25712724910862705,0.2576362562491541,0.25593191710054364,0.25541596437527947,0.25377051817427054,0.23565614793567458,0.2553533677083584,0.27534222126448293,0.272842731515323,0.27136280872533236,0.2775876090488948,0.2686785128401798,0.2727278393553367,0.2719974338708674,0.2709447704638104,0.2752744113811009,0.2711794847328439,0.27396422721632785,0.2726853974957171,0.2717784794497513,0.2763252125792469,0.27900911896321345,0.1841547254808805,0.27362402333328273,0.2733258838284156,0.27368608246260095,0.2734268962702078,0.2739452369664058,0.27562132553555335,0.2727991358214907,0.2708283270928093,0.26509924841826854,0.26516356462149016,0.2468347787952042,0.2813756634566994,0.24861272666480272,0.25441269008153755,0.25607195958917733,0.2358313124177359,0.26044523256157726
laryngeal_tissues,0.32641322380987725,0.3454013275756684,0.334976040617017,0.34644900851908583,0.3063014580139072,0.1968900270125047,0.0,0.35509800919801426,0.258772277165053,0.23271441960191927,0.25948440669922945,0.26608953796921525,0.28705506916446033,0.26945114208850485,0.30244239425110053,0.29798672331914633,0.3333960450029984,0.33586719809665955,0.354632948261127,0.3648474992299172,0.3459775581722573,0.3468690431426169,0.3462786604076113,0.3455558863267602,0.3460950569691405,0.3458044891866802,0.34656151177118555,0.2799724600479591,0.3395781246801305,0.30312470324364155,0.29144743600269596,0.28327507762511145,0.3280046941165793,0.3701393121838107,0.36859175507617226,0.3683906879528819,0.370474172335117,0.36778511402729563,0.3695919752083784,0.3699099169245857,0.36803788887292666,0.3706103550871156,0.36815605911094273,0.369602764032429,0.3661752585144295,0.3676030193489803,0.3650563334538073,0.29163493331472434,0.36992616782477017,0.24525656177645755,0.32428222299822496,0.39785809403949596,0.36051992117927134,0.3243626691833878,0.3247580160270116,0.32498659649146455,0.32529099766577224,0.3600802844643959,0.3570782018533383,0.3570532182893812,0.2875307577792703,0.3646876827866007,0.3453127231767425,0.35500016658170364,0.3376516362921146,0.36599419739519023,0.3401969825806084,0.34167485957294585,0.34721964946603,0.3213208686206993,0.328156312979064,0.3258521041556003,0.3440499075025141,0.33631753580281637,0.34777098494767444,,0.3546619432403345,0.23552676405835435,0.2861748147386927,0.3015814215219246,0.3328607492002196,0.3350705264353654,0.3556301939592741,0.3644896014549941,0.3458605593035975,0.3451295475853483,0.34697971229648505,0.34672159286815857,0.34704703544338195,0.3455246445961076,0.3451836762382992,0.34260783620082014,0.2921079793981447,0.3275758038931964,0.3705940595937022,0.36975245074571106,0.3682223715426221,0.3727294374917508,0.3664169182806687,0.3688663338217081,0.3682718409878606,0.36765805855794453,0.37147952955055386,0.3679542007574242,0.36990564748460103,0.36716564192520035,0.3687183956254507,0.3668173960605133,0.3693506049255173,0.24605820652060642,0.32444317384005467,0.3244926531126914,0.3248889825141582,0.32438460653854095,0.3248498317209295,0.3606308899263792,0.357557417966623,0.3557012308259591,0.34577477666138523,0.35495544044691085,0.33812741468237273,0.3657186913720808,0.339666572197458,0.3406698688123428,0.34624450920500716,0.32172644866931555,0.32804285422525414
nerthus_bowel_cleansing_quality,0.10580362620372448,0.10490389523073393,0.10866370657755572,0.12153316474881767,0.15176801396314255,0.2692940013167465,0.35509800919801426,0.0,0.28083767125299824,0.2746055664581699,0.20022566577695758,0.18887761281634924,0.17198333689013875,0.16627143342314782,0.30032629516491044,0.3210554335455071,0.08291256767737454,0.0729735570607497,0.042149028516186945,0.07558721386856056,0.08839520191365327,0.08838368295391758,0.0883775901617715,0.08864331353945655,0.08864818529855933,0.08841352466643418,0.0883788141612317,0.17622890463288673,0.10807031942685132,0.1861210001015836,0.3150089574790548,0.2842734056906926,0.22134238011773855,0.14099123835691585,0.13946566712183403,0.14179728118377471,0.1390129920311713,0.14214845695818915,0.13931949712485764,0.1384965896917724,0.14282416128316633,0.14208242206958763,0.14022758659916948,0.1376271317650158,0.13956699973242145,0.14391547924682885,0.1753415672149146,0.17480133361713257,0.17517664005302516,0.2474166318748896,0.25338176147277097,0.17753001657915735,0.14516014487007017,0.25368050984918344,0.25368578472119063,0.25390783549785384,0.25327729102115903,0.11226705718347671,0.11024251683881663,0.10943279087536154,0.22287850700418893,0.32836329277089227,0.17794731980562337,0.13004128148192692,0.1573721792272248,0.1490788484181594,0.16197934553945403,0.14787276197633786,0.15704044182897417,0.19809131281913583,0.21551899709537256,0.10576189875137268,0.10967323574192354,0.10885414862165799,0.1210582788599934,0.3564869720909102,,0.27072804072838763,0.1727020858893089,0.2999565751365274,0.08211297581132333,0.07478190241010599,0.04258546065146803,0.07479599014405855,0.08839223620773576,0.08879730103639946,0.08822441097464728,0.08919428629639994,0.08899537136486976,0.08815971877488576,0.0888695154421292,0.108220601667727,0.3148013596972055,0.2188710379857218,0.1417773599937039,0.13966366292650642,0.14136472992428864,0.13922387985341872,0.14199551585856973,0.1392503810332636,0.13781637219455492,0.1422164376582001,0.14292404737754627,0.14099220293815787,0.1378415067040034,0.139812408484147,0.144050416066866,0.17510399839034985,0.17508824362887607,0.2430145194130383,0.255154280318427,0.25261680574837553,0.2539367857445069,0.2546050291531471,0.2530437100934285,0.11143808737621597,0.1109665084600362,0.10904729459193815,0.17755764670251678,0.12955667683002975,0.15762897129476933,0.14854692511121287,0.16217093180775732,0.14911939724797374,0.1564645314566948,0.19857671884516404,0.21389604416922264
stanford_dogs_image_categorization,0.24989120093808376,0.266575681308618,0.2551319605001827,0.26673175404210153,0.23445845660471168,0.19361698903615537,0.258772277165053,0.28083767125299824,0.0,0.2505004051640511,0.12650500401155626,0.1298439133785797,0.19491270703594277,0.18669180161573898,0.2716247856795878,0.2759629948929358,0.2556001635590409,0.26080746213727735,0.2782004542247636,0.28528565782304005,0.27232779835334614,0.2729715782923057,0.27255587691525796,0.2719955398436575,0.2723762766755532,0.27226544187302104,0.2728217911206355,0.21231534282809875,0.26749550228011243,0.2342567587053464,0.2584748403434624,0.22796048201296717,0.2566380852222156,0.2885918775507154,0.28681256951567624,0.28682760938773066,0.28856029037625874,0.28641256610028343,0.28782577330610737,0.28752483940339957,0.2869125387312154,0.2892201764279491,0.28671083585516366,0.28807730973021684,0.28584942769605726,0.2867283085997882,0.29156166333917893,0.2234587979516487,0.2951399592106234,0.22253550725250237,0.2791006766694344,0.313022921490546,0.2746825123513321,0.27902923611152536,0.27948575390390645,0.27963849560196774,0.2798748327124756,0.27929177875697214,0.2755489675975352,0.27581870583770957,0.23808580984731526,0.33124874593832565,0.26627681653988067,0.27637013086270645,0.2542332290615885,0.2877126270825463,0.25309869753378805,0.2591781728932141,0.26260819589850787,0.23887690209550538,0.27131469115117,0.24928477269344057,0.2630625177046306,0.2564955306400989,0.2683745150917829,0.2588182645456921,0.2805570313408926,0.2493332330808597,0.1955337263816843,0.27003190610618105,0.2553216509617696,0.25999780226379987,0.27890080595562017,0.28526796983032277,0.27216181879390333,0.27184748385901064,0.27366154841426454,0.2730185881160764,0.2735312536083623,0.27202366543973633,0.27159075213997286,0.27058503018892166,0.25908433344003695,0.2561121075748167,0.2895481436633088,0.28778917926614905,0.2869439543764737,0.2906662255269487,0.2853454961957149,0.28778057602784496,0.2861798850312705,0.28653860487905136,0.2899684412917328,0.2866022273143095,0.28820090370896567,0.2862297820931995,0.2877287837400541,0.2929822396695297,0.29491622579404,0.22195290867220097,0.2793105959413399,0.2789925736195209,0.2799570392717954,0.2793889893974594,0.279407723735124,0.27962503568636754,0.27605061414926874,0.2746045476667698,0.26657982035384575,0.27579306743036625,0.25446962728785083,0.2873044535087069,0.25248840102787073,0.25845071409764403,0.26156509337406664,0.23918379281404847,0.2708503333549126
svhn,0.2641617992186835,0.27131374794912344,0.2637061082919944,0.2728241044905729,0.2628744618446142,0.21563990619176637,0.23271441960191927,0.2746055664581699,0.2505004051640511,0.0,0.21811775651674276,0.21953372491666628,0.18829313390831282,0.17440567762774845,0.20022193820855283,0.20138393403272836,0.26045907544760577,0.26002174693166313,0.2725544929906918,0.28069081666524576,0.26802478105075633,0.2686145850277013,0.268178454825266,0.26759848188151986,0.26805943442058733,0.267950728953618,0.2684744172040813,0.24714574995849586,0.2682365898659257,0.2605945790714338,0.28226774647117003,0.2765209825789765,0.2844273397481779,0.2908371938784426,0.28740058471701135,0.2878073570667574,0.29010280790953824,0.28698470564718376,0.2895436645351239,0.28923662791933935,0.28776959789620793,0.2903182541599971,0.2874360157984278,0.2890179773762739,0.28642738299042475,0.287462636676418,0.2996388394490509,0.25661881947438264,0.30339658791299673,0.2530201029763644,0.30395867690844103,0.32081129338912406,0.287971076113011,0.30396504398526547,0.30430863723473417,0.30475477563766024,0.3042718398754084,0.2830288208608316,0.27968922007892405,0.27995192760808424,0.2639445441155056,0.3572764982938889,0.27619112875884594,0.2764986284833038,0.2694819751235303,0.28624950654519654,0.2718813147693411,0.2666174324137578,0.2757822545609947,0.27885365485076274,0.2953681763044971,0.2637839808209559,0.27073687900171517,0.2644816819024654,0.27366430785470297,0.2333319798132522,0.2743343575161497,,0.18693559007009905,0.20030498847371186,0.26015165907415416,0.2595131306183115,0.2732511786085753,0.2807795096847818,0.2678373834598355,0.2674593760716954,0.2685510851328975,0.2688345750864586,0.26880393709487316,0.26768951646584005,0.26751149327079055,0.2704943744915662,0.2824809848407891,0.2839941015724221,0.2914237676246396,0.2881528125769832,0.2873277150772263,0.2920147843108886,0.28562432904069124,0.2889491053615645,0.2879725726944562,0.2875435580637474,0.2909682418417479,0.28773635795611097,0.28952614228640333,0.2872448507124444,0.2881663114550702,0.30122797324233275,0.3028971258302975,0.2521450958850264,0.30466515223604934,0.30372609998854405,0.3043445808900661,0.3044933688334781,0.30409074089676114,0.28294842914141893,0.28014678766934,0.2788426835083874,0.27631473100932036,0.2764986697740572,0.27022093085810694,0.28580013820711647,0.27185368189085546,0.26609471377679994,0.2747134368973344,0.27898623654804977,0.29518525484703206
caltech101_object_classification,0.17658552304853048,0.18730962958958636,0.17784611935481584,0.19097141938999865,0.17582322237268316,0.18328653228931263,0.25948440669922945,0.20022566577695758,0.12650500401155626,0.21811775651674276,0.0,0.0377108980833951,0.12645304710766125,0.112132502712562,0.23559723336202198,0.2467682559842364,0.1776204211735482,0.18011824648284938,0.19734156514509854,0.20342590936834742,0.18997225479996824,0.19061062836153447,0.19014615149726016,0.189502102631804,0.19006033491148155,0.18987653727699105,0.1904579244481011,0.1611621979666538,0.1889631068448584,0.1877904462406384,0.2408159501313729,0.21712241491019763,0.20832235257670448,0.21327725259093494,0.21220089186839455,0.21313728183725417,0.21335115832138601,0.21283629695144982,0.21252485650852293,0.21252656590905444,0.213646374507101,0.21491105173319117,0.21221817735099197,0.21263163760084705,0.2112181438514221,0.21345123223365503,0.22584696069251164,0.1715747694161598,0.22838456867376722,0.196830603299792,0.23693571281486236,0.24558322320102594,0.19928883127101102,0.2370888810221669,0.23733229423338484,0.23752978334432917,0.23765889944779903,0.20019135593589887,0.19652147527193808,0.19677766197270058,0.1988178598821863,0.3012316297670393,0.19246002327580378,0.19674332166174952,0.18155222909343957,0.20764496314231604,0.17615713156889,0.17736721327175875,0.18552184466875538,0.1871573027674526,0.2238969882276989,0.17628363187452578,0.18524709378482307,0.17943411719315353,0.19231532775912763,0.25991303908769336,0.1999076523950044,0.2157822852849235,0.12739414516565262,0.23447779828100213,0.17748077598454556,0.17935093713216282,0.19794100193954833,0.2033750787359672,0.18967766337131853,0.18952769984339196,0.19141012517258765,0.19080890031671344,0.19112457246729628,0.18991855106310768,0.18925223644859662,0.19196707068510288,0.2410479729886458,0.20694844278149765,0.21443198186023316,0.2134427754852921,0.21304890996659331,0.21536594895743677,0.2118558760205475,0.21229644175187495,0.210951779149733,0.21294149427209202,0.2157644652662447,0.2125700126588934,0.2126991889144385,0.21163791781255725,0.21460750850840746,0.2269056308533004,0.22819591419290458,0.19483725775624644,0.23785002334243469,0.23671640549803905,0.23750703962763253,0.2375991726224584,0.237382127308618,0.2003532693427546,0.19702618447613482,0.1955595147119219,0.19263729762549858,0.195717185615906,0.181534894537249,0.2071317477752421,0.17580166975631478,0.17751194755127175,0.18467148049245796,0.18743739492124467,0.22319118140902183
caltech256_object_classification,0.17000518443254492,0.17788451975335023,0.1690630869732281,0.18216190576708938,0.1720491003816862,0.18552013129886638,0.26608953796921525,0.18887761281634924,0.1298439133785797,0.21953372491666628,0.0377108980833951,0.0,0.12081831850611208,0.10602715901567583,0.23765830052988954,0.2505422191132963,0.16943034163617166,0.17192212729913137,0.18712801549515512,0.1925767535488814,0.17981567286565522,0.18045741250644365,0.17994603479383714,0.1793802402410445,0.1798801210952813,0.17971941865238064,0.18032152624940082,0.1573244947415209,0.17869516060247675,0.18411119608123314,0.24211871595523735,0.21873928126145054,0.20365675836088604,0.20335798952177875,0.20232004996922798,0.2033783570308505,0.20343520712707058,0.20320051311524112,0.2025382404768015,0.2025689741178251,0.20407577842384583,0.20507637103363552,0.2024022402447489,0.20264035671439465,0.20167753280372958,0.20381520968667405,0.2157880007335259,0.16888156564978332,0.21825650833531712,0.1974433990475192,0.23202607809724307,0.23567080824305459,0.1899849953209151,0.23223406014009879,0.23239981608148305,0.23255044533703362,0.23266033501111996,0.1908461359595824,0.18748700696937182,0.1879856476840966,0.19672994874432434,0.2971124432437481,0.18293119443470973,0.1851999993218238,0.16954966158154502,0.19883871738091802,0.1640478406463867,0.16628878531645186,0.17349919578590928,0.1826994288943871,0.2172060914013815,0.16978029941469977,0.17568001706697262,0.1706571996988872,0.18328766242242234,0.26649980220646124,0.18853699256427603,0.21697936524781158,0.1215633804761822,0.23655985238196173,0.16936877501843592,0.17131590152246787,0.18770045345461717,0.1926103759676838,0.1794918511978723,0.17943662990269735,0.1811184026711613,0.18061819876224572,0.18091021755748599,0.17978609617207808,0.17907863902141913,0.18164436338180828,0.2423176809138189,0.20228019460539265,0.2044846955259691,0.20351422797134766,0.20322758945744884,0.20531312405348803,0.20225294703668403,0.20242668362247201,0.20103927122244059,0.20329948806196582,0.20592828243653705,0.20274958718498562,0.20275357940101904,0.20203994857379726,0.20495886931567445,0.2168510612417604,0.21797781014683987,0.19539986100535855,0.23293506724162077,0.23184731867507508,0.23258480190442038,0.2327566104670366,0.23241466333155,0.19106920770563007,0.18797186530141324,0.18683626600463146,0.1832383486338397,0.1840165483011707,0.16948507082540357,0.19831859075708713,0.163655926110353,0.16656369284746675,0.17244588819814985,0.18297977589372605,0.2164730898567133
cifar10_object_classification,0.16242255048910575,0.16531584375330613,0.15987123811400647,0.17324228546635073,0.17352234053444504,0.22262693988968363,0.28705506916446033,0.17198333689013875,0.19491270703594277,0.18829313390831282,0.12645304710766125,0.12081831850611208,0.0,0.042763087035282935,0.23079231919058643,0.24735236405996633,0.15960992431688692,0.15971126043118533,0.16974951138370392,0.17300927423279522,0.16220658980480449,0.16272898195726448,0.16221569127848628,0.16209001646263405,0.1621280095468253,0.16213311773809663,0.16252913846642497,0.16974537605940243,0.1664427570054497,0.18139097089430556,0.2719924427115196,0.24774770257523065,0.22605065729165125,0.19013045577076196,0.18805979862056213,0.18985552015805532,0.18924009337187625,0.1896239475633461,0.18882781890314096,0.18810482915424465,0.19093541715335838,0.19180274345579057,0.1889441724655484,0.18807075061829331,0.1880200565069329,0.1912283652117256,0.21515057964861867,0.17496352046683347,0.21657685518272665,0.2230312607059503,0.2520779629105404,0.22450240910135444,0.1882104567051829,0.2523047035468027,0.2523047242354952,0.252542186738951,0.25248827503159593,0.17839578750269922,0.17661352413257542,0.17711725419982205,0.20187025059326769,0.3203906716171435,0.1949677060399727,0.17940852982191544,0.1790735086112662,0.19266319556026007,0.1785793933814387,0.17310616057040457,0.182739466137851,0.19700708638317888,0.22835597826543597,0.16210796630484978,0.16617542503729285,0.16101370386082564,0.17367988989066319,0.2876482869097462,0.1716372168820648,0.18471691620656466,,0.2306517761610329,0.15922210019646035,0.15924390715250294,0.1703625442995684,0.17308108485998996,0.16195061109704084,0.16184669727922216,0.1631282013870225,0.1630093013173922,0.1629764917879053,0.1622078165163861,0.16172341758927464,0.16860770725360796,0.27186471907190546,0.22441176876723395,0.19116754347084225,0.18889959206949375,0.18993359936821183,0.1905899431494657,0.1886603751425721,0.18867259063388203,0.18708073983879356,0.19015096786861135,0.1926281449317078,0.18941315668806785,0.1881605967737058,0.1879917874042435,0.19217485036217188,0.21593548390888373,0.2164565979554432,0.220482357083086,0.2532589741812974,0.25175145434105883,0.25240360962574016,0.25294718480698947,0.25236386894966545,0.17822013121343872,0.1771232620425694,0.17627780100891172,0.1951201731835893,0.17865294545309035,0.1793297395530528,0.19198063453939457,0.1786161650940505,0.17385484042074423,0.18189925131967208,0.19739176717386442,0.2270312567654999
cifar100_object_classification,0.15487945431888306,0.15928076092072288,0.15340159418116553,0.1670179500178232,0.1623055483772039,0.2049374886845548,0.26945114208850485,0.16627143342314782,0.18669180161573898,0.17440567762774845,0.112132502712562,0.10602715901567583,0.042763087035282935,0.0,0.22004814562668273,0.23535467837553325,0.15221006167230522,0.15184656364163315,0.16386246675443622,0.16811922015594782,0.15643932686979095,0.1569683891097292,0.15647149860868623,0.15624558210644435,0.15636997110772377,0.15633818422294254,0.1568215090554532,0.15509393468611593,0.16003734636777164,0.1692847666342101,0.25330791831787247,0.23452564851362662,0.21286526788727406,0.18297043644874134,0.1808128421212002,0.18227713318966665,0.18227570592489942,0.18192443841303155,0.18169989139947862,0.18118545485060183,0.18300620158978548,0.18433072991495503,0.18154571810337428,0.18111644723410966,0.17986472191245867,0.1832585755667544,0.2073232274544886,0.16234010313810765,0.20899804155214008,0.20658095300013135,0.2418174576821282,0.2186615012013679,0.18102324477969856,0.24211025426480354,0.2421468974191775,0.24243102614691647,0.2422956822382732,0.171248263489447,0.1683315512962154,0.16871709817691427,0.19249721030436207,0.3110664990750409,0.18497683661358943,0.1722196074108016,0.1727283043692458,0.18610313381857269,0.17084608423165976,0.1647886134185354,0.1756645599809235,0.18623907594590733,0.2187996345167847,0.15459331820399416,0.16007099707741104,0.15461925013431388,0.16770552182255494,0.27011907803770024,0.1659709875931991,0.17080327701293754,0.0446469701265024,0.21948649126256556,0.15197258875198427,0.15139208905258916,0.16444028404157982,0.16824567138775381,0.15612454161275546,0.15598339127086014,0.15733932822078905,0.1573156175426702,0.15728086320389115,0.15621385160547993,0.15579167222696497,0.16256977383925153,0.2531245831804726,0.2110473090822409,0.1838596560846105,0.18180979830116872,0.1822049994363935,0.1837396984989424,0.18081095237266598,0.18144517113074757,0.18005900149680337,0.18235034267393652,0.1851237308281654,0.18192188225330427,0.18132304670818455,0.18023115738995027,0.18430460752267552,0.20808277591813434,0.20873602468637942,0.20390389332673087,0.243036169307866,0.24148054420147425,0.24232654001840803,0.24272613162772316,0.24203454489946807,0.17109027820514128,0.16888024949112473,0.16778247847296965,0.18519030925667684,0.17162170924632092,0.17303867789851218,0.18537158121393207,0.17080706685807712,0.1654039273249116,0.17486588379163978,0.18667268966479678,0.21752139543791227
