,lapgyn4_anatomical_structures,lapgyn4_surgical_actions,lapgyn4_instrument_count,lapgyn4_anatomical_actions,sklin2_skin_lesions,identify_nbi_infframes,laryngeal_tissues,nerthus_bowel_cleansing_quality,stanford_dogs_image_categorization,svhn,caltech101_object_classification,caltech256_object_classification,cifar10_object_classification,cifar100_object_classification,mnist_digit_classification,emnist_digit_classification,hyperkvasir_anatomical-landmarks,hyperkvasir_pathological-findings,hyperkvasir_quality-of-mucosal-views,hyperkvasir_therapeutic-interventions,cholec80_grasper_presence,cholec80_bipolar_presence,cholec80_hook_presence,cholec80_scissors_presence,cholec80_clipper_presence,cholec80_irrigator_presence,cholec80_specimenbag_presence,derm7pt_skin_lesions,idle_action_recognition,barretts_esophagus_diagnosis,brain_tumor_classification,mednode_melanoma_classification,brain_tumor_type_classification,chexpert_enlarged_cardiomediastinum,chexpert_cardiomegaly,chexpert_lung_opacity,chexpert_lung_lesion,chexpert_edema,chexpert_consolidation,chexpert_pneumonia,chexpert_atelectasis,chexpert_pneumothorax,chexpert_pleural_effusion,chexpert_pleural_other,chexpert_fracture,chexpert_support_devices,pneumonia_classification,ph2-melanocytic-lesions-classification,covid_xray_classification,isic20_melanoma_classification,deep_drid_dr_level,shenzen_chest_xray_tuberculosis,crawled_covid_ct_classification,deep_drid_quality,deep_drid_clarity,deep_drid_field,deep_drid_artifact,kvasir_capsule_anatomy,kvasir_capsule_content,kvasir_capsule_pathologies,breast_cancer_classification_v2,eye_condition_classification,mura_xr_wrist,mura_xr_shoulder,mura_xr_humerus,mura_xr_hand,mura_xr_forearm,mura_xr_finger,mura_xr_elbow,bean_plant_disease_classification,aptos19_blindness_detection,lapgyn4_anatomical_structures --shrink_train 800,lapgyn4_surgical_actions --shrink_train 800,lapgyn4_instrument_count --shrink_train 800,lapgyn4_anatomical_actions --shrink_train 800,laryngeal_tissues --shrink_train 800,nerthus_bowel_cleansing_quality --shrink_train 800,svhn --shrink_train 800,cifar10_object_classification --shrink_train 800,mnist_digit_classification --shrink_train 800,hyperkvasir_anatomical-landmarks --shrink_train 800,hyperkvasir_pathological-findings --shrink_train 800,hyperkvasir_quality-of-mucosal-views --shrink_train 800,hyperkvasir_therapeutic-interventions --shrink_train 800,cholec80_grasper_presence --shrink_train 800,cholec80_bipolar_presence --shrink_train 800,cholec80_hook_presence --shrink_train 800,cholec80_scissors_presence --shrink_train 800,cholec80_clipper_presence --shrink_train 800,cholec80_irrigator_presence --shrink_train 800,cholec80_specimenbag_presence --shrink_train 800,idle_action_recognition --shrink_train 800,brain_tumor_classification --shrink_train 800,brain_tumor_type_classification --shrink_train 800,chexpert_enlarged_cardiomediastinum --shrink_train 800,chexpert_cardiomegaly --shrink_train 800,chexpert_lung_opacity --shrink_train 800,chexpert_lung_lesion --shrink_train 800,chexpert_edema --shrink_train 800,chexpert_consolidation --shrink_train 800,chexpert_pneumonia --shrink_train 800,chexpert_atelectasis --shrink_train 800,chexpert_pneumothorax --shrink_train 800,chexpert_pleural_effusion --shrink_train 800,chexpert_pleural_other --shrink_train 800,chexpert_fracture --shrink_train 800,chexpert_support_devices --shrink_train 800,pneumonia_classification --shrink_train 800,covid_xray_classification --shrink_train 800,isic20_melanoma_classification --shrink_train 800,deep_drid_dr_level --shrink_train 800,deep_drid_quality --shrink_train 800,deep_drid_clarity --shrink_train 800,deep_drid_field --shrink_train 800,deep_drid_artifact --shrink_train 800,kvasir_capsule_anatomy --shrink_train 800,kvasir_capsule_content --shrink_train 800,kvasir_capsule_pathologies --shrink_train 800,mura_xr_wrist --shrink_train 800,mura_xr_shoulder --shrink_train 800,mura_xr_humerus --shrink_train 800,mura_xr_hand --shrink_train 800,mura_xr_forearm --shrink_train 800,mura_xr_finger --shrink_train 800,mura_xr_elbow --shrink_train 800,bean_plant_disease_classification --shrink_train 800,aptos19_blindness_detection --shrink_train 800
lapgyn4_anatomical_structures,0.0,0.0006530462707785725,0.0006497105407368255,0.0008991717254376499,0.0016134466802069113,0.0030104690088464305,0.004498469035978121,0.001205066147678513,0.0030222665880741384,0.0034616216805511556,0.0020422606648472464,0.0019498236988679924,0.0018938771608498317,0.0017965357679675118,0.003823957444844126,0.004107031299293644,0.0009654199783140078,0.000894341233606292,0.0011111910917204558,0.001167205556524908,0.0008238942911255403,0.0008274596847927379,0.0008272186748460916,0.0008212777821490597,0.0008232855346480808,0.000822589833088853,0.0008221278576982133,0.0018354196059685844,0.0014134253184243696,0.0019907506619199966,0.0038434198180019425,0.0033185969447039393,0.0027132471349767514,0.0016571851567114529,0.001674712253897708,0.0017131705971462554,0.0016455941496186341,0.0017252730820589376,0.001648494526102801,0.0016441414857666875,0.0017250227784494448,0.0017047682214823127,0.0016832053468166215,0.0016259646143469654,0.0016424009723384385,0.0017406436732903645,0.0020690497540470218,0.0018928434645402385,0.0020776327481961945,0.002832580131890471,0.0031749537407922256,0.002159069461256316,0.0018192782458140554,0.003179590289323727,0.003178179844424682,0.0031819625396422085,0.0031792876069614757,0.0015620849797634666,0.001541706871545809,0.0015354752938566162,0.002602480153580486,0.004495600986703461,0.0021601492261667447,0.0015748384479052496,0.0019110099948834447,0.0018316927400740819,0.001913439930968831,0.0017369085774836715,0.001922524109130633,0.0021532289962045256,0.002624494953847428,,0.0006968881735180063,0.0006486766217370225,0.0009111340024251741,0.00451673327538475,0.0012047539983206174,0.003405435581187671,0.0019080094451871458,0.003808702228467278,0.0009561328757889097,0.0008878161881313228,0.0011200365787743891,0.001162291297448962,0.0008293707271867359,0.0008271917948296959,0.0008319898800108285,0.0008405668856417844,0.0008366423896439084,0.0008179725211112194,0.0008277900853756746,0.0014266458310116157,0.003839785402998489,0.002677945742381045,0.0016717713276810054,0.0016819937329272505,0.0017101329030063724,0.001651843664023297,0.0017168188738588784,0.0016453096806948902,0.0016274906303578968,0.0017153638643832322,0.0017208290618369792,0.0016921804390381367,0.001626564452609822,0.001649744441422081,0.0017487514645061863,0.0020716367495757144,0.0020738924533793236,0.0027628041787971787,0.0031983563252107427,0.0031660995169661647,0.003183161622448004,0.0031915842805663635,0.00317362467934858,0.0015546670496726193,0.0015521377230372762,0.0015307996877997427,0.0021559316558290133,0.0015738092878578407,0.0019127583871061725,0.0018198532184207402,0.0019148219464318068,0.0017500758242032434,0.0019183156210449592,0.0021598982242454403,0.002602505218089566
lapgyn4_surgical_actions,0.0006530462707785725,0.0,0.00040162179432183445,0.0005097231439360145,0.0017370805592420947,0.0032188130436078175,0.004717543388469382,0.0011786821916234722,0.003219192970436817,0.003539369367966515,0.002161462682419209,0.002034887922312034,0.001918083511823004,0.001836132901014391,0.003874810850507414,0.004207164193340776,0.0010165627916591275,0.0009565955490957764,0.001070667279778018,0.001070293468864019,0.0006596324624416835,0.0006621457681106872,0.0006596230175110118,0.00065686238381038,0.0006577447331728316,0.000660003617561254,0.0006557027047017312,0.0019777409564626317,0.0013167813758100757,0.0021105509976756904,0.004032663163405432,0.0035765619982638464,0.0027863043029570786,0.0016101879352608114,0.001621806106882286,0.0016603061691357072,0.0015985494790018823,0.0016709426319187737,0.0015976704537858512,0.0015944704929900131,0.0016776056756645646,0.0016493427575414135,0.0016306605712845335,0.001577351189786808,0.0015943688656566224,0.001688847427049437,0.0020682418280526136,0.002012474092901152,0.0020668348566709603,0.0030640026033085365,0.0033344022997237144,0.0020899472309053,0.0018017987488770186,0.0033384023138144764,0.003338150143615085,0.003339840281600036,0.00333695861740288,0.0015182832949807907,0.001512994267072859,0.0015097022684462309,0.0027147819553411936,0.004646457911377308,0.0020848323891913888,0.00149992087152064,0.001879190841890826,0.0017357681459165167,0.001831828528344887,0.0016743258127628739,0.0018401264938962805,0.0022464341584678246,0.0027593300316372726,0.0006612668698995542,,0.0003903061824432661,0.0005035032401352049,0.00473553652006661,0.0011770118289252617,0.003478915576008705,0.0019321802875964186,0.003861160219430798,0.0010142347692946997,0.0009528411716233485,0.0010760838009553147,0.0010659356595892596,0.000668470093349438,0.0006653911624195617,0.0006609657528214087,0.0006753599847970428,0.0006540824039245691,0.0006527122023103047,0.0006708544799569182,0.0013208482676124538,0.004030010169990388,0.0027536199794238117,0.00162310962843947,0.0016241936223025336,0.001653011475133521,0.0015987530976315585,0.0016651542190585149,0.0015985130737273174,0.0015828674121012246,0.0016665710422564066,0.0016612185775034137,0.0016432313096471573,0.0015802206007060834,0.0015959274440664455,0.0016951585037820356,0.0020689783884555385,0.002068290546780523,0.0029943053016470845,0.0033592661685763973,0.003324298778531685,0.003343431636689942,0.0033502656946832908,0.003332979139373881,0.0015096384229428936,0.0015217245447941207,0.0015087787455459307,0.002080484123422292,0.0014926616826657206,0.0018765242565477584,0.0017253567880547304,0.0018363116603654886,0.0016899271336069358,0.0018367190783832926,0.002254684121928895,0.002734520466364481
lapgyn4_instrument_count,0.0006497105407368255,0.00040162179432183445,0.0,0.0004307906868096842,0.0016770477913919156,0.003106806731074746,0.004599860766581651,0.001221385510502911,0.003090755867334511,0.003451817207059682,0.002055018727421858,0.0019358830338453595,0.0018574032559004925,0.0017719569005469082,0.003817744453564089,0.004122308404709682,0.0010318160144735002,0.000969997344898969,0.0011342597061963508,0.001179839086316105,0.0006493511637755068,0.0006536903071124189,0.000647947463407781,0.0006437942577167326,0.0006465806444762404,0.0006481274800083311,0.0006452682361618438,0.0019210019265382219,0.0013986030238863326,0.0021209910746927112,0.003942678514053409,0.0034519501519713735,0.0027256135919185233,0.0016804031742031489,0.0016914391669633666,0.0017275765074702067,0.0016653072572656302,0.0017388587539636402,0.001666789874174816,0.0016620649993612396,0.0017444612920186884,0.0017198551944729423,0.0016984987270802238,0.001643396308110342,0.0016636081455303972,0.0017537064709372096,0.0020942520227698585,0.001969257475092129,0.0020989158205111766,0.002971800577336721,0.0032573899853123728,0.002161643723010964,0.0018385059242917471,0.0032607817682157236,0.003260901841592268,0.0032630023410544036,0.0032598757749072805,0.0015338620289265413,0.0015396336322541734,0.0015391052929479418,0.0026883624229633706,0.004573696883890289,0.002080662869457011,0.0015443456773091028,0.0018569174528120177,0.0017871337389814496,0.0018158507287771297,0.0016791745675672225,0.0018291354472402327,0.0022320617106270798,0.0027133280438589244,0.0006561981440687763,0.00040877200966560914,,0.0004510633597314178,0.0046165615516222825,0.0012189433583969416,0.003393171606335544,0.0018731154814106731,0.003803229154591201,0.0010259466727630868,0.0009624794857475735,0.0011430726947050177,0.0011756555709628146,0.0006599645095423797,0.000652596262652937,0.0006592774579271343,0.0006604221301617508,0.0006451364178337511,0.0006368301457939114,0.0006569046367419295,0.0014095371279012063,0.003940199813798329,0.0026915659854595086,0.001695953427558037,0.0016949562775995172,0.0017204205491009711,0.001670593635346662,0.0017315280221753976,0.001666506760075639,0.00164955940462537,0.001733404912390235,0.0017325027447569394,0.0017090808003830664,0.0016477790919083753,0.0016684765419657196,0.0017625014878697833,0.002098638216483099,0.002099848071784189,0.0029047290050153375,0.0032824438996676853,0.0032472619756579927,0.0032662000028958506,0.0032728889455858126,0.0032552742785249937,0.0015280359129817408,0.001545710128473017,0.0015365296738378078,0.0020766865537023933,0.0015375248270030856,0.0018555757607991393,0.001775966709057763,0.0018197746399691017,0.001690117845013622,0.0018246129615000829,0.0022392022180365238,0.00268936439794869
lapgyn4_anatomical_actions,0.0008991717254376499,0.0005097231439360145,0.0004307906868096842,0.0,0.0018627836789446974,0.003251952776437645,0.004727913479487185,0.0013750806908708864,0.0032240281536618696,0.0035582092254636114,0.002208832988636165,0.002088804101429741,0.002014446486748706,0.0019305491691000787,0.003908749096275102,0.004231969572115674,0.0012383210396808549,0.0011876361581667117,0.0012892560806418369,0.0013241858136430035,0.0008595113657747491,0.0008636189823548422,0.0008574187447198288,0.0008552118953720739,0.0008576594625486247,0.0008599306618518553,0.0008562659504240113,0.0021022780547095073,0.0014739544790200695,0.0022849911743465057,0.004089090005703486,0.0036330091985090304,0.0028612543674100743,0.001817048434903941,0.0018266153011570808,0.0018579590492289113,0.0018057781323974962,0.0018670220960454271,0.0018034856564782026,0.0018022673554053243,0.00187470563739946,0.0018515161397035912,0.001831966000988834,0.0017837936838245474,0.0017993792563970362,0.0018794088120526503,0.00225379671548732,0.0021230648343399878,0.0022552614694677994,0.0031393139632287406,0.003443061895491082,0.0022583884271500138,0.001990201340313389,0.00344706111848506,0.003446822796627045,0.0034485218463898753,0.003445840404141494,0.0016807334135968766,0.001687369109434306,0.0016855206248517843,0.0028377356647486833,0.004735737395115302,0.0021845732336154035,0.0016927776188202823,0.001999726260450657,0.001865756826313291,0.0019205473064873423,0.0017854238165462169,0.001944152629163083,0.0023877733880389635,0.002888396117542004,0.0009015647857956645,0.0005206958455256263,0.00042710090556042057,,0.004745897956951856,0.0013725961596725478,0.0034999431934421388,0.002029576584511898,0.0038961300332639886,0.0012332115341251735,0.0011822634974570135,0.0012971449335286399,0.001319246082984544,0.0008719789519230187,0.0008651617416426888,0.0008632590977064909,0.000874045392583511,0.0008478577492580976,0.0008505447032505266,0.0008666372727038102,0.0014815733521633084,0.004086832278004687,0.0028284537267766526,0.0018303695903247339,0.00182816913522852,0.0018502675041772994,0.001809033477858621,0.0018611126009648723,0.0018044519586154699,0.001790158498857339,0.001864978432246025,0.0018609179088102089,0.0018428177981545453,0.001788776220596242,0.001802456991467869,0.0018884466310708221,0.002256331586319053,0.002256324049345798,0.003075047547272519,0.0034675500283471885,0.0034331052571240153,0.003452223606030244,0.003457530185749361,0.0034413826741734954,0.0016741696751758155,0.0016937158483371355,0.0016842011409332002,0.0021811299296202796,0.0016831319517167404,0.0019958944066478905,0.001856131129748941,0.0019261560629418174,0.0017971546749964273,0.0019407334029273018,0.002396252613181878,0.002865948212597175
sklin2_skin_lesions,0.0016134466802069113,0.0017370805592420947,0.0016770477913919156,0.0018627836789446974,0.0,0.002808376235902169,0.004296761438270897,0.0017914138147522435,0.0028941571979017363,0.0034901327722570157,0.002098279696879611,0.0020446445342815365,0.0020885800135490504,0.001952103518770617,0.0038840474769187717,0.004137523152600589,0.0014183588881524101,0.0014622431413140807,0.0017648949610824124,0.0018229411445578032,0.0016424242733829746,0.001648893171305739,0.0016450252834476764,0.0016428082309469592,0.0016439814488041398,0.0016444337023536863,0.0016473300805405233,0.0013425805306406845,0.0019248215787101989,0.001927170418782237,0.0037493183040479463,0.002793054771155706,0.002892495048597521,0.002107126902163585,0.002125980906144848,0.0021630875795589665,0.0020910076936140557,0.00217603742676507,0.002096164569373408,0.002085744304908409,0.0021792351767348462,0.002168330980997602,0.0021320157417986114,0.0020540332691600057,0.002109278250791685,0.0021933802583619273,0.0025261394782485694,0.0011960068031628137,0.0025485100589084466,0.002172204967514851,0.002950013318858371,0.0026054476526378304,0.002191674644698819,0.0029568989943753016,0.002959823239788683,0.002961684812564944,0.0029608820545637187,0.0018281056677814976,0.0017560721950788648,0.0017558390648993484,0.0025192259448591,0.004343147968081369,0.002551897713754331,0.002069064388109395,0.002254734467240271,0.002397351207945681,0.0022855679113403,0.002227596034628284,0.002280231478124272,0.0023730283519844404,0.0024198520711630196,0.0016098718132595505,0.001725579808967897,0.0016860092276631807,0.0018709221245121407,0.004312486375786034,0.001787558105618509,0.0034381674244886662,0.0020912296544302617,0.0038689395103786006,0.001415077784010094,0.0014537905846226684,0.001777297848555801,0.0018229684582511097,0.001638577026608549,0.0016422429485602528,0.0016529735585674755,0.0016578117265585528,0.0016602227937945312,0.0016384141287134934,0.0016416975014189837,0.0019520240305576394,0.0037486217472522143,0.0028535209918203355,0.0021263077101313053,0.002133922616426758,0.002157989990443924,0.002100650325228481,0.002163190277131466,0.0020946707862989646,0.0020730942573921,0.00217144448479931,0.0021847961415847857,0.0021416072915726066,0.00205346242288856,0.002124944214898071,0.002202947777049948,0.0025376358012950814,0.002545911512186166,0.0021223136973538576,0.0029678950772071863,0.0029450878792068105,0.002966277589969855,0.0029644411906308635,0.002954222322349875,0.0018219217642749873,0.0017583400390907564,0.0017482902854373034,0.0025518834830543027,0.002064985139431764,0.0022572274282750032,0.002384308411784633,0.002283407535545264,0.0022337431912432364,0.0022679485853855253,0.0023782493484247086,0.002397041837160517
identify_nbi_infframes,0.0030104690088464305,0.0032188130436078175,0.003106806731074746,0.003251952776437645,0.002808376235902169,0.0,0.002890233632520668,0.0033671102842695905,0.0025327676518055614,0.0029399236710623057,0.00238569202912634,0.00241578651837007,0.002865664919889565,0.0026507082353920187,0.003770990425315731,0.0038958959259062817,0.003010237281682759,0.003074143936405568,0.0033292438679654243,0.0034140217156712377,0.003220659757706072,0.003228974108956249,0.0032257888675841207,0.0032149214967825065,0.0032229993899181085,0.00321902079263634,0.00322897247137321,0.002548422150430444,0.003173686134267561,0.0026360534680126215,0.0033076793227134606,0.002989068338235439,0.0034018960022914467,0.003495297798461104,0.0034553505167685484,0.003455641709111287,0.003491075426863237,0.00345066166464935,0.0034821765110493656,0.003477933014564346,0.003457997086365054,0.003499182779348352,0.0034539270430388822,0.0034696230596259064,0.003457450373701864,0.0034576382566877577,0.00358737860729514,0.002582037444703163,0.0036511183398283695,0.0024945663654373385,0.0037111083410968863,0.003925358533967958,0.003471774874051808,0.003712453332152859,0.003718254375346574,0.0037219111260903687,0.0037266697309710235,0.0034771388420169282,0.0034429696338312064,0.0034431736788728576,0.002616481688901575,0.004812656371087368,0.0034186750087882335,0.0033694825174011857,0.0031739592446081155,0.0035890973135471746,0.0031937384134478005,0.0032675784620070088,0.0032895630285825167,0.003088944597991048,0.003431231734349609,0.0030026514053768903,0.003166876081216576,0.003123207904373537,0.003269470115001943,0.002898828550784572,0.0033636925915322916,0.0029317580120156316,0.002859445677517737,0.0037529490665329213,0.003001199918942889,0.0030639084919191722,0.003341207082644078,0.003410830946001482,0.0032177275139073456,0.0032131116271641703,0.0032339498364757514,0.00322892622824149,0.0032341547766383946,0.0032157286256174504,0.00320993093730509,0.0032059839597374656,0.0033159018727323864,0.0033920661250605015,0.003505730525840143,0.003468969880553206,0.003456435429793756,0.0035274221157054197,0.0034246404615693,0.003469383999981904,0.003457798418798069,0.0034545229659000815,0.0035092703837975216,0.003453845027638973,0.003477188570347514,0.0034727861143207554,0.00346856792375171,0.0036115557595166473,0.0036447869489380385,0.002464847938174589,0.0037206051073922063,0.0037096877402985375,0.0037187455115172234,0.0037164105049681886,0.003719940058207986,0.0034832389149843847,0.0034485337454055547,0.0034259607470580973,0.0034248569267579807,0.0033664503727029033,0.0031784359907747156,0.0035826663764295472,0.003190554021607559,0.003253324202730484,0.003278436000003257,0.0030928346335061326,0.0034237600128397437
laryngeal_tissues,0.004498469035978121,0.004717543388469382,0.004599860766581651,0.004727913479487185,0.004296761438270897,0.002890233632520668,0.0,0.004822767189103407,0.00371011599049428,0.003342942010065867,0.0037229043340091857,0.0038077806796924557,0.004054890714004326,0.003839537075046853,0.004385679118345113,0.004350676044021613,0.004595117311006281,0.0046151751691990124,0.004821526947474787,0.0049411079706058025,0.004720576418778372,0.004730238871836019,0.004724275700826126,0.004715831096914115,0.0047221426897758306,0.004718673657598534,0.004727001100281719,0.003966852749674045,0.004659481398953495,0.0042719383991684096,0.004241757277525387,0.0041096637095253555,0.004613514390240819,0.005083529187008618,0.005062821142533081,0.0050665755983343615,0.005083387273884855,0.005059593461246688,0.005073048801816936,0.0050749109711631995,0.005063396268065779,0.005093734295295563,0.005060054776293187,0.005067154383376715,0.005032523351643999,0.005061936553952847,0.005102227882654159,0.0041360985603995015,0.005162456418759009,0.0035372704237427045,0.0046154209453535796,0.0054896967277984965,0.004937301709878984,0.00461746417153691,0.004623363479858646,0.0046258041029502706,0.0046300366297524495,0.0049202955776657,0.004880045356134488,0.004878289910695441,0.004110950227533458,0.0053517677097443365,0.004794360686016774,0.004879460038652268,0.004700054087581288,0.005024433178178817,0.00471876413525534,0.004715065310916691,0.0048009512092639026,0.0045106586216763535,0.004599399872770206,0.004492165342196472,0.004708432975165697,0.004614489983232118,0.0047430742623425,,0.004817780435606309,0.0033783478530483232,0.004044727217661878,0.004374101189191058,0.004588364131330786,0.004606351328128283,0.004832462128352359,0.004936785635617371,0.004718996055413293,0.004711707624510763,0.0047318195971253535,0.004728529264481701,0.004731861295235893,0.004714892428491225,0.004711158235372013,0.00469282955012208,0.004249995970117611,0.0046074466954445096,0.005090090478569441,0.005075338591369715,0.005063076867604242,0.005110161976409105,0.005043498537894379,0.005064820176414219,0.005054599081516975,0.0050580628745138636,0.005106499858661637,0.005059277389385261,0.00507038531062314,0.005045266090377637,0.005075520958207427,0.005124255363373689,0.005154412427195172,0.0035448225354655144,0.004620959462901736,0.004616736974764767,0.004625315079495227,0.004618576258639274,0.004621764149929753,0.0049258569296231035,0.004886407764337206,0.004864056903932791,0.004799005566638788,0.004878140675733303,0.004705220266869533,0.00501941121957046,0.004713812235590016,0.004701738910989047,0.004788455150993068,0.004516150078377357,0.004596466158715885
nerthus_bowel_cleansing_quality,0.001205066147678513,0.0011786821916234722,0.001221385510502911,0.0013750806908708864,0.0017914138147522435,0.0033671102842695905,0.004822767189103407,0.0,0.003368090782992686,0.003574978199923958,0.002297466249874528,0.002147077435311742,0.0019866183917221815,0.0019122574081322967,0.003992339445875483,0.004311638112518058,0.0009459037501165033,0.0008307591964268495,0.00048173549680269437,0.0008662308505197689,0.0009900443186299807,0.000989895013572601,0.0009898843872886023,0.000992751883952356,0.000993092458727755,0.0009902981530994798,0.0009899198377750897,0.002093883545246457,0.0012579374729325297,0.002263165675364257,0.004201662928445107,0.003681250789853284,0.002823135339019402,0.0016995493770465724,0.001679747981791468,0.0017134726597426504,0.0016723329105327335,0.0017187004346112637,0.0016759058572738334,0.0016640716837036471,0.0017280650232500883,0.0017186574595663155,0.0016902706540833491,0.0016502703921973689,0.0016800960076877483,0.0017438803803080292,0.0022136380839987875,0.002093253673423226,0.0022143453619204705,0.0031373890804539824,0.0033378343366100805,0.0022341298411877658,0.0017524332187442261,0.0033426142094526174,0.0033427182816207057,0.003345642227155411,0.003338225386210963,0.0013310106274646066,0.0013068447513029228,0.001297907117763039,0.0028112929480580426,0.004633252766215213,0.0021694014983001135,0.0015396651594725428,0.001894023002721937,0.0017901908616327327,0.0019244447593221676,0.001744323075640472,0.0018768157794004947,0.0024435423497431567,0.0027593136088407623,0.0012048460860191587,0.0012355978467045753,0.0012238941907960813,0.0013689573125452447,0.004843277079150842,,0.0035138032026343856,0.0019973472221038874,0.003984369032288135,0.0009364247514312688,0.0008513971252750189,0.00048668008086033223,0.0008568591758559686,0.0009902316253814513,0.0009946335977646156,0.0009879285475996524,0.0009994003365425704,0.000996734247149568,0.000987405408523118,0.0009962228679936066,0.001261944648194594,0.004198480346229643,0.002786277253413961,0.0017112913528354518,0.0016818805197501543,0.0017070365140365424,0.001675615888884111,0.0017158157817859423,0.001676263881757374,0.0016536798347481035,0.001719400419917028,0.001730908969647955,0.0017016543551614982,0.0016528478257003636,0.0016833903417922777,0.0017459710329153844,0.0022133642170104545,0.0022119906978693964,0.0030718709113109516,0.00336480018562451,0.0033257926906251492,0.0033469212760363913,0.0033559441504995256,0.0033342629272866916,0.0013207007956566497,0.0013149510276053802,0.0012931847723455857,0.0021639988003133138,0.0015317368486016262,0.0018961631781598445,0.0017819824118052796,0.0019277368970272545,0.0017594615774057891,0.0018686795645829896,0.0024505245975780876,0.002735011913965196
stanford_dogs_image_categorization,0.0030222665880741384,0.003219192970436817,0.003090755867334511,0.0032240281536618696,0.0028941571979017363,0.0025327676518055614,0.00371011599049428,0.003368090782992686,0.0,0.0033562375544099006,0.0016108036389801909,0.001661263036191401,0.0024398466644378614,0.0023377857504837014,0.0037215143792908786,0.003836365770505788,0.0030918429464429813,0.0031462199440099176,0.0033393550300801723,0.0034236400461035345,0.0032741668542798225,0.00328084115141848,0.003276426908628914,0.00327026039420052,0.0032749003237841834,0.003273324688588839,0.0032796699726930613,0.0026467358915650318,0.0032489307600498027,0.002945818818306967,0.0035832227606548313,0.003082707018392515,0.003320157636912598,0.003556683845198163,0.003533520909090638,0.0035402289129447496,0.003550463969358984,0.003536511250573274,0.003543195297452834,0.0035370544583034134,0.0035441406748058886,0.0035692051763712685,0.0035345755475593953,0.0035376748127100206,0.003521058637414201,0.003544600475370258,0.003687822353591092,0.0027908915671718097,0.003731728151560903,0.0029144528352495567,0.003733008999526227,0.003932866962906626,0.003394138606517892,0.003732496153845021,0.0037388521348963233,0.0037410825850027135,0.0037433315068422547,0.003400181663867078,0.0033534871226890365,0.0033555496664895946,0.0030733442566066825,0.004730875241971614,0.0033385548430190353,0.0033867042137015867,0.0031536377824365894,0.003542232137334212,0.003140438733635178,0.0031906983256735208,0.003251548975103928,0.0030273650466181292,0.0035111394854205995,0.003015596021717677,0.003183288897759486,0.003106056208182613,0.0032425080895276794,0.003713783288623548,0.0033648230390938122,0.003328581166183803,0.0024477066478899726,0.0036977427048266328,0.0030880449314604893,0.0031378386811419983,0.003347231814848691,0.003423255384027888,0.00327159016310796,0.0032688034217615504,0.0032891876257902103,0.0032813834833675523,0.0032874416274055918,0.0032700894581569324,0.0032661501731889764,0.0032845058783536733,0.003589661121269607,0.0033075750670723066,0.003570059775941839,0.003543692867254423,0.0035403381128290214,0.003574201674208828,0.0035240172846204604,0.0035441537343027006,0.003519939374502701,0.003539369116389808,0.003580042565565117,0.003535764416227147,0.003539290323767042,0.003526346082003094,0.003556647881766976,0.0037065235339595586,0.003727573989598413,0.0028954690436475573,0.0037403343691766442,0.003728283531336412,0.003745861113703235,0.003739088427188553,0.0037363819273175734,0.003402661710485805,0.0033605015467628565,0.0033419243258631373,0.003340505204432143,0.0033788259609346194,0.003155181276219691,0.0035352740676504297,0.0031341309951882727,0.003181504918943993,0.003237847884589508,0.003032565667106368,0.0035016617882155858
svhn,0.0034616216805511556,0.003539369367966515,0.003451817207059682,0.0035582092254636114,0.0034901327722570157,0.0029399236710623057,0.003342942010065867,0.003574978199923958,0.0033562375544099006,0.0,0.0029264715779711895,0.0029405549791724,0.002566993614563979,0.002401963207998446,0.002813676577112275,0.0028398571537781637,0.0034224079836116133,0.0034087580993108282,0.0035505113863063356,0.0036475010369033485,0.0034956534251797543,0.0035014205279824784,0.0034971394555618606,0.0034906441488067957,0.003495585246998929,0.003494395090318401,0.0034997719894176178,0.003295938876869388,0.003531117973970067,0.0035009819481983647,0.003983040818575956,0.0038162805576297757,0.0038604633337192577,0.0038441508689476696,0.0038018042528288687,0.003814074597120745,0.003829421714303803,0.003804972136331688,0.0038239734237734305,0.003818089719869644,0.003815303235061593,0.0038436564507452965,0.00380513562030059,0.0038113559656528405,0.0037888080248540106,0.003815901955179533,0.004047222775677211,0.0034458056506962383,0.004096895238752632,0.0034574773294896236,0.004181139632505355,0.004285347593374741,0.0037960902260187022,0.004182319400191729,0.004186500481981429,0.004192191463773456,0.004185406466576224,0.0037180325663406927,0.0036753689996997566,0.003677847266637943,0.0035904688645541365,0.0051592796741808545,0.003713955377779083,0.003652347446589335,0.003602061962861858,0.0037956936883176045,0.0036218376055401295,0.0035486932592377228,0.0036762846351587226,0.003757426672214729,0.003995806502461539,0.003457533206577622,0.0035364701054754312,0.003460480752199073,0.0035684623696338558,0.0033542063270167065,0.0035719236894255807,,0.002549981382629107,0.0028118606998374204,0.003418349114050029,0.0034036750141645013,0.003558039026334909,0.0036479257863671812,0.00349279730131926,0.0034893949266021447,0.00350119517857821,0.00350319987050097,0.0035029454950400566,0.003490816825659824,0.0034894452287129877,0.0035558908062170405,0.003985199754366847,0.003852932662274409,0.0038522815679209515,0.003808924158223259,0.0038062359424803774,0.0038523737661373767,0.003788719879280823,0.003817714856691996,0.0038015137279470814,0.0038115578083369067,0.0038541537149125397,0.00381048929364277,0.00381647791737336,0.0037990770778450747,0.0038246452813313356,0.004068147129686733,0.004089491767044273,0.003437391613180341,0.004193933400523884,0.00417638910983637,0.004187632340502198,0.004190950959290569,0.004182485290540949,0.0037162887595872064,0.003681477279371695,0.0036662176215153993,0.0037142560070419,0.003651216537354214,0.0036109120087896183,0.0037891335412524423,0.0036230107167446244,0.003541791113487984,0.0036617798658573945,0.0037602571772947756,0.003992240027591668
caltech101_object_classification,0.0020422606648472464,0.002161462682419209,0.002055018727421858,0.002208832988636165,0.002098279696879611,0.00238569202912634,0.0037229043340091857,0.002297466249874528,0.0016108036389801909,0.0029264715779711895,0.0,0.00045436878012890773,0.0015177228478868688,0.0013459483136791454,0.0032458329261709617,0.0034541557381021007,0.002048587479889793,0.002069220946721834,0.002262839858487479,0.0023352337331001213,0.00217828685185151,0.002185092796976669,0.0021801324004612206,0.0021727781856046725,0.002179463499068149,0.0021771854548091637,0.0021836975500188673,0.0019543671691691425,0.0022135010959281973,0.002321076144981177,0.0033566786678050995,0.002927921333903819,0.0026821829042396415,0.0025568229693796185,0.0025443797440688675,0.0025628679672788594,0.0025523507253583716,0.00256038706634832,0.00254400554972311,0.0025414760588462386,0.002571657356142299,0.0025836613971798026,0.0025471661572671585,0.0025367596621172477,0.002529752753881373,0.0025727134490676606,0.0028171362330858423,0.002083006757722667,0.0028483284958282884,0.002572630162584037,0.0031674137535231163,0.003037495214862353,0.0023999775338761995,0.0031701413487856657,0.0031732198517745325,0.003176063946325803,0.003177386586263672,0.0023541159143062687,0.0023117071257062593,0.0023134524263361956,0.0025510494586831432,0.004330747167761797,0.002367120500738542,0.0023343394724651594,0.0021954090744362373,0.0024895686320067227,0.0021250935717210912,0.0021164267726808297,0.0022346905540723003,0.0023475058494029236,0.0028830332041806165,0.002039446211421386,0.00214241524657275,0.0020724909525498304,0.002224062154996244,0.003732179369690728,0.0022938768923937555,0.0028831299807868874,0.0015300146183530273,0.003229278660166631,0.0020469759964222654,0.0020614573141752223,0.0022692776361723545,0.0023342164614780087,0.0021744074110618705,0.0021732231234910335,0.0021942829846345567,0.0021865913982019357,0.0021910989226557086,0.002176909007597756,0.0021705189144124826,0.0022481042485892125,0.0033579995547557955,0.002658067592455665,0.0025725460883517307,0.0025574289630248227,0.0025606961469530906,0.0025742541959056942,0.0025488904299042162,0.002542568848323941,0.00252140250758417,0.002562718889242995,0.0025960515661794374,0.002554405262416982,0.0025372468581162924,0.0025351733721330136,0.0025866087849359155,0.002831519982436687,0.002845040412116281,0.002535069869662884,0.0031842231182640478,0.003161367888694033,0.003176141331836071,0.003179036893528832,0.003173080360151607,0.002354363652150504,0.002317780673034211,0.002299260904906858,0.0023669966644219147,0.0023207069344024587,0.0021941088000358724,0.0024810496361472923,0.002121938597649718,0.0021184522692256035,0.002223792734205181,0.002351940893946261,0.0028700194588246975
caltech256_object_classification,0.0019498236988679924,0.002034887922312034,0.0019358830338453595,0.002088804101429741,0.0020446445342815365,0.00241578651837007,0.0038077806796924557,0.002147077435311742,0.001661263036191401,0.0029405549791724,0.00045436878012890773,0.0,0.0014380389182948026,0.0012619122299784963,0.0032654930897184444,0.003496293915301779,0.001937200493093759,0.0019577347837022945,0.002125468000841635,0.0021921987213260417,0.0020443823190592096,0.0020511594463498662,0.0020456748068800944,0.0020391800978358035,0.0020452689146248926,0.0020432627071187513,0.0020499668234570385,0.0018976408833491047,0.00207630922096364,0.002268798016334454,0.0033691960857371614,0.0029464731058405297,0.002616870184664134,0.002422771369043868,0.0024104271593958747,0.002430218494155252,0.0024183446413900515,0.0024295223312172194,0.0024091036878383133,0.002406874661977354,0.002441303324833787,0.002450177998288591,0.002413757988644419,0.00240198890748878,0.0023999942017271726,0.0024415354322523744,0.002681325237466104,0.0020383875383268484,0.0027116600661414433,0.002575493141232511,0.003100468789429387,0.0029073869445806655,0.002276689585113736,0.003103966071948103,0.0031060139986114014,0.0031085844701783825,0.0031093742441568937,0.002228051317199844,0.0021898155187768187,0.002194585330851333,0.0025184717332318103,0.004278157365167598,0.002243535333383313,0.002186362820277276,0.002038459431510554,0.0023729923657335728,0.001969592258925617,0.0019729599630051997,0.0020797195826498466,0.0022842913350235687,0.002794112156201723,0.0019478666244380246,0.0020141937899817147,0.001953388742124838,0.0021014953265600005,0.0038169847828797756,0.002143214133703007,0.002895411610263075,0.0014483369571614809,0.0032492340824294324,0.001936674373735583,0.0019518121917868525,0.002131573565601135,0.0021922207153143494,0.002040378271983498,0.0020399309053329854,0.0020588047523493165,0.0020523190023193335,0.002056352437437036,0.0020433564422576776,0.0020364510398683177,0.002110474642785831,0.003370443414265051,0.002592922708076117,0.002438068084902957,0.0024229812096502076,0.002427198614718169,0.002438916256468648,0.002418350154091882,0.002409181021498373,0.002387329313421209,0.0024312977176509805,0.002462686852153512,0.00242091183980785,0.0024032552179663012,0.002404858271078142,0.002455356375119228,0.002695559775105112,0.002707106953317686,0.0025368210837816807,0.0031171827659517673,0.0030947727606076745,0.003109205220009536,0.0031133362941587316,0.0031054962970385657,0.002229026405561705,0.0021958790126914473,0.0021812447339521514,0.0022452760278995083,0.002170585930206957,0.002037085309038622,0.0023646614738727784,0.0019659157851044853,0.0019763499641302987,0.0020659747735310213,0.0022886980294291853,0.0027804639826317845
cifar10_object_classification,0.0018938771608498317,0.001918083511823004,0.0018574032559004925,0.002014446486748706,0.0020885800135490504,0.002865664919889565,0.004054890714004326,0.0019866183917221815,0.0024398466644378614,0.002566993614563979,0.0015177228478868688,0.0014380389182948026,0.0,0.0005110874145434805,0.003180108274463132,0.0034481802238968693,0.0018541404522296352,0.0018501586975121398,0.0019587960322248327,0.002001217876740572,0.0018699628143607073,0.0018756169819039393,0.001869775091499153,0.0018685792943771299,0.0018690677598930349,0.0018690898161495798,0.0018732819058984,0.0020634529294027383,0.0019655079691524528,0.0022559571251110403,0.003715820214067355,0.0032843700918976084,0.002902261163084145,0.002294328234259564,0.0022685830663763742,0.002297390389509638,0.0022784983578852994,0.002295517513661229,0.002274668733615831,0.002263640659556803,0.0023126166514910933,0.0023203505786252103,0.0022813975846255226,0.002257955947108955,0.002266159067964034,0.002319533674486813,0.0026987248050907987,0.0021393552859849917,0.0027171311319926453,0.0028895659259648475,0.0033515736904609177,0.002798733537705886,0.0022832956125134257,0.0033551391419966384,0.003355305115900269,0.0033585120550915495,0.0033571447567951234,0.0021131660833690947,0.0020922402720999172,0.002097676001589385,0.0025973376766358623,0.004558681045682734,0.002415565690329507,0.0021463510595489716,0.0021818672686753707,0.0023346682869927757,0.0021670500422788204,0.0020835465781351304,0.002221221794857596,0.002479682460963843,0.0029433448208146607,0.001890769386583313,0.0019319665911125736,0.0018698948639600363,0.0020189307055730734,0.004065315085335192,0.001982519151867415,0.0025089325628060814,,0.00317528907072723,0.001849802545026927,0.0018455548763606376,0.0019654454670818447,0.0020016458138912927,0.001867062349872447,0.0018657789579524448,0.0018798228889713323,0.0018783129279158625,0.0018778367079313207,0.0018693605177320164,0.0018648995495778146,0.0019908182533953478,0.0037138640672304433,0.0028756369022542964,0.002308505609758759,0.002276969999483925,0.0022969182523692325,0.00229366087071227,0.0022841234579525677,0.002273899426049673,0.0022506757049793524,0.002302583171712593,0.002332401723869719,0.0022898110500361403,0.0022592731694204135,0.0022668950545184146,0.002330729248178594,0.0027099398430382453,0.002714555546983812,0.0028466328626948587,0.0033710544522668607,0.0033439128846344465,0.0033572197642924117,0.0033655909809900578,0.0033546704125226824,0.0021097630768115066,0.002099188148550364,0.0020883671697698915,0.002415771340357557,0.0021356313483936987,0.002184431845131529,0.002324133960365841,0.002168377778903622,0.002092767248325465,0.002209372213332966,0.002485569142706929,0.002922247188495767
