,lapgyn4_anatomical_structures,lapgyn4_surgical_actions,lapgyn4_instrument_count,lapgyn4_anatomical_actions,sklin2_skin_lesions,identify_nbi_infframes,laryngeal_tissues,nerthus_bowel_cleansing_quality,stanford_dogs_image_categorization,svhn,caltech101_object_classification,caltech256_object_classification,cifar10_object_classification,cifar100_object_classification,mnist_digit_classification,emnist_digit_classification,hyperkvasir_anatomical-landmarks,hyperkvasir_pathological-findings,hyperkvasir_quality-of-mucosal-views,hyperkvasir_therapeutic-interventions,cholec80_grasper_presence,cholec80_bipolar_presence,cholec80_hook_presence,cholec80_scissors_presence,cholec80_clipper_presence,cholec80_irrigator_presence,cholec80_specimenbag_presence,derm7pt_skin_lesions,idle_action_recognition,barretts_esophagus_diagnosis,brain_tumor_classification,mednode_melanoma_classification,brain_tumor_type_classification,chexpert_enlarged_cardiomediastinum,chexpert_cardiomegaly,chexpert_lung_opacity,chexpert_lung_lesion,chexpert_edema,chexpert_consolidation,chexpert_pneumonia,chexpert_atelectasis,chexpert_pneumothorax,chexpert_pleural_effusion,chexpert_pleural_other,chexpert_fracture,chexpert_support_devices,pneumonia_classification,ph2-melanocytic-lesions-classification,covid_xray_classification,isic20_melanoma_classification,deep_drid_dr_level,shenzen_chest_xray_tuberculosis,crawled_covid_ct_classification,deep_drid_quality,deep_drid_clarity,deep_drid_field,deep_drid_artifact,kvasir_capsule_anatomy,kvasir_capsule_content,kvasir_capsule_pathologies,breast_cancer_classification_v2,eye_condition_classification,mura_xr_wrist,mura_xr_shoulder,mura_xr_humerus,mura_xr_hand,mura_xr_forearm,mura_xr_finger,mura_xr_elbow,bean_plant_disease_classification,aptos19_blindness_detection,lapgyn4_anatomical_structures --shrink_train 800,lapgyn4_surgical_actions --shrink_train 800,lapgyn4_instrument_count --shrink_train 800,lapgyn4_anatomical_actions --shrink_train 800,laryngeal_tissues --shrink_train 800,nerthus_bowel_cleansing_quality --shrink_train 800,svhn --shrink_train 800,cifar10_object_classification --shrink_train 800,mnist_digit_classification --shrink_train 800,hyperkvasir_anatomical-landmarks --shrink_train 800,hyperkvasir_pathological-findings --shrink_train 800,hyperkvasir_quality-of-mucosal-views --shrink_train 800,hyperkvasir_therapeutic-interventions --shrink_train 800,cholec80_grasper_presence --shrink_train 800,cholec80_bipolar_presence --shrink_train 800,cholec80_hook_presence --shrink_train 800,cholec80_scissors_presence --shrink_train 800,cholec80_clipper_presence --shrink_train 800,cholec80_irrigator_presence --shrink_train 800,cholec80_specimenbag_presence --shrink_train 800,idle_action_recognition --shrink_train 800,brain_tumor_classification --shrink_train 800,brain_tumor_type_classification --shrink_train 800,chexpert_enlarged_cardiomediastinum --shrink_train 800,chexpert_cardiomegaly --shrink_train 800,chexpert_lung_opacity --shrink_train 800,chexpert_lung_lesion --shrink_train 800,chexpert_edema --shrink_train 800,chexpert_consolidation --shrink_train 800,chexpert_pneumonia --shrink_train 800,chexpert_atelectasis --shrink_train 800,chexpert_pneumothorax --shrink_train 800,chexpert_pleural_effusion --shrink_train 800,chexpert_pleural_other --shrink_train 800,chexpert_fracture --shrink_train 800,chexpert_support_devices --shrink_train 800,pneumonia_classification --shrink_train 800,covid_xray_classification --shrink_train 800,isic20_melanoma_classification --shrink_train 800,deep_drid_dr_level --shrink_train 800,deep_drid_quality --shrink_train 800,deep_drid_clarity --shrink_train 800,deep_drid_field --shrink_train 800,deep_drid_artifact --shrink_train 800,kvasir_capsule_anatomy --shrink_train 800,kvasir_capsule_content --shrink_train 800,kvasir_capsule_pathologies --shrink_train 800,mura_xr_wrist --shrink_train 800,mura_xr_shoulder --shrink_train 800,mura_xr_humerus --shrink_train 800,mura_xr_hand --shrink_train 800,mura_xr_forearm --shrink_train 800,mura_xr_finger --shrink_train 800,mura_xr_elbow --shrink_train 800,bean_plant_disease_classification --shrink_train 800,aptos19_blindness_detection --shrink_train 800
lapgyn4_anatomical_structures,0.0,0.12793539354394204,0.1303429228773496,0.17865143028466646,0.2819020439628713,0.32098296653548214,0.4540530395461386,0.2607646639633482,0.33296593771949035,0.4216324579559676,0.2764535029928903,0.27243812255732147,0.3137196352492105,0.29760210729771575,0.4605479889589179,0.4629590146654313,0.19334833453488237,0.18895247666688952,0.24126863872365464,0.23245025148492027,0.17286394843012146,0.17401325508232995,0.17366009269677873,0.17272525639837935,0.17257120195060252,0.17301375400779534,0.17291351547239275,0.28753574224871725,0.2765818962296879,0.29555467656588097,0.39159648106391987,0.3482151031027949,0.37705830884534935,0.2886963592468538,0.2908770274251268,0.29713451973993654,0.28782565968511176,0.29845780979316117,0.28712101881833707,0.28707508115770786,0.29973841371499405,0.29677106319689106,0.2928541342856632,0.2857410230471997,0.2881332153538562,0.3020546593606449,0.3197936038814675,0.30725622054980145,0.32238135224756553,0.3444856184789936,0.4061825381927916,0.3550338111059544,0.316007460319513,0.40669207504196514,0.40673160422320564,0.40730955466734037,0.4072173255925488,0.31630251068774107,0.30975170040221495,0.3088277665120085,0.36535805500819074,0.4837142539112985,0.339607846216065,0.28416605498623615,0.3116769406064193,0.32860977154257087,0.3135040187567254,0.30662932175156926,0.3239761405673935,0.3225078824868586,0.36691783483640983,0.013969350233670366,0.1375981447676899,0.1306086463115493,0.18029157583772062,0.4552342994926856,0.2612842810051226,0.41987512313990305,0.3153753248222378,0.4592591251123718,0.19221745797708617,0.18795046862476678,0.24275549994781415,0.23159679680981496,0.1736331926535502,0.17349194587483657,0.1753297894036407,0.17625458807963373,0.17558774462772464,0.17069983788039295,0.17449139693561833,0.2794329374480332,0.39194242974609983,0.37566027463934965,0.2907603018261016,0.2927438118082989,0.29677445254651946,0.2899284054886823,0.2968105268657975,0.28766734048468023,0.28521047940659133,0.29731393142051366,0.2988492227154288,0.2933816753479816,0.2862169558113745,0.2888631860908356,0.3026634781751081,0.3210923720868612,0.3220739383460437,0.34160149472109963,0.4068648559059383,0.40627228191886333,0.40794502655620557,0.4070136566361325,0.40672358753095816,0.31551683805547925,0.3111643777215452,0.3082926640966479,0.3399446172881364,0.2838941230635728,0.3119308837770412,0.327214835498153,0.3130775761492107,0.3079578097144064,0.3231477601910461,0.32277498752104417,0.3656592678834288
lapgyn4_surgical_actions,0.12793539354394204,0.0,0.07283080325415456,0.09481167232306856,0.3248572587503278,0.3695443115210567,0.5057412281133775,0.2654044541656818,0.36815021589547703,0.4483928987681321,0.2957216515676914,0.28511961301874683,0.3205583365626893,0.3111926063871808,0.4806609403315691,0.4910938917618784,0.21639065684608233,0.21668304878008998,0.24495707621851073,0.225136192327085,0.1417002501319778,0.14296750480217205,0.14134592440794483,0.1413636334316325,0.14090158095144434,0.1421039489615542,0.14099452446562719,0.32790964085010055,0.25926694930190186,0.32808834912005214,0.43402410187807233,0.40999049877359317,0.4024751688662563,0.2871214092221624,0.28783767243817704,0.2934226490793528,0.2853737545302193,0.294685224518318,0.28474532299083555,0.284550510587148,0.2970609167174416,0.29307933717818124,0.2897008356718113,0.283076258377707,0.28702137359812707,0.29824341445501024,0.33038179740172335,0.34550050857675496,0.3300724603737517,0.4026986175544899,0.4473167625649809,0.3438313124499197,0.3171030278122844,0.4478021348122299,0.4476371206730674,0.4480916277006384,0.448025490099179,0.3178520184065404,0.31658613703444044,0.31653324383413,0.39749696341138774,0.521929289192419,0.32437632409257156,0.27394929624100334,0.312709793991348,0.3114898646174711,0.3014470809682992,0.29581544132615123,0.3111870692513932,0.3439688213926543,0.39989653861940777,0.13027265858655956,0.04558223362546473,0.07073713473522944,0.09446785989476578,0.5070684378718728,0.26602904292500607,0.4454985799974888,0.3222590487360467,0.47954742405066975,0.21589095533642227,0.2158648791111644,0.2459923217512559,0.2251772254642902,0.1434165134567445,0.14245020057624386,0.14251155462609666,0.14430467456539264,0.14002020147759547,0.1405004929478213,0.14493419738456453,0.260103156401474,0.4339600751175573,0.40127451299042916,0.28818898500641094,0.28853819694387195,0.2928352401075726,0.2862289312341319,0.29399563708767423,0.2857557967742646,0.28355648705251213,0.29463431652211436,0.2943195094704727,0.2911010236374288,0.2833696668789297,0.2864970148327124,0.2983829273366472,0.3305750841527372,0.3307428851114605,0.3993992852645697,0.44789694964448873,0.44698382741514575,0.44900896354620673,0.4480698287854694,0.4477788733381808,0.31707397068410786,0.31765907576306573,0.3160688745069231,0.3246146986588895,0.27269645574369666,0.31176490111153243,0.31052498858471655,0.3017630119309165,0.29810474483405214,0.3110508777249863,0.3441899867241176,0.3984377854787985
lapgyn4_instrument_count,0.1303429228773496,0.07283080325415456,0.0,0.08088949563853598,0.30955285291301593,0.34748695003941943,0.48232669583319443,0.2719914674175666,0.34576741915809694,0.42914736946179605,0.27903102750229225,0.2695453120594847,0.3098463182913795,0.2987344300877848,0.46464125730926537,0.47188432830118787,0.21188543336108492,0.21286958310917942,0.25320808066601447,0.2454105906657117,0.13105575683256804,0.13300504896894066,0.13112626790036963,0.1307750094039904,0.1308759960452167,0.1317286313494001,0.13072223535716804,0.3116189807131118,0.2753147331924693,0.32789938724427736,0.4153809408223202,0.38326017583032024,0.388854830591397,0.29754688713147426,0.29938956935446104,0.30534175780524647,0.2958529347863628,0.3066701891041909,0.2953428517291994,0.29508894295737564,0.3087716459173533,0.3046433366974737,0.30071172772898025,0.29304039738854054,0.29762919170187696,0.3099731177970888,0.33185609064801697,0.3317545484398683,0.33287388097378856,0.3834237683621455,0.42694277870342057,0.3547290368453806,0.3226612530457075,0.4273678484800008,0.4271607780007305,0.42763938187519834,0.427599875988799,0.31328004265297466,0.3166983738625432,0.31678824539286676,0.3888135387385061,0.5024417857023159,0.31793958137167455,0.27722396050056897,0.2995668315069545,0.31555108319079417,0.29234538065104093,0.291694024225164,0.3018992617464731,0.3386863953886066,0.38519065709342626,0.13247365531096716,0.07317579817928463,0.014751896682546145,0.08413354611140483,0.483455025441281,0.2723316498441792,0.4265708298902129,0.31163832900864663,0.463225132041555,0.21122684106100967,0.21127213353577523,0.2546892995095984,0.2453157494736966,0.13315282303092865,0.13218188504310813,0.1339684060797579,0.13375248821917488,0.13054322791242481,0.12871765486593445,0.13306012227990766,0.2774162392155111,0.415402741672037,0.3874504848713629,0.2993278684970482,0.30022669609799796,0.30444083786958054,0.29765755081577905,0.3054998892716486,0.29608750948966445,0.29366983036878835,0.30612629897943744,0.3063535169797931,0.30207387465226276,0.2932970024541152,0.2976979278443454,0.31046779890174114,0.3327638961089753,0.3333678949308018,0.38051717103785837,0.42744748603322147,0.4266011517201694,0.4284317028446869,0.4276465336327887,0.4273600329288233,0.3129667997760994,0.3173514733429428,0.3162475960056117,0.31844435828953466,0.2760570069084025,0.2988160694745843,0.31434217125433533,0.2925472050195724,0.29328911638765065,0.3013475440433108,0.3389195166936172,0.3838710309723158
lapgyn4_anatomical_actions,0.17865143028466646,0.09481167232306856,0.08088949563853598,0.0,0.34864715700256665,0.37776259445870847,0.5084001879853361,0.3047769898695577,0.3729870521779841,0.4515835466233292,0.31122861489686715,0.3019313592232381,0.3420825147241824,0.3330094015763246,0.48385594336781046,0.4935270706823826,0.2582384599631532,0.260918881913278,0.28612821135821864,0.2777718897998098,0.18041184778294983,0.1817920591721821,0.179896319720262,0.17988340100923972,0.17999627881650868,0.18090258252626013,0.17990795293188036,0.3486358743752857,0.290204796490747,0.3600106567779422,0.45119546775475605,0.42039315597466953,0.416007948671693,0.3222867401715541,0.32300219798890933,0.3267682376378902,0.3216955626908794,0.32780259973474957,0.32025077467676744,0.3211782180406805,0.33033681701029516,0.32637807668403535,0.32341274009563115,0.3192639023498104,0.32108355292890967,0.32981493089429187,0.358295691627083,0.36227028774665804,0.35923113685194247,0.4192237147304112,0.46198888858140336,0.3668677846660421,0.35074624651780384,0.46258119158363,0.4623228162125247,0.46256857798385087,0.46279167254686926,0.34555186958024225,0.34987887848889476,0.35065417918061753,0.4172836672180867,0.5326503413616008,0.3384788752337593,0.3064414754035741,0.3298514833355349,0.3297395665604589,0.3142647468382473,0.3128109795631445,0.3263461132257279,0.3623449717477644,0.42071620927486175,0.18010048630278375,0.09463789760283013,0.08041772590771437,0.017036971211837487,0.5096393460102967,0.3052434135622097,0.4494406840276776,0.34365784680769773,0.482281365938141,0.2581238941129003,0.26009028804559803,0.28731185146454197,0.27775824099697904,0.18237755377493386,0.1814079733406862,0.18202144662249042,0.1828307261619803,0.17781277128101963,0.17907655493495417,0.18240280514032955,0.29119442030342396,0.4511586515392986,0.4149961624518461,0.3233520855562693,0.3232627233420394,0.32597585948693397,0.3228575408595289,0.3272026204948817,0.3211510463368681,0.3198801361532729,0.32789109298058894,0.3272850900609846,0.32459902099223814,0.32014037038689924,0.3207860060604196,0.3302519418175931,0.3589256474810284,0.3596327716225972,0.41668330376312884,0.4624368154300518,0.46182768021593523,0.46369465763230755,0.4624825214888517,0.46254839977537066,0.3451181819462966,0.3506058121342969,0.3499508478523038,0.3390596275898614,0.30509032701263067,0.32893938035359693,0.32872700501289476,0.3145277861273038,0.31466070398466883,0.32616749039409276,0.36257003171613256,0.41964380985252536
sklin2_skin_lesions,0.2819020439628713,0.3248572587503278,0.30955285291301593,0.34864715700256665,0.0,0.28454551047034393,0.37068571310725046,0.32708200906263785,0.29851456845305363,0.37390200303865256,0.27375629565567555,0.2747645407658227,0.3100405597733553,0.2869781787235127,0.41647653243194627,0.4137265239526847,0.2439687343225772,0.2538201429354886,0.32801107136012553,0.3368099934290326,0.3138952818759005,0.31527255291318707,0.31547271447114156,0.3140559208324729,0.31446926927302654,0.31441349635352456,0.3147636051687278,0.16678131134915763,0.3384616406491391,0.2623027804669602,0.34518509796203656,0.23463107824405394,0.3646343145180607,0.34146237647628647,0.3450232272446735,0.35061938469737686,0.3403332455595711,0.3513831883906536,0.3403665504427177,0.3395970049836784,0.35267463568811386,0.3523341753708195,0.34584609492208207,0.33475669484731785,0.3438651971680744,0.35399273208163745,0.3701635883249048,0.1570744469902568,0.3762099553269964,0.21365249207462028,0.3229001550004661,0.4108195679672254,0.34594253848809453,0.3235618027545367,0.3241836914210968,0.3245080165187868,0.32466597643555534,0.28087414230008145,0.2682945769236447,0.2691082949591991,0.31410817508092587,0.41240382880055837,0.37786673459728237,0.3417443150889238,0.3455216343039865,0.3876367812688023,0.3540495291679405,0.3612044640155036,0.35668203347999866,0.30954144676243434,0.29943809819855444,0.2803101867743034,0.3244257497932846,0.31254998258891437,0.35111261609372113,0.371877510217199,0.32579173463104194,0.3723913415239519,0.30943726105382763,0.41553408240606704,0.2441540177095209,0.25189036883115756,0.32897237774304666,0.33721354506278245,0.3130101216721906,0.31442469442455284,0.3174236671915599,0.3169570029807983,0.318072402632788,0.31272540161018814,0.3121950037371296,0.3435014198089553,0.3451780047929068,0.3628974723249666,0.3449388812740346,0.34749593721330585,0.35052842284241376,0.3433353818075747,0.34854566145049637,0.34055042686139747,0.336573487906897,0.3508223333879744,0.3537672356791062,0.3465474756673337,0.33497333949726465,0.3462215468660632,0.3558135852720193,0.3724508252628959,0.37532215800306257,0.21235674851031933,0.32366495788040905,0.32322751597317073,0.32501468282390433,0.32385417483552437,0.3238313072366647,0.27956674744375415,0.2682068809320209,0.2688389682631262,0.3785593616710479,0.3408018848988206,0.34635363312575335,0.3859734180818602,0.35343567203171866,0.36059881360988644,0.3538069389481439,0.30975358445669116,0.29833673135778993
identify_nbi_infframes,0.32098296653548214,0.3695443115210567,0.34748695003941943,0.37776259445870847,0.28454551047034393,0.0,0.24223755774433775,0.3997566230846557,0.25364876613527876,0.2731922096899725,0.25595810669645275,0.2602618458060926,0.3046817506181728,0.2723377295923729,0.34384129117774026,0.33761244279293606,0.3116002012862511,0.32518726627093497,0.38798910788950014,0.40491703117691236,0.37319126867087377,0.37519810977640794,0.37447720795811434,0.3727135859392269,0.37419221183331147,0.37390772009540874,0.3748754537562564,0.25059077911169747,0.35478269276972874,0.2585448797937832,0.2772657266682105,0.25932798781268346,0.351252966075263,0.38509558858459014,0.3801876443984496,0.37949472968300907,0.38665274141986083,0.37691412414316305,0.38391636703923615,0.38504780822767304,0.3781585706530125,0.3854655585503823,0.37899262478425627,0.38484891632655394,0.3762662635312297,0.3768738201317407,0.3658810840491706,0.25180439376382446,0.3768336670630861,0.22923287271824994,0.35341904903476445,0.44944636315252606,0.38355926095818416,0.3539967325579273,0.3545064967087604,0.35458552139952876,0.3551865011633293,0.37842090950368945,0.3774870408770986,0.37788500565837574,0.24688946410046828,0.4210469892261128,0.3787691413429787,0.37575031379455637,0.3384572432563361,0.42081749467412516,0.3512179490649133,0.36835771862875466,0.3629363604329443,0.315428580273195,0.3511232121227119,0.3188010209261952,0.36126502753273515,0.3504041583848341,0.3814631161377785,0.24273086711758884,0.3983637787667628,0.2745279800226918,0.30369098501067976,0.34198145350217524,0.3100292750208174,0.32239040963692084,0.38991121537254725,0.40467924026303753,0.37252914933216447,0.3719361080820416,0.3769543753581611,0.3760949141470572,0.3770879591205908,0.3719647108011266,0.3702006825986711,0.36038832593319176,0.27828407692845586,0.35044886384789525,0.3864657111153892,0.38281134473350614,0.3791762703845777,0.39263357987891495,0.3719883110473312,0.3823197449394108,0.3810832772026228,0.3771301212238112,0.3858687615198875,0.37838677372208157,0.38722801828295467,0.37988201905830316,0.3798886853919791,0.36951976793669494,0.37579171804106154,0.22732072680363558,0.35382392092423565,0.3542192411986082,0.3546343408323348,0.3537144038281443,0.3544964064271894,0.3795548442347712,0.3786826019613218,0.3756867893457533,0.3788302720446029,0.37534040261332513,0.3397702906553261,0.4190810893694371,0.3507402326175101,0.36626310619123403,0.36034234691460254,0.3162155926227149,0.3513138287442318
laryngeal_tissues,0.4540530395461386,0.5057412281133775,0.48232669583319443,0.5084001879853361,0.37068571310725046,0.24223755774433775,0.0,0.5268068391907283,0.31174300916558706,0.26165687810966465,0.3378815580876017,0.3514535382874512,0.36575158784740314,0.3389649681476017,0.3428702970026374,0.327118838028095,0.4535498529357549,0.4626881355307587,0.5190675301239761,0.5496088726428565,0.517846747384922,0.5196597366651748,0.5189523566680312,0.5173392533503129,0.5184282757359184,0.5184521416862188,0.5191986417950598,0.33520777654665246,0.4852534157141536,0.3811209557579036,0.3360826571957469,0.30684402871371524,0.42841744409763644,0.5179745722439593,0.516025313649068,0.5131992897052993,0.5202918765923419,0.5110320869181616,0.5179845225803541,0.5196084269945097,0.5116139536744488,0.5180442883103704,0.5128854451884215,0.5187692433088475,0.5092796066960439,0.5093870367714697,0.4862861844923004,0.340567488339361,0.49874031484614034,0.2678362060615615,0.40015683858413986,0.5677296351808908,0.5114667249417361,0.40074701856184247,0.40129182388728196,0.40077805043686276,0.40191418777767657,0.4843792785252098,0.48190384688704957,0.4829174662032535,0.3318996358315386,0.43920162796206674,0.48054255343625285,0.499535605115448,0.4545954480071262,0.5303349109112815,0.46968336985550985,0.48552524931617314,0.4786814697724595,0.4083940330251287,0.42705921204677266,0.45203193368958244,0.5025054225321548,0.48508707776087523,0.5121848815788687,0.007004125978871012,0.5252383671335754,0.2658105421162538,0.36420787966215096,0.34134777337900407,0.4518156116393927,0.4612757554774862,0.5205687651782925,0.5494317443433104,0.5171134185833072,0.5169039908086521,0.5215269319333309,0.5207105597865079,0.5210992808365946,0.5162618638302217,0.5150942931763571,0.4918720194683632,0.3371164502765609,0.42822973469458503,0.5189971485967215,0.5188159099239333,0.5126550381763826,0.5256113917636754,0.5068583257823867,0.5164365808335254,0.5159626946944361,0.5114825699464025,0.5183201826918497,0.5118406487898346,0.5214615505495692,0.5122910365412087,0.513041014216665,0.49024240166650845,0.497175522242594,0.26927108424890134,0.40025760282550654,0.4014487892486276,0.40067578422435446,0.39997800140940615,0.40139426505640496,0.4857140915134981,0.48256720389280283,0.481140065167672,0.48058084494584974,0.49887199084572664,0.45581487562352013,0.5290797722361432,0.4694484852388043,0.4834643620355594,0.47646602462944315,0.40974789516963417,0.428132922133304
nerthus_bowel_cleansing_quality,0.2607646639633482,0.2654044541656818,0.2719914674175666,0.3047769898695577,0.32708200906263785,0.3997566230846557,0.5268068391907283,0.0,0.4052462695025599,0.449206547423152,0.32784873550156135,0.3150066450487947,0.3356235659247019,0.3239824132935238,0.49296367705573174,0.5017415770005367,0.19035098519336158,0.17181140037801101,0.09812529313127602,0.16660059908186897,0.23194534506134978,0.231969399617455,0.23189118707412176,0.23225771286663904,0.2320660760321725,0.23193923212334744,0.23239066593254454,0.34429841052522836,0.24760864922252226,0.359787065424649,0.4544329037335396,0.431314849473685,0.39499666977982684,0.31115895949110695,0.3072286471528826,0.31363131599449423,0.30716933431698984,0.3139760235760308,0.30693326394575327,0.3048379337680478,0.3165974680152197,0.3160670294658986,0.30998886232740225,0.303993607370763,0.31290588836360556,0.3189837475596171,0.36643835946163317,0.35548058516094805,0.36737592874173924,0.4169813438047608,0.4323948582839129,0.3897182536921297,0.3023160185212541,0.43272006979452304,0.4331145466458514,0.43366390975712243,0.43297964963124336,0.2590572737079293,0.2531002901546435,0.2511051408052023,0.41719332414318466,0.5051251866801743,0.3545803992770088,0.28497406942866715,0.3223784238101557,0.3319451204441596,0.33036173755830367,0.31030845755562464,0.32083293615406355,0.3859723113686264,0.37958042644878837,0.26072702900034617,0.27250332724183346,0.27268920809955843,0.3042429414999961,0.5282101014196361,0.012801223138955646,0.44556298170992326,0.3354803880197037,0.4926651140931607,0.18949445403740484,0.1752901585232878,0.09848298663097291,0.16579656447848318,0.23092470941583265,0.2333042682855624,0.23298080058576,0.23315316142251247,0.23393052308639037,0.23155155737871208,0.2319244827288492,0.24755930984503685,0.454843908991072,0.3936745188393193,0.31334242935624207,0.3084536577669419,0.3133423699100913,0.3087858421608953,0.31362784323091986,0.3078063239259916,0.303780760778811,0.3150188896155903,0.31805702288043525,0.3116611202513365,0.3032827809892975,0.3126406969775727,0.319583646846924,0.3665450579151387,0.36799288687670734,0.4146460335282189,0.4332559719699382,0.4322475758751447,0.43415785172809174,0.433687872903396,0.43238636318480583,0.2577008728675262,0.25437424348135046,0.24991463740932485,0.3554308083957386,0.28391720327395853,0.32209325647025644,0.3311029833893694,0.32970962749104304,0.3123873546923376,0.3202469370750701,0.38624874819710936,0.377641496517511
stanford_dogs_image_categorization,0.33296593771949035,0.36815021589547703,0.34576741915809694,0.3729870521779841,0.29851456845305363,0.25364876613527876,0.31174300916558706,0.4052462695025599,0.0,0.3103938901498762,0.15812629815408183,0.16405960507755618,0.22728366349208456,0.21603727873882766,0.34877179927749125,0.3442271732793516,0.3323971778979471,0.3461780336873834,0.392429009002757,0.40893486853196925,0.3857958741374318,0.3875185042125259,0.3868986616711273,0.3855483901723875,0.3862886964502754,0.3867388424935327,0.38700236555344414,0.26405420976700844,0.3767054208737177,0.30022016574617255,0.3243031119182569,0.2787605806937621,0.34950782252994117,0.39481038010002445,0.3908025424748047,0.3902354051880583,0.39634514809582677,0.38864492646919724,0.3935325288457318,0.394204978976461,0.38966296908585396,0.395008688036877,0.3895965936961802,0.3951760383272276,0.38791083215162886,0.3892096758419684,0.3968494730631222,0.28332287198219674,0.40631131530239617,0.2819663022146377,0.36719010849112316,0.45141968445716446,0.3701807567647266,0.36772924907162663,0.3681809110065659,0.36786720019592806,0.3685586771983064,0.3715894168524888,0.3651913088515396,0.3662813680166654,0.30640261839897687,0.42387638075193884,0.36170956116547004,0.37437453678361204,0.3351102993064067,0.4073136085658702,0.3318368033156435,0.35006403784757645,0.3489874363629522,0.3133115475774001,0.3655822959330125,0.33114900429525396,0.3608393023719071,0.3482785444021842,0.3762997352989563,0.3122744264991965,0.4040216896102345,0.3100045208178711,0.22906519420494315,0.3471313841626422,0.33137011006116146,0.34422581865859314,0.3936175738268508,0.4092238145195435,0.3857063699711183,0.385995079165249,0.3902128047064706,0.38845630755971083,0.3893560877755378,0.3851242434308214,0.3832683494089829,0.3820123629893631,0.32471828490579785,0.34957046053795393,0.39641088863765384,0.39338816513663194,0.3903301739546023,0.40130815469042946,0.38515932943661557,0.3934036437650519,0.3910246469588301,0.388921769690567,0.39559062429064673,0.38933257495502704,0.3963378453429367,0.3895770970605592,0.3921647477582093,0.39989778919846736,0.4056015894134571,0.28088243265717944,0.36752709173415127,0.36779720105541747,0.3685080550743132,0.36712533405730896,0.3681736586819725,0.37154206994302996,0.3657700268922298,0.3646261520757422,0.3617322095344087,0.37267007886967013,0.33580106578760827,0.40580445671106014,0.33124943214710345,0.34867699253381956,0.3468437506405598,0.31396083422888144,0.3660773616901491
svhn,0.4216324579559676,0.4483928987681321,0.42914736946179605,0.4515835466233292,0.37390200303865256,0.2731922096899725,0.26165687810966465,0.449206547423152,0.3103938901498762,0.0,0.29662347750524043,0.3026626412093275,0.25413468663515215,0.2303027021940177,0.2602889059934769,0.25290160054980837,0.40381614805567,0.409957442047461,0.4411147197509061,0.46368226876292773,0.44834655208086516,0.44990045888506347,0.44924412173549577,0.44801435963832514,0.44881671961353187,0.44895910802775696,0.449812267861999,0.34784101269506457,0.4202286376413671,0.3592124667944428,0.34353445628038365,0.35419412350896146,0.4058545294329971,0.44133352255263214,0.43339385156726895,0.431093949257506,0.4420815837341508,0.4280634392268554,0.43918620816456677,0.44003731425820786,0.4299815096175541,0.4379676463306629,0.4316473815880951,0.44062000070503426,0.4304286364548078,0.42843268146251773,0.43354623468896225,0.3569854337684153,0.4431140745442691,0.3249550056764384,0.42163453659369743,0.5037031922500214,0.43887500474414765,0.4218424524721312,0.4225260932540881,0.4226589936430931,0.42270679768547437,0.4269351883643102,0.4227835029749498,0.42419434272064477,0.3438697961844198,0.4692270600768243,0.39638241672262375,0.4203788754873664,0.382970168653865,0.4430509903493435,0.3890599431925519,0.39015045447771735,0.3956153811163492,0.3908081555008409,0.428480665594588,0.42074430723974654,0.4453832792703673,0.4311977439211445,0.45420699641787987,0.26229004570743514,0.4476718955578023,0.013386929666005631,0.25225038135196687,0.25970011628897516,0.4025721244901723,0.40857996993258083,0.4424238601500634,0.4640692069289094,0.44756676855655203,0.4478707872177146,0.4513832600454917,0.45148804012415195,0.45117298006196893,0.4480514690419237,0.44615982425480427,0.4257020914743763,0.3436998080967081,0.4056004814147155,0.4427866285177091,0.4358865904181798,0.4304327791047887,0.4473811879953373,0.42423057236039985,0.43837751807088454,0.4369614818419362,0.4299460527376123,0.43839313648092537,0.43156930513202696,0.44348674252909903,0.432994756982366,0.43107454179396465,0.43694522041593653,0.4419188743959397,0.3253767412856425,0.42210286138874764,0.4219947454399749,0.4221881603577836,0.42166268688566333,0.4220449660140443,0.427327788890719,0.4227724766772408,0.42237887014176434,0.3964712435279131,0.4199298727103054,0.3842583937359887,0.4420047326761731,0.38883545189173696,0.38845179817907316,0.3934401904555873,0.391590815983244,0.4288396505888366
caltech101_object_classification,0.2764535029928903,0.2957216515676914,0.27903102750229225,0.31122861489686715,0.27375629565567555,0.25595810669645275,0.3378815580876017,0.32784873550156135,0.15812629815408183,0.29662347750524043,0.0,0.0522529409625636,0.17310623090425556,0.15173062091074613,0.33479983539610464,0.3375037041465141,0.2652910421366156,0.27544593785427474,0.31695255913403664,0.3298522548519164,0.3076892408656506,0.3093637799428319,0.30847448543659195,0.30724322212154576,0.30809060058670246,0.3084501060061343,0.30888348486182693,0.24463182763442146,0.30134244568053403,0.2852879264153023,0.31708789348603655,0.2994451905927973,0.31818029825508726,0.3312750659735647,0.3282631471304381,0.3301381189105891,0.33277147169945054,0.3291402178026151,0.3295099141987008,0.33061045301618996,0.330922376683123,0.33344821806649794,0.3276329998739473,0.3312867030638509,0.3271111564731197,0.3306423176432356,0.34412714420694884,0.2720026135160163,0.35116617085931134,0.2858797474642081,0.3487737846982226,0.39888587878385207,0.3004109357574963,0.34957443477793654,0.3496356599560753,0.34959680531075943,0.3502107232172225,0.30224270034406336,0.29424612464791544,0.2957062979924113,0.3059470226424917,0.417051081422633,0.29130572859164383,0.2982764373424561,0.26880647714640293,0.3309502123121123,0.25716025826014416,0.2677677658138248,0.27412542265267825,0.2773298835085991,0.3345430452798205,0.2752786215107708,0.2919423674460757,0.28192386454619117,0.31353477373041616,0.3385670132487072,0.32660981923576565,0.2945467895153982,0.17447451752709928,0.3334171245314482,0.2648620021432676,0.2740214822078948,0.3177886440008525,0.33014199583012527,0.3072218096994539,0.3081931092373758,0.31221241688074686,0.31083430798132905,0.3107867372291878,0.30753837837838205,0.3056339820283067,0.30612949302554826,0.31730379294271094,0.3180199911033403,0.3335283567331565,0.33125329309998197,0.3296860191093505,0.33756372113830635,0.32660499315035607,0.3296098498350585,0.3278462290045257,0.32974548289856526,0.334322747405196,0.32835726491522266,0.33271921732290016,0.32852207603589245,0.33338888997078303,0.3463534967899082,0.3508189021156558,0.28452356857434813,0.349498169083825,0.349188639821048,0.35026118329011424,0.34901198349537826,0.3497934396085558,0.302257918803148,0.2947814052066929,0.2944332090022964,0.2917261967257744,0.29558572920019166,0.2688227865148052,0.32929033918714434,0.2568738221813407,0.26765768163822734,0.27164701759405946,0.2781049508557156,0.3348886897855865
caltech256_object_classification,0.27243812255732147,0.28511961301874683,0.2695453120594847,0.3019313592232381,0.2747645407658227,0.2602618458060926,0.3514535382874512,0.3150066450487947,0.16405960507755618,0.3026626412093275,0.0522529409625636,0.0,0.17001223387303144,0.14920949567219943,0.34344738517271434,0.3477111005914759,0.25625700013735503,0.26693229594304607,0.30633058692043497,0.31553050398495563,0.2940146846595989,0.295629307577204,0.2945913408897176,0.29367721255051904,0.29434674659811544,0.2947320872428998,0.2950802739221056,0.2452711222743938,0.2885392216792865,0.28621170401683504,0.32175490948070706,0.3049845839943924,0.31662171840467246,0.32133697918204335,0.3189365177903405,0.32176934388398193,0.3227369347749187,0.3210060517678523,0.31955605130061215,0.3205529321908903,0.32307645143354724,0.32468233948100633,0.31895123468348613,0.3210834529626922,0.3183289724317952,0.32296975596932787,0.3375796878781689,0.2752244329289494,0.3438736165028581,0.29211309741059466,0.3456123245290704,0.389711443287007,0.28985094172480996,0.3464142313614283,0.3464147881750763,0.3463882799022096,0.34703023721230025,0.29312912418186454,0.28678272242750746,0.28826515400064184,0.30905279552980275,0.41463718892251594,0.2803115454983351,0.2830279681982906,0.25588981843167136,0.3203316215501989,0.242841881516558,0.2536574219521557,0.26058500117133276,0.2764333759791159,0.32863954504864323,0.27163847619704906,0.280678146369445,0.272226861974033,0.3038590764702509,0.3520029434286546,0.3137913870056248,0.3001509238066435,0.17118978387785566,0.3421234725924708,0.25611577814832875,0.265653925764724,0.3071119135415605,0.3159261031359413,0.2933943185735991,0.29460004605433365,0.2981732835096645,0.29704725489050254,0.2971895448772219,0.2939849373202051,0.2918874978705067,0.29313010330004363,0.3220807510893281,0.31625288639977134,0.3238141169905834,0.3218830771838188,0.3212265844540139,0.32710961805046723,0.31888671953645575,0.31973177852087864,0.31789219227369,0.32182574742867653,0.3256914578787918,0.3199808652051269,0.32235757927637076,0.31942183094529614,0.32557509788973094,0.3397093939185139,0.34357168990344067,0.2905233656387765,0.3463986340223716,0.3461593159623946,0.34700507947886894,0.34588800574225864,0.34666575029981755,0.2929643388163598,0.2874142144419863,0.2870393924108025,0.28102554453512346,0.28037382856981696,0.25562893159969696,0.3188259232588003,0.24250201060821436,0.2539459941738374,0.2582475800492897,0.2772021819786968,0.3288798456832225
cifar10_object_classification,0.3137196352492105,0.3205583365626893,0.3098463182913795,0.3420825147241824,0.3100405597733553,0.3046817506181728,0.36575158784740314,0.3356235659247019,0.22728366349208456,0.25413468663515215,0.17310623090425556,0.17001223387303144,0.0,0.06584346992848764,0.3283937614552199,0.33370038091460497,0.29618028390968987,0.3023895922320067,0.3274507653294739,0.3343314102380815,0.32332487867008397,0.3246179853196074,0.3240699530622466,0.32339553852472436,0.32360895331718326,0.3239490793027843,0.32439626565127644,0.28814065262208743,0.3111590405046677,0.3049553723254616,0.3666960095870302,0.3460757345024401,0.375775207503407,0.3461430948161325,0.3420560711916555,0.3450411798007358,0.34565033177297144,0.3442321710985805,0.3432705800091101,0.3430568683000158,0.34694403393705275,0.34945255972996137,0.34296035622261073,0.34349818902275553,0.34189179768984534,0.3476041024228234,0.3771185737303171,0.30329894226282994,0.3831593120339307,0.33762905380212893,0.3952902820553954,0.4181353497035449,0.33117427423245743,0.3957533244461891,0.3957874023685566,0.3960203730189029,0.3964134105258351,0.3217980031140253,0.31923969267878455,0.3204595815967495,0.3295317631323834,0.46589328659058304,0.33077021730292794,0.3239285171476156,0.31030401991077555,0.3538609828839687,0.30626734870915,0.3055355620140953,0.3136989967787882,0.32306353199438825,0.373284841456162,0.31299988963175607,0.3214985149911658,0.31174330399103883,0.34331032094888836,0.3664524067953092,0.3344564219332505,0.2510274194990299,0.016645332605136044,0.32787312229505017,0.29530054558966107,0.30142886699317667,0.32828749580044014,0.3347705073175276,0.3224951837790375,0.3234497199938417,0.3267584174451449,0.32584179350003595,0.3257584565895951,0.3232819366509653,0.3219148871452776,0.3150177502512322,0.3667917557268689,0.3758622483971675,0.34812408810491724,0.34435798084358044,0.3449426987889332,0.34942974945636174,0.34177356647634827,0.34336968429877635,0.34122370973916566,0.3456786770741892,0.35028234288165583,0.3439604292822064,0.3444419835356044,0.3424092334026469,0.34989942529938967,0.379096034651641,0.38304449297974186,0.3364044920131622,0.3959850467494735,0.39543014159830014,0.39637170228100194,0.3956681353663837,0.39634095509607004,0.3219041040188604,0.3199352051912946,0.3189529484878628,0.3313797172180498,0.32205125723904066,0.3104358118341793,0.35298977616096117,0.30611676097116514,0.3052728435471634,0.31235970724398876,0.3239239417287985,0.37253268160562697
cifar100_object_classification,0.29760210729771575,0.3111926063871808,0.2987344300877848,0.3330094015763246,0.2869781787235127,0.2723377295923729,0.3389649681476017,0.3239824132935238,0.21603727873882766,0.2303027021940177,0.15173062091074613,0.14920949567219943,0.06584346992848764,0.0,0.3116441878322639,0.31547808416993334,0.2804677535038484,0.28602763151401767,0.3152390323616465,0.32718553186605004,0.3130881591305821,0.31456789002568675,0.3140151163627687,0.31314822177582574,0.3133827558190717,0.31388086882963373,0.3142993296983806,0.2616348077125101,0.30141925869666686,0.2832684406920605,0.33359677557451023,0.3214960328806138,0.35473917969933266,0.3325796870811387,0.32796057535193235,0.330409871213755,0.3326453670463858,0.3292421564484732,0.32979608957298456,0.3298745217540503,0.3316244546620409,0.33527928309794575,0.32861415115418147,0.3304660464796084,0.32668681420133927,0.33219173442421224,0.3604692009806404,0.28130925408316676,0.3665376959549046,0.30988181741767573,0.37445516792932415,0.4071360783599241,0.3172037271377549,0.3749754061422609,0.37497968502328727,0.375415671405749,0.37572161107918806,0.3088430173264157,0.30463936348080645,0.3057743163512714,0.3118635901329535,0.4500158558990548,0.3162222592286422,0.31300272660308165,0.3009152828278959,0.3452836680943704,0.2952491434746492,0.2940917855610566,0.3034603961920427,0.30246653317413014,0.3553525064883876,0.29678424138716436,0.3123588112537085,0.3007016429450977,0.33480803537434134,0.33981426006143134,0.32280604788374706,0.2269837400604836,0.06823567595245562,0.3107860049432924,0.2797722152910853,0.28503830172369804,0.3162714928100657,0.3277836533882874,0.3123015891287123,0.31324970508049876,0.31685859260828436,0.315949919884022,0.3160462772757943,0.3130187739859012,0.3114569321625631,0.30613065402145356,0.3336186443667737,0.3542412827727365,0.33444136199615504,0.33074595327433254,0.3301966630635473,0.33656486412720404,0.3263629208972311,0.3297910090409025,0.32784608983908736,0.3306354086010507,0.3360436627676797,0.32920808037220817,0.33175325855422727,0.32779489249764515,0.33460306175641846,0.3625042455276834,0.36634957961363857,0.30832494668305876,0.37530864527292723,0.3744878625192022,0.37559753238257976,0.3749794478475579,0.3753930660730669,0.30894051367208253,0.30507740459622157,0.3043523157200665,0.31664019965758183,0.3113446774242821,0.3010985152617943,0.34408985386092766,0.2951241677260167,0.2941199255045658,0.3017380030545658,0.3033432965684967,0.3547378176291149
