,lapgyn4_anatomical_structures,lapgyn4_surgical_actions,lapgyn4_instrument_count,lapgyn4_anatomical_actions,sklin2_skin_lesions,identify_nbi_infframes,laryngeal_tissues,nerthus_bowel_cleansing_quality,stanford_dogs_image_categorization,svhn,caltech101_object_classification,caltech256_object_classification,cifar10_object_classification,cifar100_object_classification,mnist_digit_classification,emnist_digit_classification,hyperkvasir_anatomical-landmarks,hyperkvasir_pathological-findings,hyperkvasir_quality-of-mucosal-views,hyperkvasir_therapeutic-interventions,cholec80_grasper_presence,cholec80_bipolar_presence,cholec80_hook_presence,cholec80_scissors_presence,cholec80_clipper_presence,cholec80_irrigator_presence,cholec80_specimenbag_presence,derm7pt_skin_lesions,idle_action_recognition,barretts_esophagus_diagnosis,brain_tumor_classification,mednode_melanoma_classification,brain_tumor_type_classification,chexpert_enlarged_cardiomediastinum,chexpert_cardiomegaly,chexpert_lung_opacity,chexpert_lung_lesion,chexpert_edema,chexpert_consolidation,chexpert_pneumonia,chexpert_atelectasis,chexpert_pneumothorax,chexpert_pleural_effusion,chexpert_pleural_other,chexpert_fracture,chexpert_support_devices,pneumonia_classification,ph2-melanocytic-lesions-classification,covid_xray_classification,isic20_melanoma_classification,deep_drid_dr_level,shenzen_chest_xray_tuberculosis,crawled_covid_ct_classification,deep_drid_quality,deep_drid_clarity,deep_drid_field,deep_drid_artifact,kvasir_capsule_anatomy,kvasir_capsule_content,kvasir_capsule_pathologies,breast_cancer_classification_v2,eye_condition_classification,mura_xr_wrist,mura_xr_shoulder,mura_xr_humerus,mura_xr_hand,mura_xr_forearm,mura_xr_finger,mura_xr_elbow,bean_plant_disease_classification,aptos19_blindness_detection,lapgyn4_anatomical_structures --shrink_train 800,lapgyn4_surgical_actions --shrink_train 800,lapgyn4_instrument_count --shrink_train 800,lapgyn4_anatomical_actions --shrink_train 800,laryngeal_tissues --shrink_train 800,nerthus_bowel_cleansing_quality --shrink_train 800,svhn --shrink_train 800,cifar10_object_classification --shrink_train 800,mnist_digit_classification --shrink_train 800,hyperkvasir_anatomical-landmarks --shrink_train 800,hyperkvasir_pathological-findings --shrink_train 800,hyperkvasir_quality-of-mucosal-views --shrink_train 800,hyperkvasir_therapeutic-interventions --shrink_train 800,cholec80_grasper_presence --shrink_train 800,cholec80_bipolar_presence --shrink_train 800,cholec80_hook_presence --shrink_train 800,cholec80_scissors_presence --shrink_train 800,cholec80_clipper_presence --shrink_train 800,cholec80_irrigator_presence --shrink_train 800,cholec80_specimenbag_presence --shrink_train 800,idle_action_recognition --shrink_train 800,brain_tumor_classification --shrink_train 800,brain_tumor_type_classification --shrink_train 800,chexpert_enlarged_cardiomediastinum --shrink_train 800,chexpert_cardiomegaly --shrink_train 800,chexpert_lung_opacity --shrink_train 800,chexpert_lung_lesion --shrink_train 800,chexpert_edema --shrink_train 800,chexpert_consolidation --shrink_train 800,chexpert_pneumonia --shrink_train 800,chexpert_atelectasis --shrink_train 800,chexpert_pneumothorax --shrink_train 800,chexpert_pleural_effusion --shrink_train 800,chexpert_pleural_other --shrink_train 800,chexpert_fracture --shrink_train 800,chexpert_support_devices --shrink_train 800,pneumonia_classification --shrink_train 800,covid_xray_classification --shrink_train 800,isic20_melanoma_classification --shrink_train 800,deep_drid_dr_level --shrink_train 800,deep_drid_quality --shrink_train 800,deep_drid_clarity --shrink_train 800,deep_drid_field --shrink_train 800,deep_drid_artifact --shrink_train 800,kvasir_capsule_anatomy --shrink_train 800,kvasir_capsule_content --shrink_train 800,kvasir_capsule_pathologies --shrink_train 800,mura_xr_wrist --shrink_train 800,mura_xr_shoulder --shrink_train 800,mura_xr_humerus --shrink_train 800,mura_xr_hand --shrink_train 800,mura_xr_forearm --shrink_train 800,mura_xr_finger --shrink_train 800,mura_xr_elbow --shrink_train 800,bean_plant_disease_classification --shrink_train 800,aptos19_blindness_detection --shrink_train 800
lapgyn4_anatomical_structures,0.0,0.046611680470262366,0.04690076587063436,0.06520689650488362,0.10633475323735592,0.19511397980107648,0.2530480245874724,0.08633809041385845,0.21752695976665898,0.2108736227950992,0.15153525196966855,0.1458933813830387,0.13486908709130185,0.1261535072388835,0.2218393523920582,0.24152567125164065,0.06820825700352594,0.06403889227547493,0.07866447813975017,0.08486723270943734,0.05899339587553175,0.059269491803551164,0.05916543748681655,0.05873415215845812,0.058874191736438,0.0588680593049348,0.05885081813431964,0.12168519770341785,0.10224676111492102,0.1301616106065561,0.2401918213419953,0.21020601361902913,0.17536020815342512,0.11639333853676118,0.11691483878350419,0.11899822475170357,0.11581299036553373,0.11935242501987137,0.11587546394772866,0.11585961799526646,0.11922229875790179,0.11836525577604556,0.11735740903498619,0.11507898957873874,0.11442515711287969,0.12003963783072608,0.13601300360447804,0.12514281128306837,0.13705909154849483,0.17410984852533945,0.20064224427576702,0.14402695156007356,0.12797804361662624,0.20087346625280372,0.20069731509810285,0.20122454856280036,0.20078953850360137,0.10770697060702195,0.1066210662015927,0.1060892525818966,0.15998746851849915,0.27241223563851036,0.1482309662480925,0.11227046339673842,0.13041582982270825,0.1270824803573351,0.13354468108272013,0.12355151423007169,0.13431991361127607,0.1422713088123302,0.17311160751426002,0.007422950101205992,0.04943539297603332,0.04692043829911659,0.06599591687905339,0.2539511087075335,0.0862969941185168,0.20816016836257217,0.13600703569656636,0.2209995231960532,0.0676676370991606,0.06353896374617057,0.07943285059835689,0.08454081493278695,0.05951483592194149,0.059149738610845784,0.059400823301251904,0.060390375806883945,0.059813229418143765,0.05862835457902361,0.059454959344727804,0.10318680101212988,0.23999884855742282,0.1730500366057065,0.11704947776493697,0.11744879539180697,0.11866925370750403,0.1163548388761512,0.1187485268945543,0.1154963111378571,0.11456219282374491,0.11884683140414877,0.11933282792101996,0.11775041812636536,0.11534919069772945,0.11499139457378513,0.12051900624214668,0.13640160442671012,0.13673363280279152,0.16915990245834467,0.2021412488723576,0.20001483695157016,0.2010730028350016,0.20169709863060423,0.20043520242284177,0.10730480319463934,0.10726412523724557,0.10566723223021415,0.14777383570621566,0.1122976444721791,0.1307614037929123,0.12628376897006865,0.13391531987858507,0.12423369208042014,0.13366218353792905,0.14272921039649902,0.17188323199988037
lapgyn4_surgical_actions,0.046611680470262366,0.0,0.029624661368481096,0.03775614851887418,0.11557438373300062,0.20811895479540843,0.2676882088007725,0.08855271028610928,0.22898631500546943,0.2173452367330842,0.15904483929715812,0.15128468749336316,0.1383480748522849,0.1303555046781984,0.22714063619281843,0.24937987803162542,0.07535813129974783,0.07253525635713291,0.0804131326740242,0.08240741117261843,0.05050338158754873,0.050644301878651335,0.05048233110518708,0.05023446175866393,0.050264340607349675,0.05046202235786275,0.05017951378188781,0.13085855618733364,0.09775004214100769,0.1387148666186136,0.25193785595254387,0.22609567312685475,0.1809486548667345,0.11631935564823088,0.11661820839257095,0.11870826867672135,0.11580574455723348,0.11910155828340299,0.11566854778815247,0.1157797175404005,0.11927524553752127,0.11784804894805254,0.117021064756764,0.11478530411513228,0.11435612708738346,0.11984856416307613,0.13796124363456003,0.1335876573202695,0.13844952654986364,0.1888745658914766,0.21204066965276294,0.14206836742987772,0.1291496439961758,0.21230540891677885,0.2120812688079484,0.21249674996804657,0.2121229128192269,0.1081458742237749,0.10792600089707119,0.10771397078554236,0.1674521819398651,0.28334005014597097,0.1450193971926897,0.10967268100828133,0.1302973425386202,0.12330650920568363,0.12974039049628003,0.12127141226856938,0.13096211363599336,0.14950978870669304,0.18286523828419288,0.04713358984036789,0.0189519536713877,0.028865606397873535,0.03725298054400546,0.26856021597790447,0.0884779618409243,0.21446845672224119,0.13948043427970808,0.22643273656256163,0.0752082936821204,0.07221516612529648,0.08089879073113175,0.0820030282486583,0.05119307397004284,0.050921697905351754,0.05048318883743908,0.05177987892165832,0.04988350878051982,0.04981814561985366,0.05137426667971959,0.09817874232307633,0.2518017511699457,0.17889698774214446,0.11693815014238759,0.11684392987925288,0.11812114367998107,0.11595251316121154,0.11862695099381898,0.11563584570400276,0.11489157854485099,0.11878121018299503,0.11850457922415569,0.11771626532001975,0.11527998203889232,0.11455388305648062,0.12024606129446888,0.13817893540646822,0.1385139423590666,0.1839733364227848,0.21358879594983327,0.2114154150307364,0.2125593493130674,0.2130155456254408,0.21190745000316016,0.1076102794100336,0.10855006640580786,0.10749414357574787,0.14460051537417185,0.10933176226415367,0.13037768546761921,0.12263862814950081,0.13014191359083827,0.12210043622972869,0.1304374778657429,0.14996827801603047,0.1814021852526289
lapgyn4_instrument_count,0.04690076587063436,0.029624661368481096,0.0,0.03192485737456946,0.11108167947048317,0.2013454954354078,0.2604194265804667,0.09065348120057545,0.22087632076949404,0.2117492594386033,0.1523804192145065,0.14511589766631827,0.1341458806102518,0.12631046867382945,0.22409385446925334,0.24430559316438213,0.07558064384113719,0.07241135023083486,0.08374922143856231,0.08931617730975913,0.048034959056564255,0.048256030182103074,0.0478682373241072,0.047568128364303686,0.04775505397779846,0.04786233897613537,0.047667529365053536,0.12708224557046707,0.10324268892563257,0.14034236680582307,0.24718497782414459,0.21790775531528447,0.17698151938745355,0.12044970570907715,0.12059838946085466,0.12260469239605912,0.11960438196653503,0.12302452713409082,0.11968652238908715,0.11966158057620835,0.12314286563053467,0.12199902595828027,0.1209398359572608,0.11856196504583229,0.11844317018957612,0.12367221236041905,0.1394838767988758,0.1307262015101936,0.14038301987771115,0.18316744302296542,0.2069550149297085,0.14658524518710864,0.13174514649786298,0.20710290722057567,0.20697813768779744,0.20739065494816672,0.20693453992377123,0.10887001193931298,0.10965203789451228,0.10956152991816234,0.16610344059187848,0.2788305037281599,0.14444655694979902,0.1119467704959215,0.12823464404491727,0.12666881685582737,0.12836719899161542,0.12143826148250275,0.12969207188776066,0.14826849790551339,0.1792812465022572,0.04728793971441259,0.029885250727560233,0.007849429569090922,0.03332981895439804,0.26122117526070743,0.09052176540091181,0.20905924225091882,0.13537464039832403,0.2232925365641804,0.07518132164986335,0.07189364501883794,0.08456875917564385,0.08888831194975395,0.04881077159139317,0.04818553274080131,0.048462258791818244,0.04891807436501295,0.04744212846658227,0.04703032033243445,0.048717572091156194,0.10408327408014685,0.24710691484584682,0.1748289969519188,0.12129984021271127,0.12080584795684844,0.12204316925672101,0.12011182563872669,0.122503031539663,0.11949684336919776,0.11870159034898321,0.12267677429455606,0.1228289636337468,0.12145905382659947,0.1191416175395287,0.11899849195245248,0.12418477294637793,0.13994547305133992,0.14038333261915115,0.17836535664178604,0.20853509072542942,0.20630540465911246,0.20744300678598074,0.2078873897000063,0.2067301007995854,0.10847933078813746,0.1101190166681558,0.10924814828929011,0.14397924677984336,0.11168083626643571,0.1283834230781487,0.12589121273592707,0.12871611647018472,0.12198898242256168,0.1290925551716348,0.14869985840679742,0.17800439917111952
lapgyn4_anatomical_actions,0.06520689650488362,0.03775614851887418,0.03192485737456946,0.0,0.12489213471461195,0.2117642460404886,0.2697903348494466,0.10273664504276407,0.23013874168980109,0.22005144826069092,0.1629844666014355,0.15594814280167163,0.14597627818388234,0.13825020942823857,0.23103136556778828,0.2522750376398966,0.09118275347181932,0.0886283218610521,0.09572613460208752,0.10088578625542813,0.06439852835646642,0.06464565192977634,0.0641396217021834,0.06402500488739221,0.06420709373540656,0.06432817755043038,0.0640648002602361,0.13966062548134212,0.10831947988493906,0.1521064033354353,0.25688626919999713,0.23082299234405776,0.18699451747357113,0.13078147780188934,0.13080553741341733,0.1323652844928144,0.1303181921534297,0.13260890295355918,0.13006218713475176,0.13035282971828835,0.1329027720442082,0.13197418736965877,0.1310043615119314,0.12930414321135347,0.12874533608866245,0.13304039008287571,0.15115655812404588,0.14148559453415915,0.15184794004598232,0.19494492238513605,0.22028359501926317,0.15415364554235528,0.14301174464425329,0.22049931444590348,0.22031334867203717,0.2207027176270501,0.22028152094874498,0.11999657088535501,0.12084492254583105,0.12063153464180353,0.17712831197498136,0.2900096241837676,0.15286750615595718,0.12323694174646038,0.13878154389628777,0.1329079983851984,0.136264045554139,0.12946106195357082,0.1383948549947746,0.1596103763153103,0.191789378318801,0.06525659156680484,0.038252040917866624,0.03174904448625564,0.008599856119568343,0.27065193076245353,0.10258674510130814,0.21738598463748088,0.14715728542915496,0.23036822874998011,0.09081618305331349,0.08826136163266647,0.0964980169955377,0.10044871543089293,0.06530200009912018,0.06474170920563341,0.06453883929079203,0.06554609636522968,0.06320505432565,0.06356639813611323,0.06494483426531528,0.10892012588216204,0.2568580588494449,0.18493539282419802,0.13144174250936974,0.1309357676613848,0.13178340915825856,0.1307763117229257,0.13211661044402934,0.1299364336715143,0.12936087310835773,0.1325401682177305,0.13239930097265085,0.13157589925538332,0.12993617000611335,0.1290851208613646,0.13354871942276597,0.15148052945888724,0.15190287355747378,0.190312734143267,0.22181152894805528,0.21962610746264813,0.22080524881967462,0.22118499189202712,0.2200655869337249,0.11959544984460055,0.12132133373456308,0.12040002346883687,0.1523264533968448,0.12280619701460463,0.13876249253939754,0.13234263964128878,0.13674403224414888,0.13015057013806636,0.13776906429822552,0.16012011273469978,0.1905594559994914
sklin2_skin_lesions,0.10633475323735592,0.11557438373300062,0.11108167947048317,0.12489213471461195,0.0,0.1883056646555566,0.2480025633023606,0.1179484261626545,0.20942106665932173,0.21739308464765622,0.15268473984604747,0.14892306668213032,0.14608257083433396,0.13501166833161432,0.23105980424243192,0.24701223472390094,0.09330139247596995,0.09503933920497061,0.11538972844360283,0.12245719256379675,0.10713299778322528,0.10754893328697354,0.10726283921827784,0.10710967888716139,0.10729018512413555,0.10730954683444491,0.10744635141037824,0.08860405860495721,0.129492025112345,0.12669887027244306,0.23771016818326796,0.18078014926305186,0.1840366488952271,0.14029499183110455,0.14117539215261582,0.14336841822306615,0.13930814718864942,0.14387408512170888,0.13947879251539172,0.13885261066466914,0.14412136013867327,0.14382839702748018,0.14156763390247273,0.13691327550939905,0.14001166840365437,0.14487673112401173,0.16295417217657504,0.07985562492988035,0.16467052854294728,0.13627387413889935,0.18675269763077984,0.16977607093241598,0.14646983682969478,0.18711687742593242,0.1871923647512155,0.18753283353995367,0.1872621184127901,0.11965049119774689,0.11450523426917128,0.11449329833677419,0.15887045089640117,0.2644115325292589,0.17012817491337615,0.13869820165621843,0.14899623497421335,0.16014265524186155,0.15368752387537402,0.15045935785172518,0.15262701022193803,0.15500753588980948,0.1564505132233673,0.10604032702159048,0.11511877161529041,0.1118879126528082,0.12556043612641554,0.24876196479824053,0.11775663552095679,0.2148584995009593,0.14643705650436079,0.23021712074600037,0.09301213283985355,0.09451644215955352,0.11635582350639515,0.12251982741544026,0.10716938732367001,0.10708701345138107,0.10786813507532145,0.10825673756620902,0.10853056999289418,0.10688131051777405,0.10730294888771688,0.131417069180612,0.2374435986185749,0.18153274660518803,0.14137879878578308,0.14162905758819117,0.14311003728534827,0.13982884743742396,0.14303494250553345,0.1392972846547575,0.13800264030207246,0.1438209323307801,0.1447863928031969,0.1419903290415727,0.13716110724838274,0.14119708969911468,0.14554309032086968,0.16365463994360913,0.16462764380618464,0.13259936001824885,0.18799026915885778,0.1863544907389314,0.18767228340380387,0.1877721652564941,0.18675081774947083,0.11929549244396853,0.11464177238263,0.11381510760467231,0.16990091896656692,0.13866757999279739,0.14955702893377495,0.1592295893021028,0.15359362662753676,0.15083532461096566,0.15167922139438061,0.1553776776190227,0.15527424305327853
identify_nbi_infframes,0.19511397980107648,0.20811895479540843,0.2013454954354078,0.2117642460404886,0.1883056646555566,0.0,0.16277179054529717,0.21861988055969156,0.17640176347217512,0.18529346617116207,0.1595971444556777,0.16123581215964256,0.1899801803769812,0.17529529096802232,0.22450285713047735,0.23431344983072744,0.19564175030785363,0.1994904315271619,0.21533671115124792,0.221527491318613,0.20711889752151835,0.20782567625135107,0.20750039234374262,0.20674717219773125,0.2073898762872261,0.20700622076729747,0.20772909960969838,0.1704064258135775,0.20840262710557184,0.17680418903926995,0.20854028416444897,0.19272030158877512,0.2184130141744694,0.229263704832654,0.22639641644988057,0.22664306957895755,0.22917140122900787,0.226241644031943,0.2284939747008583,0.2282263375554624,0.22659135534350944,0.22929553091923788,0.22664763300314505,0.2279986485198679,0.2266002824749238,0.22655546890442202,0.2330005115735872,0.17210406991276844,0.23710943974620785,0.16208926250661412,0.2389365318872811,0.25552619567166596,0.2288340694593258,0.23893177829783505,0.23934759302856856,0.2396759658110173,0.23982454661758656,0.2302804809010374,0.22748270121568576,0.22725043529104588,0.1736399163878828,0.2982747102604503,0.22443086725155992,0.22155080714713254,0.20683080930375047,0.23663677567880653,0.2100730234152815,0.21485895620298717,0.21698651446601852,0.20418553303356152,0.22503924773163664,0.19446653642098052,0.2049051740108957,0.20248746733001216,0.21309378715413563,0.16297434612161144,0.21824586497801313,0.18572245016239097,0.18928686174519654,0.22328361870922553,0.19483854006422396,0.19879392368290089,0.2161824030831383,0.22107456736821318,0.20705969722093492,0.20664883343949636,0.20805938447913677,0.2078061235509689,0.20825682494473116,0.207052577593215,0.20658092256103813,0.21055538706721888,0.20906077860061295,0.21789683215054365,0.2298221030148795,0.2274634553267617,0.2267329142500863,0.23149153034339096,0.22469070964907195,0.227576698623287,0.22680308437657162,0.2264019984990259,0.22990830487613922,0.2265334004686072,0.22864602780777576,0.22766522816983487,0.22719801669074055,0.2344519038127891,0.236923560248056,0.16033862467719778,0.23955186271480905,0.23881918180032247,0.23956904114663496,0.2392573235749658,0.23936417162877707,0.2307388197987788,0.2278553703509521,0.2261251308037283,0.2248313875695756,0.22122438458512617,0.20736080921584418,0.23608079431205842,0.20978441593625086,0.21405649788968373,0.2160308394747526,0.2044463586066267,0.22468199209034953
laryngeal_tissues,0.2530480245874724,0.2676882088007725,0.2604194265804667,0.2697903348494466,0.2480025633023606,0.16277179054529717,0.0,0.2747205188690841,0.21951262534741048,0.1981464692806198,0.2092500634232093,0.21389953144137752,0.2299772304216709,0.21503383298144063,0.2512374589582901,0.2521014817420933,0.2596185973959373,0.26100220495951565,0.2732463611314491,0.2823946065424806,0.2657233102241986,0.266432709055751,0.265966653676754,0.26545332486569573,0.2659567264259267,0.26566594848780023,0.2662002258388223,0.22693010793652485,0.26555791757868996,0.24636461054111933,0.24821290935267248,0.2416720799608168,0.2671525308666373,0.2948880471108493,0.29342553790990045,0.293631284702811,0.2951825331151216,0.2930286909701626,0.29435383343470134,0.2946920702747142,0.2932162646146774,0.2955184749443972,0.2934188692875551,0.29431777141750065,0.29151246031377753,0.2931274066690622,0.2943144742824681,0.23697457357674773,0.298031873023742,0.20413767012266604,0.2711446470128507,0.32004561759351624,0.2882145326948259,0.27115483233651244,0.2714562181236457,0.2718603504333789,0.271841866656581,0.28619966217190285,0.2838027320793758,0.28347337875151607,0.23806790742946293,0.3170100033514621,0.27809203549824557,0.28249757098651906,0.2704311757725129,0.29245465051157704,0.27241404800136015,0.2722226634273813,0.27831692570824895,0.26051668187856625,0.2687351388666388,0.2527060920698974,0.26676092138807583,0.2615438904467507,0.2709828351417253,0.007671899585184061,0.2743035077288185,0.19998747741689324,0.22938326586809077,0.2504866780282202,0.2591206668130478,0.2603625376657438,0.2740925102894157,0.28188035207320156,0.26575322547318386,0.2650270543884393,0.26647143598983103,0.26641397141353496,0.26660919892853313,0.2656062840660828,0.2653188460816578,0.2678725825288155,0.2488697922216332,0.26661513990438135,0.29534252389109733,0.2941386465809081,0.2935296732937086,0.29686407588465974,0.2921711423138357,0.2937617513147238,0.29318129026571876,0.2930065173535895,0.29618336139708135,0.293313122631806,0.29484418947488156,0.29242118559490826,0.2939760663994491,0.29564525843476674,0.29780567750610043,0.20415666035989355,0.27172295730047114,0.2711880536164224,0.27173537746589416,0.27132255810342176,0.2714971715841302,0.28663892193011814,0.2842997095195394,0.28239745447656805,0.27834419379632325,0.28247854616872514,0.2709409738788142,0.29204449862707055,0.2719325681721703,0.2714676859257745,0.2775254529209117,0.2608566459399283,0.26854673341248214
nerthus_bowel_cleansing_quality,0.08633809041385845,0.08855271028610928,0.09065348120057545,0.10273664504276407,0.1179484261626545,0.21861988055969156,0.2747205188690841,0.0,0.24119802634460658,0.22033632199227873,0.17035049177798267,0.16065551843802345,0.144166275580026,0.13654391853627362,0.2371177206423733,0.25745525028869165,0.06646913336738752,0.0594134501266502,0.034593834931933715,0.06478536074141047,0.07392461731695792,0.07375292501206997,0.07376053945748008,0.07402247642972008,0.07399354108362458,0.07380913553590071,0.0737596791510765,0.13859656409402116,0.09128431772362422,0.14859799220019615,0.26479216237098124,0.23310737135226278,0.18215343321049887,0.12138586309736432,0.11964836779034425,0.12100522685795478,0.11983021243369765,0.12109593382470557,0.1200666177451637,0.11950692097696002,0.12139109640504045,0.12155053403566429,0.11998057713058408,0.11877105689342775,0.11897093777409017,0.12230168800548877,0.14676325882834548,0.13872680043708868,0.14753386514256803,0.19395096519233126,0.20984901030823966,0.15131970032349562,0.12371714587118653,0.21006395394202537,0.209985106318324,0.21038165444025636,0.20969770394061688,0.09181283079143165,0.09090992050090968,0.09025081448352552,0.17316450967304575,0.2803044577459708,0.15042470372228822,0.11113185101402076,0.1295790124805451,0.1273385815324861,0.1351611157954784,0.12540938489363573,0.13195891403446103,0.16257670438269067,0.18041716107693806,0.08629180599089589,0.0926347334336945,0.0909370584427574,0.10250911731984803,0.2756671276748965,0.0069143895539764775,0.2174257159902872,0.14513777612011197,0.23668868843823246,0.06590978017925392,0.06093077278439975,0.035066089468955286,0.06406921004221311,0.07393813502279875,0.07396299729701664,0.07370947661590355,0.07460603463329551,0.07439278044834191,0.07340973937711215,0.07416102705534633,0.0917015382841045,0.26446823191041985,0.1797642146732617,0.12196315273605969,0.11976765570331546,0.1205646012746614,0.1200792146594101,0.12070859825306979,0.11985177718881067,0.11865458132684673,0.12113700261367596,0.12220422843421075,0.12044807918083987,0.11917153260195741,0.11963186268564807,0.12257397900974888,0.1469050776358959,0.14724734492119057,0.1893613103705155,0.2115143845625487,0.20908160369478251,0.21032221151824396,0.21095068140849296,0.20941026245196218,0.09111987441040241,0.09143495441283353,0.08985118221942515,0.14985529905395018,0.11067485632880994,0.13000904089644333,0.1268491709788736,0.13548516613023875,0.12606566036996109,0.13107420073285073,0.16315896740778488,0.17908813667752116
stanford_dogs_image_categorization,0.21752695976665898,0.22898631500546943,0.22087632076949404,0.23013874168980109,0.20942106665932173,0.17640176347217512,0.21951262534741048,0.24119802634460658,0.0,0.22259983338543254,0.11344537173105707,0.11585496216592375,0.17513226721150688,0.1690814703705592,0.2369140734072594,0.24252743350548037,0.22273407672695755,0.2264640658098427,0.23849745885805163,0.2435373289613625,0.23277877953699808,0.23329314351431224,0.23298834483139103,0.23258144664757216,0.2327958681131422,0.23276241623629862,0.23314436481791415,0.19064277122277803,0.2326211129198858,0.20947295953524825,0.22910421719682011,0.2024151035298784,0.22732658355357033,0.25269604706916304,0.25090421371414323,0.251283996969379,0.25245420503584703,0.25082077571800054,0.2520160793725458,0.251557270235604,0.25138442376473213,0.253248589986831,0.2512208433320612,0.2518359937225918,0.2503767951642363,0.25131370709030776,0.25656944026276723,0.20038939004232306,0.2593336141393791,0.19633914909364883,0.24884957301356692,0.2737097096319866,0.2421589414759164,0.24885574118290218,0.2491611453947173,0.24943586144820223,0.24950403244977645,0.2450026437371386,0.24162430208781144,0.24164991651734194,0.21376349557747076,0.298449985595219,0.23651484224201275,0.24255580731003112,0.22581828686385375,0.25235537599627966,0.2251597839014619,0.22932991330486915,0.23312502931483978,0.2132413964634915,0.2403627608497893,0.2170522185502733,0.22638000146139337,0.22189922936357678,0.2315468590858375,0.21932203111867019,0.24091700462185314,0.22189088069472876,0.17566948268452623,0.23544455985765017,0.22250557007224137,0.22580650735152608,0.23900154243705835,0.2434459909329925,0.23269074967881115,0.2324290107090415,0.23377784657495532,0.23340432422541282,0.23366825935027974,0.23280842749435687,0.23239260917268806,0.2349457568180753,0.2297410676356412,0.22676182509438053,0.25353616314225147,0.25153430655434444,0.2514425220869064,0.25407440668723924,0.25015550347966853,0.2519844672824646,0.25045737718729844,0.25117743591932107,0.25385126240563977,0.25120992313427015,0.25199527775852115,0.25078818900982164,0.2521497852324632,0.2575466190181826,0.2592586861605459,0.19571136982837378,0.24915750718162627,0.24886518894942508,0.24964814646139608,0.24915066996446858,0.2491751237236147,0.24523715516328753,0.24209174341564732,0.24073379930281155,0.23655933457764122,0.24213263975252658,0.22600712445937698,0.2518914519802226,0.22476962498022038,0.2288727551516994,0.23207772860909173,0.2134589032945225,0.23986871829013504
svhn,0.2108736227950992,0.2173452367330842,0.2117492594386033,0.22005144826069092,0.21739308464765622,0.18529346617116207,0.1981464692806198,0.22033632199227873,0.22259983338543254,0.0,0.18685391950670388,0.18756802510095139,0.15875540222037005,0.14694045337822725,0.16715228893657202,0.16887049114792002,0.20937306576830111,0.20880386008354554,0.21858674755561552,0.22579741939729178,0.21350933769167796,0.21402050864130467,0.2137229575237174,0.21321831812262565,0.21367451007902302,0.21347030753602664,0.21387967132937052,0.20440807183599807,0.21994923351540266,0.21810255013598087,0.24587459733782743,0.2342091615801629,0.24089764267721253,0.240683780041494,0.23764600455937246,0.2384241711104525,0.23984567196912546,0.23768711650171337,0.2394712820552969,0.239110386882055,0.23834134908618226,0.24038693723551816,0.2380087814594993,0.23854040456667233,0.23684716766920216,0.23832544544539597,0.2507709649371111,0.21309866895664425,0.25388224832433354,0.21176907409280255,0.25740459734018295,0.2658135418113692,0.2391769847879348,0.2574196642949147,0.25764009763412477,0.2581176420526158,0.257740121567859,0.2332998217547321,0.2302357389556776,0.23002618686870102,0.2219663039845219,0.31180231435347505,0.23274486832291635,0.2285204512814702,0.22387367744313902,0.2374422828959733,0.22765936923092286,0.2217215189123364,0.23097800073173425,0.2348264042369378,0.2478111670315848,0.2105424818931556,0.2165389629975849,0.21253962183480396,0.22085942510778597,0.19865534192691403,0.21999406148980422,0.009836434476193295,0.15731814195010965,0.16724351706620355,0.20912762459224765,0.20846492349098644,0.2191828101695765,0.22570420960740772,0.21343361675575803,0.21295980539935846,0.2139533475210018,0.21435434043222112,0.21414043985982578,0.21333964620971996,0.2132815082989908,0.22154129322240892,0.24609064452495646,0.24037610285778427,0.24124056943289876,0.238093589378615,0.23811772902208922,0.24131860121750168,0.23669964660358003,0.23896874962631687,0.23807283175732818,0.2381746683663329,0.24110366892834093,0.23832401589142577,0.23917922088823568,0.23751799430133083,0.2388311650219463,0.25190835178426435,0.2535989035830375,0.2105575913988393,0.2583372279998909,0.2571038581801697,0.2576995219870195,0.2579278248303522,0.2574592109965549,0.23321160005683,0.23056371831729763,0.2291532958734719,0.2329399759862487,0.22849934065239735,0.22458805682732644,0.23702851766510122,0.22770664079355904,0.2213086053916813,0.22991083424677058,0.23520112903337104,0.247643682655545
caltech101_object_classification,0.15153525196966855,0.15904483929715812,0.1523804192145065,0.1629844666014355,0.15268473984604747,0.1595971444556777,0.2092500634232093,0.17035049177798267,0.11344537173105707,0.18685391950670388,0.0,0.03386155564331907,0.11327255454942117,0.1010485926883976,0.19780166608472616,0.208811396499492,0.1535218650218943,0.15487045150706585,0.16743368478744705,0.17151503793019396,0.1601263204836276,0.16061793884367048,0.16025613262421226,0.1597996817177192,0.16013263263676972,0.1600801638781147,0.16040640210201937,0.13977984960435008,0.16354011175591054,0.1625074750668326,0.20925825733999773,0.18507591611135804,0.1820949509564924,0.18541261781180562,0.1842792683816087,0.18532986565391088,0.1853435501186863,0.18500066221259592,0.18474899874196396,0.18467602924695894,0.18563764726415355,0.18668375558068134,0.18461172211796906,0.18469565949463387,0.1834911781162301,0.18560543703350538,0.19723895365751692,0.14884293630892798,0.19917297522139732,0.16452444947084244,0.20692329463029596,0.21215434837779776,0.17458384062619176,0.20707522910764867,0.20731762608180862,0.20754227253821794,0.20751051733430897,0.1745336738962792,0.1711790565397807,0.17113391811671066,0.16987661163511708,0.26893899087910045,0.16959498317555877,0.17178733410534103,0.15997948433624143,0.18042341831049505,0.15572715564761835,0.15628108329186088,0.16386857464660992,0.16367306674864712,0.19533551513252786,0.15125864099130185,0.15767268740888585,0.1536895999596168,0.16422555366700448,0.20952329103086853,0.17006621318445983,0.1851427089250328,0.11409029364225758,0.19680310653667057,0.15349646784803994,0.15429397532393563,0.16789686135257753,0.1713338992705524,0.15990526672959096,0.159708587534931,0.16123228803714768,0.16078203197306556,0.16098391527830475,0.16028298694335336,0.15971922089479113,0.16588131801245237,0.20952845337449574,0.18083138163290008,0.18642202293000276,0.1851378968021935,0.18532634903081885,0.1869919636566258,0.18439544028206425,0.18458954697764893,0.18331747187840425,0.1852512007144555,0.1873809265203485,0.18489926249332206,0.18491444615646638,0.18389029792493555,0.18649487278457705,0.19792628714523636,0.19908115166566484,0.16252399292659925,0.2078998507966448,0.20673207019867582,0.20754055965982537,0.20753764825865867,0.2072568756405767,0.17464884357505142,0.17163803202722472,0.17006062711756753,0.1695561562037632,0.1709829038044259,0.1600205967988717,0.17992373474132678,0.15567432502482625,0.15635860490960143,0.1630751044133515,0.16391940367991448,0.1947275125306772
caltech256_object_classification,0.1458933813830387,0.15128468749336316,0.14511589766631827,0.15594814280167163,0.14892306668213032,0.16123581215964256,0.21389953144137752,0.16065551843802345,0.11585496216592375,0.18756802510095139,0.03386155564331907,0.0,0.1082084872656314,0.09548312476770976,0.19881650475933127,0.21153836733565515,0.1468646879529461,0.1481547825851724,0.15900355279212658,0.16259839718252372,0.1518718073151763,0.15234051510731209,0.15197578941789558,0.15157011060476983,0.1518490922382733,0.1518245311016322,0.15218422559416045,0.1360467551412174,0.15511532162600025,0.15902017536212604,0.21008892234262194,0.18631268770068926,0.17773973941412752,0.17738788222316101,0.1762084300053635,0.1774121044548191,0.17730615642955277,0.17720517462448407,0.17668503596634139,0.17659881723860063,0.17789919834731585,0.17874263683789493,0.17661216535763685,0.17658515735044822,0.1758242010937195,0.1778358194131136,0.1887207274428827,0.1461299125951115,0.19069685563903557,0.16458262399786638,0.20204376397147944,0.2042429230629431,0.1669605402040163,0.2022449603023641,0.20239803379478372,0.2025979238853196,0.20258688856681997,0.16636447625912903,0.1632624056492364,0.16343139308220747,0.1674487996153081,0.2645849731410372,0.1616956289273988,0.1622484801773481,0.14967797682387624,0.1734507162446009,0.14566389083315817,0.14696226912819116,0.15375109025263506,0.15968565966616521,0.18917082846436634,0.145685825600298,0.14992487644459015,0.146418895280238,0.1569980304844954,0.21413900600178074,0.16037745161557115,0.1856050528315873,0.10871655467353852,0.19782256115957578,0.1468807200994138,0.14769158008765612,0.15943406437879537,0.162476598212966,0.15160871197235304,0.1515287159397875,0.15286010501132496,0.15250631489505623,0.15269867076970547,0.15201346526345713,0.15141207988855232,0.15745576595936528,0.21029431169149068,0.1765213172456514,0.1783554985359901,0.17704850667889488,0.17734591480801143,0.17892043210440398,0.17661525510642523,0.17660072064936205,0.17529576330573157,0.17742749533916738,0.17942777072464655,0.176902205189776,0.17681559192566984,0.17618762707646074,0.17873228767165206,0.18943536243441034,0.19055345463074363,0.16245035199710828,0.20298538900021018,0.20185614340981467,0.20266592622710938,0.2027099265700542,0.20236191256212047,0.16653958043335654,0.16372938275665175,0.1624183008186259,0.16174830927168882,0.1612818817041054,0.14976491120932678,0.17293245819144337,0.1455857382051568,0.14711588562989267,0.1527641825137831,0.15987364676719246,0.18847535322398207
cifar10_object_classification,0.13486908709130185,0.1383480748522849,0.1341458806102518,0.14597627818388234,0.14608257083433396,0.1899801803769812,0.2299772304216709,0.144166275580026,0.17513226721150688,0.15875540222037005,0.11327255454942117,0.1082084872656314,0.0,0.03761831459864243,0.1922364447133767,0.20758461047007853,0.13401769179725675,0.13412439051733327,0.14188893067150432,0.14433383488350765,0.13407206154447399,0.13453570854940533,0.1341602758453447,0.13403012779914603,0.1340597325621794,0.13404868397165734,0.13439739593392475,0.14170188869632594,0.14319900470705382,0.15193503353918114,0.23428844440375293,0.20950938942047365,0.1930371483396348,0.16328961264181324,0.16137325795575422,0.16290609353155272,0.16246079462804408,0.16263059294059454,0.16217680920613506,0.16150251031546559,0.16354864340245878,0.1645356684630968,0.16221745435080523,0.1615152444942014,0.16096086803677312,0.16401084925153936,0.18358495213725812,0.14765556885078746,0.18490130431096358,0.1839309501371758,0.21633204464622108,0.19233486241166664,0.16317680679085345,0.21659206636398148,0.21646900643766254,0.21678949136448167,0.21666123417760133,0.15360077538509975,0.15165869646885097,0.15173927131131737,0.16532895935469524,0.2824241351951493,0.16967772080914184,0.15478213775567723,0.15352191909491927,0.16620162824919038,0.1547989622613141,0.15056674426450403,0.15821708571363388,0.1695687655175969,0.1962118382795408,0.1345539532569695,0.13884176607669438,0.1352174794756253,0.1465123577075847,0.23034105227260082,0.14377440559759297,0.15600138249142131,0.010352220683670213,0.19205565997968393,0.13366905060900608,0.13362699097357103,0.1424366304638693,0.14423504306687995,0.13399037016420443,0.13371992939370367,0.13489085637439943,0.13488975102756084,0.13475797638618606,0.1342944564155084,0.13374039093295975,0.14498864432615582,0.2342574368288616,0.19139003760855505,0.16422066994508144,0.1619364154075946,0.16304151205871906,0.16357650642021193,0.16179846551567556,0.16205541936805834,0.1605678352458648,0.16314892971347186,0.16524119846814,0.16261552904815624,0.16169032434489738,0.16103620273274333,0.1648203832076102,0.18423094707230164,0.1847675790619746,0.18100605021642513,0.21759520656368206,0.21599323827700942,0.21668566399779104,0.21716828632979268,0.21650081274991562,0.15345357905196616,0.15196921161155064,0.1509164358872326,0.1696420841035595,0.15408680614100306,0.1539376633321623,0.1654921785520441,0.154972041546036,0.15101770959932992,0.15729274368871077,0.16997365335313275,0.19507010060808785
cifar100_object_classification,0.1261535072388835,0.1303555046781984,0.12631046867382945,0.13825020942823857,0.13501166833161432,0.17529529096802232,0.21503383298144063,0.13654391853627362,0.1690814703705592,0.14694045337822725,0.1010485926883976,0.09548312476770976,0.03761831459864243,0.0,0.18301687361784508,0.19746162652386484,0.1250330075163822,0.12489440683692264,0.1339951198769369,0.13715254386229375,0.1262376838325256,0.12673372797268556,0.1263788549471318,0.12617738079028465,0.12627065554602362,0.12625612590134058,0.1266258009044246,0.12837239875776457,0.13468438930459242,0.14082400459159689,0.21870429682078837,0.19811419111055642,0.1807736334476232,0.15458109161414846,0.15242864680333768,0.1538265219407678,0.1539506828210203,0.15343817573639867,0.153497180250232,0.15301315457263112,0.15420965399964667,0.15555142039686154,0.1532259825810091,0.15301298032619032,0.15158958905897046,0.15468959454029174,0.17484813357293394,0.13548501861459006,0.17627786088481115,0.1691067735779938,0.20652619440429576,0.184874197842759,0.15497236280056742,0.20684026578956796,0.20676217960709525,0.20709373001801154,0.20690382016223285,0.14490191609960734,0.14209955903520535,0.14210767454759152,0.15690975610554103,0.2733553490264595,0.15925831192444984,0.14632094068389498,0.1463067737981246,0.15840013088539145,0.1463362563750158,0.1412998797290059,0.15027241670701136,0.1587550729624267,0.18659305207348545,0.1258306776561616,0.13095126510237154,0.12750294193157888,0.13895091054618583,0.21542424642169178,0.13621348942609143,0.14420462123468752,0.039204972500502665,0.18250870204111694,0.12488807612516985,0.12449880163271278,0.13449035602753823,0.13712839537398194,0.12612613188993602,0.1258530768765827,0.12704678903509758,0.12715233193812395,0.12703076228920387,0.12628252826326172,0.12587193570713395,0.13673655110565738,0.21863622308844355,0.17907183512498143,0.15541575375541578,0.1531892979900404,0.15383348226215793,0.1552287794470773,0.1525859375152675,0.15323667036398173,0.1520150671793945,0.15388252585149675,0.1562291029783235,0.15359468578382457,0.1533650043684262,0.1519715128727252,0.15553870830273778,0.17543117227823238,0.1760675506663082,0.16599963774923812,0.20781497202044813,0.20616068843125013,0.20706214596802708,0.2073874279430118,0.2066151400133638,0.14476145717892197,0.14245532994379081,0.1411835910642213,0.15933700159852232,0.14580375342258156,0.14676829480688108,0.1576949793094173,0.1464647013087802,0.14163534207804718,0.1493834692345934,0.15913770691166435,0.18549934792259584
