,lapgyn4_anatomical_structures,lapgyn4_surgical_actions,lapgyn4_instrument_count,lapgyn4_anatomical_actions,sklin2_skin_lesions,identify_nbi_infframes,laryngeal_tissues,nerthus_bowel_cleansing_quality,stanford_dogs_image_categorization,svhn,caltech101_object_classification,caltech256_object_classification,cifar10_object_classification,cifar100_object_classification,mnist_digit_classification,emnist_digit_classification,hyperkvasir_anatomical-landmarks,hyperkvasir_pathological-findings,hyperkvasir_quality-of-mucosal-views,hyperkvasir_therapeutic-interventions,cholec80_grasper_presence,cholec80_bipolar_presence,cholec80_hook_presence,cholec80_scissors_presence,cholec80_clipper_presence,cholec80_irrigator_presence,cholec80_specimenbag_presence,derm7pt_skin_lesions,idle_action_recognition,barretts_esophagus_diagnosis,brain_tumor_classification,mednode_melanoma_classification,brain_tumor_type_classification,chexpert_enlarged_cardiomediastinum,chexpert_cardiomegaly,chexpert_lung_opacity,chexpert_lung_lesion,chexpert_edema,chexpert_consolidation,chexpert_pneumonia,chexpert_atelectasis,chexpert_pneumothorax,chexpert_pleural_effusion,chexpert_pleural_other,chexpert_fracture,chexpert_support_devices,pneumonia_classification,ph2-melanocytic-lesions-classification,covid_xray_classification,isic20_melanoma_classification,deep_drid_dr_level,shenzen_chest_xray_tuberculosis,crawled_covid_ct_classification,deep_drid_quality,deep_drid_clarity,deep_drid_field,deep_drid_artifact,kvasir_capsule_anatomy,kvasir_capsule_content,kvasir_capsule_pathologies,breast_cancer_classification_v2,eye_condition_classification,mura_xr_wrist,mura_xr_shoulder,mura_xr_humerus,mura_xr_hand,mura_xr_forearm,mura_xr_finger,mura_xr_elbow,bean_plant_disease_classification,aptos19_blindness_detection,lapgyn4_anatomical_structures --shrink_train 800,lapgyn4_surgical_actions --shrink_train 800,lapgyn4_instrument_count --shrink_train 800,lapgyn4_anatomical_actions --shrink_train 800,laryngeal_tissues --shrink_train 800,nerthus_bowel_cleansing_quality --shrink_train 800,svhn --shrink_train 800,cifar10_object_classification --shrink_train 800,mnist_digit_classification --shrink_train 800,hyperkvasir_anatomical-landmarks --shrink_train 800,hyperkvasir_pathological-findings --shrink_train 800,hyperkvasir_quality-of-mucosal-views --shrink_train 800,hyperkvasir_therapeutic-interventions --shrink_train 800,cholec80_grasper_presence --shrink_train 800,cholec80_bipolar_presence --shrink_train 800,cholec80_hook_presence --shrink_train 800,cholec80_scissors_presence --shrink_train 800,cholec80_clipper_presence --shrink_train 800,cholec80_irrigator_presence --shrink_train 800,cholec80_specimenbag_presence --shrink_train 800,idle_action_recognition --shrink_train 800,brain_tumor_classification --shrink_train 800,brain_tumor_type_classification --shrink_train 800,chexpert_enlarged_cardiomediastinum --shrink_train 800,chexpert_cardiomegaly --shrink_train 800,chexpert_lung_opacity --shrink_train 800,chexpert_lung_lesion --shrink_train 800,chexpert_edema --shrink_train 800,chexpert_consolidation --shrink_train 800,chexpert_pneumonia --shrink_train 800,chexpert_atelectasis --shrink_train 800,chexpert_pneumothorax --shrink_train 800,chexpert_pleural_effusion --shrink_train 800,chexpert_pleural_other --shrink_train 800,chexpert_fracture --shrink_train 800,chexpert_support_devices --shrink_train 800,pneumonia_classification --shrink_train 800,covid_xray_classification --shrink_train 800,isic20_melanoma_classification --shrink_train 800,deep_drid_dr_level --shrink_train 800,deep_drid_quality --shrink_train 800,deep_drid_clarity --shrink_train 800,deep_drid_field --shrink_train 800,deep_drid_artifact --shrink_train 800,kvasir_capsule_anatomy --shrink_train 800,kvasir_capsule_content --shrink_train 800,kvasir_capsule_pathologies --shrink_train 800,mura_xr_wrist --shrink_train 800,mura_xr_shoulder --shrink_train 800,mura_xr_humerus --shrink_train 800,mura_xr_hand --shrink_train 800,mura_xr_forearm --shrink_train 800,mura_xr_finger --shrink_train 800,mura_xr_elbow --shrink_train 800,bean_plant_disease_classification --shrink_train 800,aptos19_blindness_detection --shrink_train 800
lapgyn4_anatomical_structures,0.0,0.04661187049235054,0.04690075168190551,0.06520678737153701,0.10633476260290779,0.1951139672345743,0.25304802538836624,0.0863378897832483,0.2175269603878164,0.2108736228505496,0.15153525357480285,0.1458932269953636,0.13486908786538343,0.12615348836945645,0.2218393603018556,0.24152546386320747,0.06820828566526713,0.06403888688760345,0.07866448399072323,0.08486722378548457,0.05899341496607928,0.059269378646219416,0.059165493041175396,0.05873414906228201,0.05887420331871619,0.05886810006619818,0.05885086228940839,0.1216851905532087,0.10224677853952611,0.13016161267991125,0.24019181677197338,0.21020600133348666,0.1753602430018174,0.11639335935925094,0.11691447405126193,0.11899822989152084,0.11581282568286161,0.11935244601233685,0.11587526516190974,0.11585962094783966,0.1192222963351315,0.11836525145473999,0.11735729480706306,0.1150784136425751,0.11442517798557011,0.12003944455880708,0.1360129978576008,0.12514279641353138,0.13705912305445822,0.1741098417668495,0.20064224137445402,0.14402697416480786,0.12797805325447503,0.20087330491425748,0.20069731707013475,0.20122454179910812,0.20078973779428871,0.10770695181036757,0.10662106585176231,0.10608924466161182,0.1599874069779853,0.272412263106518,0.14823095952413678,0.11227046461958493,0.13041584244295742,0.12708249520261994,0.13354449586831466,0.12355131845476972,0.13431994035196942,0.142271289030946,0.17311161894189103,,0.04943542975254732,0.046920431607785196,0.06599589275374881,0.2539512976698512,0.08629695700699339,0.2081601464756282,0.13600702023821576,0.22099949130134544,0.0676676399409423,0.06353896273812906,0.07943286426957502,0.08454043927113061,0.059514839068560574,0.05914971587522681,0.05940085383049461,0.06039039852244445,0.0598132601771446,0.05862852291063052,0.05945496799287565,0.10318681082941486,0.23999885864826098,0.1730500652228566,0.11704946447475253,0.11744878876164466,0.11866905763424969,0.11635484766065658,0.11874853645766674,0.11549633981249949,0.1145621961394008,0.11884641629372615,0.11933264556530727,0.11775043106446119,0.11534909006355215,0.11499139434305806,0.12051881780482274,0.13640161479424812,0.13673362961157193,0.16916006832023828,0.20214125590539592,0.20001484001251058,0.20107301012003356,0.20169710316576495,0.20043520135654266,0.1073048346799021,0.10726417860442,0.1056672275995888,0.1477738686238077,0.1122976333117721,0.13076128458304986,0.12628373055302589,0.13391531519431435,0.12423372071150118,0.13366218144244998,0.1427292273758293,0.17188325683354724
lapgyn4_surgical_actions,0.04661187049235054,0.0,0.029624884775558462,0.037756187665226586,0.11557437187212356,0.20811893675800142,0.2676882005302202,0.08855237556098236,0.22898637408312805,0.21734521090517275,0.15904483949935624,0.15128454577002384,0.13834815975056747,0.1303553812034573,0.22714062760350176,0.24937965020223063,0.07535831708589323,0.07253545506945056,0.08041331397443452,0.08240764762641381,0.05050353567059957,0.05064433958465467,0.05048249221843612,0.050234617185521635,0.05026449618443732,0.05046221005020099,0.050179705662807036,0.13085857882768043,0.09774958138202293,0.13871481638996047,0.25193785841033,0.22609565831425632,0.1809486402587922,0.1163193083866581,0.11661803162998885,0.11870822919508905,0.11580545224029176,0.11910152936507937,0.11566826998020549,0.11577962475942617,0.11927521672075705,0.11784801168107029,0.11702090658660821,0.11478459110511613,0.11435609381298806,0.11984850796889251,0.13796114799097658,0.13358764404731288,0.13844948719418287,0.18887457229186594,0.2120406471037233,0.1420681815807785,0.12914954918369725,0.21230527667209662,0.21208123934270304,0.21249673380773426,0.21212310907121334,0.10814570734669376,0.10792583827494207,0.10771375845190226,0.1674521445066557,0.28333999060217796,0.1450197405099895,0.10967271491165931,0.13029742821792967,0.12330673970732098,0.12974039940791643,0.12127120311201153,0.13096234595627593,0.14950960534128227,0.18286520691390168,0.04713378108033636,,0.028865783659709612,0.03725319824824862,0.2685603773510189,0.08847782555069797,0.2144684260730905,0.13948054281424296,0.22643272157854283,0.07520847104808939,0.07221534595374147,0.0808989871894044,0.08200332400161207,0.051193215146956905,0.05092185265610735,0.05048336653044741,0.05178008778461653,0.049883702735198446,0.0498180772066216,0.051374477722153894,0.09817852863146367,0.25180176465415377,0.1788969753526932,0.11693803963904512,0.1168438944436305,0.1181208749106473,0.11595238137196896,0.11862691577957657,0.11563577952365864,0.11489148726268356,0.1187807697853331,0.11850429523389547,0.11771621460378424,0.11527972147970375,0.11455381171716159,0.12024581995671993,0.13817887325834227,0.13851390465520708,0.18397348318981302,0.2135887724873457,0.2114154012407765,0.21255926186488547,0.21301554034955025,0.21190745595221966,0.10761012430377086,0.1085498909618488,0.10749399060507281,0.1446007345624165,0.1093317433724203,0.1303779705228421,0.12263884823596617,0.1301421143881924,0.12210045456372506,0.1304376785091016,0.14996809477955894,0.18140215423654898
lapgyn4_instrument_count,0.04690075168190551,0.029624884775558462,0.0,0.03192470941472356,0.1110816663728248,0.20134549283159797,0.26041942676446883,0.09065327642628446,0.22087632107012828,0.21174926429125618,0.15238041799234847,0.1451157387154104,0.13414587389032523,0.12631046978074,0.22409384876928418,0.24430539897241768,0.07558065416920798,0.07241129843086151,0.08374921513353031,0.08931614864557269,0.04803493474553329,0.04825584142600231,0.047868219614416035,0.047568103082976654,0.047755038518377896,0.04786233033419236,0.04766753670807711,0.12708222265040636,0.10324229159890658,0.14034236077056034,0.24718498217451246,0.21790775458300415,0.1769815283483662,0.12044969965986704,0.1205984080338605,0.12260469172371716,0.11960419063600863,0.1230245515555009,0.11968634384485208,0.11966161863427652,0.12314288244722277,0.12199900764619923,0.120939704665873,0.11856139107793058,0.11844317021045206,0.12367199827042114,0.13948388423279173,0.13072620184158784,0.14038302968321573,0.18316744170270965,0.20695500640011016,0.14658526285633344,0.1317451405658579,0.20710276811143288,0.20697814109578705,0.20739065017382294,0.20693473807010443,0.10886998929114905,0.10965204338840986,0.10956147623766796,0.16610343008655004,0.27883049869624654,0.14444667916734275,0.111946769714932,0.12823461195992664,0.12666883036906681,0.12836700265917178,0.12143807913050181,0.12969208415587372,0.1482684925589206,0.17928125450908988,0.04728790766582326,0.02988530386717209,,0.03332981672276778,0.261221327597871,0.0905217338631114,0.20905924559603656,0.1353746354669926,0.22329253986660866,0.07518131234598067,0.07189355845630493,0.0845687635413574,0.08888805781404184,0.04881079539213981,0.04818550453625915,0.04846227754881209,0.0489180533275907,0.047442143789989524,0.04703045170219359,0.04871758530439785,0.10408323732345509,0.24710692481960445,0.17482898905103428,0.12129982642876976,0.1208058415827354,0.1220429734627044,0.12011181985703029,0.122503061295483,0.11949685559936266,0.1187016150647925,0.12267636374857249,0.12282876634881777,0.12145905293901266,0.11914150240321478,0.11899850680505585,0.12418457810450714,0.13994547905392224,0.14038334492121451,0.17836545350143496,0.20853509807186343,0.20630540270790704,0.20744301166624413,0.20788739330647332,0.2067300971386134,0.10847933377180397,0.11011900224055524,0.10924813503322658,0.14397923772119225,0.11168083925101886,0.1283836168570753,0.12589121261766578,0.12871609132202888,0.12198899418426179,0.12909253476336047,0.14869985241090006,0.17800439524042236
lapgyn4_anatomical_actions,0.06520678737153701,0.037756187665226586,0.03192470941472356,0.0,0.12489191941779033,0.2117642236613609,0.2697903139588782,0.1027362258021835,0.23013872957698817,0.22005126582469658,0.1629844842632648,0.15594796741752048,0.14597642068351485,0.13825019620508602,0.23103156863365765,0.2522750383768564,0.09118255233632112,0.08862814149756663,0.09572594319920107,0.10088557714291946,0.06439834458174346,0.06464527682193888,0.06413944964831833,0.06402483940105869,0.06420690663536921,0.06432797451740564,0.0640646110184258,0.13966044184596174,0.10831929574232711,0.1521063409785335,0.25688624112663005,0.23082285278426315,0.18699471139969953,0.13078168005115812,0.1308061352503881,0.13236545795472152,0.13031817410207308,0.13260913982347428,0.130062177837102,0.13035302790547815,0.13290298256440503,0.13197436993970765,0.13100454323738264,0.12930375020930446,0.128745540285211,0.133040758474136,0.1511567595467722,0.14148540257482578,0.15184811704090334,0.1949447965980637,0.22028339874665143,0.15415382393149762,0.14301156186241665,0.2204990456003856,0.22031314942918828,0.22070250764036745,0.22028152866895262,0.11999637507307366,0.12084471967773139,0.12063133608663404,0.1771283078130172,0.2900096055662071,0.15286756998675335,0.12323679601565202,0.13878151787234258,0.13290818450381137,0.13626382646063986,0.12946085452497735,0.13839487648519389,0.15961017194978075,0.19178935151579182,0.06525640127847222,0.03825191900317733,0.03174883670929349,,0.27065201439634,0.10258649771135557,0.2173858166434035,0.1471574131686359,0.23036842535112317,0.09081599523691927,0.08826117128965913,0.09649782582381361,0.10044873561899857,0.06530182586673226,0.06474148567283128,0.06453868685541506,0.06554591703859175,0.06320487402151,0.06356616918477026,0.06494464864403647,0.10891990934447968,0.25685805787845833,0.18493560773249895,0.13144193092847622,0.13093593682251498,0.1317833934468473,0.13077647132417947,0.13211682479536646,0.12993662894959346,0.12936106778703782,0.1325399710138882,0.13239930930681765,0.13157607907038818,0.12993622793974202,0.12908531978821786,0.13354873641072007,0.15148070173550526,0.15190303013382228,0.19031271359811253,0.2218113510742749,0.21962590607205768,0.22080505751723348,0.22118479108355962,0.22006538548372276,0.11959526015220695,0.12132115320537071,0.12039984766137413,0.1523264270397151,0.1228060351915587,0.13876268192042787,0.13234277553193355,0.13674402872392463,0.13015057569905336,0.1377690726279658,0.1601199429435226,0.1905594299616633
sklin2_skin_lesions,0.10633476260290779,0.11557437187212356,0.1110816663728248,0.12489191941779033,0.0,0.18830567156000594,0.2480025651489522,0.11794822359573953,0.20942106604822622,0.21739310601914974,0.15268473968142535,0.1489230404787278,0.14608249791188505,0.1350118650179349,0.23105980441632898,0.2470120456972333,0.09330139780102645,0.09503935503055806,0.1153897354950427,0.12245720537285099,0.10713297659219136,0.1075488789473591,0.10726283455005159,0.10710967934471674,0.10729017884816519,0.10730955592298308,0.10744635223039298,0.08860405393518925,0.12949201693847665,0.12669885904969663,0.23771017064292,0.18078015355795696,0.18403663308100815,0.1402949967873256,0.14117525733259284,0.1433684091642089,0.13930805714244737,0.14387408925453982,0.13947860711666316,0.1388525834315789,0.1441213524991515,0.14382841756167658,0.14156746780582577,0.13691270016090207,0.1400117062226088,0.1448766800760532,0.16295417509568128,0.07985565772353417,0.16467054082184968,0.13627386962892457,0.18675269807534722,0.16977608598537067,0.14646982266434866,0.18711668579780943,0.18719240447556695,0.18753281764233246,0.18726231000738852,0.11965049488430712,0.11450521044459777,0.11449329122077127,0.15887046311957556,0.26441153994165995,0.17012798425270365,0.1386981912154585,0.14899623292861836,0.16014266572433716,0.15368732551387734,0.1504591461384011,0.15262695657320668,0.1550075383909142,0.15645050529435517,0.10604032527363799,0.11511877403152118,0.1118878956098392,0.12556043037036071,0.2487617642732784,0.11775664908489938,0.21485852857523402,0.14643705408174437,0.23021707695198124,0.09301211798836354,0.09451644151006613,0.1163558115565769,0.12251967483904655,0.10716937052756981,0.10708699651815137,0.10786812119290592,0.10825673075512518,0.10853058154845863,0.106881180237872,0.1073029460880412,0.1314170296779461,0.2374435920100066,0.18153277003279344,0.14137879718471655,0.14162906038138628,0.14311024804717593,0.13982885372685794,0.1430349482503599,0.13929730178260924,0.13800264985806632,0.14382060582056938,0.14478619660862627,0.1419903365338499,0.13716106644562898,0.14119711221019537,0.14554303730140533,0.16365464086690362,0.16462763779740325,0.13259939681336083,0.18799027987045494,0.1863544690407266,0.18767227869153902,0.18777215626586125,0.1867508201130016,0.11929549311219859,0.11464179112213263,0.11381508526256846,0.16990091997104528,0.13866757113403652,0.14955690502588498,0.15922958016011177,0.15359361880936467,0.15083531994674873,0.15167920693059328,0.1553777002097531,0.15527423822717007
identify_nbi_infframes,0.1951139672345743,0.20811893675800142,0.20134549283159797,0.2117642236613609,0.18830567156000594,0.0,0.16277177842727833,0.21861969576961685,0.17640176597234358,0.18529346641936142,0.15959714449311022,0.16123561757510818,0.18998014587058512,0.17529529003123234,0.22450285830965863,0.2343132564329709,0.1956417470222267,0.19949042375478032,0.21533671622966027,0.2215274968448862,0.20711889293568714,0.20782565930658914,0.20750037308477315,0.20674716921430816,0.2073898610518172,0.2070061925867811,0.20772908398681977,0.1704064178434807,0.20840258364176203,0.17680420949173986,0.20854028160517904,0.1927202976433695,0.21841302003831553,0.22926370851095373,0.22639623617199106,0.2266430653121897,0.229171331858187,0.2262416533685647,0.2284938516559693,0.22822634420981158,0.22659134300097072,0.22929552928153896,0.2266475986786658,0.22799831952225835,0.22660028190339795,0.226555441432651,0.23300051428509794,0.17210407865030616,0.23710943931270428,0.1620892599822554,0.2389365363797154,0.25552620121287245,0.22883408144594003,0.23893159071866893,0.23934758563724584,0.23967596000999347,0.23982474134823362,0.23028048090351738,0.2274826980981958,0.22725042018510672,0.1736399160914465,0.29827471034792663,0.22443085906326543,0.22155080890514,0.20683081215437554,0.23663677367485544,0.21007299228786766,0.21485874468929791,0.21698651425818327,0.20418554462919888,0.22503924744681758,0.19446652404371614,0.20490516484528137,0.20248746825695163,0.21309377736411425,0.16297428318595097,0.21824586747132857,0.18572244913943253,0.18928686290304877,0.22328350678360506,0.194838547054694,0.19879392736406926,0.21618240299546487,0.22107454475298918,0.20705969315425288,0.20664882588969163,0.2080593577313012,0.20780609357481106,0.208256823484444,0.20705256300270133,0.20658090911775445,0.21055534767011314,0.20906078469331202,0.21789684038756815,0.22982209670111306,0.22746345367104587,0.22673273707898361,0.2314915371167627,0.2246907088399126,0.2275767047019204,0.22680308243359898,0.2264017653257215,0.22990811584349213,0.22653338806608742,0.22864596559772749,0.22766520999424403,0.22719797356458923,0.23445190551917067,0.23692356148374827,0.16033862305179278,0.2395518639535216,0.23881919494949214,0.23956904235379084,0.2392573269379477,0.23936417474739552,0.23073882418576114,0.22785536752381014,0.2261251264554692,0.22483139342055197,0.22122438709986514,0.20736078263343566,0.2360807952543664,0.20978440179844574,0.21405649347199662,0.21603084031226238,0.20444636064554716,0.22468198822558882
laryngeal_tissues,0.25304802538836624,0.2676882005302202,0.26041942676446883,0.2697903139588782,0.2480025651489522,0.16277177842727833,0.0,0.2747203146193634,0.2195126268378431,0.19814647691017764,0.20925006717892536,0.21389945100636648,0.22997721068971944,0.21503383175603763,0.2512374668579269,0.2521012899952031,0.25961859956143707,0.26100220238037025,0.273246359297975,0.2823945996630814,0.265723303593454,0.2664327031085447,0.265966648504575,0.2654533225505197,0.265956721335306,0.2656659350189552,0.2662002297136085,0.22693011290581244,0.26555786425909755,0.24636460918749478,0.24821290995565354,0.24167206894877252,0.2671525355000194,0.2948880490288177,0.293425494910671,0.29363128783782966,0.295182495577896,0.29302869366390233,0.2943537346043059,0.2946920660632195,0.2932162690593645,0.29551847771843487,0.2934187528885686,0.2943172361423033,0.2915124589916179,0.29312737463987304,0.29431445871081674,0.23697457915126763,0.29803188574420647,0.2041376703253714,0.2711446356738195,0.32004564734478413,0.2882145272136054,0.2711546178415001,0.27145619390812686,0.2718603289340146,0.27184205078411117,0.2861996748846216,0.2838027392116142,0.28347337332045425,0.23806790648915677,0.3170100042005638,0.2780920376587606,0.2824975763781986,0.27043117873943273,0.29245464721586656,0.27241403972645595,0.2722224781334184,0.2783169285662872,0.26051667824995006,0.2687351414138914,0.2527060878440923,0.2667609218700919,0.261543895117327,0.27098283843570437,,0.27430350900468703,0.1999874860223081,0.229383274000668,0.25048664703321766,0.25912067009152456,0.2603625430949832,0.27409249913212097,0.2818803302380468,0.26575323002134454,0.2650270513244486,0.2664714354180173,0.266413977282217,0.26660920241397557,0.26560626904928075,0.26531885653040205,0.26787256411374066,0.24886979644057058,0.2666151280011727,0.29534252630890584,0.29413863776891247,0.2935294912217641,0.29686408775826384,0.29217113929793903,0.2937617442094421,0.29318129338897553,0.29300613308994305,0.29618315922018645,0.2933131245315214,0.29484420574275405,0.2924211772296471,0.2939760627259417,0.29564525979981204,0.2978056808718739,0.20415665082670512,0.27172295142200764,0.2711880422329804,0.27173536355836425,0.2713225355236019,0.2714971772428122,0.28663891584319035,0.2842997192567521,0.2823974448110652,0.2783441946285481,0.2824785478853276,0.27094096842104254,0.2920445071683782,0.27193257631860646,0.27146771330492214,0.277525455755671,0.26085664444450674,0.2685467216059458
nerthus_bowel_cleansing_quality,0.0863378897832483,0.08855237556098236,0.09065327642628446,0.1027362258021835,0.11794822359573953,0.21861969576961685,0.2747203146193634,0.0,0.2411978347104934,0.2203362394358813,0.17035029725275913,0.16065530722903865,0.14416599304142969,0.13654389396743805,0.2371176181158232,0.25745495938309226,0.06646893512201171,0.05941326511143879,0.034593831269429894,0.06478520419850825,0.07392438613934704,0.07375252569502783,0.07376035515714494,0.07402224632787008,0.07399332711328992,0.07380893750941694,0.07375945296795453,0.13859635857495478,0.09128374388509655,0.14859780426027144,0.2647919641642884,0.2331071778395282,0.18215324452041645,0.12138564854767273,0.11964819986085692,0.12100503815834257,0.11982980884962074,0.12109575609812868,0.1200662715932985,0.11950671601397472,0.12139091606483146,0.12155034860297381,0.11998029973317226,0.11877028146833414,0.11897074240762508,0.12230127256446946,0.14676304847049793,0.13872659757100966,0.1475337146128017,0.19395076806162215,0.20984884527406483,0.15131952638558124,0.12371734206382014,0.21006360517370257,0.20998492534870733,0.21038143437507373,0.20969769517985262,0.09181263590690661,0.09090974063119243,0.09025058755618934,0.1731643272307762,0.2803042713051738,0.15042504830677422,0.11113166039764681,0.12957880423587903,0.12733879509695437,0.13516111639834505,0.12540897135769968,0.13195908691237365,0.1625765008376885,0.18041699716376644,0.08629161770229099,0.09263454443949487,0.09093686505416987,0.10250892807813924,0.2756670802927007,,0.21742563527851763,0.14513757707792563,0.23668856527389637,0.06590957488767488,0.06093058922578301,0.03506618964000884,0.06406887070471123,0.07393789771805773,0.07396277999632575,0.07370925510871895,0.07460581004553993,0.0743925693313649,0.0734093257568893,0.07416081319489976,0.09170128407303743,0.26446804021520776,0.17976403305562744,0.12196293622027632,0.11976740871993743,0.12056422249072633,0.12007902454059838,0.12070842541684706,0.11985157791192648,0.11865437616549906,0.12113656648473185,0.12220386205588803,0.1204479098916784,0.11917110247711883,0.11963165731924519,0.12257396139948251,0.1469048987543116,0.14724715778437622,0.18936111942792275,0.21151417968925523,0.2090814279393894,0.21032200204963813,0.21095066384578648,0.2094100649296844,0.0911197271707796,0.09143477652038409,0.08985100751295605,0.14985548372621282,0.11067465677756365,0.1300086495016582,0.1268493626442533,0.1354853540576264,0.12606549201357214,0.13107439363818052,0.16315876679653263,0.1790879685938565
stanford_dogs_image_categorization,0.2175269603878164,0.22898637408312805,0.22087632107012828,0.23013872957698817,0.20942106604822622,0.17640176597234358,0.2195126268378431,0.2411978347104934,0.0,0.22259983314487108,0.11344537957822229,0.11585495598752094,0.1751323774676931,0.1690814751931019,0.23691407104776002,0.24252725458855467,0.22273407492923955,0.2264640661233186,0.2384974587804291,0.24353732861005642,0.2327787801956635,0.23329317976356168,0.23298834509652827,0.23258144661770888,0.23279586843250427,0.23276241609705786,0.23314436494516233,0.190642769595004,0.23262100102065636,0.20947296588852804,0.22910422189890664,0.20241511303009593,0.22732658270381167,0.25269604686210845,0.2509041932928109,0.251283995340071,0.2524542047720655,0.2508207764604379,0.25201590255979134,0.25155726594297917,0.25138442331129107,0.2532485921254822,0.2512208406596256,0.2518356488354163,0.25037679452942857,0.25131357527071696,0.2565694467500324,0.20038939175878784,0.2593336028743937,0.19633914974952754,0.24884957578634803,0.27370971140174205,0.24215894025332968,0.24885559191128312,0.24916114633078645,0.24943585899961532,0.2495042138605146,0.24500264354431686,0.24162429744773012,0.2416499135879014,0.21376349361302954,0.298449984562703,0.23651483841451704,0.2425558062029889,0.2258182859371691,0.25235537318630813,0.22515970992901074,0.22932991227842542,0.23312521723636592,0.2132413942395181,0.24036276482274588,0.21705221719189913,0.22638000194515093,0.22189922874177984,0.23154686708668523,0.219321844943155,0.24091700437262725,0.22189088016475458,0.17566948228400642,0.235444487670345,0.22250556855920595,0.225806507114552,0.23900154247221592,0.2434459899661477,0.23269075070949016,0.23242901028831686,0.23377784730566528,0.23340432396106348,0.2336682600342664,0.23280839398992126,0.2323926088607981,0.2349459532373347,0.22974106238691822,0.2267618250861166,0.2535361650660024,0.2515343078125307,0.2514426219240151,0.25407440711917606,0.2501555060047338,0.2519844662480015,0.2504573729464221,0.25117720845239977,0.25385108038894033,0.2512099238567693,0.2519953627035833,0.25078819031942035,0.25214976513043164,0.2575466241740403,0.25925869221550923,0.19571137346519873,0.24915749971106566,0.24886518501397198,0.24964814254869797,0.24915066854690604,0.2491751202884354,0.2452371549414588,0.24209174405496448,0.24073380012070267,0.23655933325388095,0.24213264150568348,0.22600714570139807,0.25189145199003404,0.22476962071975953,0.2288727555652415,0.23207772840994512,0.21345890677952203,0.2398687201694294
svhn,0.2108736228505496,0.21734521090517275,0.21174926429125618,0.22005126582469658,0.21739310601914974,0.18529346641936142,0.19814647691017764,0.2203362394358813,0.22259983314487108,0.0,0.18685391835364779,0.1875678425456223,0.15875537108299037,0.14694034699166184,0.167152277572031,0.16887027883424832,0.2093730832193701,0.20880386239206908,0.21858676093342871,0.22579741671472067,0.21350933741603617,0.21402049210233975,0.21372295945481212,0.2132183222379308,0.21367451189454298,0.21347031853012172,0.21387967032401667,0.20440807245398024,0.2199490963589188,0.21810255103752302,0.24587459551929747,0.23420916325074076,0.24089766817101393,0.24068378470619378,0.23764595260049792,0.23842417105586888,0.23984557623395247,0.2376871152317001,0.23947122128027543,0.23911036545093606,0.23834135411407387,0.2403869355162118,0.23800874468463562,0.23853988356573186,0.23684717757802182,0.23832529165187388,0.25077096919224395,0.21309865900422167,0.2538822648752973,0.211769073096532,0.2574045890797311,0.26581354156897735,0.23917700364265781,0.25741947985219155,0.2576401004960254,0.25811763342064853,0.2577399300484491,0.23329980260485295,0.23023572790701435,0.23002619977168157,0.2219662921702383,0.3118023144559437,0.23274485473491852,0.22852045657742104,0.22387368198189744,0.23744229183631654,0.22765930464486467,0.22172131385620092,0.23097793220202267,0.23482640172096447,0.2478111945570395,0.2105424826272685,0.21653897360178853,0.21253962835420864,0.22085944466034216,0.19865515966981034,0.21999406948407743,,0.15731813838677475,0.16724353601597977,0.20912763724026295,0.20846494070966778,0.21918278879636627,0.2257042003246842,0.21343362400693044,0.21295982698534585,0.21395335369385413,0.2143543346962975,0.2141404707880763,0.2133396386414511,0.21328150389758083,0.22154129056396368,0.24609063643305704,0.240376109180585,0.24124056409297656,0.23809358565334404,0.23811769948294959,0.24131858736693312,0.23669962630303434,0.23896872908513447,0.2380728069379035,0.2381742775522349,0.24110346987127196,0.23832403447361872,0.2391792109840448,0.2375179952445644,0.238831143022652,0.2519083474991637,0.2535989327343208,0.21055777559059868,0.2583372521796431,0.25710385408188463,0.25769953527204087,0.2579278606527233,0.257459201189316,0.23321159285079388,0.23056372527294414,0.22915329909569981,0.2329399685819571,0.22849934247593567,0.22458788477623928,0.23702852853823825,0.22770663771958705,0.22130861453481473,0.22991082786397637,0.23520113552454114,0.24764368074276727
caltech101_object_classification,0.15153525357480285,0.15904483949935624,0.15238041799234847,0.1629844842632648,0.15268473968142535,0.15959714449311022,0.20925006717892536,0.17035029725275913,0.11344537957822229,0.18685391835364779,0.0,0.03386147965173854,0.11327256021436538,0.10104859329101558,0.19780166533225924,0.20881120838613135,0.1535218653385491,0.15487045177997122,0.16743368447231113,0.17151503759261927,0.16012632045304304,0.16061793962266663,0.16025613287614113,0.15979968174261192,0.1601326327773861,0.16008016336135733,0.16040640210223314,0.13977984926899004,0.1635399225623619,0.16250747411228111,0.209258259558029,0.1850759192600939,0.18209494665010795,0.18541261663274064,0.18427925401759188,0.1853298646778329,0.185343437438518,0.18500066282985844,0.18474884101454908,0.18467602655348705,0.18563764821549358,0.18668375517695326,0.18461171560388662,0.18469537283853224,0.1834911767661431,0.18560532698244753,0.19723894768007585,0.1488429348001025,0.19917297293604763,0.16452444786488735,0.20692328581670377,0.21215434944719536,0.17458384000173433,0.20707504497303583,0.20731762046711727,0.20754227133063557,0.20751069527687105,0.17453367505976553,0.1711790602637807,0.17113391765220487,0.16987661039838423,0.26893897323204935,0.16959498685813656,0.17178732684211082,0.15997948473037038,0.18042341904839088,0.1557269702597669,0.15628093325042056,0.16386873253802126,0.16367306854655195,0.19533551338801491,0.15125863856139982,0.1576726928099454,0.1536895998353514,0.1642255527226522,0.20952339397803021,0.17006621246855208,0.18514270197775573,0.11409029003695204,0.19680307076491677,0.15349646756242277,0.15429397553206747,0.16789686178285698,0.17133391074079152,0.15990526643622074,0.1597085873203982,0.1612322881153348,0.16078203074276237,0.16098391520907912,0.16028295937788328,0.15971922087890844,0.1658813170529724,0.20952845539993448,0.18083138035229135,0.18642202435400623,0.18513789381202103,0.18532635327478028,0.18699195846597239,0.18439544128352836,0.18458954447548198,0.18331747329217254,0.18525096812107028,0.18738073251817433,0.18489926294163656,0.18491444271464563,0.18389029884838853,0.18649482820621857,0.19792628762510459,0.19908115057404502,0.16252400803899963,0.20789984727123195,0.20673207221124887,0.2075405570185928,0.2075376496953155,0.20725687315356128,0.17464883908496653,0.17163803183142964,0.170060626829598,0.1695561554924021,0.17098290694479687,0.160020577959188,0.17992373571065,0.1556743169779214,0.15635860619593409,0.1630751039413105,0.16391940313060588,0.19472751203251737
caltech256_object_classification,0.1458932269953636,0.15128454577002384,0.1451157387154104,0.15594796741752048,0.1489230404787278,0.16123561757510818,0.21389945100636648,0.16065530722903865,0.11585495598752094,0.1875678425456223,0.03386147965173854,0.0,0.10820859783536022,0.09548297167226363,0.1988164781720081,0.2115381655332027,0.1468645816281968,0.14815467081051548,0.1590035408277006,0.1625983082206282,0.1518716945693882,0.1523404043708594,0.15197567490395003,0.15156999596845452,0.15184897768375452,0.15182442340689636,0.15218411350228356,0.13604674086778412,0.15511505631833722,0.1590199829172485,0.21008886392780046,0.18631249981337833,0.17773954804974934,0.1773878822206309,0.176208423235201,0.17741209712572828,0.1773060406648589,0.17720517259806573,0.17668485720783866,0.17659881334827732,0.17789918987436198,0.17874262285417486,0.17661215725831125,0.17658487392459465,0.17582417214041213,0.17783570576346605,0.18872059959263687,0.1461297382053004,0.19069671926649842,0.16458268539077273,0.20204357220643498,0.20424279161752734,0.16696034495199374,0.20224458229549946,0.20239783903356434,0.2025977290708843,0.20258688559159,0.16636435404004393,0.16326227659242698,0.1634312611661544,0.16744862702033766,0.2645847829308542,0.1616956175698517,0.16224866933739363,0.14967815581829244,0.17345073680148954,0.14566384084141362,0.14696226890027253,0.15375131385152813,0.15968546557364824,0.18917070381444803,0.14568566280835166,0.14992473561899833,0.14641874290832887,0.15699785689932666,0.2141389224534616,0.16037743820966033,0.18560486471460536,0.108716554684715,0.19782252559291255,0.14688060153387078,0.1476914731688478,0.1594340576164005,0.16247651912394515,0.1516086012644683,0.15152860290624226,0.1528599936255439,0.15250619562819967,0.15269854880593697,0.152013317781908,0.15141197252562982,0.15745569132549658,0.21029424211486172,0.17652112727377578,0.17835548606918275,0.17704850542874007,0.17734590741471618,0.17892042235196956,0.17661525479111517,0.1766007216848283,0.17529576201423402,0.1774272808788496,0.1794275588385714,0.1769021932983994,0.1768155875771647,0.17618759498334058,0.17873223175527403,0.1894352337401232,0.19055332465195846,0.16245047348607644,0.2029852023837298,0.2018559519117837,0.2026657334907725,0.20270987185557302,0.20236171465977287,0.16653946415663562,0.16372924565865377,0.16241817742920056,0.16174826886858312,0.16128207147967535,0.14976507664177546,0.1729324683495182,0.14558584397104746,0.14711600865666252,0.15276427421068112,0.1598734570787184,0.18847523459116028
cifar10_object_classification,0.13486908786538343,0.13834815975056747,0.13414587389032523,0.14597642068351485,0.14608249791188505,0.18998014587058512,0.22997721068971944,0.14416599304142969,0.1751323774676931,0.15875537108299037,0.11327256021436538,0.10820859783536022,0.0,0.03761807671822785,0.19223641090726437,0.20758439622794195,0.13401755916402497,0.13412422788287573,0.14188885115274122,0.14433380362050405,0.1340720205558065,0.13453585422097736,0.13416023580418035,0.13403008577870254,0.13405968909974542,0.13404863885861817,0.13439736518991308,0.1417019193618398,0.14319862174170137,0.15193508758690238,0.23428831543585238,0.20950933545813685,0.19303695522312742,0.1632897953950589,0.1613733368930707,0.16290625471595072,0.16246080109193767,0.16263074832660335,0.16217686390315475,0.16150267904733598,0.16354878535064812,0.16453584637412466,0.16221756290936026,0.16151485063940949,0.16096103775327048,0.16401080845322447,0.18358506149749493,0.14765555232938954,0.18490143985598081,0.18393081898420238,0.21633201759926124,0.19233506059742841,0.16317684181805264,0.21659185607146214,0.21646898604278708,0.21678946540733038,0.21666101531415172,0.1536007732122225,0.1516586920721948,0.15173925085662657,0.16532905959455635,0.28242413395059374,0.16967778271113065,0.15478226687839003,0.15352202931166048,0.16620162579128522,0.1547988414031467,0.1505667170077794,0.15821716634969712,0.1695686377662346,0.19621178171166848,0.1345539463150378,0.1388417864700381,0.13521748294537256,0.14651236147201752,0.23034120566789715,0.1437743080905276,0.15600136013350324,,0.19205554114821327,0.13366889315691932,0.13362682832626185,0.14243653530552902,0.14423489497832206,0.13399034073727273,0.13371987458941975,0.1348908150350538,0.13488970492054544,0.13475792862561686,0.13429430391658057,0.13374037467571476,0.144988493332036,0.23425734559669584,0.19138984805655468,0.16422083866199594,0.16193658771671535,0.16304159306687974,0.1635766760373389,0.1617986139775832,0.1620555753168753,0.16056798701825542,0.16314879179551978,0.16524117158083607,0.16261570843473094,0.16169046906556664,0.16103636955756184,0.16482049889741512,0.18423107549265014,0.1847677264642527,0.18100615933869785,0.21759520054851877,0.21599321431907592,0.2166856421792155,0.21716827658533944,0.2165007943581729,0.15345357649984462,0.15196920650836185,0.1509164263557876,0.1696421414000217,0.1540869119225518,0.15393763143953482,0.16549218225664264,0.15497211630276925,0.15101773503377675,0.1572927888648983,0.16997351888716827,0.19507003103268516
cifar100_object_classification,0.12615348836945645,0.1303553812034573,0.12631046978074,0.13825019620508602,0.1350118650179349,0.17529529003123234,0.21503383175603763,0.13654389396743805,0.1690814751931019,0.14694034699166184,0.10104859329101558,0.09548297167226363,0.03761807671822785,0.0,0.1830167504473958,0.19746141385010074,0.12503319103498373,0.12489453499468615,0.13399512698950056,0.13715269857258644,0.12623779297101057,0.12673384078147976,0.12637892720142596,0.12617748776174625,0.1262707428910399,0.12625621835612313,0.1266259083056985,0.12837258843757868,0.13468419625784073,0.140824186772974,0.21870428993642038,0.19811437739030632,0.18077382171798428,0.1545810927052791,0.1524285110838441,0.15382649158907388,0.1539505895682855,0.15343815232367772,0.15349708404695717,0.15301317411498905,0.15420964181062097,0.15555140015613267,0.1532258833895986,0.15301260977321063,0.15158955874812147,0.15468940973987738,0.1748481303541507,0.13548520544397966,0.1762778440783155,0.16910696881003862,0.20652637768912507,0.18487415707964963,0.15497255677305283,0.20684025782814106,0.2067623760366472,0.20709391919411707,0.2069038166148231,0.14490210980395649,0.14209974869760983,0.14210786576956186,0.15690979789596837,0.27335539481274346,0.15925816202164,0.14632101959623472,0.14630676733862652,0.1584000968408963,0.14633603634273812,0.14129956929082682,0.15027240874691755,0.1587550526993166,0.1865932565454103,0.1258306674446317,0.13095120081516928,0.12750294209733645,0.13895089162373822,0.21542438890556023,0.13621364533777103,0.14420451953466762,0.039204827289798155,0.18250855651197426,0.12488824625924735,0.12449892423974114,0.13449035468173642,0.13712853514340057,0.12612624514662416,0.1258531811465536,0.12704687486939098,0.12715244118638114,0.1270308147336666,0.12628257346540112,0.1258720322510116,0.13673655498851606,0.21863628583909678,0.17907201810652057,0.15541578170631493,0.15318925321785382,0.15383338926731482,0.15522888264576712,0.15258590363024904,0.15323677823907356,0.1520151009801617,0.1538823142851518,0.15622886950616785,0.15359466103756453,0.15336516365591657,0.15197139991982167,0.15553866645748868,0.17543117011920772,0.17606754330465318,0.16600002525550128,0.20781517221843185,0.20616088047735953,0.207062329528745,0.20738764602144966,0.20661533412797892,0.14476165201237187,0.14245552568789793,0.14118377529363513,0.15933695809544446,0.14580385790040967,0.1467681818453405,0.1576949448396867,0.14646469111494348,0.14163519270486583,0.1493834535283789,0.15913768662828842,0.18549954325578194
