,lapgyn4_anatomical_structures,lapgyn4_surgical_actions,lapgyn4_instrument_count,lapgyn4_anatomical_actions,sklin2_skin_lesions,identify_nbi_infframes,laryngeal_tissues,nerthus_bowel_cleansing_quality,stanford_dogs_image_categorization,svhn,caltech101_object_classification,caltech256_object_classification,cifar10_object_classification,cifar100_object_classification,mnist_digit_classification,emnist_digit_classification,hyperkvasir_anatomical-landmarks,hyperkvasir_pathological-findings,hyperkvasir_quality-of-mucosal-views,hyperkvasir_therapeutic-interventions,cholec80_grasper_presence,cholec80_bipolar_presence,cholec80_hook_presence,cholec80_scissors_presence,cholec80_clipper_presence,cholec80_irrigator_presence,cholec80_specimenbag_presence,derm7pt_skin_lesions,idle_action_recognition,barretts_esophagus_diagnosis,brain_tumor_classification,mednode_melanoma_classification,brain_tumor_type_classification,chexpert_enlarged_cardiomediastinum,chexpert_cardiomegaly,chexpert_lung_opacity,chexpert_lung_lesion,chexpert_edema,chexpert_consolidation,chexpert_pneumonia,chexpert_atelectasis,chexpert_pneumothorax,chexpert_pleural_effusion,chexpert_pleural_other,chexpert_fracture,chexpert_support_devices,pneumonia_classification,ph2-melanocytic-lesions-classification,covid_xray_classification,isic20_melanoma_classification,deep_drid_dr_level,shenzen_chest_xray_tuberculosis,crawled_covid_ct_classification,deep_drid_quality,deep_drid_clarity,deep_drid_field,deep_drid_artifact,kvasir_capsule_anatomy,kvasir_capsule_content,kvasir_capsule_pathologies,breast_cancer_classification_v2,eye_condition_classification,mura_xr_wrist,mura_xr_shoulder,mura_xr_humerus,mura_xr_hand,mura_xr_forearm,mura_xr_finger,mura_xr_elbow,bean_plant_disease_classification,aptos19_blindness_detection,lapgyn4_anatomical_structures --shrink_train 800,lapgyn4_surgical_actions --shrink_train 800,lapgyn4_instrument_count --shrink_train 800,lapgyn4_anatomical_actions --shrink_train 800,laryngeal_tissues --shrink_train 800,nerthus_bowel_cleansing_quality --shrink_train 800,svhn --shrink_train 800,cifar10_object_classification --shrink_train 800,mnist_digit_classification --shrink_train 800,hyperkvasir_anatomical-landmarks --shrink_train 800,hyperkvasir_pathological-findings --shrink_train 800,hyperkvasir_quality-of-mucosal-views --shrink_train 800,hyperkvasir_therapeutic-interventions --shrink_train 800,cholec80_grasper_presence --shrink_train 800,cholec80_bipolar_presence --shrink_train 800,cholec80_hook_presence --shrink_train 800,cholec80_scissors_presence --shrink_train 800,cholec80_clipper_presence --shrink_train 800,cholec80_irrigator_presence --shrink_train 800,cholec80_specimenbag_presence --shrink_train 800,idle_action_recognition --shrink_train 800,brain_tumor_classification --shrink_train 800,brain_tumor_type_classification --shrink_train 800,chexpert_enlarged_cardiomediastinum --shrink_train 800,chexpert_cardiomegaly --shrink_train 800,chexpert_lung_opacity --shrink_train 800,chexpert_lung_lesion --shrink_train 800,chexpert_edema --shrink_train 800,chexpert_consolidation --shrink_train 800,chexpert_pneumonia --shrink_train 800,chexpert_atelectasis --shrink_train 800,chexpert_pneumothorax --shrink_train 800,chexpert_pleural_effusion --shrink_train 800,chexpert_pleural_other --shrink_train 800,chexpert_fracture --shrink_train 800,chexpert_support_devices --shrink_train 800,pneumonia_classification --shrink_train 800,covid_xray_classification --shrink_train 800,isic20_melanoma_classification --shrink_train 800,deep_drid_dr_level --shrink_train 800,deep_drid_quality --shrink_train 800,deep_drid_clarity --shrink_train 800,deep_drid_field --shrink_train 800,deep_drid_artifact --shrink_train 800,kvasir_capsule_anatomy --shrink_train 800,kvasir_capsule_content --shrink_train 800,kvasir_capsule_pathologies --shrink_train 800,mura_xr_wrist --shrink_train 800,mura_xr_shoulder --shrink_train 800,mura_xr_humerus --shrink_train 800,mura_xr_hand --shrink_train 800,mura_xr_forearm --shrink_train 800,mura_xr_finger --shrink_train 800,mura_xr_elbow --shrink_train 800,bean_plant_disease_classification --shrink_train 800,aptos19_blindness_detection --shrink_train 800
lapgyn4_anatomical_structures,0.0,0.0006530458586834623,0.0006497102989430363,0.0008991712582068208,0.0016134464463757126,0.0030104690616109247,0.004498469060625028,0.001205066153030846,0.0030222665119554633,0.003461621603876887,0.002042260663968865,0.0019498237484215195,0.001893877472630284,0.0017965357395055516,0.003823957486107493,0.004107031011324599,0.0009654197424089259,0.0008943409632584296,0.0011111912545050074,0.0011672056136766999,0.0008238934740194704,0.0008274598141090216,0.0008272211419174984,0.0008212773723886404,0.000823288728086825,0.0008225896249279722,0.0008221274733943417,0.0018354204708039795,0.0014134252982608633,0.001990750978939997,0.003843419857674258,0.0033185970231469964,0.002713247159149211,0.001657184808674563,0.0016747153039339347,0.001713170234673762,0.0016455942919255742,0.0017252732839084012,0.001648495055056725,0.0016441468609167272,0.0017250229960177094,0.0017047675198097766,0.0016832050656574045,0.0016259697134065377,0.0016424008227327515,0.0017406437939808865,0.002069049911104307,0.0018928434984755542,0.0020776285719412684,0.002832580128280587,0.0031749536884574337,0.002159069388287714,0.0018192780932807778,0.0031795882457841835,0.003178183933116552,0.003181964029236794,0.003179287466632336,0.001562084781254749,0.0015417070209642557,0.001535475647625174,0.0026024806701893813,0.004495600879057478,0.0021601493091435893,0.0015748387841874197,0.0019110098665949342,0.00183169528685361,0.001913439960146468,0.0017369086806172597,0.0019225237896971048,0.002153229117630602,0.002624494800888843,0.00010298546065866896,0.0006968869662453022,0.0006486774169101263,0.0009111337198781483,0.004516733313378805,0.001204754514700194,0.0034054354872190273,0.001908009309597898,0.0038086996610509224,0.0009561324209283533,0.0008878167646992561,0.001120037196451798,0.0011622920491650727,0.0008293711417406452,0.0008271918150437143,0.0008319914457405547,0.0008405665690073261,0.0008366443176750942,0.0008179725610168838,0.000827791746134691,0.0014266481745002946,0.0038397902289849482,0.00267794566957516,0.0016717752117906231,0.0016819934868717063,0.0017101332262712278,0.0016518437243138928,0.0017168189669250402,0.0016453093243316208,0.0016274907969482308,0.001715363988574538,0.001720828975218055,0.0016921800713192332,0.0016265663070688776,0.0016497443525619736,0.0017487512060800447,0.002071636715398801,0.0020738925775352045,0.0027628042114154093,0.003198356303481168,0.0031660994841350067,0.0031831616325230633,0.0031915842422823937,0.003173623911201351,0.001554667107187933,0.0015521373773705626,0.001530799698276937,0.0021559291723792277,0.0015738116698128823,0.0019127580387971706,0.001819852978228544,0.0019148219680456728,0.0017500736905115039,0.0019183155244566477,0.002159898150417395,0.002602505379510071
lapgyn4_surgical_actions,0.0006530458586834623,0.0,0.00040162170290853705,0.0005097226505617247,0.001737080450567915,0.003218812932454473,0.004717543342444931,0.0011786823621896423,0.003219192891983906,0.0035393697772976955,0.0021614626154861927,0.0020348878708648845,0.0019180836003425592,0.00183613286810661,0.003874810848511501,0.004207164096536124,0.0010165625480334601,0.0009565936906915272,0.001070667208712042,0.0010702936560304833,0.0006596315234372978,0.0006621460956642597,0.0006596265996789313,0.0006568613093213091,0.0006577462723595918,0.0006600038065763432,0.0006557023465673564,0.0019777395209410135,0.0013167811095181477,0.002110550887664978,0.0040326631853549845,0.003576562131169604,0.0027863035946013885,0.0016101873379581865,0.001621809275395107,0.0016603059438391327,0.0015985494771204008,0.0016709421383845342,0.0015976704418475681,0.001594475492970045,0.0016776055147539985,0.0016493423720156108,0.0016306604929159456,0.001577355730275027,0.0015943686855455635,0.0016888472291484806,0.0020682418520051567,0.0020124738229194868,0.0020668313498683217,0.0030640025470337496,0.0033344021735730364,0.0020899473530157017,0.001801798500639508,0.0033384002344582523,0.003338149987238497,0.0033398409936797003,0.003336958512014613,0.0015182831364604498,0.0015129940466966241,0.0015097027235153558,0.0027147819399798868,0.004646457895519445,0.002084832144293154,0.001499920374637454,0.0018791893027436456,0.0017357704985424102,0.0018318284011616538,0.0016743254483892027,0.001840126289311184,0.0022464340832338762,0.002759329941593722,0.0006612663139471557,0.0002623254877587054,0.0003903064891480241,0.0005035022511430813,0.004735534706755665,0.001177011911463169,0.0034789158968758136,0.0019321806102859903,0.0038611575665076555,0.0010142344449838906,0.0009528408236582945,0.0010760814772566253,0.0010659364436168739,0.0006684700540786012,0.0006653910114824655,0.0006609674834597978,0.0006753594855541731,0.0006540841853033307,0.0006527119273165893,0.0006708566271406684,0.0013208506382395254,0.004030015100943335,0.0027536201959812803,0.0016231128846719966,0.0016241934228412827,0.0016530115545045835,0.001598752471411366,0.0016651526258760394,0.0015985125741166646,0.0015828671741462495,0.0016665709323093734,0.0016612182378874629,0.001643230795521929,0.0015802224503222062,0.0015959272892257402,0.0016951582746401674,0.0020689783312887898,0.0020682896455855738,0.002994305419450356,0.0033592661986733986,0.003324298645882151,0.003343431502318888,0.003350265623085008,0.0033329764772380725,0.0015096382728143091,0.001521724308294526,0.001508778411528191,0.0020804824389119066,0.0014926638520949078,0.0018765235722889787,0.0017253566074785529,0.0018363114959287759,0.0016899247354446206,0.0018367189882820007,0.0022546842101292233,0.002734520409919526
lapgyn4_instrument_count,0.0006497102989430363,0.00040162170290853705,0.0,0.00043079148933076897,0.001677047255101896,0.003106806730030638,0.004599860681087628,0.001221385179918911,0.0030907557927112475,0.0034518171708036163,0.002055018696192775,0.0019358830305983405,0.0018574032517845987,0.0017719568823836183,0.003817744408536012,0.004122308395772437,0.0010318158224460294,0.0009699966745047964,0.0011342593344247965,0.0011798393089401827,0.0006493501341542261,0.0006536900097110134,0.0006479492949355019,0.0006437927477465945,0.0006465845645232659,0.0006481274625812538,0.0006452671105571248,0.001921002151288835,0.0013986028179634661,0.002120992000767493,0.003942678445933691,0.00345195010909679,0.002725613018151059,0.0016804027161319804,0.0016914415870091931,0.0017275761555729575,0.0016653068406044455,0.00173885863480396,0.0016667897623386116,0.00166206970558571,0.0017444608442476204,0.0017198544348518078,0.0016984984019595224,0.001643399760016239,0.0016636075334809507,0.0017537059279329852,0.0020942520917990133,0.0019692571853964806,0.0020989108396880945,0.0029717999200925107,0.003257389993296275,0.0021616435121821114,0.001838505924659655,0.003260779855021323,0.0032609061477753467,0.0032630021913097546,0.003259875629129063,0.0015338618504944787,0.0015396331222893632,0.001539105592700271,0.002688362105838902,0.004573696761873506,0.0020806621884246904,0.001544345643708503,0.0018569170463542638,0.001787136198204281,0.0018158507496833973,0.0016791743062378665,0.0018291356097692498,0.0022320616746007963,0.0027133277758791697,0.0006561976133714689,0.00040877221437391663,0.00010637299540551843,0.000451062516183498,0.004616563560526227,0.0012189436074193064,0.0033931713369567762,0.001873115391929085,0.003803226637387226,0.0010259462908056524,0.0009624795689444622,0.0011430704216963115,0.00117565537480866,0.0006599643213261867,0.0006525963268528628,0.000659278215907086,0.0006604206686201886,0.0006451387375568547,0.000636829446287969,0.0006569073281904446,0.0014095392896924955,0.0039402045495563484,0.0026915657571069604,0.0016959568558408162,0.0016949559118495904,0.0017204201214415225,0.0016705932938379134,0.0017315268217420587,0.001666506571915127,0.0016495591208495605,0.0017334048827357897,0.0017325021208311456,0.001709079995094091,0.0016477809703755438,0.0016684763436609574,0.0017625009674500228,0.0020986379935681843,0.002099847706451952,0.00290472876267972,0.003282443938009077,0.0032472618884259565,0.003266200011760666,0.0032728888482290754,0.003255272627744041,0.0015280359185694137,0.0015457098768725847,0.0015365293389388197,0.002076684642363755,0.0015375271640129286,0.0018555755601994783,0.0017759664268823174,0.001819774710913444,0.001690115570124785,0.001824612784368716,0.0022392022621135366,0.002689364178831745
lapgyn4_anatomical_actions,0.0008991712582068208,0.0005097226505617247,0.00043079148933076897,0.0,0.0018627830931088841,0.0032519528555238248,0.004727913586915054,0.0013750792309576592,0.003224025832856593,0.003558207637418174,0.002208832473193281,0.0020888040260769033,0.0020144466996856927,0.0019305489237834439,0.003908750277642021,0.004231971066988863,0.0012383191028383445,0.0011876353267324293,0.001289256073355228,0.0013241865927231039,0.0008595121483351705,0.0008636203407354503,0.0008574225282752686,0.0008552123763762371,0.000857664792361343,0.0008599310790824242,0.0008562669806228338,0.002102277732731507,0.0014739525200276999,0.0022849912489813235,0.004089091805290251,0.0036330075874332394,0.0028612557759521515,0.0018170457365828088,0.0018266165186236899,0.0018579571913928247,0.0018057767260201752,0.0018670198799905127,0.0018034836001768926,0.001802270414557836,0.0018747038264461586,0.0018515143576662342,0.0018319638400072123,0.0017837956488093753,0.001799376932984443,0.0018794064242430956,0.002253794648264978,0.002123062479371712,0.002255253991213546,0.0031393129980206488,0.003443063155852339,0.002258385980413132,0.0019901991417297944,0.003447060457765675,0.003446828306611505,0.0034485210238066485,0.0034458414988749082,0.0016807310774890273,0.0016873665103075797,0.0016855190060125788,0.0028377356623571983,0.0047357384157573085,0.0021845712556768843,0.001692775495185281,0.0019997240941429873,0.001865757408648445,0.0019205453354078673,0.0017854213311926654,0.0019441509258571604,0.002387771435928069,0.0028883960674204313,0.0009015641592846549,0.0005206969755351524,0.00042710403809772396,0.00011952765934649542,0.0047459000918737195,0.001372595309412147,0.0034999420508750436,0.0020295766023270224,0.0038961292851873598,0.001233209627858499,0.0011822632543010544,0.0012971424279328327,0.0013192461639593056,0.0008719796448415052,0.0008651625627710194,0.0008632616679055375,0.0008740453044684541,0.0008478615774670171,0.0008505452966165955,0.0008666400979305862,0.0014815737143752785,0.00408683903617118,0.0028284556923291746,0.0018303676185156081,0.0018281668177402596,0.0018502654415668458,0.0018090314046250863,0.0018611090560657524,0.0018044499646407148,0.0017901564415900367,0.0018649765684504286,0.0018609162308479447,0.0018428159369114525,0.0017887759731224253,0.0018024546767004613,0.0018884445456940672,0.0022563293533901857,0.002256321151565493,0.0030750473190197213,0.0034675512307612193,0.0034331064209588624,0.003452224990030087,0.003457531465252803,0.003441383337303517,0.0016741670230675254,0.0016937129546534084,0.0016841983816761105,0.0021811267562279993,0.0016831323669917486,0.001995892175002144,0.0018561287425717314,0.0019261540064281788,0.0017971507990225232,0.0019407307147308295,0.002396250311149094,0.0028659480454073767
sklin2_skin_lesions,0.0016134464463757126,0.001737080450567915,0.001677047255101896,0.0018627830931088841,0.0,0.002808376335318107,0.0042967616212837645,0.001791413639251747,0.0028941571285216443,0.003490132448133342,0.00209827972518008,0.002044644624276461,0.0020885810084732125,0.0019521034965581175,0.003884047473529822,0.0041375231376244315,0.001418359217010638,0.0014622430211882107,0.0017648945957180369,0.0018229412615290354,0.0016424242217415487,0.0016488927609128083,0.0016450260833081572,0.001642807858437688,0.0016439822573224322,0.0016444334970472582,0.0016473301364484522,0.00134258227983121,0.0019248216895236207,0.0019271704350020517,0.003749318338790752,0.0027930548711653444,0.002892494880342775,0.0021071252629926754,0.002125984530570396,0.002163087869216671,0.002091007899829546,0.00217603762696093,0.0020961644603115738,0.0020857500943773223,0.002179235318581929,0.0021683310799070206,0.002132015979461132,0.0020540362351050773,0.0021092781146681283,0.0021933802766245145,0.002526139191978219,0.001196007061145002,0.002548508931534705,0.002172204724568751,0.002950013403364618,0.0026054474589509618,0.0021916746340987507,0.002956897070730868,0.002959827414121111,0.002961686684588288,0.0029608821746886617,0.0018281057311469407,0.0017560720556579943,0.00175583995903251,0.002519225490836217,0.004343148174451395,0.002551897777003774,0.0020690645508996564,0.0022547343410151254,0.0023973539732603188,0.0022855678997306186,0.0022275959945589896,0.0022802316837267148,0.00237302851310458,0.00241985194964807,0.001609871878855535,0.0017255796717819787,0.0016860089455021747,0.0018709221293465176,0.004312487210324254,0.0017875582852258291,0.003438167435556921,0.002091229600639825,0.0038689369778542202,0.001415077594162251,0.0014537908609836042,0.0017772982250634122,0.0018229685301241415,0.00163857694932022,0.0016422426875046321,0.0016529739571171129,0.0016578115611005318,0.0016602231473899548,0.0016384141422477027,0.0016416973765501328,0.001952025694383458,0.003748626088118187,0.0028535209649933743,0.002126305936813577,0.0021339225809199835,0.0021579903194444525,0.002100650462324635,0.0021631924031546637,0.0020946706398549267,0.0020730943734592697,0.0021714453143294662,0.002184796055253893,0.002141609185248139,0.0020534646842775804,0.0021249443261184492,0.002202947814414054,0.0025376360789563348,0.0025459119323800812,0.00212231346215059,0.002967895147860628,0.0029450891064158368,0.0029662776378672107,0.0029644413681380014,0.0029542246293214973,0.0018219218220389259,0.0017583397897369428,0.0017482904395267848,0.0025518812664751607,0.0020649872625723635,0.0022572275477712412,0.002384308389447875,0.002283407399744952,0.0022337409394146274,0.002267948689017108,0.002378249434442718,0.0023970418544568303
identify_nbi_infframes,0.0030104690616109247,0.003218812932454473,0.003106806730030638,0.0032519528555238248,0.002808376335318107,0.0,0.002890233934377751,0.0033671102875577567,0.0025327676513069125,0.0029399237605459818,0.0023856920514720445,0.002415786525721262,0.0028656651615666974,0.0026507082538917044,0.0037709903069514674,0.0038958958329716126,0.0030102370688401305,0.00307414171479557,0.0033292437270309996,0.0034140216823804366,0.003220659553026237,0.003228974235751086,0.0032257887158509304,0.0032149213642727946,0.0032229979651863623,0.003219020697531535,0.003228972330860436,0.0025484207532608773,0.003173685991690731,0.002636053188593895,0.0033076791863595164,0.002989068531960639,0.0034018955706672776,0.003495297436800419,0.0034553531824864014,0.0034556415514022847,0.0034910752327063734,0.0034506616422623555,0.0034821764620393695,0.003477937484949575,0.0034579971973778744,0.003499182701305852,0.003453926960539675,0.0034696252023257565,0.0034574506615421864,0.003457638147909765,0.0035873785488292616,0.0025820374557238663,0.0036511169437073734,0.0024945662895212457,0.003711108383995354,0.003925358531004432,0.003471774498337899,0.003712455647608447,0.0037182543844181772,0.0037219131244508796,0.003726669702586621,0.003477138712633729,0.0034429696412798055,0.0034431737064032552,0.002616481642714973,0.004812656323317248,0.0034186747779103325,0.003369482457981361,0.003173959253905451,0.003589097913261296,0.003193738442082092,0.003267578671775349,0.0032895630390684712,0.0030889428334057827,0.0034312317824338953,0.003002651259142247,0.003166876187555348,0.0031232080821600146,0.0032694701375890166,0.002898829796201435,0.003363692401076747,0.002931757869145594,0.0028594475201162146,0.0037529517768614953,0.0030011996477239075,0.0030639078837868404,0.0033412069938366954,0.00341083058592101,0.0032177274720120524,0.0032131114420128042,0.0032339497110125334,0.0032289262061924433,0.0032341546781582617,0.0032157284964788274,0.0032099312578596265,0.003205986066962944,0.0033159048772633025,0.003392066025994068,0.0035057324172963564,0.003468969723684529,0.0034564351493929788,0.003527422068476588,0.003424642484443981,0.003469383884601137,0.003457798098200143,0.0034545228677005727,0.003509270162243584,0.00345384676125838,0.0034771886782585864,0.003472786326563632,0.003468567499822624,0.003611555729112502,0.00364478675688955,0.002464847816086537,0.0037206050836350716,0.0037096879199300893,0.003718745557482511,0.003716410535519561,0.003719942197372288,0.00348323878761868,0.003448533552415295,0.0034259606685762512,0.003424859145146943,0.0033664525342230185,0.0031784359573811378,0.003582666154051184,0.003190553966156115,0.0032533266520172015,0.0032784357082814714,0.0030928343642003405,0.0034237600295225854
laryngeal_tissues,0.004498469060625028,0.004717543342444931,0.004599860681087628,0.004727913586915054,0.0042967616212837645,0.002890233934377751,0.0,0.004822767191895274,0.0037101159647107912,0.003342941919764856,0.0037229042668500975,0.0038077806504013905,0.004054890631675851,0.0038395371307310545,0.00438567890599491,0.004350675945602408,0.004595117318828737,0.004615175337107012,0.004821526960122226,0.004941107907650087,0.004720576797578876,0.004730239038108442,0.0047242769708624064,0.004715831466974695,0.004722142770524174,0.004718673278031104,0.004727000859978101,0.003966854405691784,0.004659481455101178,0.004271938403714384,0.0042417572242521365,0.004109663671883589,0.004613514463604128,0.005083529332459437,0.005062823674079713,0.005066575574353194,0.005083387291585138,0.005059593451587548,0.00507304875346715,0.005074916425868103,0.005063396420420649,0.005093734118964879,0.0050600549470299185,0.005067156877126008,0.005032523273950975,0.005061936534451207,0.005102227805851655,0.004136098576210771,0.005162453888881094,0.0035372702268393176,0.004615420988758173,0.0054896968267738235,0.004937301798237461,0.004617466638938502,0.004623367815282015,0.004625805351749009,0.004630036603850675,0.0049202956623912355,0.004880045292068945,0.0048782900316044755,0.0041109502168251155,0.0053517676546231295,0.0047943607107559265,0.004879460063669567,0.004700054066207063,0.005024433310502348,0.004718764023982564,0.00471506575182488,0.004800951305121396,0.004510658672914004,0.004599399875912466,0.004492165560607254,0.004708432966932921,0.004614489994300451,0.004743074207526517,0.0001174265596911195,0.004817780442696803,0.003378347935690819,0.004044727237788585,0.004374103805968196,0.004588364109297483,0.004606351344507596,0.004832462118636577,0.004936785741548408,0.0047189962047459524,0.00471170756706705,0.004731819738087797,0.0047285294802450134,0.004731861415150302,0.004714892492949376,0.004711158549123512,0.004692831876122021,0.004249997929339738,0.004607446808969812,0.005090092250838483,0.005075338765683037,0.005063076802012781,0.005110162005895974,0.005043500668382127,0.005064820264553427,0.005054599127602428,0.005058062852259794,0.0051064999139122345,0.005059277743289648,0.0050703853257262,0.005045266123692663,0.005075520890914916,0.00512425552563334,0.005154412470312983,0.003544822548351303,0.004620959408320606,0.004616736918770962,0.004625315068396273,0.004618576274237776,0.004621766325917251,0.004925857268337284,0.00488640774196673,0.004864056852389323,0.004799007830227143,0.004878141082155132,0.0047052203500697765,0.005019411286698645,0.004713812286579879,0.0047017374819791485,0.00478845506774561,0.004516150122963827,0.004596466187470381
nerthus_bowel_cleansing_quality,0.001205066153030846,0.0011786823621896423,0.001221385179918911,0.0013750792309576592,0.001791413639251747,0.0033671102875577567,0.004822767191895274,0.0,0.003368090756445131,0.0035749783459231403,0.0022974662439266755,0.0021470774940032817,0.0019866191589463286,0.0019122575886553394,0.003992339496916192,0.004311638383160907,0.0009459036775614153,0.0008307592867983307,0.00048173663098680477,0.0008662307701976898,0.000990044264250534,0.0009898953226089872,0.0009898849233680388,0.000992751522873465,0.0009930947916737811,0.0009902982030909886,0.000989919961931751,0.0020938851594891825,0.0012579375978806588,0.0022631658149185577,0.004201662846873008,0.003681250728232632,0.0028231353179781577,0.0016995477878529903,0.0016797525888263007,0.0017134720850260781,0.0016723324667793347,0.0017187003969319577,0.0016759060429961002,0.0016640760787348403,0.001728065020318137,0.0017186569741059615,0.0016902704376378394,0.0016502657991709988,0.001680096117241943,0.0017438803132535843,0.0022136376106688784,0.002093253995503705,0.0022143449763628144,0.003137389008684401,0.0033378342445260956,0.0022341297515822483,0.0017524336115319072,0.003342611882249459,0.00334272247261705,0.0033456433529951667,0.003338225466369393,0.0013310106211288368,0.0013068445034114425,0.0012979084835189588,0.002811293209148253,0.0046332524432866696,0.002169401040527064,0.001539665223625055,0.0018940231274141995,0.001790193497579582,0.0019244449043094784,0.0017443232568928955,0.0018768158706503665,0.0024435420767025965,0.0027593135677441965,0.0012048460303723477,0.0012355980325607597,0.0012238941445906351,0.0013689574559445912,0.004843279120382351,9.634692154198986e-05,0.003513803431697831,0.00199734745852918,0.003984366275696515,0.0009364246623907148,0.0008513966277164538,0.0004866800801237663,0.0008568590487202296,0.0009902314664609695,0.000994633942365612,0.0009879262179184314,0.0009994002537472553,0.0009967359585840495,0.0009874049785671872,0.0009962246253755406,0.0012619475050679352,0.004198485069088833,0.002786277002601711,0.0017112944169926521,0.0016818804618098516,0.0017070363764594347,0.0016756161034392743,0.0017158152489969865,0.0016762639273272734,0.001653679699680219,0.0017194005794415516,0.001730908836345141,0.001701655950599168,0.0016528501055271035,0.0016833905158669363,0.001745971013032694,0.002213363904490869,0.0022119901533939144,0.0030718708918805373,0.0033648001057789115,0.0033257926439295205,0.003346921486429494,0.0033559442813163526,0.0033342652481560993,0.0013207000322050457,0.001314950897993163,0.0012931846857008485,0.0021639967670827086,0.001531739493650455,0.0018961630729270231,0.0017819823444987287,0.0019277368760433232,0.0017594596234136637,0.0018686799163811362,0.0024505245771641523,0.0027350122289165886
stanford_dogs_image_categorization,0.0030222665119554633,0.003219192891983906,0.0030907557927112475,0.003224025832856593,0.0028941571285216443,0.0025327676513069125,0.0037101159647107912,0.003368090756445131,0.0,0.0033562374999011016,0.0016108036220854563,0.0016612628261825847,0.0024398466292406113,0.0023377857116318075,0.003721514555633997,0.0038363657181333683,0.003091842820851411,0.003146217977954184,0.0033393549755948325,0.0034236399192345995,0.003274166755464666,0.00328084104894731,0.0032764258556850726,0.003270260274639461,0.0032749000624872535,0.0032733246033153016,0.003279669903043571,0.0026467341999584174,0.0032489306397729166,0.002945818665850488,0.003583222668371593,0.0030827068331115816,0.0033201575775696776,0.0035566837286499266,0.003533521343990555,0.0035402287215791205,0.00355046385531625,0.0035365111267819755,0.0035431951061003835,0.0035370601911565423,0.0035441406435062295,0.0035692049942040813,0.0035345753856529097,0.003537676876819648,0.0035210584194869743,0.0035446004398834528,0.0036878221128105173,0.002790891543744297,0.003731727627516306,0.0029144525904610773,0.0037330089487470288,0.003932866748772476,0.003394138553444527,0.0037324974170137217,0.0037388519517601226,0.003741082599869541,0.003743331330253439,0.0034001815996118744,0.003353487043402122,0.003355549722366227,0.0030733443396545805,0.004730875108944351,0.0033385548103054812,0.0033867041861598765,0.003153637597572477,0.0035422337837243546,0.003140438589438658,0.0031906983251309804,0.0032515489599264967,0.0030273653029555493,0.003511139483922587,0.0030155959195316807,0.003183288828900257,0.0031060560789363525,0.00324250795526369,0.003713783373835179,0.003364822978481178,0.003328581529134314,0.0024477045625190133,0.0036977456900939877,0.0030880448341404536,0.003137838585146424,0.0033472318030036852,0.0034232552726238988,0.003271590072231872,0.00326880333914776,0.003289187616624417,0.003281383365119809,0.0032874422086849758,0.003270089370244857,0.003266150199657706,0.003284506444565242,0.0035896636797764243,0.0033075749931860883,0.00357005901398867,0.003543692790686988,0.0035403379904731897,0.0035742016591447934,0.0035240192263545043,0.003544153582370939,0.0035199390294266,0.0035393689755143197,0.0035800424613149553,0.0035357662677411123,0.0035392902042538977,0.0035263459153966805,0.003556647832217379,0.003706523540495574,0.0037275737300739697,0.0028954689895700136,0.003740333848097355,0.0037282835516988288,0.003745861083559236,0.0037390884021385948,0.0037363840549754102,0.003402661612582881,0.0033605014689559393,0.0033419242489555827,0.003340507518203184,0.0033788266972069507,0.003155181133051899,0.0035352739661260895,0.003134130896741262,0.0031815071469386324,0.0032378477484655338,0.003032565766094594,0.0035016618815297013
svhn,0.003461621603876887,0.0035393697772976955,0.0034518171708036163,0.003558207637418174,0.003490132448133342,0.0029399237605459818,0.003342941919764856,0.0035749783459231403,0.0033562374999011016,0.0,0.0029264716616211888,0.002940554945048556,0.002566993885769394,0.0024019631904085657,0.0028136764204859262,0.00283985708735705,0.0034224080873537627,0.0034087583827850172,0.0035505114675066143,0.0036475012103557177,0.003495653174023139,0.0035014206390931485,0.0034971391043398395,0.003490644094289612,0.003495585495632343,0.0034943950715515034,0.0034997717061837873,0.003295939057576769,0.0035311182392946854,0.0035009821255512132,0.003983040567883631,0.003816280746790999,0.003860463708969291,0.0038441506610397166,0.0038018067909519754,0.003814074839775389,0.0038294218340171092,0.0038049721298363303,0.0038239735633432835,0.0038180937712143643,0.0038153035878725505,0.0038436563952543453,0.003805135677103291,0.0038113589660425154,0.003788808012329759,0.0038159022033250715,0.0040472227485921,0.003445805773390224,0.004096898088875154,0.003457476531270501,0.004181139853986985,0.0042853474852179475,0.0037960902548304486,0.00418231796218494,0.004186505387476273,0.004192191994237494,0.004185405772997669,0.003718032604039207,0.0036753691888714206,0.0036778476847785196,0.003590468988659245,0.005159279418347467,0.0037139554389994797,0.003652347538986625,0.003602062082231434,0.0037956943479752064,0.0036218375233771417,0.0035486932314807806,0.00367628476161867,0.0037574267657424425,0.003995806449451435,0.0034575332002851,0.0035364705916025854,0.003460480900071779,0.003568462404795295,0.00335420837350399,0.0035719236204533795,0.00015502037463825048,0.0025499813639612546,0.002811863409612367,0.003418349006842173,0.0034036751251142173,0.003558039029037309,0.0036479263268365683,0.003492797476479383,0.003489395056456592,0.0035011967344218513,0.0035031999690491537,0.0035029462829981313,0.0034908171058325834,0.003489447051036121,0.0035558930751674006,0.003985203136562561,0.003852932887167935,0.003852281877359034,0.003808924314548933,0.003806236189837635,0.003852373903903006,0.003788722110135893,0.0038177149274757185,0.003801513749173575,0.0038115582125791162,0.0038541537962747847,0.003810491362586667,0.003816479043186822,0.003799077309788751,0.003824645346376551,0.004068147171699061,0.004089491437700708,0.0034373917527726937,0.004193933782257124,0.0041763895264817835,0.004187632877442135,0.004190951549776006,0.004182487601925317,0.003716288703323057,0.0036814778892074592,0.003666217943407216,0.0037142582716568917,0.0036512178907012714,0.0036109122363261288,0.0037891332009209622,0.003623010325895563,0.0035417888662343717,0.0036617800491256583,0.0037602570696525246,0.003992239940904657
caltech101_object_classification,0.002042260663968865,0.0021614626154861927,0.002055018696192775,0.002208832473193281,0.00209827972518008,0.0023856920514720445,0.0037229042668500975,0.0022974662439266755,0.0016108036220854563,0.0029264716616211888,0.0,0.0004543689869412053,0.0015177227750762944,0.0013459483514831484,0.003245832850589697,0.0034541556457666238,0.002048587383601929,0.0020692207169124076,0.00226283984068259,0.0023352336795760204,0.002178286814999839,0.002185092737446794,0.0021801310273194176,0.002172778159217067,0.0021794635752985896,0.002177185452230805,0.0021836975464999417,0.0019543671387368625,0.002213501080616936,0.0023210761601213095,0.0033566786781697978,0.0029279212919548258,0.0026821829007694495,0.0025568229381022402,0.002544380911173265,0.0025628679738992632,0.0025523507037950414,0.0025603870798066395,0.002544005610015563,0.002541481894626426,0.002571657314722064,0.002583661338874981,0.0025471661220422,0.002536762273845413,0.0025297527163355474,0.0025727134987462287,0.0028171359247490396,0.0020830067121112663,0.0028483260230789138,0.002572630078519293,0.003167413860621314,0.003037495179014498,0.0023999774862755365,0.00317014334966796,0.0031732242942541914,0.0031760641135704024,0.0031773865345146816,0.0023541158811988816,0.002311707124131297,0.0023134525068621405,0.0025510494689986313,0.004330747180718019,0.0023671204344817573,0.002334339436678795,0.0021954083532357838,0.0024895709104677775,0.0021250936168256255,0.0021164267411250873,0.0022346905378831756,0.0023475056735014887,0.0028830331961554093,0.0020394461081371116,0.0021424152158695284,0.002072490863198423,0.0022240621067570352,0.003732179538295486,0.002293876938220486,0.002883130041541792,0.0015300135950243484,0.003229275902563242,0.002046976011080482,0.0020614572395983117,0.0022692776759529842,0.002334216462995623,0.002174407401349651,0.0021732230946522784,0.002194283190946886,0.0021865913814505178,0.002191100000073309,0.002176908974836433,0.0021705190489971285,0.0022481054820110554,0.0033580032190514246,0.0026580676818548383,0.002572546210079621,0.0025574289344405025,0.002560696061164813,0.002574254259733094,0.0025488925158211615,0.0025425690680751806,0.0025214024721547097,0.002562718846007652,0.002596051552189629,0.0025544070438059977,0.002537247310118059,0.002535173386294759,0.002586608832338114,0.0028315199650189972,0.002845040334463947,0.0025350698122247467,0.0031842230586395168,0.0031613680824867647,0.0031761413937726347,0.0031790369792798426,0.0031730815102289384,0.0023543636208533322,0.002317780557539221,0.0022992608374196363,0.0023669988586014785,0.00232070840703299,0.002194108739359418,0.0024810495948139923,0.002121938636261401,0.002118453321124086,0.002223792733382698,0.0023519408010591603,0.002870019479670939
caltech256_object_classification,0.0019498237484215195,0.0020348878708648845,0.0019358830305983405,0.0020888040260769033,0.002044644624276461,0.002415786525721262,0.0038077806504013905,0.0021470774940032817,0.0016612628261825847,0.002940554945048556,0.0004543689869412053,0.0,0.0014380389899281993,0.0012619123348992353,0.0032654930101629746,0.0034962939448743985,0.0019372004493553045,0.0019577340689290687,0.002125468023599277,0.00219219874838158,0.0020443822464821996,0.0020511594614676973,0.0020456737356727194,0.002039180082652833,0.002045268907465546,0.002043262684854097,0.0020499668529810134,0.0018976406753869715,0.0020763092992538866,0.0022687980341253382,0.003369196169941209,0.0029464730661240965,0.002616870166938673,0.002422770900924111,0.0024104277164658447,0.002430218376907674,0.002418344634549447,0.0024295223682730183,0.002409103663099694,0.002406880530571684,0.0024413033921051076,0.002450178024728852,0.002413757906788339,0.0024019914569922895,0.0023999942172303764,0.0024415355626072922,0.00268132498707363,0.0020383876110630673,0.0027116581150908553,0.0025754931096092187,0.003100468778025198,0.002907386931198009,0.002276689657951709,0.0031039672944641323,0.0031060183147457524,0.0031085846518421516,0.003109374219733,0.0022280513277911263,0.00218981563160468,0.0021945847954345154,0.0025184718174704147,0.00427815731916689,0.002243535321148064,0.002186362890546822,0.0020384581590598555,0.0023729946564140774,0.001969592256052321,0.001972960016599371,0.002079719632947262,0.0022842902447736484,0.0027941121803195298,0.001947866670564687,0.0020141937928568852,0.001953387495325435,0.002101495299699033,0.0038169849275524136,0.0021432141483293714,0.0028954116063328165,0.001448336058386487,0.003249231274085405,0.0019366744900775625,0.0019518121660223268,0.0021315736077967893,0.0021922207244194514,0.0020403783179235146,0.0020399309004513547,0.002058804934223755,0.002052318997303019,0.002056353558477162,0.0020433564527082924,0.0020364512023617965,0.0021104761070037713,0.003370446480763431,0.002592922693353411,0.002438068332920461,0.0024229812514047436,0.00242719857814286,0.0024389163382330706,0.0024183515069136127,0.002409181087204561,0.002387329237586359,0.0024312976884294556,0.0024626868925931382,0.00242091369480183,0.002403255504900729,0.0024048583207601465,0.0024553563335333595,0.0026955598078782297,0.0027071069965811365,0.0025368210887828082,0.003117182732317947,0.0030947727804152563,0.003109205246578095,0.0031133363296337686,0.0031054975427997197,0.0022290263877172483,0.002195878984626448,0.002181244758780599,0.0022452782367104827,0.0021705874276963005,0.0020370852759312363,0.00236466154915082,0.001965915794564677,0.001976351152173993,0.0020659745029265497,0.0022886978366694483,0.002780464006043099
cifar10_object_classification,0.001893877472630284,0.0019180836003425592,0.0018574032517845987,0.0020144466996856927,0.0020885810084732125,0.0028656651615666974,0.004054890631675851,0.0019866191589463286,0.0024398466292406113,0.002566993885769394,0.0015177227750762944,0.0014380389899281993,0.0,0.0005110860167472488,0.0031801086478333625,0.0034481803810030307,0.0018541421680536773,0.0018501586343609758,0.001958796763342054,0.0020012160015328547,0.001869961465309148,0.0018756155477963024,0.0018697717395930438,0.0018685779892340256,0.001869066071738134,0.0018690885055557183,0.0018732806556662658,0.0020634512652025613,0.0019655058913745534,0.002255957262889164,0.0037158183938424743,0.0032843714614152475,0.0029022625218948217,0.0022943266259676416,0.0022685855633112675,0.00229739099721872,0.0022784985508912184,0.002295518426699945,0.002274668967289595,0.0022636444723752674,0.0023126178711411404,0.0023203508440014014,0.0022813981085232395,0.002257958529973682,0.002266159228905296,0.002319534385030705,0.0026987254554122304,0.002139356324617156,0.0027171314644578275,0.0028895665465629283,0.0033515736418101355,0.0027987336910929557,0.0022832932574435956,0.0033551382096235127,0.0033553093307177647,0.003358512291545922,0.003357144697355382,0.0021131663340226373,0.002092240373763039,0.0020976762242346,0.002597339004669682,0.00455868073143877,0.002415563616345233,0.0021463509931457015,0.002181865869054611,0.002334670880499485,0.00216705001507829,0.002083546878256501,0.0022212226004106007,0.002479682842770766,0.002943344803769691,0.00189076987198067,0.0019319670893364446,0.001869895014571596,0.0020189310483518384,0.004065315590252262,0.0019825198632729005,0.0025089330877490364,0.00014058513248339883,0.003175286591526115,0.0018498043168394818,0.0018455565582219512,0.001965446569976467,0.0020016419959157537,0.0018670612224468757,0.0018657775516085346,0.0018798236169099993,0.001878311356392165,0.0018778366229527878,0.0018693592531083807,0.0018648996595689504,0.001990818237288172,0.003713867048853819,0.0028756384323348574,0.0023085071228078104,0.002276970069414611,0.002296918456076212,0.002293660835936959,0.0022841265860018565,0.0022738995224351553,0.002250675790466083,0.002302584147995294,0.002332402858661109,0.0022898137319306102,0.0022592739187459396,0.0022668953045214247,0.00233073010509453,0.002709940583762443,0.002714556003131317,0.0028466334587357303,0.0033710545010886884,0.003343913137117123,0.0033572198205269557,0.0033655910306231865,0.0033546723150360298,0.002109763225386591,0.0020991883483743234,0.0020883671043676944,0.0024157718111302495,0.0021356331902156727,0.002184432215681182,0.002324134002233357,0.0021683778296530953,0.0020927654608308417,0.0022093728544247543,0.002485570665382337,0.0029222471569898887
