,lapgyn4_anatomical_structures,lapgyn4_surgical_actions,lapgyn4_instrument_count,lapgyn4_anatomical_actions,sklin2_skin_lesions,identify_nbi_infframes,laryngeal_tissues,nerthus_bowel_cleansing_quality,stanford_dogs_image_categorization,svhn,caltech101_object_classification,caltech256_object_classification,cifar10_object_classification,cifar100_object_classification,mnist_digit_classification,emnist_digit_classification,hyperkvasir_anatomical-landmarks,hyperkvasir_pathological-findings,hyperkvasir_quality-of-mucosal-views,hyperkvasir_therapeutic-interventions,cholec80_grasper_presence,cholec80_bipolar_presence,cholec80_hook_presence,cholec80_scissors_presence,cholec80_clipper_presence,cholec80_irrigator_presence,cholec80_specimenbag_presence,derm7pt_skin_lesions,idle_action_recognition,barretts_esophagus_diagnosis,brain_tumor_classification,mednode_melanoma_classification,brain_tumor_type_classification,chexpert_enlarged_cardiomediastinum,chexpert_cardiomegaly,chexpert_lung_opacity,chexpert_lung_lesion,chexpert_edema,chexpert_consolidation,chexpert_pneumonia,chexpert_atelectasis,chexpert_pneumothorax,chexpert_pleural_effusion,chexpert_pleural_other,chexpert_fracture,chexpert_support_devices,pneumonia_classification,ph2-melanocytic-lesions-classification,covid_xray_classification,isic20_melanoma_classification,deep_drid_dr_level,shenzen_chest_xray_tuberculosis,crawled_covid_ct_classification,deep_drid_quality,deep_drid_clarity,deep_drid_field,deep_drid_artifact,kvasir_capsule_anatomy,kvasir_capsule_content,kvasir_capsule_pathologies,breast_cancer_classification_v2,eye_condition_classification,mura_xr_wrist,mura_xr_shoulder,mura_xr_humerus,mura_xr_hand,mura_xr_forearm,mura_xr_finger,mura_xr_elbow,bean_plant_disease_classification,aptos19_blindness_detection,lapgyn4_anatomical_structures --shrink_train 800,lapgyn4_surgical_actions --shrink_train 800,lapgyn4_instrument_count --shrink_train 800,lapgyn4_anatomical_actions --shrink_train 800,laryngeal_tissues --shrink_train 800,nerthus_bowel_cleansing_quality --shrink_train 800,svhn --shrink_train 800,cifar10_object_classification --shrink_train 800,mnist_digit_classification --shrink_train 800,hyperkvasir_anatomical-landmarks --shrink_train 800,hyperkvasir_pathological-findings --shrink_train 800,hyperkvasir_quality-of-mucosal-views --shrink_train 800,hyperkvasir_therapeutic-interventions --shrink_train 800,cholec80_grasper_presence --shrink_train 800,cholec80_bipolar_presence --shrink_train 800,cholec80_hook_presence --shrink_train 800,cholec80_scissors_presence --shrink_train 800,cholec80_clipper_presence --shrink_train 800,cholec80_irrigator_presence --shrink_train 800,cholec80_specimenbag_presence --shrink_train 800,idle_action_recognition --shrink_train 800,brain_tumor_classification --shrink_train 800,brain_tumor_type_classification --shrink_train 800,chexpert_enlarged_cardiomediastinum --shrink_train 800,chexpert_cardiomegaly --shrink_train 800,chexpert_lung_opacity --shrink_train 800,chexpert_lung_lesion --shrink_train 800,chexpert_edema --shrink_train 800,chexpert_consolidation --shrink_train 800,chexpert_pneumonia --shrink_train 800,chexpert_atelectasis --shrink_train 800,chexpert_pneumothorax --shrink_train 800,chexpert_pleural_effusion --shrink_train 800,chexpert_pleural_other --shrink_train 800,chexpert_fracture --shrink_train 800,chexpert_support_devices --shrink_train 800,pneumonia_classification --shrink_train 800,covid_xray_classification --shrink_train 800,isic20_melanoma_classification --shrink_train 800,deep_drid_dr_level --shrink_train 800,deep_drid_quality --shrink_train 800,deep_drid_clarity --shrink_train 800,deep_drid_field --shrink_train 800,deep_drid_artifact --shrink_train 800,kvasir_capsule_anatomy --shrink_train 800,kvasir_capsule_content --shrink_train 800,kvasir_capsule_pathologies --shrink_train 800,mura_xr_wrist --shrink_train 800,mura_xr_shoulder --shrink_train 800,mura_xr_humerus --shrink_train 800,mura_xr_hand --shrink_train 800,mura_xr_forearm --shrink_train 800,mura_xr_finger --shrink_train 800,mura_xr_elbow --shrink_train 800,bean_plant_disease_classification --shrink_train 800,aptos19_blindness_detection --shrink_train 800
lapgyn4_anatomical_structures,0.0,0.002103978767991066,0.0021039750427007675,0.0021039829589426517,0.0021041342988610268,0.0021195290610194206,0.0021090349182486534,0.002103992737829685,0.00210397457703948,0.0021039790008217096,0.0021039785351604223,0.0021039769053459167,0.002103970153257251,0.0021039771381765604,0.002104085171595216,0.002103994134813547,0.00210398156195879,0.002103982260450721,0.0021039731800556183,0.002103981329128146,0.0021039890125393867,0.002103975508362055,0.002103992737829685,0.002103982027620077,0.002103968756273389,0.002103988314047456,0.002103963866829872,0.0021039925049990416,0.002103987382724881,0.0021080845035612583,0.0021039792336523533,0.0021092973183840513,0.0021039838902652264,0.0021039731800556183,0.00210398156195879,0.0021039897110313177,0.002103968523442745,0.002103990875184536,0.0021039803978055716,0.0021039925049990416,0.0021039720159024,0.002103982027620077,0.0021039829589426517,0.002103978767991066,0.002103981329128146,0.00210398156195879,0.002103984821587801,0.0021040192805230618,0.0021039778366684914,0.002103974111378193,0.002105726394802332,0.0021039829589426517,0.002104019047692418,0.0021041177678853273,0.0021040458232164383,0.0021040374413132668,0.0021042381413280964,0.0021039857529103756,0.0021039750427007675,0.0021039717830717564,0.0021079974249005318,0.0021047350019216537,0.0021039824932813644,0.00210397457703948,0.0021039736457169056,0.002103988314047456,0.0021039796993136406,0.0021039836574345827,0.0021039920393377542,0.0021039736457169056,0.002103972714394331,,0.0021039731800556183,0.002103992970660329,0.0021039838902652264,0.0021091594826430082,0.00210398156195879,0.0021080980077385902,0.0021043624728918076,0.002105346880853176,0.0021040693391114473,0.002103978767991066,0.0021039836574345827,0.002103982260450721,0.0021039824932813644,0.002103965263813734,0.002103983424603939,0.0021039776038378477,0.0021039736457169056,0.00210398412309587,0.002103990875184536,0.0021041594445705414,0.0021039764396846294,0.002103983424603939,0.002103976206853986,0.0021039890125393867,0.002103984821587801,0.0021039845887571573,0.0021039776038378477,0.002103963401168585,0.002103987382724881,0.0021039799321442842,0.0021039792336523533,0.002103975275531411,0.0021039871498942375,0.002103992272168398,0.0021039792336523533,0.0021039890125393867,0.0021039906423538923,0.0021040320862084627,0.0021041419822722673,0.0021044895984232426,0.002104134764522314,0.0021040563005954027,0.0021044453606009483,0.0021039864514023066,0.0021039829589426517,0.002103970153257251,0.002103965962305665,0.0021039810962975025,0.002103989478200674,0.002103974111378193,0.002103984821587801,0.002104009734466672,0.002104019746184349,0.002104036509990692,0.002104040700942278
lapgyn4_surgical_actions,0.002103978767991066,0.0,0.0021039810962975025,0.0021039890125393867,0.0021041403524577618,0.0021195351146161556,0.0021090409718453884,0.00210399879142642,0.002103980630636215,0.0021039850544184446,0.0021039845887571573,0.0021039829589426517,0.002103976206853986,0.0021039831917732954,0.002104091225191951,0.002104000188410282,0.002103987615555525,0.002103988314047456,0.0021039792336523533,0.002103987382724881,0.0021039950661361217,0.00210398156195879,0.00210399879142642,0.002103988081216812,0.002103974809870124,0.002103994367644191,0.002103969920426607,0.0021039985585957766,0.002103993436321616,0.0021080905571579933,0.0021039852872490883,0.0021093033719807863,0.0021039899438619614,0.0021039792336523533,0.002103987615555525,0.0021039957646280527,0.00210397457703948,0.002103996928781271,0.0021039864514023066,0.0021039985585957766,0.002103978069499135,0.002103988081216812,0.0021039890125393867,0.002103984821587801,0.002103987382724881,0.002103987615555525,0.002103990875184536,0.0021040253341197968,0.0021039838902652264,0.002103980164974928,0.002105732448399067,0.0021039890125393867,0.002104025101289153,0.0021041238214820623,0.0021040518768131733,0.0021040434949100018,0.0021042441949248314,0.0021039918065071106,0.0021039810962975025,0.0021039778366684914,0.0021080034784972668,0.0021047410555183887,0.0021039885468780994,0.002103980630636215,0.0021039796993136406,0.002103994367644191,0.0021039857529103756,0.0021039897110313177,0.0021039980929344893,0.0021039796993136406,0.002103978767991066,0.0021039904095232487,,0.002103999024257064,0.0021039899438619614,0.0021091655362397432,0.002103987615555525,0.0021081040613353252,0.0021043685264885426,0.002105352934449911,0.0021040753927081823,0.002103984821587801,0.0021039897110313177,0.002103988314047456,0.0021039885468780994,0.002103971317410469,0.002103989478200674,0.0021039836574345827,0.0021039796993136406,0.002103990176692605,0.002103996928781271,0.0021041654981672764,0.0021039824932813644,0.002103989478200674,0.002103982260450721,0.0021039950661361217,0.002103990875184536,0.0021039906423538923,0.0021039836574345827,0.00210396945476532,0.002103993436321616,0.0021039859857410192,0.0021039852872490883,0.002103981329128146,0.0021039932034909725,0.002103998325765133,0.0021039852872490883,0.0021039950661361217,0.0021039966959506273,0.0021040381398051977,0.0021041480358690023,0.0021044956520199776,0.002104140818119049,0.0021040623541921377,0.0021044514141976833,0.0021039925049990416,0.0021039890125393867,0.002103976206853986,0.0021039720159024,0.0021039871498942375,0.002103995531797409,0.002103980164974928,0.002103990875184536,0.002104015788063407,0.002104025799781084,0.002104042563587427,0.002104046754539013
lapgyn4_instrument_count,0.0021039750427007675,0.0021039810962975025,0.0,0.0021039852872490883,0.0021041366271674633,0.002119531389325857,0.0021090374793857336,0.0021039950661361217,0.0021039769053459167,0.00210398156195879,0.0021039810962975025,0.0021039792336523533,0.002103972714394331,0.0021039796993136406,0.002104087732732296,0.0021039966959506273,0.0021039838902652264,0.002103984821587801,0.002103975508362055,0.0021039838902652264,0.002103991573676467,0.0021039778366684914,0.0021039950661361217,0.0021039843559265137,0.002103971317410469,0.002103990875184536,0.0021039664279669523,0.0021039950661361217,0.0021039899438619614,0.002108086831867695,0.00210398156195879,0.0021092998795211315,0.002103986218571663,0.0021039757411926985,0.00210398412309587,0.002103992272168398,0.0021039710845798254,0.002103993436321616,0.0021039829589426517,0.0021039950661361217,0.00210397457703948,0.0021039843559265137,0.0021039852872490883,0.002103981329128146,0.0021039838902652264,0.00210398412309587,0.002103987382724881,0.0021040216088294983,0.002103980164974928,0.002103976672515273,0.0021057287231087685,0.0021039852872490883,0.0021040216088294983,0.0021041203290224075,0.002104048151522875,0.0021040397696197033,0.002104240469634533,0.002103988314047456,0.002103977371007204,0.002103974111378193,0.002107999986037612,0.0021047373302280903,0.0021039850544184446,0.0021039771381765604,0.002103976206853986,0.002103990875184536,0.002103982260450721,0.002103986218571663,0.0021039946004748344,0.002103975974023342,0.0021039750427007675,0.00210398668423295,0.002103975508362055,,0.002103986218571663,0.0021091620437800884,0.0021039838902652264,0.0021081003360450268,0.002104364801198244,0.0021053494419902563,0.0021040719002485275,0.0021039810962975025,0.002103986218571663,0.002103984821587801,0.002103984821587801,0.0021039675921201706,0.0021039857529103756,0.002103980164974928,0.002103975974023342,0.00210398668423295,0.0021039932034909725,0.002104161772876978,0.002103978767991066,0.0021039859857410192,0.002103978767991066,0.0021039913408458233,0.0021039871498942375,0.0021039871498942375,0.002103980164974928,0.0021039657294750214,0.0021039899438619614,0.0021039824932813644,0.00210398156195879,0.0021039778366684914,0.002103989478200674,0.0021039946004748344,0.00210398156195879,0.0021039913408458233,0.0021039932034909725,0.002104034647345543,0.0021041445434093475,0.0021044921595603228,0.0021041370928287506,0.002104058861732483,0.002104447688907385,0.0021039890125393867,0.0021039852872490883,0.002103972714394331,0.002103968523442745,0.002103983424603939,0.0021039918065071106,0.002103976672515273,0.0021039871498942375,0.002104012295603752,0.0021040220744907856,0.0021040390711277723,0.0021040430292487144
lapgyn4_anatomical_actions,0.0021039829589426517,0.0021039890125393867,0.0021039852872490883,0.0,0.0021041445434093475,0.0021195393055677414,0.002109045162796974,0.002104002982378006,0.002103984821587801,0.0021039892453700304,0.002103988779708743,0.0021039871498942375,0.0021039803978055716,0.002103987382724881,0.0021040954161435366,0.002104004379361868,0.0021039918065071106,0.0021039925049990416,0.002103983424603939,0.002103991573676467,0.0021039992570877075,0.0021039857529103756,0.002104002982378006,0.002103992272168398,0.0021039790008217096,0.0021039985585957766,0.002103974111378193,0.0021040027495473623,0.002103997627273202,0.002108094748109579,0.002103989478200674,0.002109307562932372,0.002103994134813547,0.002103983424603939,0.0021039918065071106,0.0021039999555796385,0.002103978767991066,0.0021040011197328568,0.0021039906423538923,0.0021040027495473623,0.002103982260450721,0.002103992272168398,0.0021039932034909725,0.0021039890125393867,0.002103991573676467,0.0021039918065071106,0.0021039950661361217,0.0021040295250713825,0.002103988081216812,0.0021039843559265137,0.0021057366393506527,0.0021039932034909725,0.002104029292240739,0.002104128012433648,0.002104056067764759,0.0021040476858615875,0.002104248385876417,0.0021039959974586964,0.0021039852872490883,0.002103982027620077,0.0021080076694488525,0.0021047452464699745,0.002103992737829685,0.002103984821587801,0.0021039838902652264,0.0021039985585957766,0.0021039899438619614,0.0021039939019829035,0.002104002283886075,0.0021039838902652264,0.0021039829589426517,0.0021039946004748344,0.002103983424603939,0.0021040032152086496,,0.002109169727191329,0.0021039918065071106,0.002108108252286911,0.0021043727174401283,0.002105357125401497,0.002104079583659768,0.0021039890125393867,0.0021039939019829035,0.0021039925049990416,0.002103992737829685,0.002103975508362055,0.00210399366915226,0.0021039878483861685,0.0021039838902652264,0.002103994367644191,0.0021040011197328568,0.002104169689118862,0.00210398668423295,0.00210399366915226,0.0021039864514023066,0.0021039992570877075,0.0021039950661361217,0.002103994833305478,0.0021039878483861685,0.0021039736457169056,0.002103997627273202,0.002103990176692605,0.002103989478200674,0.002103985520079732,0.0021039973944425583,0.0021040025167167187,0.002103989478200674,0.0021039992570877075,0.002104000886902213,0.0021040423307567835,0.002104152226820588,0.0021044998429715633,0.002104145009070635,0.0021040665451437235,0.002104455605149269,0.0021039966959506273,0.0021039932034909725,0.0021039803978055716,0.002103976206853986,0.0021039913408458233,0.002103999722748995,0.0021039843559265137,0.0021039950661361217,0.0021040199790149927,0.00210402999073267,0.002104046754539013,0.0021040509454905987
sklin2_skin_lesions,0.0021041342988610268,0.0021041403524577618,0.0021041366271674633,0.0021041445434093475,0.0,0.0021196904126554728,0.002109196502715349,0.002104154322296381,0.002104136161506176,0.0021041403524577618,0.0021041398867964745,0.002104138256981969,0.002104131504893303,0.0021041384898126125,0.002104246523231268,0.002104155719280243,0.0021041431464254856,0.002104143612086773,0.002104134764522314,0.0021041426807641983,0.0021041505970060825,0.0021041370928287506,0.002104154322296381,0.0021041433792561293,0.002104130107909441,0.002104149665683508,0.002104125451296568,0.0021041538566350937,0.0021041487343609333,0.0021082458551973104,0.0021041405852884054,0.0021094586700201035,0.002104145474731922,0.002104134764522314,0.0021041431464254856,0.00210415106266737,0.002104130107909441,0.0021041524596512318,0.0021041417494416237,0.0021041538566350937,0.002104133367538452,0.002104143612086773,0.0021041445434093475,0.0021041403524577618,0.0021041426807641983,0.0021041431464254856,0.0021041464060544968,0.0021041808649897575,0.002104139421135187,0.0021041356958448887,0.0021058879792690277,0.0021041445434093475,0.0021041803993284702,0.0021042791195213795,0.0021042071748524904,0.0021041990257799625,0.0021043994929641485,0.0021041473373770714,0.0021041363943368196,0.0021041331347078085,0.0021081590093672276,0.0021048965863883495,0.0021041440777480602,0.002104136161506176,0.0021041352301836014,0.002104149665683508,0.0021041412837803364,0.002104145009070635,0.0021041533909738064,0.0021041352301836014,0.0021041342988610268,0.0021041459403932095,0.002104134764522314,0.002104154322296381,0.002104145474731922,0.0021093208342790604,0.002104142913594842,0.002108259592205286,0.0021045240573585033,0.002105508465319872,0.0021042306907474995,0.0021041403524577618,0.002104145009070635,0.002104143612086773,0.0021041440777480602,0.002104126615449786,0.002104145009070635,0.0021041389554739,0.0021041349973529577,0.002104145474731922,0.0021041524596512318,0.002104321029037237,0.0021041377913206816,0.002104145009070635,0.002104137558490038,0.002104150364175439,0.0021041464060544968,0.0021041459403932095,0.0021041389554739,0.0021041249856352806,0.0021041487343609333,0.0021041412837803364,0.002104140818119049,0.0021041366271674633,0.0021041487343609333,0.0021041538566350937,0.0021041405852884054,0.0021041505970060825,0.0021041519939899445,0.002104193437844515,0.0021043033339083195,0.0021046511828899384,0.00210429634898901,0.002104217652231455,0.002104606945067644,0.0021041478030383587,0.0021041445434093475,0.002104131504893303,0.002104127313941717,0.0021041426807641983,0.00210415106266737,0.0021041356958448887,0.0021041464060544968,0.002104171086102724,0.002104181330651045,0.002104198094457388,0.0021042022854089737
identify_nbi_infframes,0.0021195290610194206,0.0021195351146161556,0.002119531389325857,0.0021195393055677414,0.0021196904126554728,0.0,0.002124591264873743,0.002119549084454775,0.00211953092366457,0.0021195351146161556,0.0021195346489548683,0.0021195330191403627,0.0021195262670516968,0.0021195332519710064,0.002119641285389662,0.0021195504814386368,0.0021195379085838795,0.0021195383742451668,0.002119529526680708,0.002119537442922592,0.0021195453591644764,0.0021195318549871445,0.002119549084454775,0.002119538141414523,0.002119524870067835,0.0021195444278419018,0.0021195202134549618,0.0021195486187934875,0.002119543496519327,0.0021236406173557043,0.0021195353474467993,0.0021248534321784973,0.002119540236890316,0.002119529526680708,0.0021195379085838795,0.0021195458248257637,0.002119524870067835,0.0021195472218096256,0.0021195365116000175,0.0021195486187934875,0.002119528129696846,0.0021195383742451668,0.0021195393055677414,0.0021195351146161556,0.002119537442922592,0.0021195379085838795,0.0021195411682128906,0.0021195756271481514,0.002119534183293581,0.0021195304580032825,0.0021212827414274216,0.0021195393055677414,0.002119575161486864,0.0021196738816797733,0.0021196019370108843,0.0021195937879383564,0.0021197942551225424,0.0021195420995354652,0.0021195311564952135,0.0021195278968662024,0.0021235537715256214,0.0021202913485467434,0.002119538839906454,0.00211953092366457,0.0021195299923419952,0.0021195444278419018,0.0021195360459387302,0.0021195397712290287,0.0021195481531322002,0.0021195299923419952,0.0021195290610194206,0.0021195407025516033,0.002119529526680708,0.002119549084454775,0.002119540236890316,0.0021247155964374542,0.002119537675753236,0.00212365435436368,0.002119918819516897,0.0021209032274782658,0.0021196254529058933,0.0021195351146161556,0.0021195397712290287,0.0021195383742451668,0.002119538839906454,0.00211952137760818,0.0021195397712290287,0.0021195337176322937,0.0021195297595113516,0.002119540236890316,0.0021195472218096256,0.002119715791195631,0.0021195325534790754,0.0021195397712290287,0.0021195323206484318,0.0021195451263338327,0.0021195411682128906,0.0021195407025516033,0.0021195337176322937,0.0021195197477936745,0.002119543496519327,0.0021195360459387302,0.002119535580277443,0.002119531389325857,0.002119543496519327,0.0021195486187934875,0.0021195353474467993,0.0021195453591644764,0.0021195467561483383,0.0021195882000029087,0.0021196980960667133,0.002120045945048332,0.0021196911111474037,0.0021196124143898487,0.002120001707226038,0.0021195425651967525,0.0021195393055677414,0.0021195262670516968,0.002119522076100111,0.002119537442922592,0.0021195458248257637,0.0021195304580032825,0.0021195411682128906,0.002119565848261118,0.0021195760928094387,0.002119592856615782,0.0021195970475673676
laryngeal_tissues,0.0021090349182486534,0.0021090409718453884,0.0021090374793857336,0.002109045162796974,0.002109196502715349,0.002124591264873743,0.0,0.0021090549416840076,0.0021090367808938026,0.0021090414375066757,0.0021090409718453884,0.002109039109200239,0.002109032589942217,0.0021090395748615265,0.002109147608280182,0.0021090565714985132,0.0021090437658131123,0.002109044697135687,0.0021090353839099407,0.0021090437658131123,0.002109051449224353,0.0021090377122163773,0.0021090549416840076,0.0021090442314743996,0.002109031192958355,0.002109050750732422,0.0021090263035148382,0.0021090549416840076,0.0021090498194098473,0.0021131467074155807,0.0021090414375066757,0.0021143597550690174,0.002109046094119549,0.0021090356167405844,0.002109043998643756,0.002109052147716284,0.0021090309601277113,0.002109053311869502,0.0021090428344905376,0.0021090549416840076,0.002109034452587366,0.0021090442314743996,0.002109045162796974,0.002109041204676032,0.0021090437658131123,0.002109043998643756,0.002109047258272767,0.002109081484377384,0.002109040040522814,0.002109036548063159,0.0021107885986566544,0.002109045162796974,0.002109081484377384,0.0021091802045702934,0.0021091080270707607,0.002109099645167589,0.002109300345182419,0.0021090481895953417,0.00210903724655509,0.002109033986926079,0.002113059861585498,0.002109797205775976,0.0021090449299663305,0.0021090370137244463,0.0021090360824018717,0.002109050750732422,0.0021090421359986067,0.002109046094119549,0.0021090544760227203,0.002109035849571228,0.0021090349182486534,0.002109046559780836,0.0021090353839099407,0.002109055407345295,0.002109046094119549,,0.0021090437658131123,0.0021131602115929127,0.00210942467674613,0.002110409317538142,0.0021091317757964134,0.0021090409718453884,0.002109046094119549,0.002109044697135687,0.002109044697135687,0.0021090274676680565,0.0021090456284582615,0.002109040040522814,0.002109035849571228,0.002109046559780836,0.0021090530790388584,0.002109221648424864,0.002109038643538952,0.002109045861288905,0.002109038643538952,0.002109051216393709,0.0021090470254421234,0.0021090470254421234,0.002109040040522814,0.0021090256050229073,0.0021090498194098473,0.0021090423688292503,0.0021090414375066757,0.0021090377122163773,0.00210904935374856,0.0021090544760227203,0.0021090414375066757,0.002109051216393709,0.0021090530790388584,0.002109094522893429,0.0021092044189572334,0.0021095520351082087,0.0021091969683766365,0.002109118737280369,0.0021095075644552708,0.0021090488880872726,0.002109045162796974,0.002109032589942217,0.002109028398990631,0.002109043300151825,0.0021090516820549965,0.002109036548063159,0.0021090470254421234,0.002109072171151638,0.0021090819500386715,0.0021090989466756582,0.0021091029047966003
nerthus_bowel_cleansing_quality,0.002103992737829685,0.00210399879142642,0.0021039950661361217,0.002104002982378006,0.002104154322296381,0.002119549084454775,0.0021090549416840076,0.0,0.0021039946004748344,0.002103999024257064,0.0021039985585957766,0.002103996928781271,0.002103990176692605,0.0021039971616119146,0.00210410519503057,0.0021040141582489014,0.002104001585394144,0.002104002283886075,0.0021039932034909725,0.0021040013525635004,0.002104009035974741,0.002103995531797409,0.0021040127612650394,0.0021040020510554314,0.002103988779708743,0.00210400833748281,0.0021039838902652264,0.002104012528434396,0.0021040074061602354,0.0021081045269966125,0.0021039992570877075,0.0021093173418194056,0.0021040039137005806,0.0021039932034909725,0.002104001585394144,0.002104009734466672,0.0021039885468780994,0.00210401089861989,0.002104000421240926,0.002104012528434396,0.0021039920393377542,0.0021040020510554314,0.002104002982378006,0.00210399879142642,0.0021040013525635004,0.002104001585394144,0.002104004845023155,0.002104039303958416,0.0021039978601038456,0.002103994134813547,0.002105746418237686,0.002104002982378006,0.0021040390711277723,0.0021041377913206816,0.0021040658466517925,0.002104057464748621,0.0021042581647634506,0.00210400577634573,0.0021039950661361217,0.0021039918065071106,0.002108017448335886,0.002104755025357008,0.0021040025167167187,0.0021039946004748344,0.00210399366915226,0.00210400833748281,0.002103999722748995,0.002104003680869937,0.0021040120627731085,0.00210399366915226,0.002103992737829685,0.002104004379361868,0.0021039932034909725,0.002104012994095683,0.0021040039137005806,0.0021091795060783625,,0.0021081180311739445,0.002104382496327162,0.0021053669042885303,0.0021040893625468016,0.00210399879142642,0.002104003680869937,0.002104002283886075,0.0021040025167167187,0.0021039852872490883,0.0021040034480392933,0.002103997627273202,0.00210399366915226,0.0021040041465312243,0.00210401089861989,0.0021041794680058956,0.0021039964631199837,0.0021040034480392933,0.00210399623028934,0.002104009035974741,0.002104004845023155,0.0021040046121925116,0.002103997627273202,0.002103983424603939,0.0021040074061602354,0.0021039999555796385,0.0021039992570877075,0.0021039952989667654,0.0021040071733295918,0.002104012295603752,0.0021039992570877075,0.002104009035974741,0.0021040106657892466,0.002104052109643817,0.0021041620057076216,0.002104509621858597,0.0021041547879576683,0.002104076324030757,0.0021044653840363026,0.002104006474837661,0.002104002982378006,0.002103990176692605,0.0021039859857410192,0.0021040011197328568,0.0021040095016360283,0.002103994134813547,0.002104004845023155,0.002104029757902026,0.0021040397696197033,0.0021040565334260464,0.002104060724377632
stanford_dogs_image_categorization,0.00210397457703948,0.002103980630636215,0.0021039769053459167,0.002103984821587801,0.002104136161506176,0.00211953092366457,0.0021090367808938026,0.0021039946004748344,0.0,0.002103980863466859,0.0021039803978055716,0.002103978767991066,0.0021039720159024,0.0021039790008217096,0.002104087034240365,0.0021039959974586964,0.002103983424603939,0.00210398412309587,0.0021039750427007675,0.0021039831917732954,0.002103990875184536,0.002103977371007204,0.0021039946004748344,0.0021039838902652264,0.002103970618918538,0.002103990176692605,0.0021039657294750214,0.002103994367644191,0.0021039892453700304,0.0021080863662064075,0.0021039810962975025,0.0021092991810292006,0.0021039857529103756,0.0021039750427007675,0.002103983424603939,0.002103991573676467,0.0021039703860878944,0.002103992737829685,0.002103982260450721,0.002103994367644191,0.0021039738785475492,0.0021039838902652264,0.002103984821587801,0.002103980630636215,0.0021039831917732954,0.002103983424603939,0.00210398668423295,0.002104021143168211,0.0021039796993136406,0.002103975974023342,0.002105728257447481,0.002103984821587801,0.0021040209103375673,0.0021041196305304766,0.0021040476858615875,0.002104039303958416,0.0021042400039732456,0.002103987615555525,0.0021039769053459167,0.0021039736457169056,0.002107999287545681,0.002104736864566803,0.0021039843559265137,0.0021039764396846294,0.002103975508362055,0.002103990176692605,0.00210398156195879,0.002103985520079732,0.0021039939019829035,0.002103975508362055,0.00210397457703948,0.002103986218571663,0.0021039750427007675,0.002103994833305478,0.0021039857529103756,0.0021091613452881575,0.002103983424603939,0.0021080998703837395,0.002104364335536957,0.0021053487434983253,0.0021040712017565966,0.002103980630636215,0.002103985520079732,0.00210398412309587,0.0021039843559265137,0.0021039671264588833,0.0021039852872490883,0.002103979466482997,0.002103975508362055,0.0021039859857410192,0.002103992737829685,0.0021041613072156906,0.0021039783023297787,0.0021039852872490883,0.002103978069499135,0.002103990875184536,0.00210398668423295,0.0021039864514023066,0.002103979466482997,0.002103965263813734,0.0021039892453700304,0.0021039817947894335,0.0021039810962975025,0.0021039771381765604,0.0021039890125393867,0.002103994134813547,0.0021039810962975025,0.002103990875184536,0.0021039925049990416,0.002104033948853612,0.0021041438449174166,0.002104491461068392,0.0021041366271674633,0.002104058163240552,0.0021044472232460976,0.002103988314047456,0.002103984821587801,0.0021039720159024,0.0021039678249508142,0.0021039829589426517,0.0021039913408458233,0.002103975974023342,0.00210398668423295,0.002104011597111821,0.0021040216088294983,0.0021040383726358414,0.002104042563587427
svhn,0.0021039790008217096,0.0021039850544184446,0.00210398156195879,0.0021039892453700304,0.0021041403524577618,0.0021195351146161556,0.0021090414375066757,0.002103999024257064,0.002103980863466859,0.0,0.002103984821587801,0.0021039829589426517,0.0021039764396846294,0.002103983424603939,0.0021040914580225945,0.0021040006540715694,0.0021039878483861685,0.0021039885468780994,0.002103979466482997,0.002103987615555525,0.002103995531797409,0.0021039817947894335,0.002103999024257064,0.002103988081216812,0.0021039750427007675,0.0021039946004748344,0.0021039703860878944,0.00210399879142642,0.00210399366915226,0.0021080905571579933,0.0021039852872490883,0.00210930360481143,0.002103990176692605,0.0021039796993136406,0.002103988081216812,0.0021039959974586964,0.0021039750427007675,0.0021039973944425583,0.00210398668423295,0.00210399879142642,0.0021039783023297787,0.002103988314047456,0.0021039892453700304,0.0021039852872490883,0.002103987615555525,0.002103988081216812,0.0021039913408458233,0.0021040255669504404,0.00210398412309587,0.002103980630636215,0.0021057326812297106,0.0021039892453700304,0.0021040253341197968,0.002104124054312706,0.0021040518768131733,0.0021040437277406454,0.0021042441949248314,0.002103992272168398,0.0021039810962975025,0.0021039778366684914,0.002108003944158554,0.0021047412883490324,0.0021039890125393867,0.0021039810962975025,0.002103980164974928,0.0021039946004748344,0.002103986218571663,0.0021039899438619614,0.002103998325765133,0.0021039799321442842,0.0021039790008217096,0.0021039906423538923,0.002103979466482997,0.0021039992570877075,0.002103990176692605,0.002109165769070387,0.002103987615555525,,0.002104368759319186,0.0021053534001111984,0.002104075625538826,0.0021039850544184446,0.0021039899438619614,0.0021039885468780994,0.002103988779708743,0.002103971317410469,0.0021039897110313177,0.0021039838902652264,0.0021039796993136406,0.0021039904095232487,0.0021039971616119146,0.00210416573099792,0.0021039824932813644,0.0021039899438619614,0.0021039824932813644,0.0021039950661361217,0.0021039911080151796,0.002103990875184536,0.0021039838902652264,0.0021039696875959635,0.00210399366915226,0.002103986218571663,0.002103985520079732,0.00210398156195879,0.002103993436321616,0.0021039985585957766,0.0021039852872490883,0.0021039952989667654,0.002103996928781271,0.0021040383726358414,0.002104148268699646,0.002104496117681265,0.0021041410509496927,0.0021040625870227814,0.002104451647028327,0.002103992737829685,0.0021039892453700304,0.0021039764396846294,0.0021039722487330437,0.002103987382724881,0.0021039957646280527,0.002103980630636215,0.0021039911080151796,0.0021040160208940506,0.0021040260326117277,0.0021040430292487144,0.0021040469873696566
caltech101_object_classification,0.0021039785351604223,0.0021039845887571573,0.0021039810962975025,0.002103988779708743,0.0021041398867964745,0.0021195346489548683,0.0021090409718453884,0.0021039985585957766,0.0021039803978055716,0.002103984821587801,0.0,0.0021039824932813644,0.002103975974023342,0.0021039829589426517,0.002104090992361307,0.002104000188410282,0.002103987382724881,0.002103988081216812,0.0021039790008217096,0.0021039871498942375,0.0021039950661361217,0.002103981329128146,0.0021039985585957766,0.002103987615555525,0.00210397457703948,0.002103994134813547,0.002103969920426607,0.002103998325765133,0.0021039932034909725,0.002108090091496706,0.002103984821587801,0.0021093031391501427,0.0021039897110313177,0.0021039792336523533,0.002103987615555525,0.002103995531797409,0.00210397457703948,0.002103996928781271,0.002103986218571663,0.002103998325765133,0.0021039778366684914,0.0021039878483861685,0.002103988779708743,0.002103984821587801,0.0021039871498942375,0.002103987615555525,0.002103990875184536,0.002104025101289153,0.0021039836574345827,0.002103980164974928,0.0021057322155684233,0.002103988779708743,0.0021040248684585094,0.0021041235886514187,0.002104051411151886,0.002104043262079358,0.002104243729263544,0.0021039918065071106,0.002103980630636215,0.002103977371007204,0.0021080034784972668,0.002104740822687745,0.0021039885468780994,0.002103980630636215,0.0021039796993136406,0.002103994134813547,0.0021039857529103756,0.002103989478200674,0.0021039978601038456,0.002103979466482997,0.0021039785351604223,0.002103990176692605,0.0021039790008217096,0.00210399879142642,0.0021039897110313177,0.0021091653034090996,0.0021039871498942375,0.0021081038285046816,0.002104368293657899,0.002105352934449911,0.0021040751598775387,0.0021039845887571573,0.002103989478200674,0.002103988081216812,0.002103988314047456,0.0021039708517491817,0.0021039892453700304,0.002103983424603939,0.0021039792336523533,0.0021039899438619614,0.0021039966959506273,0.0021041652653366327,0.002103982027620077,0.002103989478200674,0.002103982027620077,0.0021039946004748344,0.0021039906423538923,0.0021039904095232487,0.002103983424603939,0.002103969221934676,0.0021039932034909725,0.0021039857529103756,0.0021039850544184446,0.0021039810962975025,0.002103992970660329,0.0021039980929344893,0.002103984821587801,0.002103994833305478,0.0021039964631199837,0.002104037906974554,0.0021041478030383587,0.0021044956520199776,0.0021041405852884054,0.002104062121361494,0.0021044511813670397,0.002103992272168398,0.002103988779708743,0.002103975974023342,0.0021039717830717564,0.002103986917063594,0.0021039952989667654,0.002103980164974928,0.0021039906423538923,0.0021040155552327633,0.0021040255669504404,0.002104042563587427,0.0021040465217083693
caltech256_object_classification,0.0021039769053459167,0.0021039829589426517,0.0021039792336523533,0.0021039871498942375,0.002104138256981969,0.0021195330191403627,0.002109039109200239,0.002103996928781271,0.002103978767991066,0.0021039829589426517,0.0021039824932813644,0.0,0.002103974111378193,0.0021039810962975025,0.002104089129716158,0.002103998325765133,0.0021039857529103756,0.002103986218571663,0.002103977371007204,0.0021039852872490883,0.0021039932034909725,0.0021039796993136406,0.002103996928781271,0.0021039859857410192,0.002103972714394331,0.002103992272168398,0.002103968057781458,0.0021039964631199837,0.0021039913408458233,0.0021080884616822004,0.0021039831917732954,0.0021093012765049934,0.002103988081216812,0.002103977371007204,0.0021039857529103756,0.00210399366915226,0.002103972714394331,0.0021039950661361217,0.0021039843559265137,0.0021039964631199837,0.002103975974023342,0.002103986218571663,0.0021039871498942375,0.0021039829589426517,0.0021039852872490883,0.0021039857529103756,0.0021039890125393867,0.0021040234714746475,0.002103982027620077,0.0021039783023297787,0.0021057305857539177,0.0021039871498942375,0.00210402300581336,0.0021041217260062695,0.0021040497813373804,0.0021040416322648525,0.0021042420994490385,0.0021039899438619614,0.0021039790008217096,0.0021039757411926985,0.0021080016158521175,0.0021047391928732395,0.00210398668423295,0.002103978767991066,0.0021039778366684914,0.002103992272168398,0.0021039838902652264,0.002103987615555525,0.0021039959974586964,0.0021039778366684914,0.0021039769053459167,0.0021039885468780994,0.002103977371007204,0.002103996928781271,0.002103988081216812,0.0021091634407639503,0.002103985520079732,0.002108102198690176,0.0021043666638433933,0.002105351071804762,0.0021040732972323895,0.0021039829589426517,0.002103987615555525,0.002103986218571663,0.00210398668423295,0.002103969221934676,0.002103987615555525,0.00210398156195879,0.0021039776038378477,0.002103988081216812,0.0021039950661361217,0.002104163635522127,0.0021039803978055716,0.002103987615555525,0.002103980164974928,0.002103992970660329,0.0021039890125393867,0.0021039885468780994,0.00210398156195879,0.0021039675921201706,0.0021039913408458233,0.0021039838902652264,0.002103983424603939,0.0021039792336523533,0.0021039913408458233,0.0021039964631199837,0.0021039831917732954,0.0021039932034909725,0.0021039946004748344,0.002104036044329405,0.0021041459403932095,0.0021044937893748283,0.0021041389554739,0.002104060258716345,0.002104449551552534,0.0021039904095232487,0.0021039871498942375,0.002103974111378193,0.002103969920426607,0.0021039852872490883,0.00210399366915226,0.0021039783023297787,0.0021039890125393867,0.002104013692587614,0.002104023937135935,0.002104040700942278,0.0021040448918938637
cifar10_object_classification,0.002103970153257251,0.002103976206853986,0.002103972714394331,0.0021039803978055716,0.002104131504893303,0.0021195262670516968,0.002109032589942217,0.002103990176692605,0.0021039720159024,0.0021039764396846294,0.002103975974023342,0.002103974111378193,0.0,0.00210397457703948,0.0021040826104581356,0.0021039918065071106,0.0021039790008217096,0.0021039796993136406,0.002103970618918538,0.002103978767991066,0.00210398668423295,0.0021039729472249746,0.002103990176692605,0.0021039792336523533,0.0021039661951363087,0.0021039857529103756,0.0021039615385234356,0.0021039899438619614,0.002103984821587801,0.0021080817095935345,0.0021039764396846294,0.002109294757246971,0.002103981329128146,0.0021039708517491817,0.0021039792336523533,0.0021039871498942375,0.0021039661951363087,0.0021039885468780994,0.0021039778366684914,0.0021039899438619614,0.00210396945476532,0.002103979466482997,0.0021039803978055716,0.0021039764396846294,0.002103978767991066,0.0021039792336523533,0.0021039824932813644,0.0021040167193859816,0.002103975275531411,0.0021039717830717564,0.0021057238336652517,0.0021039803978055716,0.002104016486555338,0.002104115206748247,0.0021040430292487144,0.0021040348801761866,0.0021042353473603725,0.002103983424603939,0.0021039722487330437,0.0021039689891040325,0.0021079950965940952,0.0021047324407845736,0.002103980164974928,0.0021039722487330437,0.002103971317410469,0.0021039857529103756,0.002103977371007204,0.0021039810962975025,0.002103989478200674,0.0021039710845798254,0.002103970153257251,0.0021039817947894335,0.002103970618918538,0.0021039904095232487,0.002103981329128146,0.002109156921505928,0.002103978767991066,0.00210809544660151,,0.0021053445525467396,0.002104066777974367,0.002103976206853986,0.0021039810962975025,0.0021039796993136406,0.0021039799321442842,0.00210396246984601,0.002103980863466859,0.0021039750427007675,0.0021039708517491817,0.00210398156195879,0.002103988314047456,0.002104156883433461,0.0021039736457169056,0.0021039810962975025,0.0021039736457169056,0.002103986218571663,0.002103982260450721,0.002103982027620077,0.0021039750427007675,0.0021039608400315046,0.002103984821587801,0.002103977371007204,0.002103976672515273,0.002103972714394331,0.0021039845887571573,0.0021039897110313177,0.0021039764396846294,0.0021039864514023066,0.002103988081216812,0.0021040295250713825,0.002104139421135187,0.002104487270116806,0.002104132203385234,0.0021040537394583225,0.002104442799463868,0.0021039838902652264,0.0021039803978055716,0.0021039675921201706,0.002103963401168585,0.0021039785351604223,0.002103986917063594,0.0021039717830717564,0.002103982260450721,0.0021040071733295918,0.002104017185047269,0.0021040341816842556,0.0021040381398051977
