,lapgyn4_anatomical_structures,lapgyn4_surgical_actions,lapgyn4_instrument_count,lapgyn4_anatomical_actions,sklin2_skin_lesions,identify_nbi_infframes,laryngeal_tissues,nerthus_bowel_cleansing_quality,stanford_dogs_image_categorization,svhn,caltech101_object_classification,caltech256_object_classification,cifar10_object_classification,cifar100_object_classification,mnist_digit_classification,emnist_digit_classification,hyperkvasir_anatomical-landmarks,hyperkvasir_pathological-findings,hyperkvasir_quality-of-mucosal-views,hyperkvasir_therapeutic-interventions,cholec80_grasper_presence,cholec80_bipolar_presence,cholec80_hook_presence,cholec80_scissors_presence,cholec80_clipper_presence,cholec80_irrigator_presence,cholec80_specimenbag_presence,derm7pt_skin_lesions,idle_action_recognition,barretts_esophagus_diagnosis,brain_tumor_classification,mednode_melanoma_classification,brain_tumor_type_classification,chexpert_enlarged_cardiomediastinum,chexpert_cardiomegaly,chexpert_lung_opacity,chexpert_lung_lesion,chexpert_edema,chexpert_consolidation,chexpert_pneumonia,chexpert_atelectasis,chexpert_pneumothorax,chexpert_pleural_effusion,chexpert_pleural_other,chexpert_fracture,chexpert_support_devices,pneumonia_classification,ph2-melanocytic-lesions-classification,covid_xray_classification,isic20_melanoma_classification,deep_drid_dr_level,shenzen_chest_xray_tuberculosis,crawled_covid_ct_classification,deep_drid_quality,deep_drid_clarity,deep_drid_field,deep_drid_artifact,kvasir_capsule_anatomy,kvasir_capsule_content,kvasir_capsule_pathologies,breast_cancer_classification_v2,eye_condition_classification,mura_xr_wrist,mura_xr_shoulder,mura_xr_humerus,mura_xr_hand,mura_xr_forearm,mura_xr_finger,mura_xr_elbow,bean_plant_disease_classification,aptos19_blindness_detection,lapgyn4_anatomical_structures --shrink_train 800,lapgyn4_surgical_actions --shrink_train 800,lapgyn4_instrument_count --shrink_train 800,lapgyn4_anatomical_actions --shrink_train 800,laryngeal_tissues --shrink_train 800,nerthus_bowel_cleansing_quality --shrink_train 800,svhn --shrink_train 800,cifar10_object_classification --shrink_train 800,mnist_digit_classification --shrink_train 800,hyperkvasir_anatomical-landmarks --shrink_train 800,hyperkvasir_pathological-findings --shrink_train 800,hyperkvasir_quality-of-mucosal-views --shrink_train 800,hyperkvasir_therapeutic-interventions --shrink_train 800,cholec80_grasper_presence --shrink_train 800,cholec80_bipolar_presence --shrink_train 800,cholec80_hook_presence --shrink_train 800,cholec80_scissors_presence --shrink_train 800,cholec80_clipper_presence --shrink_train 800,cholec80_irrigator_presence --shrink_train 800,cholec80_specimenbag_presence --shrink_train 800,idle_action_recognition --shrink_train 800,brain_tumor_classification --shrink_train 800,brain_tumor_type_classification --shrink_train 800,chexpert_enlarged_cardiomediastinum --shrink_train 800,chexpert_cardiomegaly --shrink_train 800,chexpert_lung_opacity --shrink_train 800,chexpert_lung_lesion --shrink_train 800,chexpert_edema --shrink_train 800,chexpert_consolidation --shrink_train 800,chexpert_pneumonia --shrink_train 800,chexpert_atelectasis --shrink_train 800,chexpert_pneumothorax --shrink_train 800,chexpert_pleural_effusion --shrink_train 800,chexpert_pleural_other --shrink_train 800,chexpert_fracture --shrink_train 800,chexpert_support_devices --shrink_train 800,pneumonia_classification --shrink_train 800,covid_xray_classification --shrink_train 800,isic20_melanoma_classification --shrink_train 800,deep_drid_dr_level --shrink_train 800,deep_drid_quality --shrink_train 800,deep_drid_clarity --shrink_train 800,deep_drid_field --shrink_train 800,deep_drid_artifact --shrink_train 800,kvasir_capsule_anatomy --shrink_train 800,kvasir_capsule_content --shrink_train 800,kvasir_capsule_pathologies --shrink_train 800,mura_xr_wrist --shrink_train 800,mura_xr_shoulder --shrink_train 800,mura_xr_humerus --shrink_train 800,mura_xr_hand --shrink_train 800,mura_xr_forearm --shrink_train 800,mura_xr_finger --shrink_train 800,mura_xr_elbow --shrink_train 800,bean_plant_disease_classification --shrink_train 800,aptos19_blindness_detection --shrink_train 800
lapgyn4_anatomical_structures,0.0,0.005079027730971575,0.005243291147053242,0.006152692250907421,0.009448119439184666,0.011284301057457924,0.017383933067321777,0.008706226944923401,0.008218045346438885,0.016123665496706963,0.007825814187526703,0.0075190006755292416,0.009005307219922543,0.008868218399584293,0.019855596125125885,0.020162438973784447,0.006790589075535536,0.0066235847771167755,0.00798504427075386,0.007129480130970478,0.005976750049740076,0.005982882808893919,0.006058980245143175,0.005982113070785999,0.0060056219808757305,0.00605385284870863,0.005965633783489466,0.009279699996113777,0.008786833845078945,0.00919375941157341,0.013114632107317448,0.010751781053841114,0.013288567773997784,0.009364445693790913,0.009567148983478546,0.009874297305941582,0.009382766671478748,0.009986271150410175,0.009366264566779137,0.009378602728247643,0.010044674389064312,0.009691767394542694,0.009563681669533253,0.009273169562220573,0.00956171564757824,0.010007685981690884,0.011659462936222553,0.009985980577766895,0.01176857203245163,0.01081276498734951,0.01620933599770069,0.012141679413616657,0.010025286115705967,0.0159229077398777,0.015983041375875473,0.015927545726299286,0.015922585502266884,0.010482785291969776,0.010175583884119987,0.010225559584796429,0.01394407544285059,0.023693254217505455,0.01041171234101057,0.00929195899516344,0.010067224502563477,0.010627903044223785,0.009676169604063034,0.009766432456672192,0.010118190199136734,0.011723400093615055,0.013529247604310513,,0.005411913618445396,0.005304302554577589,0.006194980349391699,0.017488660290837288,0.008627254515886307,0.015932874754071236,0.00905353482812643,0.02003762684762478,0.00683413865044713,0.006665216758847237,0.007940626703202724,0.007142376620322466,0.006007537245750427,0.006063585169613361,0.0059722778387367725,0.006079122889786959,0.0061041261069476604,0.0059350114315748215,0.006107360124588013,0.008690305054187775,0.013350077904760838,0.013221019878983498,0.0094582699239254,0.009493519552052021,0.009800645522773266,0.00940293725579977,0.00981086678802967,0.009452283382415771,0.009255565702915192,0.009877142496407032,0.009821861051023006,0.00962652824819088,0.00930589996278286,0.009526548907160759,0.009938024915754795,0.01167452521622181,0.01168057881295681,0.010821778327226639,0.016009431332349777,0.01608159951865673,0.01621347665786743,0.01587517000734806,0.01622784323990345,0.010412627831101418,0.010337494313716888,0.010266011580824852,0.010603152215480804,0.009189464151859283,0.010070244781672955,0.010753198526799679,0.009695685468614101,0.009872976690530777,0.010206595063209534,0.011799289844930172,0.013341999612748623
lapgyn4_surgical_actions,0.005079027730971575,0.0,0.00454836618155241,0.004835215862840414,0.009340999647974968,0.011259570717811584,0.017120858654379845,0.008463745005428791,0.007736354600638151,0.015669524669647217,0.007313060574233532,0.006960035301744938,0.008467580191791058,0.008366407826542854,0.01934773288667202,0.01966600865125656,0.006989864632487297,0.006866943556815386,0.007880395278334618,0.006859295070171356,0.005392266903072596,0.005451133940368891,0.005504600238054991,0.005403693299740553,0.005428138189017773,0.00543941929936409,0.005449991207569838,0.009042497724294662,0.008099095895886421,0.00895289983600378,0.012973795644938946,0.010701466351747513,0.012799857184290886,0.008935553021728992,0.00909778568893671,0.009402116760611534,0.008941445499658585,0.009502680040895939,0.008912894874811172,0.008950998075306416,0.009570621885359287,0.009218109771609306,0.009091992862522602,0.008851771242916584,0.00913266371935606,0.009526144713163376,0.011249459348618984,0.009789644740521908,0.011336328461766243,0.010794351808726788,0.01588764227926731,0.01159832812845707,0.009408731013536453,0.015608568675816059,0.015653256326913834,0.015588519163429737,0.015598655678331852,0.009975642897188663,0.009719878435134888,0.009780635125935078,0.013476605527102947,0.023224567994475365,0.009651675820350647,0.008750701323151588,0.009520784951746464,0.009899199940264225,0.008969632908701897,0.00909672025591135,0.009448595345020294,0.01133516151458025,0.013135424815118313,0.005160689353942871,,0.004511021543294191,0.004823685623705387,0.01722528040409088,0.008387564681470394,0.0154762277379632,0.008525494486093521,0.019533034414052963,0.007054084446281195,0.006870051380246878,0.007836009375751019,0.0069334725849330425,0.005403944291174412,0.00545152835547924,0.00541812414303422,0.005543916020542383,0.005490718875080347,0.005424323491752148,0.005559734534472227,0.007994864135980606,0.013199195265769958,0.012737994082272053,0.009015880525112152,0.009033069014549255,0.009345855563879013,0.008972246199846268,0.009350740350782871,0.009004570543766022,0.008848998695611954,0.009407062083482742,0.009355869144201279,0.009176637046039104,0.00885886698961258,0.009077613241970539,0.009439959190785885,0.011240851134061813,0.011254562996327877,0.010790609754621983,0.01569952443242073,0.0157560333609581,0.015898752957582474,0.015548450872302055,0.015903443098068237,0.009904447942972183,0.009892051108181477,0.009823529049754143,0.00985367689281702,0.008636578917503357,0.009518384002149105,0.010026915930211544,0.008989924564957619,0.009209702722728252,0.009546072222292423,0.011415831744670868,0.012945995666086674
lapgyn4_instrument_count,0.005243291147053242,0.00454836618155241,0.0,0.004587061703205109,0.009100772440433502,0.011165947653353214,0.01691034808754921,0.008485589176416397,0.007617617025971413,0.01549800205975771,0.007186249829828739,0.006843633018434048,0.00837954692542553,0.008265431970357895,0.01915418729186058,0.01946393959224224,0.0069400956854224205,0.0067848809994757175,0.00797903724014759,0.007106562610715628,0.005258750170469284,0.005306772422045469,0.0053635770455002785,0.005264666862785816,0.0052942633628845215,0.005298044998198748,0.005312354303896427,0.008933286182582378,0.008306486532092094,0.009013445116579533,0.012768691405653954,0.010480617173016071,0.012782718986272812,0.00903540663421154,0.009231902658939362,0.009538424201309681,0.009051057510077953,0.009644662030041218,0.009026637300848961,0.009065322577953339,0.009705728851258755,0.009348263032734394,0.009222072549164295,0.008948332630097866,0.009245336055755615,0.009663918986916542,0.01128488127142191,0.009704080410301685,0.011386792175471783,0.01068881805986166,0.01563286781311035,0.011763696558773518,0.00945468433201313,0.015345288440585136,0.01539922971278429,0.015338488854467869,0.0153416832908988,0.009822987951338291,0.009615285322070122,0.009675110690295696,0.013482974842190742,0.02301006019115448,0.009619900025427341,0.008740207180380821,0.009410444647073746,0.009967896156013012,0.008891945704817772,0.009070913307368755,0.009379207156598568,0.011321970261633396,0.012937474995851517,0.005313948728144169,0.004661083221435547,,0.004647946450859308,0.017019452527165413,0.008418376557528973,0.015307505615055561,0.00843712780624628,0.01933782361447811,0.006985400337725878,0.006800270639359951,0.007944311946630478,0.007183464709669352,0.005249647423624992,0.005319869611412287,0.005284663289785385,0.005388279445469379,0.005343992728739977,0.005261468701064587,0.005377091933041811,0.008217060938477516,0.012993678450584412,0.012724342755973339,0.009122517891228199,0.009164167568087578,0.009474986232817173,0.009081458672881126,0.009479804895818233,0.009125911630690098,0.008948914706707,0.009536702185869217,0.00948414858430624,0.009301340207457542,0.008954648859798908,0.009202131070196629,0.009583525359630585,0.011286890134215355,0.011301903985440731,0.010686126537621021,0.015437445603311062,0.015499231405556202,0.015640756115317345,0.015295375138521194,0.0156455859541893,0.009752042591571808,0.009786738082766533,0.009728058241307735,0.009815356694161892,0.008630096912384033,0.009407224133610725,0.010100475512444973,0.00891123991459608,0.009176105260848999,0.009479091502726078,0.011397271417081356,0.012749798595905304
lapgyn4_anatomical_actions,0.006152692250907421,0.004835215862840414,0.004587061703205109,0.0,0.010112620890140533,0.01214055996388197,0.017797788605093956,0.009503158740699291,0.00835073459893465,0.016312912106513977,0.007920063100755215,0.0075743976049125195,0.009132381528615952,0.009044012054800987,0.019947784021496773,0.02026527374982834,0.008115903474390507,0.007946711033582687,0.00900209415704012,0.008043206296861172,0.006100044120103121,0.006169706583023071,0.006231910083442926,0.006113157141953707,0.006151553709059954,0.006135324016213417,0.006188428960740566,0.009851538576185703,0.009020865894854069,0.009906219318509102,0.013764032162725925,0.011462153866887093,0.013592923991382122,0.00987317506223917,0.010050665587186813,0.010351029224693775,0.00989000964909792,0.010449244640767574,0.009849905967712402,0.00990204606205225,0.01051016803830862,0.010159017518162727,0.010040689259767532,0.009797632694244385,0.010069604031741619,0.01046091876924038,0.012095751240849495,0.010614420287311077,0.012187670916318893,0.011680033057928085,0.016615483909845352,0.012485809624195099,0.010270509868860245,0.01634369045495987,0.016380345448851585,0.016312727704644203,0.016327526420354843,0.010751109570264816,0.010550595819950104,0.010616747662425041,0.014305591583251953,0.023903222754597664,0.010370430536568165,0.00959488283842802,0.010249794460833073,0.010696367360651493,0.009659037925302982,0.009817240759730339,0.010180343873798847,0.012094945646822453,0.013870774768292904,0.006230594590306282,0.004976916592568159,0.004591017495840788,,0.017907749861478806,0.009433310478925705,0.01612197794020176,0.009197424165904522,0.02012690156698227,0.008160583674907684,0.007962358184158802,0.00896309595555067,0.008135857991874218,0.006094639655202627,0.0061543965712189674,0.006140498910099268,0.006272584665566683,0.006168092135339975,0.0061444249004125595,0.0062487185932695866,0.0089188851416111,0.013988702557981014,0.013540172018110752,0.009950060397386551,0.009983839467167854,0.010292420163750648,0.009922622703015804,0.01029624231159687,0.009952550753951073,0.009802510030567646,0.010349058546125889,0.010290035046637058,0.010125475004315376,0.009794609621167183,0.010014594532549381,0.0103762811049819,0.012089930474758148,0.012102781794965267,0.011678580194711685,0.016427621245384216,0.016484523192048073,0.01663310080766678,0.016277240589261055,0.016631493344902992,0.010678205639123917,0.010729165747761726,0.010668591596186161,0.010569654405117035,0.00947518926113844,0.010244796983897686,0.01082825567573309,0.009675499051809311,0.009921301156282425,0.01028186734765768,0.012176441960036755,0.013685017824172974
sklin2_skin_lesions,0.009448119439184666,0.009340999647974968,0.009100772440433502,0.010112620890140533,0.0,0.011893220245838165,0.01668941229581833,0.009951060637831688,0.008394566364586353,0.01561044156551361,0.007966918870806694,0.007651367224752903,0.009077191352844238,0.008867664262652397,0.01929350756108761,0.01953873038291931,0.008168297819793224,0.008227648213505745,0.009740374982357025,0.009224162437021732,0.008894726634025574,0.008802955038845539,0.009000562131404877,0.008794290944933891,0.008871396072208881,0.008839404210448265,0.008997682482004166,0.006544739473611116,0.009812387637794018,0.008822486735880375,0.01261379849165678,0.008694467134773731,0.012906890362501144,0.01005655899643898,0.010318568907678127,0.010567846707999706,0.010054659098386765,0.01072081271559,0.01003684476017952,0.010063324123620987,0.010794238187372684,0.010416469536721706,0.010269329883158207,0.009855550713837147,0.010331357829272747,0.010703137144446373,0.012523353099822998,0.006782569922506809,0.012655185535550117,0.008015081286430359,0.014514433220028877,0.013166550546884537,0.010170390829443932,0.014211182482540607,0.014334168285131454,0.014259216375648975,0.014257185161113739,0.009935298934578896,0.009546803310513496,0.009599307551980019,0.013360073789954185,0.02231666073203087,0.010773396119475365,0.009765787050127983,0.010392262600362301,0.01140709687024355,0.010051052086055279,0.010272804647684097,0.010305429808795452,0.011468535289168358,0.01174117811024189,0.009561453014612198,0.009432303719222546,0.009255543351173401,0.010022502392530441,0.016835682094097137,0.0098322294652462,0.015449938364326954,0.009142554365098476,0.01948537863790989,0.00806745607405901,0.008157826960086823,0.009729817509651184,0.009293431416153908,0.008859003894031048,0.008947852067649364,0.008922137320041656,0.008804193697869778,0.009018066339194775,0.008794267661869526,0.008811909705400467,0.009770301170647144,0.012841927818953991,0.01286498922854662,0.010152505710721016,0.01020298432558775,0.01050536148250103,0.01008053682744503,0.010509790852665901,0.010144191794097424,0.009903145022690296,0.010598693042993546,0.010562035255134106,0.010331119410693645,0.009895935654640198,0.010304550640285015,0.010668070055544376,0.012530527077615261,0.012547064572572708,0.008142385631799698,0.014298481866717339,0.014380252920091152,0.014574358239769936,0.014202035032212734,0.014523106627166271,0.00985961314290762,0.009691680781543255,0.009639724157750607,0.010938656516373158,0.009661025367677212,0.010400396771728992,0.011544814333319664,0.010075668804347515,0.010370759293437004,0.010391341522336006,0.011536265723407269,0.011541878804564476
identify_nbi_infframes,0.011284301057457924,0.011259570717811584,0.011165947653353214,0.01214055996388197,0.011893220245838165,0.0,0.016674820333719254,0.012734889052808285,0.010620202869176865,0.016452601179480553,0.010239861905574799,0.010018283501267433,0.011240512132644653,0.010918930172920227,0.02054857835173607,0.020702462643384933,0.0108236875385046,0.01082181092351675,0.012200179509818554,0.01144391018897295,0.011148156598210335,0.011100325733423233,0.011246955022215843,0.01104807574301958,0.01111917570233345,0.011145589873194695,0.011249820701777935,0.01119269523769617,0.011828168295323849,0.011082504875957966,0.014167173765599728,0.012893527746200562,0.015559287741780281,0.012353724800050259,0.012396838515996933,0.012584838084876537,0.012358484789729118,0.012698877602815628,0.012281179428100586,0.012293273583054543,0.01275804452598095,0.012545749545097351,0.012402359396219254,0.01223369687795639,0.012401624582707882,0.012696498073637486,0.014664364978671074,0.011927381157875061,0.01483091153204441,0.012163233011960983,0.018212363123893738,0.015633631497621536,0.012926023453474045,0.017895489931106567,0.01796657405793667,0.017953140661120415,0.01792890764772892,0.013671470806002617,0.013337564654648304,0.013370886445045471,0.014615901745855808,0.025584543123841286,0.013028942048549652,0.012081136927008629,0.012507980689406395,0.013778185471892357,0.012198515236377716,0.01236359216272831,0.012662515975534916,0.014129960909485817,0.01585361175239086,0.011355084367096424,0.011256901547312737,0.011295804753899574,0.012107175774872303,0.016797369346022606,0.01257463451474905,0.01640506088733673,0.011302604340016842,0.02073374018073082,0.01080326922237873,0.01080118678510189,0.01217739749699831,0.011478163301944733,0.011095527559518814,0.011144724674522877,0.011200787499547005,0.011092291213572025,0.011282078921794891,0.011065931059420109,0.011057593859732151,0.011711673811078072,0.014356966130435467,0.015487422235310078,0.01239300612360239,0.012307710014283657,0.012547662481665611,0.012452799826860428,0.012461017817258835,0.012394249439239502,0.012177281081676483,0.012592781335115433,0.012642953544855118,0.012417451478540897,0.012295253574848175,0.012374562211334705,0.012689978815615177,0.01468166708946228,0.014727222733199596,0.012108594179153442,0.017984606325626373,0.018058734014630318,0.018206102773547173,0.017888983711600304,0.01821001246571541,0.013631526380777359,0.013497627340257168,0.013422900810837746,0.013148130849003792,0.012038803659379482,0.012517200782895088,0.013912778347730637,0.012241710908710957,0.012406494468450546,0.012751073576509953,0.01416222844272852,0.015703102573752403
laryngeal_tissues,0.017383933067321777,0.017120858654379845,0.01691034808754921,0.017797788605093956,0.01668941229581833,0.016674820333719254,0.0,0.01815756782889366,0.014684336259961128,0.015536201186478138,0.01410643756389618,0.014114029705524445,0.01355162262916565,0.012930771335959435,0.022519785910844803,0.022689562290906906,0.016912702471017838,0.01678624004125595,0.017850300297141075,0.01733076199889183,0.01720760576426983,0.017163511365652084,0.017315655946731567,0.01711486652493477,0.017168480902910233,0.017186695709824562,0.017370767891407013,0.015750987455248833,0.01729896478354931,0.016438882797956467,0.018359042704105377,0.01745034009218216,0.020345913246273994,0.018001141026616096,0.018085718154907227,0.018241457641124725,0.018019452691078186,0.01834898814558983,0.017915153875947,0.01796208694577217,0.01841161772608757,0.018183473497629166,0.018066277727484703,0.01791876181960106,0.018047383055090904,0.01832735911011696,0.020003659650683403,0.01701887883245945,0.020160086452960968,0.016251975670456886,0.023136410862207413,0.021099623292684555,0.017963437363505363,0.022865304723381996,0.022905832156538963,0.022872136905789375,0.022894050925970078,0.018384093418717384,0.018023397773504257,0.018071390688419342,0.019468488171696663,0.030378567054867744,0.017886219546198845,0.017470788210630417,0.01781010814011097,0.018864421173930168,0.01728057488799095,0.017384303733706474,0.017655499279499054,0.019009387120604515,0.02091364748775959,0.017499396577477455,0.01732190139591694,0.017088064923882484,0.017679758369922638,,0.018010444939136505,0.015594029799103737,0.013593940995633602,0.022731108590960503,0.016851304098963737,0.016771508380770683,0.01782604679465294,0.017390815541148186,0.01711295358836651,0.017212247475981712,0.017250418663024902,0.017131837084889412,0.017351113259792328,0.01713249273598194,0.017111491411924362,0.01718311570584774,0.01852097176015377,0.020302949473261833,0.018055468797683716,0.018018141388893127,0.018210848793387413,0.01809670217335224,0.018147414550185204,0.0180691946297884,0.01786954328417778,0.018251566216349602,0.018275175243616104,0.018097035586833954,0.017953481525182724,0.018006417900323868,0.01832418702542782,0.020009789615869522,0.02005576901137829,0.01624131016433239,0.02295069955289364,0.023012692108750343,0.023155657574534416,0.02282264083623886,0.02314680628478527,0.018340907990932465,0.01818830519914627,0.018145889043807983,0.018021712079644203,0.017413370311260223,0.01780104637145996,0.01900225691497326,0.01732799969613552,0.017456667497754097,0.017741113901138306,0.019031496718525887,0.020772337913513184
nerthus_bowel_cleansing_quality,0.008706226944923401,0.008463745005428791,0.008485589176416397,0.009503158740699291,0.009951060637831688,0.012734889052808285,0.01815756782889366,0.0,0.00899450946599245,0.016329262405633926,0.008281777612864971,0.007928168401122093,0.00940033234655857,0.009218129329383373,0.019992422312498093,0.02032439038157463,0.006643823813647032,0.006192334461957216,0.005162979010492563,0.006226358003914356,0.007610507775098085,0.007557610981166363,0.0076522184535861015,0.007550356909632683,0.007604243699461222,0.0076345643028616905,0.007716825231909752,0.009672760963439941,0.007952149957418442,0.010026068426668644,0.013823072426021099,0.01180795393884182,0.013022749684751034,0.009803644381463528,0.009848290123045444,0.010138438083231449,0.009758859872817993,0.010221578180789948,0.00970984436571598,0.009756107814610004,0.010303069837391376,0.010039441287517548,0.00984581932425499,0.00960645079612732,0.009963985532522202,0.010299813002347946,0.012388111092150211,0.010458126664161682,0.012479142285883427,0.01165204867720604,0.01595599204301834,0.012820839881896973,0.009661556221544743,0.015609273687005043,0.015703432261943817,0.01566261053085327,0.015647029504179955,0.008994679898023605,0.008741466328501701,0.008761812932789326,0.01441185176372528,0.02346193976700306,0.010448034852743149,0.008976803161203861,0.009714633226394653,0.010808287188410759,0.009589450433850288,0.009594581089913845,0.009813861921429634,0.012844022363424301,0.013059956952929497,0.008861565962433815,0.008709758520126343,0.008529726415872574,0.009368300437927246,0.01827535405755043,,0.016128338873386383,0.009434408508241177,0.020197317004203796,0.0067804548889398575,0.006262193433940411,0.005177348852157593,0.006242621224373579,0.007617003284394741,0.007692764513194561,0.007637975737452507,0.007561863400042057,0.007737994194030762,0.007585308980196714,0.007656062487512827,0.007903083227574825,0.014041927643120289,0.012964790686964989,0.009882490150630474,0.00978918932378292,0.010108229704201221,0.00982268713414669,0.010049089789390564,0.00980866327881813,0.00963678304105997,0.010134113021194935,0.010166903957724571,0.009922400116920471,0.009679525159299374,0.009990982711315155,0.010230431333184242,0.012371023185551167,0.01238038670271635,0.011674522422254086,0.015767788514494896,0.01579953357577324,0.015931012108922005,0.015622827224433422,0.01594368927180767,0.008942129090428352,0.008891361765563488,0.008765402249991894,0.010671336203813553,0.008882465772330761,0.009736084379255772,0.010937415063381195,0.009602957405149937,0.009714862331748009,0.009888026863336563,0.012931229546666145,0.012868830934166908
stanford_dogs_image_categorization,0.008218045346438885,0.007736354600638151,0.007617617025971413,0.00835073459893465,0.008394566364586353,0.010620202869176865,0.014684336259961128,0.00899450946599245,0.0,0.013255984522402287,0.00522618368268013,0.005055485293269157,0.006124422419816256,0.006245967000722885,0.017057225108146667,0.017358016222715378,0.007869187742471695,0.007788900285959244,0.008731196634471416,0.007906262762844563,0.007886148057878017,0.007862339727580547,0.008002281188964844,0.007802772335708141,0.007850360125303268,0.007870406843721867,0.008057354018092155,0.008074195124208927,0.008448727428913116,0.007704064715653658,0.011304527521133423,0.009436781518161297,0.01136440597474575,0.008731735870242119,0.008852810598909855,0.00908759143203497,0.008737556636333466,0.009180900640785694,0.00869168620556593,0.00871252454817295,0.009248141199350357,0.008972899056971073,0.008859003894031048,0.008678955025970936,0.008873946964740753,0.009187103249132633,0.010759553872048855,0.008776145055890083,0.010883019305765629,0.00964306853711605,0.014420697465538979,0.011484542861580849,0.00856566522270441,0.014165027067065239,0.014181897975504398,0.014121510088443756,0.01415229495614767,0.009398541413247585,0.009003832004964352,0.009029215201735497,0.011818651109933853,0.021504394710063934,0.008724113926291466,0.008284062147140503,0.00860991794615984,0.009600033052265644,0.008036153391003609,0.008311720564961433,0.008493022061884403,0.010200764052569866,0.011865160427987576,0.0083417147397995,0.007834775373339653,0.0077450089156627655,0.008206388913094997,0.014793076552450657,0.008885052986443043,0.013078558258712292,0.006214207503944635,0.017244430258870125,0.0078116971999406815,0.0077773649245500565,0.008671550080180168,0.008005058392882347,0.007818364538252354,0.00791389960795641,0.007929439656436443,0.007841665297746658,0.008024835959076881,0.007864993065595627,0.007854558527469635,0.008372495882213116,0.011516088619828224,0.01133638247847557,0.00881681963801384,0.008810439147055149,0.009064543060958385,0.008812323212623596,0.009020390920341015,0.008830785751342773,0.008630955591797829,0.00907297246158123,0.009083683602511883,0.00891161523759365,0.008702101185917854,0.008820521645247936,0.00915235374122858,0.010754911229014397,0.010774864815175533,0.009643455035984516,0.014235630631446838,0.014292106963694096,0.014440878294408321,0.01409108191728592,0.0144271245226264,0.009333819150924683,0.009159786626696587,0.009093140251934528,0.008894828148186207,0.008175716735422611,0.00862087868154049,0.009723801165819168,0.008048511110246181,0.008420748636126518,0.00858007837086916,0.010254337452352047,0.011711498722434044
svhn,0.016123665496706963,0.015669524669647217,0.01549800205975771,0.016312912106513977,0.01561044156551361,0.016452601179480553,0.015536201186478138,0.016329262405633926,0.013255984522402287,0.0,0.012580693699419498,0.01241869106888771,0.01063706073909998,0.009912592358887196,0.018138684332370758,0.018340138718485832,0.015370184555649757,0.015258963219821453,0.016117054969072342,0.015449536964297295,0.015534566715359688,0.015487177297472954,0.015649138018488884,0.015440636314451694,0.015491767786443233,0.015515231527388096,0.01572575978934765,0.01505916565656662,0.015561878681182861,0.015044440515339375,0.017070889472961426,0.016986431553959846,0.01859400048851967,0.016055146232247353,0.01611923612654209,0.016311539337038994,0.016053102910518646,0.01640702411532402,0.015965856611728668,0.016026616096496582,0.01645052619278431,0.016227565705776215,0.016112864017486572,0.01596846804022789,0.01608271338045597,0.016404863446950912,0.018032195046544075,0.015980182215571404,0.01817961409687996,0.01633220538496971,0.02162383869290352,0.01910393312573433,0.015856117010116577,0.021345632150769234,0.021383730694651604,0.021343164145946503,0.021358387544751167,0.016663789749145508,0.01625840552151203,0.016305923461914062,0.018565839156508446,0.028781699016690254,0.01560656726360321,0.015404238365590572,0.015611461363732815,0.016698352992534637,0.01504543237388134,0.01499034184962511,0.01539673749357462,0.017882470041513443,0.019253673031926155,0.016269944608211517,0.015719423070549965,0.015637127682566643,0.016152065247297287,0.015686623752117157,0.016183851286768913,,0.010610148310661316,0.01839515008032322,0.015318191610276699,0.015238560736179352,0.016069818288087845,0.015536723658442497,0.015451580286026001,0.015544629655778408,0.01559243444353342,0.015458504669368267,0.01567075587809086,0.015489097684621811,0.015467142686247826,0.015472467057406902,0.01723870076239109,0.01855427771806717,0.016094984486699104,0.01607094518840313,0.01627766154706478,0.01614386774599552,0.016220208257436752,0.016109751537442207,0.015929287299513817,0.016301818192005157,0.01631256565451622,0.016161195933818817,0.016003383323550224,0.016058092936873436,0.016383660957217216,0.01804143190383911,0.01807803474366665,0.016344761475920677,0.02143421396613121,0.021482540294528008,0.021632371470332146,0.021299004554748535,0.021625196561217308,0.01661052368581295,0.016423027962446213,0.016368936747312546,0.015759196132421494,0.015342074446380138,0.015620570629835129,0.016829783096909523,0.01509468350559473,0.015056462958455086,0.01549166813492775,0.017914585769176483,0.01910690777003765
caltech101_object_classification,0.007825814187526703,0.007313060574233532,0.007186249829828739,0.007920063100755215,0.007966918870806694,0.010239861905574799,0.01410643756389618,0.008281777612864971,0.00522618368268013,0.012580693699419498,0.0,0.004381169099360704,0.005795157048851252,0.005732420831918716,0.015958715230226517,0.016338981688022614,0.007364357355982065,0.007179503329098225,0.008079629391431808,0.007299561519175768,0.0073453644290566444,0.007302639540284872,0.007450634613633156,0.00726227555423975,0.00730062136426568,0.00732093071565032,0.007519314531236887,0.007593065965920687,0.007679324131458998,0.0074942996725440025,0.010466785170137882,0.009269174188375473,0.010693780146539211,0.008295831270515919,0.008434144780039787,0.008671163581311703,0.008310722187161446,0.008765720762312412,0.008248060941696167,0.00830407440662384,0.008826691657304764,0.008542302995920181,0.008425901643931866,0.008225616067647934,0.008445804938673973,0.008770762011408806,0.010340146720409393,0.008448909968137741,0.010452330112457275,0.009137013927102089,0.01371584739536047,0.011052289046347141,0.007828360423445702,0.013461833819746971,0.013483479619026184,0.013432818464934826,0.013464455492794514,0.00850563496351242,0.008162589743733406,0.008204597979784012,0.01132493931800127,0.020869091153144836,0.008023885078728199,0.00760075356811285,0.00785873457789421,0.008816888555884361,0.007277493365108967,0.007423694245517254,0.007716215681284666,0.009720892645418644,0.01124175637960434,0.007970457896590233,0.007463902700692415,0.0073148454539477825,0.007769743911921978,0.014223319478332996,0.008173868060112,0.012391396798193455,0.005881176795810461,0.01613564044237137,0.007322782184928656,0.00717290909960866,0.00803743302822113,0.007397119887173176,0.007282309699803591,0.0073660388588905334,0.0073772878386080265,0.007289057597517967,0.007471150252968073,0.007319306489080191,0.0073048826307058334,0.0076034883968532085,0.010672790929675102,0.010655987076461315,0.0083670224994421,0.008389754220843315,0.008635998703539371,0.008370199240744114,0.008605490438640118,0.008388231508433819,0.00820322148501873,0.008671659976243973,0.00865461491048336,0.008494940586388111,0.008250762708485126,0.008393105119466782,0.008732646703720093,0.010330949909985065,0.010346529074013233,0.009142990224063396,0.013537051156163216,0.013592097908258438,0.013732373714447021,0.013392424210906029,0.01373043842613697,0.008448074571788311,0.008340402506291866,0.008267092518508434,0.008200857788324356,0.0074909757822752,0.007855918258428574,0.00893349014222622,0.007297113072127104,0.007549014408141375,0.0078054554760456085,0.009774082340300083,0.011099125258624554
caltech256_object_classification,0.0075190006755292416,0.006960035301744938,0.006843633018434048,0.0075743976049125195,0.007651367224752903,0.010018283501267433,0.014114029705524445,0.007928168401122093,0.005055485293269157,0.01241869106888771,0.004381169099360704,0.0,0.005654588807374239,0.005555219482630491,0.015905681997537613,0.016285626217722893,0.00702295545488596,0.006853850558400154,0.007748298346996307,0.00689858989790082,0.006936517544090748,0.006895285565406084,0.007040698081254959,0.006854173727333546,0.006888925563544035,0.006909117102622986,0.007114935666322708,0.007354441098868847,0.007318212650716305,0.007249756716191769,0.010385401546955109,0.008991064503788948,0.010369689203798771,0.007879722863435745,0.008023491129279137,0.008272453211247921,0.007889935746788979,0.008367769420146942,0.007834563963115215,0.007891129702329636,0.008425889536738396,0.008133210241794586,0.00801626406610012,0.007811408024281263,0.008045626804232597,0.008373738266527653,0.00990312360227108,0.00815526582300663,0.01001062523573637,0.008940539322793484,0.013339206576347351,0.010606503114104271,0.007474042940884829,0.013082162477076054,0.01310486625880003,0.013049487955868244,0.013081482611596584,0.008185692131519318,0.007829933427274227,0.007873916998505592,0.011168836615979671,0.020456461235880852,0.007569409906864166,0.00718647800385952,0.0074707441963255405,0.008403905667364597,0.006850779056549072,0.007009216584265232,0.0072898175567388535,0.009499149397015572,0.010837056674063206,0.007673680782318115,0.007068671751767397,0.006962808780372143,0.007408824283629656,0.014230592176318169,0.007820368744432926,0.012229295447468758,0.0057289376854896545,0.016083603724837303,0.006986143998801708,0.0068389601074159145,0.007698696106672287,0.007004862185567617,0.006868681404739618,0.00695606367662549,0.006968565285205841,0.006881209090352058,0.007060773205012083,0.006914537865668535,0.006902365479618311,0.007251539267599583,0.010597845539450645,0.010327785275876522,0.007952423766255379,0.007984285242855549,0.008238593116402626,0.007950780913233757,0.008212151005864143,0.007971959188580513,0.007791217882186174,0.008271499536931515,0.008248252794146538,0.008091897703707218,0.007830742746591568,0.00799072440713644,0.008329746313393116,0.00989298801869154,0.009905379265546799,0.008947816677391529,0.013161537237465382,0.013211458921432495,0.013350654393434525,0.01301240362226963,0.01334933377802372,0.008123124949634075,0.008005311712622643,0.007936245761811733,0.007752164267003536,0.00707609485834837,0.007473047357052565,0.008521988056600094,0.006869864650070667,0.0071382345631718636,0.0073820315301418304,0.00955778919160366,0.01068839617073536
cifar10_object_classification,0.009005307219922543,0.008467580191791058,0.00837954692542553,0.009132381528615952,0.009077191352844238,0.011240512132644653,0.01355162262916565,0.00940033234655857,0.006124422419816256,0.01063706073909998,0.005795157048851252,0.005654588807374239,0.0,0.00439748540520668,0.015415547415614128,0.01579413190484047,0.008495254442095757,0.008369430899620056,0.00922907330095768,0.0083804652094841,0.008447940461337566,0.008416921831667423,0.008553052321076393,0.00836795661598444,0.008411730639636517,0.008424334228038788,0.008624270558357239,0.008674448356032372,0.008865146897733212,0.008388903923332691,0.011448543518781662,0.010319885797798634,0.01215787511318922,0.009326312690973282,0.00943694170564413,0.009677870199084282,0.009324507787823677,0.009769484400749207,0.009271114133298397,0.009306754916906357,0.009836253710091114,0.00955676194280386,0.009442436508834362,0.00925504881888628,0.009456227533519268,0.009788165800273418,0.011485327035188675,0.009451355785131454,0.011598833836615086,0.010381140746176243,0.015112446621060371,0.01216611173003912,0.009017162024974823,0.014848650433123112,0.014874329790472984,0.014817312359809875,0.014845631085336208,0.00986136868596077,0.009498167783021927,0.009539494290947914,0.012250001542270184,0.022244270890951157,0.00933490414172411,0.008862609975039959,0.009253040887415409,0.010086829774081707,0.00866297073662281,0.008801677264273167,0.00906639639288187,0.010973382741212845,0.012565107084810734,0.009150531142950058,0.00856830645352602,0.00848967395722866,0.008954846300184727,0.013662060722708702,0.009285531006753445,0.010424270294606686,,0.015637515112757683,0.008453800342977047,0.008352022618055344,0.009169350378215313,0.008478423580527306,0.008382950909435749,0.008472164161503315,0.008489683270454407,0.008390117436647415,0.008581141009926796,0.008433392271399498,0.008416242897510529,0.008781131356954575,0.011659841984510422,0.012123657390475273,0.009399253875017166,0.009390020743012428,0.009654873050749302,0.009395056404173374,0.009610342793166637,0.009405970573425293,0.009224796667695045,0.009663224220275879,0.009679884649813175,0.009502236731350422,0.009275326505303383,0.009407532401382923,0.009746291674673557,0.011475599370896816,0.01149272732436657,0.010388845577836037,0.014933613128960133,0.01497897133231163,0.01513409148901701,0.014786205254495144,0.015121690928936005,0.009796717204153538,0.009656582027673721,0.009607691317796707,0.00951998122036457,0.008753872476518154,0.009268201887607574,0.010213830508291721,0.008680964820086956,0.008910324424505234,0.009167993441224098,0.011026129126548767,0.012407954782247543
