,lapgyn4_anatomical_structures,lapgyn4_surgical_actions,lapgyn4_instrument_count,lapgyn4_anatomical_actions,sklin2_skin_lesions,identify_nbi_infframes,laryngeal_tissues,nerthus_bowel_cleansing_quality,stanford_dogs_image_categorization,svhn,caltech101_object_classification,caltech256_object_classification,cifar10_object_classification,cifar100_object_classification,mnist_digit_classification,emnist_digit_classification,hyperkvasir_anatomical-landmarks,hyperkvasir_pathological-findings,hyperkvasir_quality-of-mucosal-views,hyperkvasir_therapeutic-interventions,cholec80_grasper_presence,cholec80_bipolar_presence,cholec80_hook_presence,cholec80_scissors_presence,cholec80_clipper_presence,cholec80_irrigator_presence,cholec80_specimenbag_presence,derm7pt_skin_lesions,idle_action_recognition,barretts_esophagus_diagnosis,brain_tumor_classification,mednode_melanoma_classification,brain_tumor_type_classification,chexpert_enlarged_cardiomediastinum,chexpert_cardiomegaly,chexpert_lung_opacity,chexpert_lung_lesion,chexpert_edema,chexpert_consolidation,chexpert_pneumonia,chexpert_atelectasis,chexpert_pneumothorax,chexpert_pleural_effusion,chexpert_pleural_other,chexpert_fracture,chexpert_support_devices,pneumonia_classification,ph2-melanocytic-lesions-classification,covid_xray_classification,isic20_melanoma_classification,deep_drid_dr_level,shenzen_chest_xray_tuberculosis,crawled_covid_ct_classification,deep_drid_quality,deep_drid_clarity,deep_drid_field,deep_drid_artifact,kvasir_capsule_anatomy,kvasir_capsule_content,kvasir_capsule_pathologies,breast_cancer_classification_v2,eye_condition_classification,mura_xr_wrist,mura_xr_shoulder,mura_xr_humerus,mura_xr_hand,mura_xr_forearm,mura_xr_finger,mura_xr_elbow,bean_plant_disease_classification,aptos19_blindness_detection,lapgyn4_anatomical_structures --shrink_train 800,lapgyn4_surgical_actions --shrink_train 800,lapgyn4_instrument_count --shrink_train 800,lapgyn4_anatomical_actions --shrink_train 800,laryngeal_tissues --shrink_train 800,nerthus_bowel_cleansing_quality --shrink_train 800,svhn --shrink_train 800,cifar10_object_classification --shrink_train 800,mnist_digit_classification --shrink_train 800,hyperkvasir_anatomical-landmarks --shrink_train 800,hyperkvasir_pathological-findings --shrink_train 800,hyperkvasir_quality-of-mucosal-views --shrink_train 800,hyperkvasir_therapeutic-interventions --shrink_train 800,cholec80_grasper_presence --shrink_train 800,cholec80_bipolar_presence --shrink_train 800,cholec80_hook_presence --shrink_train 800,cholec80_scissors_presence --shrink_train 800,cholec80_clipper_presence --shrink_train 800,cholec80_irrigator_presence --shrink_train 800,cholec80_specimenbag_presence --shrink_train 800,idle_action_recognition --shrink_train 800,brain_tumor_classification --shrink_train 800,brain_tumor_type_classification --shrink_train 800,chexpert_enlarged_cardiomediastinum --shrink_train 800,chexpert_cardiomegaly --shrink_train 800,chexpert_lung_opacity --shrink_train 800,chexpert_lung_lesion --shrink_train 800,chexpert_edema --shrink_train 800,chexpert_consolidation --shrink_train 800,chexpert_pneumonia --shrink_train 800,chexpert_atelectasis --shrink_train 800,chexpert_pneumothorax --shrink_train 800,chexpert_pleural_effusion --shrink_train 800,chexpert_pleural_other --shrink_train 800,chexpert_fracture --shrink_train 800,chexpert_support_devices --shrink_train 800,pneumonia_classification --shrink_train 800,covid_xray_classification --shrink_train 800,isic20_melanoma_classification --shrink_train 800,deep_drid_dr_level --shrink_train 800,deep_drid_quality --shrink_train 800,deep_drid_clarity --shrink_train 800,deep_drid_field --shrink_train 800,deep_drid_artifact --shrink_train 800,kvasir_capsule_anatomy --shrink_train 800,kvasir_capsule_content --shrink_train 800,kvasir_capsule_pathologies --shrink_train 800,mura_xr_wrist --shrink_train 800,mura_xr_shoulder --shrink_train 800,mura_xr_humerus --shrink_train 800,mura_xr_hand --shrink_train 800,mura_xr_forearm --shrink_train 800,mura_xr_finger --shrink_train 800,mura_xr_elbow --shrink_train 800,bean_plant_disease_classification --shrink_train 800,aptos19_blindness_detection --shrink_train 800
lapgyn4_anatomical_structures,0.0,0.005484687630087137,0.0055010877549648285,0.006872737314552069,0.011102695018053055,0.012927673757076263,0.021660011261701584,0.010121416300535202,0.009551914408802986,0.01953837461769581,0.00900318380445242,0.008629901334643364,0.010521735064685345,0.010282298550009727,0.025110000744462013,0.025476768612861633,0.007705064956098795,0.007364761549979448,0.009091714397072792,0.008016801439225674,0.006609780248254538,0.0065700458362698555,0.006559827830642462,0.0065220994874835014,0.006544795352965593,0.006636336911469698,0.006549009587615728,0.010856334120035172,0.01016159262508154,0.010767585597932339,0.016110330820083618,0.013192415237426758,0.016119493171572685,0.011034601368010044,0.010983088985085487,0.01169668510556221,0.011108177714049816,0.011359634809195995,0.011006827466189861,0.011022988706827164,0.011891376227140427,0.01149482186883688,0.011515435762703419,0.011043792590498924,0.011276492848992348,0.01185599435120821,0.014111997559666634,0.012002185918390751,0.013859976083040237,0.01291458960622549,0.02019789069890976,0.014514238573610783,0.011844468303024769,0.020039191469550133,0.019486187025904655,0.0195964016020298,0.019883712753653526,0.012507396750152111,0.012407887727022171,0.012418013997375965,0.01674823835492134,0.029122836887836456,0.012671035714447498,0.010944140143692493,0.011989465914666653,0.012714101932942867,0.01144326850771904,0.011665142141282558,0.012284980155527592,0.014179091900587082,0.016644641757011414,,0.005788598675280809,0.005696978885680437,0.006802720949053764,0.02142964117228985,0.01013968512415886,0.018908344209194183,0.010622258298099041,0.025235921144485474,0.007606456056237221,0.0074220821261405945,0.009191770106554031,0.008089408278465271,0.006529890466481447,0.0064931390807032585,0.00669563002884388,0.006645315792411566,0.006594134960323572,0.006520288996398449,0.006634061224758625,0.010208756662905216,0.016088910400867462,0.016131171956658363,0.011244279332458973,0.011282316409051418,0.011825557798147202,0.011083546094596386,0.011730337515473366,0.010899047367274761,0.01095635537058115,0.011680255644023418,0.01175631582736969,0.011341704986989498,0.0109302569180727,0.011277423240244389,0.012043904513120651,0.014061910100281239,0.014062806963920593,0.012765410356223583,0.019731555134058,0.019821492955088615,0.019520027562975883,0.020104173570871353,0.02035580575466156,0.012740833684802055,0.01218914333730936,0.011971617117524147,0.012861720286309719,0.010870994068682194,0.011935167945921421,0.012800953350961208,0.01141326129436493,0.011595821008086205,0.011964221484959126,0.013903429731726646,0.016521137207746506
lapgyn4_surgical_actions,0.005484687630087137,0.0,0.004626563284546137,0.005011837929487228,0.01104438304901123,0.01288514118641615,0.021387068554759026,0.009862271137535572,0.00895910244435072,0.01895288936793804,0.00833270512521267,0.007893961854279041,0.009846394881606102,0.009648196399211884,0.024452297016978264,0.024844087660312653,0.00804892461746931,0.007796057499945164,0.009063581004738808,0.007742125075310469,0.005951869301497936,0.005834443960338831,0.005817161872982979,0.005802403669804335,0.005879147443920374,0.0059282369911670685,0.005849867127835751,0.010611972771584988,0.009278427809476852,0.010509815067052841,0.015970943495631218,0.013232405297458172,0.015498694032430649,0.010551138781011105,0.010445239953696728,0.011124929413199425,0.010615600273013115,0.010787509381771088,0.010506965219974518,0.010521147400140762,0.011348042637109756,0.010921315290033817,0.010977945290505886,0.010528617538511753,0.010788099840283394,0.011270410381257534,0.013593023642897606,0.011848713271319866,0.013331242837011814,0.012981550768017769,0.01982414536178112,0.01385305542498827,0.011069993488490582,0.01965903490781784,0.019107459113001823,0.019221819937229156,0.01949954219162464,0.011883547529578209,0.011855226941406727,0.01188747864216566,0.016136234626173973,0.028541432693600655,0.011709427461028099,0.010246682912111282,0.011280353181064129,0.011800927110016346,0.01051528099924326,0.010809116065502167,0.011432670056819916,0.013713154010474682,0.016163788735866547,0.005641486961394548,,0.004636583384126425,0.00498188566416502,0.021127494052052498,0.0098995640873909,0.018319610506296158,0.009915783070027828,0.024571163579821587,0.007960437797009945,0.007796958554536104,0.009156864136457443,0.007818796671926975,0.005860142409801483,0.005918988958001137,0.0059782820753753185,0.005939868278801441,0.005866147577762604,0.00582708977162838,0.005974155385047197,0.009317212738096714,0.01595618575811386,0.015521025285124779,0.01074820477515459,0.010723310522735119,0.011244394816458225,0.010586920194327831,0.01117886882275343,0.010392267256975174,0.010423113591969013,0.011118941009044647,0.011166701093316078,0.010784439742565155,0.010468185879290104,0.010788606479763985,0.01144507434219122,0.0135361198335886,0.013542226515710354,0.012869440019130707,0.019350966438651085,0.0194576196372509,0.019149845466017723,0.01971600390970707,0.019977925345301628,0.01207722071558237,0.011636767536401749,0.011426245793700218,0.011889113113284111,0.010175474919378757,0.011219698935747147,0.01188254076987505,0.010489970445632935,0.010750946588814259,0.011119573377072811,0.013429113663733006,0.01605542190372944
lapgyn4_instrument_count,0.0055010877549648285,0.004626563284546137,0.0,0.0048362030647695065,0.010603166185319424,0.01272126380354166,0.021051868796348572,0.00968078337609768,0.008722718805074692,0.018668869510293007,0.00810297392308712,0.0076751550659537315,0.009644847363233566,0.009435487911105156,0.024135451763868332,0.02451365999877453,0.007750737946480513,0.007464068476110697,0.008975398726761341,0.00785145815461874,0.005502342712134123,0.00543371494859457,0.005425048526376486,0.005371944513171911,0.005460573360323906,0.005488466005772352,0.005407447461038828,0.010337797924876213,0.009393810294568539,0.01046876423060894,0.015592637471854687,0.012817722745239735,0.015369980596005917,0.010445892810821533,0.010394895449280739,0.01110451016575098,0.01053233165293932,0.010758730582892895,0.010420972481369972,0.010433511808514595,0.011323442682623863,0.01088778581470251,0.010932753793895245,0.010441982187330723,0.010715876705944538,0.011256137862801552,0.013454051688313484,0.011568762362003326,0.013210983946919441,0.012693112716078758,0.019384706392884254,0.013837136328220367,0.010990548878908157,0.019219698384404182,0.01866682432591915,0.018775859847664833,0.019059257581830025,0.011537677608430386,0.01156183797866106,0.011590566486120224,0.016081271693110466,0.02816700004041195,0.011550228111445904,0.010040175169706345,0.010948832146823406,0.011736259795725346,0.010283996351063251,0.010614335536956787,0.011191689409315586,0.013552338816225529,0.01577780768275261,0.005625263787806034,0.00476079573854804,,0.004853593185544014,0.02079913578927517,0.00972363818436861,0.018042195588350296,0.009717992506921291,0.02425488643348217,0.007661326322704554,0.007477615028619766,0.009095215238630772,0.007923114113509655,0.005454562604427338,0.005474690813571215,0.005543909035623074,0.005521236453205347,0.005447426810860634,0.00535954674705863,0.005534955766052008,0.009463165886700153,0.015578405000269413,0.01538855955004692,0.010664931498467922,0.0106822419911623,0.01123087853193283,0.01049346849322319,0.011156372725963593,0.010312734171748161,0.01034857053309679,0.01109377108514309,0.011160677298903465,0.0107546616345644,0.010347013361752033,0.010725492611527443,0.011435797438025475,0.01340162567794323,0.01342387218028307,0.012574219144880772,0.018913330510258675,0.01901230216026306,0.018704503774642944,0.01927824690937996,0.019537854939699173,0.011733406223356724,0.011343158781528473,0.011141452006995678,0.011724980548024178,0.009963847696781158,0.01089506596326828,0.011819089762866497,0.010247851721942425,0.010558447800576687,0.01087264809757471,0.013281773775815964,0.015670429915189743
lapgyn4_anatomical_actions,0.006872737314552069,0.005011837929487228,0.0048362030647695065,0.0,0.012071514502167702,0.014113490469753742,0.022324223071336746,0.011191708967089653,0.00979613047093153,0.01982842944562435,0.009175820276141167,0.008723617531359196,0.010737411677837372,0.010555489920079708,0.025294281542301178,0.025687972083687782,0.009504422545433044,0.009214636869728565,0.010504119098186493,0.009249875321984291,0.006826944183558226,0.0067032924853265285,0.006678550969809294,0.006603528279811144,0.006766701582819223,0.006785204168409109,0.00669661071151495,0.011705677956342697,0.010438221506774426,0.011774465441703796,0.017048202455043793,0.014271811582148075,0.016580499708652496,0.011701809242367744,0.01161671057343483,0.012293826788663864,0.01177728921175003,0.0119538065046072,0.01165701262652874,0.011685349978506565,0.012515724636614323,0.012075429782271385,0.01214163564145565,0.011683810502290726,0.011930805630981922,0.0124276177957654,0.014640572480857372,0.012969709932804108,0.014391093514859676,0.014163704589009285,0.020802753046154976,0.01493113487958908,0.012184904888272285,0.02064066380262375,0.020085344091057777,0.020207030698657036,0.020478859543800354,0.012902726419270039,0.012935012578964233,0.01297618355602026,0.01726066879928112,0.02946007065474987,0.012632465921342373,0.011299308389425278,0.012190124951303005,0.01278451643884182,0.01138838566839695,0.011687814258038998,0.01236078329384327,0.014730555936694145,0.017145078629255295,0.007030942477285862,0.00516517786309123,0.004755777306854725,,0.022056186571717262,0.011240405961871147,0.019199004396796227,0.010801066644489765,0.025410477072000504,0.009410259313881397,0.009208223782479763,0.010613271035254002,0.009323853068053722,0.006769229657948017,0.006814993917942047,0.006847450975328684,0.006812748033553362,0.006720746401697397,0.0066526103764772415,0.006862664595246315,0.010499007999897003,0.017038622871041298,0.01659882813692093,0.011906308121979237,0.011897241696715355,0.012416224926710129,0.011744632385671139,0.012348105199635029,0.011553765274584293,0.011587459594011307,0.012288195081055164,0.012325083836913109,0.011950606480240822,0.011631528846919537,0.011946693062782288,0.012593032792210579,0.014586642384529114,0.014607242308557034,0.014062629081308842,0.02033267728984356,0.020444413647055626,0.020132074132561684,0.020690562203526497,0.02096218429505825,0.013083703815937042,0.012716968543827534,0.012520382180809975,0.012801486998796463,0.011223046109080315,0.01213004533201456,0.012867480516433716,0.01136623416095972,0.011637406423687935,0.012035015039145947,0.01446235179901123,0.017046455293893814
sklin2_skin_lesions,0.011102695018053055,0.01104438304901123,0.010603166185319424,0.012071514502167702,0.0,0.013895729556679726,0.020791515707969666,0.01178994495421648,0.00976380705833435,0.018878864124417305,0.009195148944854736,0.008790447376668453,0.010598906315863132,0.010287458077073097,0.024362515658140182,0.024612637236714363,0.0094355009496212,0.009684708900749683,0.011497383005917072,0.010806065984070301,0.010318630374968052,0.010537390597164631,0.010440956801176071,0.010473765432834625,0.010416841134428978,0.010389283299446106,0.010350092314183712,0.0072773294523358345,0.011485571973025799,0.010294207371771336,0.01547260768711567,0.010574480518698692,0.015557648614048958,0.011891648173332214,0.011907778680324554,0.012643433175981045,0.012014796957373619,0.01224534958600998,0.011899327859282494,0.01188607793301344,0.012830911204218864,0.012483054772019386,0.012434601783752441,0.011849109083414078,0.012261588126420975,0.01279256772249937,0.015234742313623428,0.007727067451924086,0.015021615661680698,0.009379093535244465,0.0179221723228693,0.01585954613983631,0.012024059891700745,0.01784583181142807,0.017276441678404808,0.017386052757501602,0.0176811832934618,0.011723363772034645,0.011509465053677559,0.011502958834171295,0.015924233943223953,0.027314890176057816,0.013155189342796803,0.011590712703764439,0.012406181544065475,0.013712097890675068,0.011966696940362453,0.01228890661150217,0.012515119276940823,0.013887790963053703,0.014230657368898392,0.01124928891658783,0.011093249544501305,0.010830746032297611,0.011891919188201427,0.020568041130900383,0.011849344708025455,0.01828080043196678,0.010716073215007782,0.024498524144291878,0.009380193427205086,0.009659269824624062,0.01158079318702221,0.010901321657001972,0.010443348437547684,0.010423845611512661,0.010605906136333942,0.01045924611389637,0.010499452240765095,0.010374716483056545,0.010375887155532837,0.01166571769863367,0.015442109666764736,0.015587955713272095,0.012142537161707878,0.012273445725440979,0.012797077186405659,0.011969637125730515,0.012674957513809204,0.01174688246101141,0.011828083544969559,0.012609748169779778,0.012754390947520733,0.012275785207748413,0.011679532937705517,0.012282676994800568,0.012990083545446396,0.01519585307687521,0.01526453997939825,0.009373592212796211,0.017530683428049088,0.01755659282207489,0.017265038564801216,0.017869820818305016,0.018139149993658066,0.011950246058404446,0.011334491893649101,0.011168180033564568,0.013324507512152195,0.01149989478290081,0.012352637946605682,0.01381292287260294,0.01193506084382534,0.012216235511004925,0.012213964015245438,0.01365742739289999,0.014116693288087845
identify_nbi_infframes,0.012927673757076263,0.01288514118641615,0.01272126380354166,0.014113490469753742,0.013895729556679726,0.0,0.020282812416553497,0.014901507645845413,0.01213120948523283,0.01951749622821808,0.01166277565062046,0.011341632343828678,0.01293823029845953,0.012516855262219906,0.02552679367363453,0.025652125477790833,0.012444013729691505,0.01245928555727005,0.014101611450314522,0.013073541224002838,0.012637130916118622,0.012871637009084225,0.01273875031620264,0.012781256809830666,0.012630516663193703,0.0127441780641675,0.012714527547359467,0.012862187810242176,0.013593586161732674,0.012835470959544182,0.01704094186425209,0.015523462556302547,0.018534507602453232,0.014381974935531616,0.01413817796856165,0.014734786935150623,0.01448547188192606,0.014401997439563274,0.014345880597829819,0.01433174405246973,0.014893753454089165,0.014723869040608406,0.014632263220846653,0.014376739971339703,0.014450163580477238,0.0148391705006361,0.0174896027892828,0.013948214240372181,0.01732695661485195,0.014145085588097572,0.02227173000574112,0.018580472096800804,0.015126297250390053,0.02210787497460842,0.021574774757027626,0.02163960598409176,0.021940210834145546,0.016139425337314606,0.016038009896874428,0.016001736745238304,0.01718371920287609,0.031038187444210052,0.015529201366007328,0.014123637229204178,0.014624702744185925,0.01624903455376625,0.014260831288993359,0.01445587258785963,0.015012159943580627,0.01678759790956974,0.019196169450879097,0.012986479327082634,0.01287174317985773,0.012921767309308052,0.01399951335042715,0.020115282386541367,0.014959360472857952,0.019082486629486084,0.01309138908982277,0.025674212723970413,0.012315977364778519,0.012368883937597275,0.014219701290130615,0.013196916319429874,0.012769958935678005,0.012672008946537971,0.012975484132766724,0.012847849167883396,0.012763026170432568,0.012700505554676056,0.012690997682511806,0.013823825865983963,0.016993707045912743,0.01857583597302437,0.01455307099968195,0.014458238147199154,0.014927697367966175,0.014547979459166527,0.014733070507645607,0.01419856771826744,0.014307229779660702,0.014684349298477173,0.014931660145521164,0.014538048766553402,0.01428947877138853,0.014526654034852982,0.014987917616963387,0.01744181290268898,0.017539488151669502,0.014078148640692234,0.021812960505485535,0.02190443128347397,0.021597081795334816,0.022180328145623207,0.02243523858487606,0.016435371711850166,0.015811869874596596,0.015591790899634361,0.01562111172825098,0.013992785476148129,0.014599357731640339,0.016406020149588585,0.014213199727237225,0.014324165880680084,0.01474866084754467,0.016626933589577675,0.01904207468032837
laryngeal_tissues,0.021660011261701584,0.021387068554759026,0.021051868796348572,0.022324223071336746,0.020791515707969666,0.020282812416553497,0.0,0.022720761597156525,0.01808209717273712,0.019125379621982574,0.01737639494240284,0.017369132488965988,0.016658319160342216,0.015925757586956024,0.02882746048271656,0.029002757743000984,0.021058274433016777,0.021018022671341896,0.022236132994294167,0.021567929536104202,0.021368244662880898,0.02158624678850174,0.021417707204818726,0.021487977355718613,0.021410204470157623,0.021458929404616356,0.02140594832599163,0.01944122649729252,0.021408915519714355,0.020528355613350868,0.02313600853085518,0.022039929404854774,0.025517109781503677,0.022533198818564415,0.02234468050301075,0.02290068380534649,0.02264000102877617,0.02253132313489914,0.022492049261927605,0.02251034788787365,0.023024816066026688,0.022849958389997482,0.022798940539360046,0.022550301626324654,0.022591250017285347,0.022945940494537354,0.025184907019138336,0.021267883479595184,0.02503407560288906,0.020089726895093918,0.02942766062915325,0.026476271450519562,0.02246842160820961,0.029267597943544388,0.0287378691136837,0.02881576120853424,0.02910785749554634,0.022995108738541603,0.022836068645119667,0.02281145192682743,0.024148179218173027,0.03801941126585007,0.022601287811994553,0.02187073789536953,0.022262070327997208,0.023650210350751877,0.021635405719280243,0.021750768646597862,0.022227855399250984,0.02377626672387123,0.02652355469763279,0.02178773283958435,0.02163337916135788,0.021244652569293976,0.022166786715388298,,0.02278556115925312,0.01903923787176609,0.01681172288954258,0.0289462897926569,0.020949581637978554,0.020904874429106712,0.022327648475766182,0.02167302742600441,0.021474046632647514,0.02145756222307682,0.021692676469683647,0.021525388583540916,0.021480675786733627,0.021366439759731293,0.021408753469586372,0.02173556573688984,0.02316316030919552,0.02555355802178383,0.022698989138007164,0.022655585780739784,0.023052619770169258,0.022687692195177078,0.022881878539919853,0.022366588935256004,0.02244485169649124,0.02282177470624447,0.023032356053590775,0.0226802546530962,0.022509625181555748,0.022664863616228104,0.02311856672167778,0.025149568915367126,0.025283267721533775,0.020093536004424095,0.028991827741265297,0.029071571305394173,0.028774704784154892,0.029324954375624657,0.029589388519525528,0.023272724822163582,0.022618621587753296,0.022455792874097824,0.022696031257510185,0.021766720339655876,0.02219396084547043,0.02378133498132229,0.02159811183810234,0.021652990952134132,0.021992208436131477,0.023615514859557152,0.026382653042674065
nerthus_bowel_cleansing_quality,0.010121416300535202,0.009862271137535572,0.00968078337609768,0.011191708967089653,0.01178994495421648,0.014901507645845413,0.022720761597156525,0.0,0.010603460483253002,0.019784383475780487,0.00957922637462616,0.00916317943483591,0.0110462736338377,0.010728709399700165,0.025266138836741447,0.025633590295910835,0.007589054759591818,0.006912961136549711,0.005457465536892414,0.006926694884896278,0.008709757588803768,0.00875915214419365,0.008675968274474144,0.008788596838712692,0.008742904290556908,0.008767812512814999,0.008711001835763454,0.011426636949181557,0.00915040448307991,0.011900462210178375,0.01703030802309513,0.014662633650004864,0.01569988578557968,0.01152753084897995,0.011279288679361343,0.011997712776064873,0.011590438894927502,0.011598422192037106,0.011490908451378345,0.011410638689994812,0.01222494337707758,0.01187747623771429,0.01188735943287611,0.011467673815786839,0.011839702725410461,0.012134330347180367,0.01503084134310484,0.012583422474563122,0.0147557919844985,0.014043394476175308,0.019891846925020218,0.015375342220067978,0.01135613489896059,0.019701672717928886,0.01915181614458561,0.01923825964331627,0.019545024260878563,0.010572756640613079,0.010536753572523594,0.01047330442816019,0.017375677824020386,0.028841054067015648,0.01272515207529068,0.010505479760468006,0.011431031860411167,0.012907112948596478,0.011287108063697815,0.011382870376110077,0.011847428046166897,0.015670107677578926,0.016060151159763336,0.010323158465325832,0.010188216343522072,0.009797013364732265,0.01100932341068983,0.022446630522608757,,0.019114626571536064,0.011066686362028122,0.02540474943816662,0.0075073097832500935,0.006931670010089874,0.005540462676435709,0.006869203876703978,0.008771659806370735,0.008794075809419155,0.008847025223076344,0.008727619424462318,0.008765432983636856,0.008753282949328423,0.008703988045454025,0.009138816967606544,0.017019445076584816,0.01580851525068283,0.011761514469981194,0.011651678010821342,0.012126163579523563,0.01154134701937437,0.01202045101672411,0.011317037045955658,0.01136772334575653,0.01197922695428133,0.01219740230590105,0.01172124408185482,0.01137008797377348,0.011813453398644924,0.012299769558012486,0.01498364843428135,0.014996080659329891,0.01397418137639761,0.019395191222429276,0.01947762258350849,0.019192881882190704,0.01974800042808056,0.020008718594908714,0.010737467557191849,0.01034567691385746,0.010103700682520866,0.012933744117617607,0.010437932796776295,0.0114044900983572,0.012982417829334736,0.011240706779062748,0.011332866735756397,0.011545260436832905,0.015392103232443333,0.01592850871384144
stanford_dogs_image_categorization,0.009551914408802986,0.00895910244435072,0.008722718805074692,0.00979613047093153,0.00976380705833435,0.01213120948523283,0.01808209717273712,0.010603460483253002,0.0,0.015768522396683693,0.0056310067884624004,0.0053721885196864605,0.006759913172572851,0.006853506900370121,0.021407630294561386,0.021763332188129425,0.009112002328038216,0.009118110872805119,0.01019660197198391,0.009157738648355007,0.009097766131162643,0.009226140566170216,0.009096995927393436,0.009175176732242107,0.009153379127383232,0.0091608427464962,0.009112817235291004,0.009320013225078583,0.00979321077466011,0.008913777768611908,0.013731659390032291,0.011529123410582542,0.013637998141348362,0.010328853502869606,0.010161837562918663,0.01076954510062933,0.01042186189442873,0.010432095266878605,0.010280318558216095,0.010302587412297726,0.010959523729979992,0.010636560618877411,0.01067440677434206,0.010346643626689911,0.010483325459063053,0.01085696555674076,0.01295520644634962,0.010488915257155895,0.01275847852230072,0.011361457407474518,0.01786823943257332,0.013744796626269817,0.009995177388191223,0.017702938988804817,0.01716110296547413,0.017267348244786263,0.017538750544190407,0.011129913851618767,0.010887649841606617,0.01090116985142231,0.013998687267303467,0.026256363838911057,0.010498671792447567,0.009665721096098423,0.010096787475049496,0.01139835175126791,0.009344125166535378,0.009776564314961433,0.010129927657544613,0.012139301747083664,0.014507700689136982,0.009693928062915802,0.009134258143603802,0.00886641163378954,0.009613193571567535,0.017818797379732132,0.010652530938386917,0.015160216949880123,0.00691105704754591,0.021532313898205757,0.00900909211486578,0.009045962244272232,0.010292970575392246,0.009236730635166168,0.0091770114377141,0.009193865582346916,0.009345646016299725,0.009156935848295689,0.00922616571187973,0.00905854906886816,0.009136146865785122,0.010008320212364197,0.013717166148126125,0.01366194523870945,0.010504662059247494,0.010452392511069775,0.010904869996011257,0.010423795320093632,0.01080899965018034,0.010192465037107468,0.010214719921350479,0.010738522745668888,0.010863428004086018,0.010516587644815445,0.010313521139323711,0.010531703010201454,0.011040687561035156,0.012900395318865776,0.012996027246117592,0.011314012110233307,0.017411721870303154,0.01752043329179287,0.01720736362040043,0.017749758437275887,0.01802431046962738,0.01136807445436716,0.010686500929296017,0.010503936558961868,0.01064164936542511,0.009576416574418545,0.01001483853906393,0.011533660814166069,0.00931511353701353,0.009697492234408855,0.009867730550467968,0.011946787126362324,0.014404390938580036
svhn,0.01953837461769581,0.01895288936793804,0.018668869510293007,0.01982842944562435,0.018878864124417305,0.01951749622821808,0.019125379621982574,0.019784383475780487,0.015768522396683693,0.0,0.014899727888405323,0.014628555625677109,0.01226972695440054,0.011471697129309177,0.02218838967382908,0.022529367357492447,0.01854601688683033,0.01850300282239914,0.019447216764092445,0.01860077679157257,0.018695350736379623,0.018879441544413567,0.018699880689382553,0.01878633163869381,0.018724149093031883,0.018757205456495285,0.01869930885732174,0.018130499869585037,0.018701406195759773,0.018263015896081924,0.020902402698993683,0.021023429930210114,0.02266714908182621,0.01949872262775898,0.01929541863501072,0.01988176628947258,0.019603094086050987,0.019521629437804222,0.01945851556956768,0.019467763602733612,0.020018046721816063,0.019783899188041687,0.019778862595558167,0.019504861906170845,0.019541777670383453,0.01992694102227688,0.022102022543549538,0.01948605477809906,0.0219352338463068,0.019744133576750755,0.026942947879433632,0.02334119938313961,0.019128041341900826,0.026786187663674355,0.02623732201755047,0.026328008621931076,0.026613151654601097,0.0202131737023592,0.019987113773822784,0.019976241514086723,0.022523222491145134,0.03542765602469444,0.019064247608184814,0.018624667078256607,0.018821820616722107,0.020254261791706085,0.018113646656274796,0.017993144690990448,0.01870296522974968,0.021856030449271202,0.023828357458114624,0.019709525629878044,0.01905728504061699,0.01883787289261818,0.019656803458929062,0.018697142601013184,0.019833389669656754,,0.012267706915736198,0.02232297509908676,0.018436530604958534,0.018393883481621742,0.019548220559954643,0.018713992089033127,0.018794452771544456,0.018769796937704086,0.018965182825922966,0.018794363364577293,0.01879335194826126,0.018702473491430283,0.018708935007452965,0.018975606188178062,0.020903240889310837,0.02271931990981102,0.01967180334031582,0.019618744030594826,0.019995206966996193,0.019632745534181595,0.019873179495334625,0.019344696775078773,0.01939874142408371,0.019811278209090233,0.019992761313915253,0.01965237781405449,0.019485406577587128,0.019634390249848366,0.020096855238080025,0.022072676569223404,0.022171808406710625,0.019743259996175766,0.026493806391954422,0.02658180333673954,0.026287825778126717,0.026826348155736923,0.027092603966593742,0.02047242596745491,0.019756214693188667,0.019619764760136604,0.019172968342900276,0.018521327525377274,0.01875048503279686,0.02037467248737812,0.018087273463606834,0.017920484766364098,0.018487799912691116,0.0216908548027277,0.02369758114218712
caltech101_object_classification,0.00900318380445242,0.00833270512521267,0.00810297392308712,0.009175820276141167,0.009195148944854736,0.01166277565062046,0.01737639494240284,0.00957922637462616,0.0056310067884624004,0.014899727888405323,0.0,0.004478893708437681,0.006366211920976639,0.006211998872458935,0.019969481974840164,0.020436199381947517,0.008435378782451153,0.008284329436719418,0.009267361834645271,0.008290734142065048,0.008344667963683605,0.008465575985610485,0.008329988457262516,0.008398153819143772,0.008390448987483978,0.00839255377650261,0.008336708880960941,0.00871939118951559,0.008687330409884453,0.008629524149000645,0.012654676102101803,0.011285707354545593,0.012747558765113354,0.009688260033726692,0.009547505527734756,0.010165932588279247,0.009772549383342266,0.009809914976358414,0.009638851508498192,0.009664429351687431,0.010336802341043949,0.010001950897276402,0.010044506751000881,0.009693989530205727,0.009846430271863937,0.010236863046884537,0.01235966756939888,0.01001791749149561,0.012141375802457333,0.010724992491304874,0.016967816278338432,0.013089029118418694,0.008975902572274208,0.01680597849190235,0.01626608707010746,0.016370343044400215,0.016646893694996834,0.009937762282788754,0.009768744930624962,0.009769691154360771,0.013420711271464825,0.02543972246348858,0.009593099355697632,0.008755527436733246,0.009096856229007244,0.010346336290240288,0.008354655466973782,0.008599409833550453,0.00912182405591011,0.011495799757540226,0.013673804700374603,0.009161270223557949,0.008577504195272923,0.008261286653578281,0.009000981226563454,0.017113741487264633,0.009637048467993736,0.01428148616105318,0.0064391824416816235,0.020090816542506218,0.00831835437566042,0.008202120661735535,0.009361494332551956,0.008380269631743431,0.008433274924755096,0.008426720276474953,0.008588017895817757,0.008400855585932732,0.008450931869447231,0.008324998430907726,0.008377524092793465,0.008925058878958225,0.012656846083700657,0.01278744824230671,0.009873413480818272,0.00984256248921156,0.010289936326444149,0.009770060889422894,0.010199754498898983,0.009541592560708523,0.00957213994115591,0.010128481313586235,0.01022939383983612,0.00988639798015356,0.009668217040598392,0.009908470325171947,0.01040982361882925,0.012301015667617321,0.012385786511003971,0.01068813819438219,0.016517309471964836,0.016612447798252106,0.016312360763549805,0.016857720911502838,0.017123568803071976,0.010172517970204353,0.009572130627930164,0.00939958356320858,0.0097355293110013,0.008639669977128506,0.00901148933917284,0.010440177284181118,0.008323040790855885,0.008549176156520844,0.008850625716149807,0.011295154690742493,0.013574295677244663
caltech256_object_classification,0.008629901334643364,0.007893961854279041,0.0076751550659537315,0.008723617531359196,0.008790447376668453,0.011341632343828678,0.017369132488965988,0.00916317943483591,0.0053721885196864605,0.014628555625677109,0.004478893708437681,0.0,0.006117925979197025,0.005942561198025942,0.019875312224030495,0.020310793071985245,0.00800066813826561,0.007877171970903873,0.008901172317564487,0.007812452502548695,0.007831933908164501,0.007947876118123531,0.007811868097633123,0.007885099388659,0.007883002981543541,0.007870733737945557,0.007820774801075459,0.008372378535568714,0.008228655904531479,0.00829082541167736,0.012493073008954525,0.010945575311779976,0.012294651940464973,0.009184755384922028,0.00905908364802599,0.009691448882222176,0.00928405486047268,0.009334955364465714,0.009144165553152561,0.009172230027616024,0.009873013943433762,0.009518607519567013,0.009568190202116966,0.009196080267429352,0.009374240413308144,0.009773480705916882,0.011846917681396008,0.009621766395866871,0.011631905101239681,0.010433916933834553,0.016423357650637627,0.012617302127182484,0.008505554869771004,0.01625729724764824,0.015716608613729477,0.01581677608191967,0.016095999628305435,0.009530941024422646,0.00935025792568922,0.009363936260342598,0.013067403808236122,0.02485523372888565,0.009037402458488941,0.008230132982134819,0.008583040907979012,0.00986065436154604,0.007799684535712004,0.008072019554674625,0.008582847192883492,0.01117708720266819,0.013124486431479454,0.008795109577476978,0.008081448264420033,0.007825733162462711,0.008543497882783413,0.01708907075226307,0.009222623892128468,0.014005275443196297,0.00617243954911828,0.020000426098704338,0.00789678655564785,0.007799118757247925,0.008987187407910824,0.007902635261416435,0.007915041409432888,0.007916471920907497,0.008061191998422146,0.007881497964262962,0.00794502068310976,0.007816283963620663,0.00785426888614893,0.00846014078706503,0.012489845976233482,0.012326422147452831,0.009378550574183464,0.009357128292322159,0.009814314544200897,0.009272060357034206,0.009729783050715923,0.009042948484420776,0.00907229259610176,0.009657775051891804,0.009752089157700539,0.009402631781995296,0.009170508943498135,0.009431140497326851,0.009951398707926273,0.011792512610554695,0.0118710333481431,0.010400992818176746,0.01596740074455738,0.016064483672380447,0.015764564275741577,0.0163069237023592,0.01657460629940033,0.009756043553352356,0.00915796123445034,0.008981510065495968,0.009181558154523373,0.008124209009110928,0.008504392579197884,0.009957211092114449,0.007768841460347176,0.008021591231226921,0.00830709096044302,0.010972992517054081,0.013030431233346462
cifar10_object_classification,0.010521735064685345,0.009846394881606102,0.009644847363233566,0.010737411677837372,0.010598906315863132,0.01293823029845953,0.016658319160342216,0.0110462736338377,0.006759913172572851,0.01226972695440054,0.006366211920976639,0.006117925979197025,0.0,0.00447314465418458,0.019251950085163116,0.019729431718587875,0.009888513013720512,0.0098155178129673,0.010779652744531631,0.009687351994216442,0.00977159570902586,0.00990007072687149,0.009747106581926346,0.009848196990787983,0.009825451299548149,0.009826576337218285,0.0097620515152812,0.010076252743601799,0.010285919532179832,0.00975429080426693,0.013886258006095886,0.012685189954936504,0.014605209231376648,0.011001796461641788,0.010835031047463417,0.011470546014606953,0.011095752008259296,0.011105827987194061,0.010959052480757236,0.010978886857628822,0.011648636311292648,0.011315010488033295,0.011357498355209827,0.011007310822606087,0.011171228252351284,0.011565622873604298,0.013834433630108833,0.011326119303703308,0.013616410084068775,0.012312529608607292,0.018762344494462013,0.014560110867023468,0.010533451102674007,0.018597517162561417,0.018046023324131966,0.01814841851592064,0.018427658826112747,0.01169418916106224,0.011506212875247002,0.011517607606947422,0.014567160047590733,0.02721850760281086,0.011241404339671135,0.010365507565438747,0.01088936161249876,0.011956681497395039,0.010111517272889614,0.010338418185710907,0.010847560130059719,0.013150656595826149,0.015378683805465698,0.01069427840411663,0.010031793266534805,0.009776036255061626,0.010530517436563969,0.016355684027075768,0.011097966693341732,0.011646751314401627,,0.019333984702825546,0.00978392455726862,0.00973661057651043,0.01087581180036068,0.009783239103853703,0.009854312054812908,0.009871085174381733,0.010008538141846657,0.00981950107961893,0.009884909726679325,0.00974984560161829,0.009799049235880375,0.010493466630578041,0.013878199271857738,0.014642695896327496,0.01118672639131546,0.011143453419208527,0.011587929911911488,0.011090046726167202,0.0114973783493042,0.010849181562662125,0.01088002696633339,0.011433710344135761,0.0115572614595294,0.011205384507775307,0.010981742292642593,0.011205704882740974,0.011734595522284508,0.013787687756121159,0.013857134617865086,0.012260249815881252,0.018298767507076263,0.018398817628622055,0.018092645332217216,0.018637467175722122,0.018912898376584053,0.01190328598022461,0.011277534067630768,0.011129896156489849,0.011394858360290527,0.010279309004545212,0.010809394530951977,0.012058976106345654,0.010076761245727539,0.010266407392919064,0.010584867559373379,0.012939853593707085,0.015270850621163845
