,lapgyn4_anatomical_structures,lapgyn4_surgical_actions,lapgyn4_instrument_count,lapgyn4_anatomical_actions,sklin2_skin_lesions,identify_nbi_infframes,laryngeal_tissues,nerthus_bowel_cleansing_quality,stanford_dogs_image_categorization,svhn,caltech101_object_classification,caltech256_object_classification,cifar10_object_classification,cifar100_object_classification,mnist_digit_classification,emnist_digit_classification,hyperkvasir_anatomical-landmarks,hyperkvasir_pathological-findings,hyperkvasir_quality-of-mucosal-views,hyperkvasir_therapeutic-interventions,cholec80_grasper_presence,cholec80_bipolar_presence,cholec80_hook_presence,cholec80_scissors_presence,cholec80_clipper_presence,cholec80_irrigator_presence,cholec80_specimenbag_presence,derm7pt_skin_lesions,idle_action_recognition,barretts_esophagus_diagnosis,brain_tumor_classification,mednode_melanoma_classification,brain_tumor_type_classification,chexpert_enlarged_cardiomediastinum,chexpert_cardiomegaly,chexpert_lung_opacity,chexpert_lung_lesion,chexpert_edema,chexpert_consolidation,chexpert_pneumonia,chexpert_atelectasis,chexpert_pneumothorax,chexpert_pleural_effusion,chexpert_pleural_other,chexpert_fracture,chexpert_support_devices,pneumonia_classification,ph2-melanocytic-lesions-classification,covid_xray_classification,isic20_melanoma_classification,deep_drid_dr_level,shenzen_chest_xray_tuberculosis,crawled_covid_ct_classification,deep_drid_quality,deep_drid_clarity,deep_drid_field,deep_drid_artifact,kvasir_capsule_anatomy,kvasir_capsule_content,kvasir_capsule_pathologies,breast_cancer_classification_v2,eye_condition_classification,mura_xr_wrist,mura_xr_shoulder,mura_xr_humerus,mura_xr_hand,mura_xr_forearm,mura_xr_finger,mura_xr_elbow,bean_plant_disease_classification,aptos19_blindness_detection,lapgyn4_anatomical_structures --shrink_train 800,lapgyn4_surgical_actions --shrink_train 800,lapgyn4_instrument_count --shrink_train 800,lapgyn4_anatomical_actions --shrink_train 800,laryngeal_tissues --shrink_train 800,nerthus_bowel_cleansing_quality --shrink_train 800,svhn --shrink_train 800,cifar10_object_classification --shrink_train 800,mnist_digit_classification --shrink_train 800,hyperkvasir_anatomical-landmarks --shrink_train 800,hyperkvasir_pathological-findings --shrink_train 800,hyperkvasir_quality-of-mucosal-views --shrink_train 800,hyperkvasir_therapeutic-interventions --shrink_train 800,cholec80_grasper_presence --shrink_train 800,cholec80_bipolar_presence --shrink_train 800,cholec80_hook_presence --shrink_train 800,cholec80_scissors_presence --shrink_train 800,cholec80_clipper_presence --shrink_train 800,cholec80_irrigator_presence --shrink_train 800,cholec80_specimenbag_presence --shrink_train 800,idle_action_recognition --shrink_train 800,brain_tumor_classification --shrink_train 800,brain_tumor_type_classification --shrink_train 800,chexpert_enlarged_cardiomediastinum --shrink_train 800,chexpert_cardiomegaly --shrink_train 800,chexpert_lung_opacity --shrink_train 800,chexpert_lung_lesion --shrink_train 800,chexpert_edema --shrink_train 800,chexpert_consolidation --shrink_train 800,chexpert_pneumonia --shrink_train 800,chexpert_atelectasis --shrink_train 800,chexpert_pneumothorax --shrink_train 800,chexpert_pleural_effusion --shrink_train 800,chexpert_pleural_other --shrink_train 800,chexpert_fracture --shrink_train 800,chexpert_support_devices --shrink_train 800,pneumonia_classification --shrink_train 800,covid_xray_classification --shrink_train 800,isic20_melanoma_classification --shrink_train 800,deep_drid_dr_level --shrink_train 800,deep_drid_quality --shrink_train 800,deep_drid_clarity --shrink_train 800,deep_drid_field --shrink_train 800,deep_drid_artifact --shrink_train 800,kvasir_capsule_anatomy --shrink_train 800,kvasir_capsule_content --shrink_train 800,kvasir_capsule_pathologies --shrink_train 800,mura_xr_wrist --shrink_train 800,mura_xr_shoulder --shrink_train 800,mura_xr_humerus --shrink_train 800,mura_xr_hand --shrink_train 800,mura_xr_forearm --shrink_train 800,mura_xr_finger --shrink_train 800,mura_xr_elbow --shrink_train 800,bean_plant_disease_classification --shrink_train 800,aptos19_blindness_detection --shrink_train 800
lapgyn4_anatomical_structures,0.0,0.0002665032999337318,0.00027722959227167526,0.0003387778943473729,0.0005538451928211901,0.0006943649428943885,0.0011069022187628636,0.0005081549094162688,0.0004752000382672281,0.000980257229564544,0.0004481795080742629,0.00043034472219830884,0.0005283500169748133,0.0005137517005119238,0.0012891253232597418,0.0012927276657698134,0.00038084679560695587,0.00036612864720714965,0.00045929967081238663,0.0004027644878314494,0.00032480525406896704,0.00032697015031262345,0.0003258000613924773,0.0003254954794903305,0.0003246767618619982,0.000325413605289019,0.0003246715668256514,0.0005442952061134945,0.0005122711604981461,0.0005487590420829344,0.0008129515372817117,0.0006540112698029129,0.0008218470896961304,0.0005579938856712237,0.0005632736659938759,0.0005842902417099125,0.0005555372109230488,0.0005892964866779594,0.000552018227747468,0.0005507788526312176,0.0005936087643826019,0.0005807113949269849,0.0005712948021344526,0.0005493913767304428,0.0005663297388469666,0.0006006305235797107,0.0007059910849068061,0.0005947136326058656,0.0007056744316176064,0.0006412492555299885,0.0010036975553980136,0.0007389268805003037,0.0005950056604285658,0.0010067090717021142,0.0010062405668364238,0.0010076137832438854,0.001011895200566609,0.0006316740056804104,0.000613686621200934,0.0006161205052228548,0.0008640427803967725,0.0014990301325718835,0.0006342863679052822,0.0005494127618722989,0.0006029801199188966,0.0006435691516219822,0.0005726437468802399,0.0005835255728134182,0.000607449229610806,0.0007085599736308181,0.0008401313369390647,0.0002012180955526327,0.0002856565530201097,0.0002774897028421394,0.0003425055745924843,0.0011021696229599957,0.0005090514380626874,0.0009716695173740756,0.0005335184128179011,0.0012972539688928088,0.0003808757384602475,0.00036551672837016304,0.000460964861716257,0.0004026090593361485,0.00032760351938875714,0.0003275671375078284,0.00032891008312033003,0.0003310053924876117,0.00033021060593042,0.00032448434644419,0.0003309230858734438,0.0005171573313263446,0.0008135107132143856,0.0008205499367905315,0.0005661105610640547,0.0005653362931443587,0.000584365752238533,0.0005602858580082427,0.0005896191253702943,0.0005557676162130338,0.0005498165139897178,0.000587709114077514,0.0005871470171869199,0.0005767316346035941,0.000548683474119268,0.0005663097158726031,0.0006035233824849495,0.0007089926054325112,0.0007079911668322908,0.0006457091134551878,0.0010067835221762435,0.0010092581598467277,0.0010092085360673413,0.001005356554080498,0.0010112471807828627,0.0006288417295722346,0.0006177148931648919,0.0006162926966538492,0.0006393727453633947,0.0005452179888893023,0.0006021168996180882,0.0006444368390455139,0.0005734610970409976,0.0005889740556747572,0.0006059496686130694,0.0007105627300619363,0.0008298993927000317
lapgyn4_surgical_actions,0.0002665032999337318,0.0,0.00022224447839239522,0.00024221291343460907,0.0005452531343978009,0.00069198658232642,0.0010893950647726607,0.0004877285643366471,0.00044077521514734413,0.0009475262269279648,0.0004108294816753829,0.00038945039334088363,0.0004897414553414313,0.0004781883390180284,0.0012533507604598434,0.001257497592089048,0.00039439701024312454,0.00038084819152786094,0.0004506080700477134,0.00038219347323863363,0.0002841340319577798,0.0002856772937170876,0.0002844006350796858,0.00028453287644014734,0.0002837336483880047,0.0002845415603614408,0.000283673279718307,0.0005273744305005597,0.0004641038945030434,0.0005313721942440454,0.0008035539290677689,0.0006519511804376252,0.0007872650547724093,0.0005264992389976013,0.000530714263658164,0.0005503358722728516,0.0005246922867813692,0.0005553627188001332,0.000520451244099491,0.0005195715587257312,0.0005605420968667217,0.0005472586043721719,0.0005381057749294494,0.0005182833037901484,0.0005359068758912849,0.00056607562976647,0.0006761441413821225,0.0005824240009651938,0.0006746373567856363,0.0006401927334359872,0.0009811980629914703,0.000700125648534917,0.0005512865279140196,0.0009840971146199827,0.0009835089712888893,0.0009845761058760619,0.000989031307467893,0.0005928662504674069,0.0005795519023925952,0.0005831202679031257,0.0008304128106220494,0.0014664399410270579,0.0005812828588068928,0.0005100248893934088,0.0005636094236297504,0.000592002771873597,0.0005218265095453201,0.0005354115372059266,0.0005596866874030406,0.0006822686895499384,0.0008126984292338001,0.00026859898127444526,0.00021703356179188842,0.00022228815763644915,0.00024393276419316565,0.0010845559742382934,0.0004890319000221302,0.0009387240490880964,0.0004950218297216318,0.0012614263199342251,0.00039651067217170874,0.00037943171495002475,0.00045143048088768076,0.00038317193190324275,0.00028669278163548633,0.0002867333459760744,0.00028707701441523875,0.00028945803415457867,0.0002864916174938628,0.00028421617448408246,0.000289568271536676,0.0004676638086390934,0.0008036585241836269,0.0007861699569181731,0.0005340318708172074,0.000532398177902272,0.0005502470400809826,0.0005288997301204841,0.0005562328122905165,0.0005242802934336649,0.0005192645314100356,0.0005542995973633754,0.0005531885470386075,0.0005437029165519969,0.0005175871790340037,0.000534965972263894,0.0005688309547446859,0.0006785362032313063,0.0006772498567304007,0.0006453250825301224,0.000984203794090622,0.0009866687651611896,0.0009864651644281254,0.0009824152767039093,0.0009886380637036342,0.0005901113773394537,0.0005832356413031285,0.0005828781533272635,0.0005864425329086629,0.0005055405378295104,0.0005618008595814691,0.000593189927976646,0.0005231671128563562,0.0005412928763501697,0.0005588045967088029,0.0006841720389641271,0.0008022795433533212
lapgyn4_instrument_count,0.00027722959227167526,0.00022224447839239522,0.0,0.00022972882142464158,0.0005247331799031347,0.0006839690752384728,0.0010727883674519641,0.00048223287544778927,0.0004292025101385922,0.000932768329812142,0.0003988593895423302,0.0003780510409848604,0.0004791180992877386,0.0004670877620792859,0.0012362131863272623,0.0012400835174757048,0.00038528853277582537,0.00037050856465187145,0.00045129058635390377,0.0003924389679640123,0.0002671811707498571,0.0002691211993236706,0.00026760094229419157,0.0002676468405283572,0.0002671628890878616,0.00026778981469655874,0.0002667283738675603,0.0005147243331425417,0.00047138060764483433,0.0005296086100816275,0.000784729681678584,0.0006332510776831577,0.0007801205301716272,0.0005247597709635946,0.000530712014369558,0.0005513286842917093,0.00052283836502532,0.0005564635312378587,0.0005190102987200773,0.0005179740947464584,0.0005612061007756066,0.0005476495987646872,0.0005380932293271315,0.0005159807725935236,0.0005348260318403207,0.0005674460807676564,0.0006709389862900603,0.0005704237365454446,0.0006703652057998363,0.0006285694774209864,0.0009581100554950774,0.0007014863017697252,0.0005476415117202875,0.0009609611100220689,0.0009604400374042819,0.0009616326908753581,0.0009659482830840265,0.0005768736020932912,0.0005661282758719487,0.0005698931991823001,0.0008262235197633563,0.0014459991759204062,0.0005727812327495082,0.0005011298960072392,0.0005482205171292732,0.0005891128162950654,0.0005102026302872845,0.000526430079155764,0.0005482286389998241,0.0006752846541083442,0.0007923605786518625,0.0002788531830274949,0.00023148387174753152,0.00020202164159782522,0.00023319231876801696,0.001067928570657346,0.0004837504516980439,0.0009241202679413317,0.0004842901903143324,0.001244174532555071,0.0003872821598631697,0.00036884473682423136,0.0004521347311966066,0.00039339881964918104,0.0002702693495131826,0.0002701027881375199,0.0002711807933271901,0.0002720835803938798,0.00026979071012029016,0.00026700907846483426,0.000271906392732801,0.000475574249161082,0.0007848980778774256,0.0007790551272884117,0.0005328791552472455,0.0005325683995116853,0.0005510198268437609,0.0005273912762244245,0.0005568997401755058,0.0005229047758406073,0.00051750212784014,0.0005549819894223015,0.0005542103537351657,0.0005438087035563528,0.0005151006513422148,0.0005343895420407958,0.0005702403650332489,0.000673773718473379,0.0006729567313374415,0.0006337620966172493,0.0009611354234447186,0.0009635493334708814,0.0009634180199681927,0.0009594659722464972,0.0009655228043301905,0.0005743887566464487,0.0005695032099462161,0.0005698969260735579,0.0005778769317040201,0.0004964842980025084,0.0005465257803406642,0.0005902997969556047,0.0005113794061338499,0.0005319970295131697,0.0005471587578570196,0.0006771827408161288,0.000782178237061628
lapgyn4_anatomical_actions,0.0003387778943473729,0.00024221291343460907,0.00022972882142464158,0.0,0.000591084340508145,0.0007470119701334089,0.0011287558039611925,0.0005517684072693585,0.00047518763554194363,0.000984058491949859,0.0004455287948621628,0.00042381478823430883,0.0005265943635757961,0.0005161210723960915,0.0012869640572765243,0.0012915717625209802,0.0004654696601693728,0.0004496267065262705,0.0005203198394687859,0.0004557604038722126,0.0003278997924147003,0.0003299120894295495,0.00032785722258638913,0.0003282662400290735,0.0003276953302089262,0.00032850442995051846,0.00032719671851924576,0.0005760784886599341,0.0005171083144343701,0.0005878248447293915,0.0008512759359167984,0.0006977375694674541,0.0008338000370753679,0.0005798954848907134,0.0005852064652474686,0.0006043941059337246,0.0005788599925845427,0.0006094494800569176,0.0005742855519850016,0.0005740259797970914,0.0006146601076229483,0.0006007809136398287,0.0005919665296525828,0.0005722647489761969,0.0005894205347020753,0.0006194534778467517,0.0007242029909756292,0.00063254850377065,0.0007231606841513911,0.0006936913008063104,0.0010239481779820406,0.0007486331004125828,0.0006007217646647415,0.0010268750226755702,0.0010262472101243555,0.001027183964423472,0.0010317451107128583,0.0006390686486139154,0.0006290214064474594,0.0006333569405646824,0.000879472696655526,0.0015047891765153426,0.0006208080947335784,0.0005582622712724352,0.0006038403914945577,0.0006356118299966172,0.0005595485893639119,0.0005738063215790117,0.0006000803347518083,0.0007258812950583943,0.0008552515461546124,0.00034058076516886804,0.0002534525584288811,0.00023093115324358595,0.00020173175724549558,0.0011238694623318228,0.0005532949104318962,0.0009754411359243764,0.0005319051687044063,0.001294852899364928,0.00046790058442944965,0.0004479939292261719,0.0005208301209736628,0.00045708824103844053,0.00033134561758823113,0.0003309252029590723,0.0003319401962713568,0.0003333672841753167,0.0003286443398604105,0.00032810608199246907,0.0003328235394536506,0.0005207435914345087,0.0008512849474509669,0.0008330531983871225,0.0005874769918224641,0.000586945045676988,0.0006042012413311551,0.0005831332813338479,0.0006101584438808158,0.0005782151935839187,0.0005736927996705461,0.0006084173772926611,0.0006066325603111353,0.0005976104656474624,0.0005717686153921193,0.0005883875893120304,0.0006223136049343622,0.0007268191948835958,0.000725727064080406,0.0006992665911443683,0.0010268546351954106,0.0010294877435707863,0.0010292373579204284,0.0010250222682469529,0.0010313756117565395,0.0006364381219216578,0.0006324479037086031,0.000632961985631704,0.0006258969929092373,0.0005532940046669305,0.0006017398339431224,0.000636914555651321,0.0005611070112954082,0.000579581232551288,0.0005991963843113526,0.0007277194491453829,0.0008450421179384699
sklin2_skin_lesions,0.0005538451928211901,0.0005452531343978009,0.0005247331799031347,0.000591084340508145,0.0,0.0007327642750955274,0.001057608889304136,0.0005834221033280143,0.00047974156289231506,0.0009408218172441412,0.00045016249113231704,0.00043174388459913814,0.0005254004223320782,0.0005064084318265519,0.001245314758950606,0.0012445525952468764,0.0004643364292170415,0.00047004485578280364,0.0005710902256171485,0.0005345222752253415,0.0005123572012994398,0.0005134952808460029,0.0005135158112108407,0.0005128851598470044,0.0005125982745582036,0.0005135837470296374,0.000512729693372892,0.00035948717850936926,0.0005726481918370532,0.0005149029292524663,0.0007749069986517747,0.0005146609573830152,0.0007879699226371441,0.0005949828367926911,0.000602424935658092,0.0006229794934043711,0.0005921553596338301,0.0006282346335293446,0.0005887898388579483,0.0005861076020568084,0.0006331784916985057,0.000621896437109516,0.0006084402906581466,0.0005808588612079103,0.0006078799478031531,0.0006393301056217092,0.0007548835606478263,0.00037770661989999544,0.000755893595665647,0.0004576048380853601,0.0008846387229096912,0.000797146654854292,0.0005955699860619272,0.0008881215388282677,0.000887660018701531,0.0008891578102126314,0.0008933947441311207,0.0005870148217927539,0.0005622553117022893,0.0005666899985066514,0.0008151334277369673,0.00140072545680192,0.0006497548685640191,0.0005730589192994193,0.000615903345335525,0.0006866607598972744,0.0005904359449817696,0.0006072592894778724,0.0006123406546453544,0.0006889194454888417,0.000711935657646912,0.0005548779898460628,0.0005479368143866785,0.0005318464960840969,0.0005923173204512693,0.0010529922434767043,0.0005839164197100963,0.0009325588790904812,0.0005304645293780587,0.001253570534688068,0.00046788824338145395,0.00046669029042077317,0.0005709575016308698,0.0005374974849967606,0.0005114985782775646,0.0005164577074717548,0.0005195084662905808,0.0005164633675896774,0.0005199478580717755,0.0005136711913715167,0.0005115629806993996,0.0005802290628302495,0.0007757809050150058,0.0007865383250499774,0.0006048693932442764,0.0006060681808124756,0.0006222696998855032,0.0005973980149884375,0.0006265163690718256,0.0005918040315499325,0.000584822192680803,0.0006270612598846559,0.0006285288065816579,0.0006145420711366848,0.0005799757407815258,0.0006096577167542264,0.0006429526364935536,0.0007581904573828916,0.000758134880796576,0.0004634469208025091,0.0008879406448342029,0.0008896840124495371,0.0008915110496576838,0.0008867699342663192,0.0008922247487158875,0.0005841570508508495,0.000564731504728551,0.0005672331660425624,0.0006548143200397727,0.0005684180809499679,0.0006156621968614548,0.0006876904995298374,0.0005908752762756218,0.0006119260953516284,0.0006099496338268842,0.0006900582520326944,0.0007019894086726687
identify_nbi_infframes,0.0006943649428943885,0.00069198658232642,0.0006839690752384728,0.0007470119701334089,0.0007327642750955274,0.0,0.001070086332908842,0.0007877527952966415,0.000644667726685402,0.0010149244106711865,0.0006198813122728853,0.0006042066399478033,0.0006881358740682006,0.000664340352629673,0.0013438643888228107,0.0013389923942989088,0.0006642807264489826,0.0006634777655895311,0.0007548465981032816,0.0007005918913947424,0.0006803278973579994,0.0006829458645953081,0.0006813727231773278,0.0006806259105858914,0.0006811951958672369,0.0006817728315058384,0.0006828821748046018,0.0006855954167331129,0.0007263531686775877,0.0006854219986955044,0.0008939763493246512,0.0008117260784461609,0.000982945374943795,0.0007661147187090913,0.000760972946977576,0.0007770519981493203,0.0007650632673260599,0.0007793891126379744,0.0007589391399434538,0.0007578487517331695,0.0007841047142388317,0.0007805610641473259,0.0007673203063337866,0.0007576363316543075,0.000766926211213543,0.0007889493844720498,0.0009144084092715495,0.0007349067722414109,0.0009186909586404047,0.00074392676429393,0.0011467158571098943,0.0009809933655525573,0.0007983369832938505,0.0011490842946838967,0.0011491864373900946,0.0011504316071193092,0.0011549661484516881,0.0008557911208832054,0.0008337430581535041,0.0008371742877667417,0.0009132513265488748,0.0016340857000827615,0.000814125785943955,0.0007457083739050294,0.000771885629754048,0.0008637432460699982,0.0007507124720784435,0.0007608914566673597,0.0007850474861752544,0.0008817240322998158,0.0010062331399123244,0.0006951616980999474,0.0006893777810259442,0.0006889106323328288,0.0007506192627238506,0.0010648895792647111,0.0007874785676634498,0.001011337636551983,0.0006928918677627258,0.0013511917605344996,0.0006651588532393982,0.000659652383208116,0.0007556969800109728,0.0007026389179819425,0.0006804628924475716,0.0006814223013567839,0.0006885479277375129,0.0006874021615123938,0.0006882287345395969,0.0006831608987149632,0.0006796628159846638,0.0007342454624521689,0.0008972699738190783,0.0009814835966345165,0.0007731790672807545,0.0007651150863531565,0.000777848444334273,0.0007729144285455962,0.000776904006132249,0.000760781206690212,0.0007564047704261832,0.0007792081546577451,0.000785841873304528,0.00077231138585175,0.0007591639968185247,0.0007683943792599792,0.0007935100493082983,0.0009183147520466376,0.0009207308131313423,0.0007490772524526957,0.0011493726495317843,0.001152392751870621,0.001151339605216121,0.0011480749192822113,0.0011545126383694256,0.0008539590837466734,0.0008363062542328278,0.000837019495624253,0.000819197585601942,0.0007420974918909248,0.0007730042965194804,0.0008640694950271866,0.0007517402019487946,0.0007636434032659733,0.0007828450235898106,0.0008834662585424003,0.0009966792369217265
laryngeal_tissues,0.0011069022187628636,0.0010893950647726607,0.0010727883674519641,0.0011287558039611925,0.001057608889304136,0.001070086332908842,0.0,0.001155692515492396,0.0009223214141142447,0.000971021876129373,0.0008844453535228106,0.0008854967761652902,0.0008520359464226864,0.0008139406262646753,0.0014837274515882822,0.0014815927360425551,0.0010727780232502014,0.001065100030056285,0.0011360706446115858,0.0011003620724412341,0.0010898216525844712,0.001092124420040382,0.00109077353711687,0.0010900104333890425,0.001090201878837373,0.0010911720138006174,0.0010915491172398908,0.000994657551938899,0.0010974578474688833,0.0010499001882391917,0.001179021277844465,0.0011168580147930885,0.0013097996504313398,0.001148302803673142,0.001147260025984197,0.0011605298928262734,0.0011490433461005328,0.0011634688387759265,0.0011426622398098166,0.0011422956045161114,0.0011683328302087908,0.0011633576791861325,0.0011511587354108453,0.0011429904665457601,0.0011499821111698241,0.0011713577830883397,0.0012765390372776152,0.001081503533678766,0.0012808817828097513,0.001023003632968871,0.0014851947979381414,0.0013505574295236246,0.0011414193770722583,0.0014880221540335729,0.0014876865825812367,0.0014886836274022673,0.0014935138608732595,0.001175508008804946,0.001151771551866444,0.001156583240000543,0.0012488744440159805,0.0019627643987524994,0.001145759130544767,0.0011120511361557644,0.001132645382519713,0.001209457451372728,0.0010980860133014997,0.0011035513337772414,0.0011250356002307197,0.0012107075436465354,0.0013518965297283866,0.0011079841964257758,0.0010999573800914819,0.0010792395380896593,0.001129983489758465,0.00020172766806312556,0.001155896863090092,0.0009760017560845806,0.0008538294875037024,0.0014899936003178714,0.0010751604203267987,0.0010632500085852059,0.0011363723591597571,0.001103229816015773,0.001088665968820252,0.0010931684435142566,0.001097461564431368,0.0010961273388377076,0.0010973741297893985,0.0010920414364816691,0.0010889332475242175,0.0011069194676521974,0.00118037050486439,0.0013091086507515828,0.0011560460869859276,0.0011511434210004,0.00116087641133037,0.0011564491559345356,0.001161632470093875,0.001145296404705221,0.0011414124120077223,0.0011635209630160284,0.0011682258553418492,0.001155997820160081,0.0011444866059717338,0.0011505803809992244,0.0011766686379332035,0.0012804950095615436,0.0012826335457645488,0.0010300994584123836,0.0014880166926048459,0.001491032785438067,0.0014899635669095071,0.0014861082861094934,0.0014930460791905088,0.0011733653710783876,0.0011542872947540859,0.0011570889328199072,0.0011506625403606874,0.0011079106341707907,0.0011326577144731716,0.0012102217897229698,0.0010987531158127056,0.0011078478060511324,0.0011235457303280922,0.0012123986406106448,0.0013425404045688202
nerthus_bowel_cleansing_quality,0.0005081549094162688,0.0004877285643366471,0.00048223287544778927,0.0005517684072693585,0.0005834221033280143,0.0007877527952966415,0.001155692515492396,0.0,0.0005224182720541678,0.0009874809859385693,0.0004724351645523122,0.00045152416658004476,0.000547964481925509,0.000532554069687976,0.001292928351657689,0.0012961471652478869,0.0003734257193783076,0.0003363545618194074,0.00026648959628774375,0.0003383025560121842,0.00042888260200947624,0.000428215752045633,0.0004285429792905264,0.00042939676516710233,0.000428973734145304,0.0004291609588641402,0.0004290241668107366,0.0005694499348976805,0.0004513920405322859,0.0005996286976556472,0.0008559727937265591,0.0007237154779511164,0.0007991101471240266,0.0005767787664821146,0.0005736640124846566,0.0005936902578676073,0.000572480842356565,0.0005968635110184462,0.0005682628388164503,0.0005651444555923646,0.0006032035300717044,0.0005954711036525174,0.000581586807336051,0.0005644126513471861,0.0005867104569450827,0.0006095134829885376,0.0007469470672613525,0.0006217905389175431,0.000745145941772768,0.0006933754457103048,0.0009819214183666564,0.0007745654114262728,0.0005636807801937092,0.0009842603157304039,0.0009836878252529053,0.0009854193784878196,0.0009892091601336498,0.0005278591600748488,0.0005123204201750932,0.00051197985989234,0.0008903047777098232,0.0014787735526943842,0.0006301658831029144,0.000521313261365131,0.0005696826913490168,0.0006468914043874529,0.000558744506931268,0.0005641848960947084,0.0005793042489911599,0.0007792576456365341,0.0008056790778596896,0.0005099944048218202,0.0005025261391906239,0.0004855563870844312,0.0005514308601251747,0.0011508577205161133,0.0002013898928349289,0.0009777376116603428,0.0005524586043572224,0.0013015952415132944,0.0003757116749830045,0.0003426577055961905,0.00026724830474975005,0.00033887619785137233,0.0004283383934025567,0.0004330170218472562,0.00043358901624228645,0.00043220431036184354,0.0004338548654044099,0.0004308388087489066,0.00042957776434335304,0.0004547435395650212,0.0008566672592389111,0.000797666721664074,0.0005856797250516338,0.0005765007697143075,0.0005933999332988078,0.000577953409235307,0.0005966415058002404,0.0005713907864393943,0.0005648005005945114,0.0005970024387042675,0.0006025860684893875,0.0005876910195581975,0.0005635661875272286,0.0005864765166323199,0.0006127850753234259,0.0007488982737436343,0.0007479163566891236,0.0006990793797154247,0.0009852359404531389,0.0009865162113653625,0.0009862558029363857,0.0009832807894773,0.0009885798501512622,0.000525913763690967,0.0005164183259549326,0.000511275617819793,0.0006356258584572063,0.0005164594046979331,0.0005689862601872432,0.0006480527269418352,0.0005591291834498889,0.0005693611025496194,0.0005774729642362376,0.0007812162504049717,0.0007946052793525772
stanford_dogs_image_categorization,0.0004752000382672281,0.00044077521514734413,0.0004292025101385922,0.00047518763554194363,0.00047974156289231506,0.000644667726685402,0.0009223214141142447,0.0005224182720541678,0.0,0.0007837123244345661,0.00027067281101086026,0.0002582437558855036,0.0003302350832630825,0.00033267628500172926,0.0010957130460997266,0.001099469933207955,0.00044798346709112115,0.00044240026922406456,0.0005060039648117721,0.0004513965648406041,0.00044713610689554656,0.0004484725294595502,0.00044773975269590447,0.00044725714377120344,0.0004469676269304409,0.0004483023320721977,0.000447890345858003,0.000458639543352247,0.00048520152058022605,0.00044533322304523534,0.0006869992322409064,0.0005628569581138663,0.0006880492196523084,0.0005088295100457739,0.0005104410299783575,0.0005267031592261989,0.0005088703943533682,0.000530733873718162,0.0005037249394361543,0.0005024852731122255,0.0005354713746994254,0.0005263277152884422,0.0005164130464442974,0.0005039140657765478,0.0005156232940028494,0.0005400720885997658,0.0006379450136114598,0.0005123923646063088,0.00063933956833361,0.0005575377566139988,0.0008795630038580962,0.0006863831171930675,0.0004909195173873077,0.0008822433533011508,0.0008819417010752581,0.0008825825774463928,0.000887286620502903,0.0005522538382438263,0.0005270032987582469,0.0005317646543833586,0.0007167385291300036,0.0013469252699015244,0.0005135757876105293,0.00047595028179116527,0.0004978821258698399,0.0005675071013783218,0.0004563916643568944,0.0004780386925322747,0.000491994740354948,0.0006009543128125892,0.0007250499823506717,0.00047608603485603106,0.0004467470793794721,0.0004342389110519426,0.0004753760256709633,0.0009170200900170242,0.0005235933195285447,0.0007757523702408287,0.00033596730985996197,0.0011039759472005297,0.00045102288242581957,0.0004413529171510474,0.0005053620689704476,0.00045386539814385395,0.0004468636609759093,0.0004517652106756896,0.0004538869219011512,0.0004517105641612154,0.00045354769164370547,0.00044963272398894203,0.00044684482860818186,0.0004910092197576272,0.0006870608462814073,0.0006879046412420038,0.0005166243362160092,0.0005131674779607697,0.0005275564896866136,0.0005149877722875057,0.0005304185185192684,0.0005076060959176891,0.0005021777364635883,0.0005296477893125078,0.0005318556864726519,0.0005213668631168795,0.0005043260764092078,0.000514644385030746,0.0005445196657196098,0.0006410827104585373,0.0006414441348129549,0.0005650896432650517,0.000882243172561361,0.0008853363863076877,0.0008845036255814893,0.0008801658561626059,0.00088681591759757,0.0005497188476089393,0.000530565437512158,0.0005316980638034817,0.0005186188499260931,0.0004706918519134111,0.0004966869444411389,0.0005687207890716728,0.00045730346671243237,0.000482907307265334,0.0004903194776982746,0.0006023269567026619,0.0007151925674128003
svhn,0.000980257229564544,0.0009475262269279648,0.000932768329812142,0.000984058491949859,0.0009408218172441412,0.0010149244106711865,0.000971021876129373,0.0009874809859385693,0.0007837123244345661,0.0,0.0007392796604860635,0.0007292924008838416,0.0006069539934646474,0.000566527762835147,0.0011424468216560484,0.0011399652657348583,0.000926330512593413,0.0009186222053062104,0.0009755373744975787,0.0009305559578345841,0.0009340639501861751,0.0009358787328382662,0.0009347183831063143,0.0009342575348494689,0.0009345402498608714,0.0009354358074668751,0.0009356834655719846,0.0009070947888452129,0.0009384350402085706,0.0009156345456058215,0.0010497952348175426,0.00104477909261055,0.0011472996581272038,0.000974884391171596,0.0009739549735157594,0.0009884785828017356,0.0009751713169015174,0.0009914513282579906,0.0009694692414521914,0.0009688292081575761,0.0009956800591656508,0.0009896052754964592,0.000978387903712316,0.0009692747401474134,0.0009765447597130202,0.000999535888645034,0.0011019128011527813,0.0009707952804259538,0.0011051318533990414,0.0009843810022476351,0.0013395930096441438,0.0011733175788543049,0.0009548000510470415,0.001342211910967786,0.0013419746675956232,0.0013428338658473744,0.0013474908563145776,0.0010153151424650122,0.000989211862947143,0.0009942080702504549,0.001147687116749568,0.0018121482963464042,0.0009490145989910582,0.0009292801639851128,0.0009410719663975149,0.0010185802038040364,0.0009026764256677681,0.0008963848136693562,0.0009287977669693097,0.001092518212072957,0.001196873291479552,0.0009820265640114237,0.0009497635013432284,0.0009383676244756148,0.000984308728267242,0.0009712424565800928,0.0009876877694012284,0.0002069295380093367,0.0006057112234647832,0.0011504406378033934,0.0009292259005922771,0.0009172043009060948,0.0009749915509729269,0.0009338190658474708,0.0009331817734188712,0.0009374103905099147,0.000941441354591743,0.0009397127133129694,0.0009409735708988192,0.0009370986413304531,0.0009327421401084008,0.000946668695934353,0.0010500297855037949,0.0011468430644950582,0.0009825262228946301,0.0009774230247502176,0.0009883085539810924,0.0009823007350062301,0.0009896935125117373,0.0009722421320989338,0.0009679660161266345,0.0009907740649357693,0.0009947401906311428,0.000983650273289687,0.0009709474935066508,0.000976798234669167,0.0010044549627747045,0.00110567884827145,0.0011069269808705521,0.000991858665672546,0.001342254163215263,0.0013452254966943764,0.0013441130966770573,0.0013402921764946777,0.001347052722609169,0.0010129021277209248,0.0009914761596557812,0.000994658817310628,0.0009542423960210255,0.0009253058378397628,0.0009406101857984896,0.0010195138644192845,0.0009035892343323585,0.0009000930397249901,0.0009278451956088963,0.0010939882198915524,0.0011872408421006709
caltech101_object_classification,0.0004481795080742629,0.0004108294816753829,0.0003988593895423302,0.0004455287948621628,0.00045016249113231704,0.0006198813122728853,0.0008844453535228106,0.0004724351645523122,0.00027067281101086026,0.0007392796604860635,0.0,0.00021241384104481403,0.0003102483440112958,0.00030057361801994425,0.00102250028572224,0.0010320801244333073,0.00041351142933328093,0.00040052153187180244,0.00046011971726880906,0.00040848633761668836,0.00040915238525333116,0.0004103111500004496,0.0004096121661513739,0.0004092336970251499,0.00040908518514445256,0.00041037230823917143,0.0004098254173975388,0.0004272797861673337,0.0004320077349810721,0.0004323897237965232,0.0006317694378669772,0.0005499832619428538,0.0006427125779298776,0.0004793028593144934,0.00048198632350745536,0.0004986917781318702,0.00047929874344889264,0.0005026224705896924,0.000474162795864733,0.00047329511743952353,0.0005072580100226752,0.0004973930343493598,0.0004872699953194437,0.0004735425891058063,0.00048648184978034844,0.000511566956049548,0.0006095125437300681,0.0004890744903298118,0.0006102521360497729,0.0005242600070507672,0.0008329306562541592,0.0006568493254664707,0.00044059529870496235,0.0008358613741859327,0.000835321345008495,0.0008361122812333266,0.0008408696388033239,0.0004923627924368517,0.0004706642864225063,0.0004754015304343843,0.0006880076968198281,0.0013046709662360447,0.00046799630598474555,0.0004306956876361837,0.00044841492893449536,0.0005148505296592419,0.0004072682234669877,0.00041961821772591615,0.0004408089236015879,0.0005690621363434119,0.0006823911696371349,0.0004493203843711028,0.000420455295984687,0.00040431312708720486,0.00044549475347850827,0.0008792250879609666,0.0004734993315339653,0.0007305879988324229,0.0003157610987080702,0.0010306327185205957,0.00041663624017003123,0.00039993943240086813,0.0004596325234243363,0.0004112179663923224,0.00040899039905465935,0.0004135966983531283,0.0004161102635413686,0.0004139180155860742,0.00041502989679443025,0.00041168168809554935,0.0004086132035681344,0.00043819705279671896,0.000632197840304124,0.000642463615736316,0.0004872100086095895,0.0004849135156347905,0.000498771576213273,0.00048522142174096825,0.0005022194994505568,0.00047792286545373877,0.0004729219019639414,0.0005017071728527704,0.0005029584681371362,0.0004925904908583392,0.0004740621376048049,0.00048575574920863934,0.0005157736060424096,0.0006124928500082502,0.0006124924364680893,0.0005313773491469642,0.0008357519526775034,0.0008385924301858025,0.0008377671181849365,0.0008339020546380768,0.0008403122041273013,0.0004899334675643122,0.00047405778451216146,0.00047541603365492763,0.0004730542134371554,0.0004251387859340874,0.0004469685047229672,0.0005158677603134144,0.0004083678386998903,0.00042478548298407684,0.00043912472761617043,0.0005705685572644488,0.0006729565608290097
caltech256_object_classification,0.00043034472219830884,0.00038945039334088363,0.0003780510409848604,0.00042381478823430883,0.00043174388459913814,0.0006042066399478033,0.0008854967761652902,0.00045152416658004476,0.0002582437558855036,0.0007292924008838416,0.00021241384104481403,0.0,0.00029961346454520065,0.0002890345026304475,0.001019313050924409,0.0010276422991033914,0.000392894831793653,0.00038128897840207645,0.0004413759341844979,0.00038546285583569554,0.00038461071670357747,0.00038570555821734504,0.0003850216617946922,0.0003846883801876854,0.00038454688735954667,0.0003857685326718212,0.00038531060010255677,0.0004116605264975954,0.000409150908343616,0.0004155016239079371,0.000626455732982605,0.0005347835686216342,0.0006219638643317588,0.0004537103507594591,0.0004569320805421397,0.00047414530817693317,0.0004538503984825035,0.0004782199250516975,0.00044876134452311527,0.00044789328634997334,0.0004828434457356986,0.0004725001789146549,0.00046249156346783195,0.00044816284675973584,0.0004620101301914755,0.0004873005348788869,0.0005841247740891182,0.00047084920073323723,0.0005847074574092989,0.0005113280017541481,0.000808714941340242,0.0006314148742714218,0.00041905304222346454,0.0008115522805160919,0.0008110394004655653,0.0008117980786682904,0.0008165635740292317,0.00047310357631960456,0.00045152780081434416,0.00045652299026096297,0.0006714987498251074,0.001278387384570115,0.00044107478947391063,0.0004042786742946203,0.0004221695218829016,0.0004913609066266866,0.0003794732262807617,0.00039341860202696976,0.00041401870526121276,0.0005532864838169386,0.0006579252486151073,0.00043179809413628877,0.0003962255220744103,0.00038337282570485886,0.00042341302683897487,0.0008802304678149327,0.0004527045079036137,0.0007205672820406867,0.0003047861998891277,0.0010275321665262447,0.0003963851422277237,0.00038063998532703307,0.00044066541942687444,0.00038830606709738087,0.000384254918945524,0.0003890313192795227,0.0003912180401335102,0.00038932622232612876,0.00039048203731408004,0.00038740183977019495,0.00038392722075416636,0.0004153124877691896,0.0006267918571435142,0.0006215620580650929,0.0004617325967365988,0.00045979711334258625,0.00047414717112771265,0.0004596007086606688,0.00047788562348424036,0.0004525000843722722,0.0004475800698025509,0.0004772125464171706,0.00047812611889651643,0.0004678558938924488,0.00044856796398248333,0.0004612109631844144,0.0004915033124646345,0.0005870968554181407,0.0005868986830433136,0.000518561872232635,0.0008116270531910447,0.0008143794279731306,0.0008134102576576672,0.0008096092157704883,0.000816076005138407,0.0004705487146707936,0.0004548421878056597,0.00045657192484892695,0.0004462406716810253,0.00039871297688308973,0.0004206030354917823,0.0004925096946954625,0.0003805430997313245,0.00039865397966251166,0.0004124333805475845,0.0005547946527791088,0.0006484302246698772
