,lapgyn4_anatomical_structures,lapgyn4_surgical_actions,lapgyn4_instrument_count,lapgyn4_anatomical_actions,sklin2_skin_lesions,identify_nbi_infframes,laryngeal_tissues,nerthus_bowel_cleansing_quality,stanford_dogs_image_categorization,svhn,caltech101_object_classification,caltech256_object_classification,cifar10_object_classification,cifar100_object_classification,mnist_digit_classification,emnist_digit_classification,hyperkvasir_anatomical-landmarks,hyperkvasir_pathological-findings,hyperkvasir_quality-of-mucosal-views,hyperkvasir_therapeutic-interventions,cholec80_grasper_presence,cholec80_bipolar_presence,cholec80_hook_presence,cholec80_scissors_presence,cholec80_clipper_presence,cholec80_irrigator_presence,cholec80_specimenbag_presence,derm7pt_skin_lesions,idle_action_recognition,barretts_esophagus_diagnosis,brain_tumor_classification,mednode_melanoma_classification,brain_tumor_type_classification,chexpert_enlarged_cardiomediastinum,chexpert_cardiomegaly,chexpert_lung_opacity,chexpert_lung_lesion,chexpert_edema,chexpert_consolidation,chexpert_pneumonia,chexpert_atelectasis,chexpert_pneumothorax,chexpert_pleural_effusion,chexpert_pleural_other,chexpert_fracture,chexpert_support_devices,pneumonia_classification,ph2-melanocytic-lesions-classification,covid_xray_classification,isic20_melanoma_classification,deep_drid_dr_level,shenzen_chest_xray_tuberculosis,crawled_covid_ct_classification,deep_drid_quality,deep_drid_clarity,deep_drid_field,deep_drid_artifact,kvasir_capsule_anatomy,kvasir_capsule_content,kvasir_capsule_pathologies,breast_cancer_classification_v2,eye_condition_classification,mura_xr_wrist,mura_xr_shoulder,mura_xr_humerus,mura_xr_hand,mura_xr_forearm,mura_xr_finger,mura_xr_elbow,bean_plant_disease_classification,aptos19_blindness_detection,lapgyn4_anatomical_structures --shrink_train 800,lapgyn4_surgical_actions --shrink_train 800,lapgyn4_instrument_count --shrink_train 800,lapgyn4_anatomical_actions --shrink_train 800,laryngeal_tissues --shrink_train 800,nerthus_bowel_cleansing_quality --shrink_train 800,svhn --shrink_train 800,cifar10_object_classification --shrink_train 800,mnist_digit_classification --shrink_train 800,hyperkvasir_anatomical-landmarks --shrink_train 800,hyperkvasir_pathological-findings --shrink_train 800,hyperkvasir_quality-of-mucosal-views --shrink_train 800,hyperkvasir_therapeutic-interventions --shrink_train 800,cholec80_grasper_presence --shrink_train 800,cholec80_bipolar_presence --shrink_train 800,cholec80_hook_presence --shrink_train 800,cholec80_scissors_presence --shrink_train 800,cholec80_clipper_presence --shrink_train 800,cholec80_irrigator_presence --shrink_train 800,cholec80_specimenbag_presence --shrink_train 800,idle_action_recognition --shrink_train 800,brain_tumor_classification --shrink_train 800,brain_tumor_type_classification --shrink_train 800,chexpert_enlarged_cardiomediastinum --shrink_train 800,chexpert_cardiomegaly --shrink_train 800,chexpert_lung_opacity --shrink_train 800,chexpert_lung_lesion --shrink_train 800,chexpert_edema --shrink_train 800,chexpert_consolidation --shrink_train 800,chexpert_pneumonia --shrink_train 800,chexpert_atelectasis --shrink_train 800,chexpert_pneumothorax --shrink_train 800,chexpert_pleural_effusion --shrink_train 800,chexpert_pleural_other --shrink_train 800,chexpert_fracture --shrink_train 800,chexpert_support_devices --shrink_train 800,pneumonia_classification --shrink_train 800,covid_xray_classification --shrink_train 800,isic20_melanoma_classification --shrink_train 800,deep_drid_dr_level --shrink_train 800,deep_drid_quality --shrink_train 800,deep_drid_clarity --shrink_train 800,deep_drid_field --shrink_train 800,deep_drid_artifact --shrink_train 800,kvasir_capsule_anatomy --shrink_train 800,kvasir_capsule_content --shrink_train 800,kvasir_capsule_pathologies --shrink_train 800,mura_xr_wrist --shrink_train 800,mura_xr_shoulder --shrink_train 800,mura_xr_humerus --shrink_train 800,mura_xr_hand --shrink_train 800,mura_xr_forearm --shrink_train 800,mura_xr_finger --shrink_train 800,mura_xr_elbow --shrink_train 800,bean_plant_disease_classification --shrink_train 800,aptos19_blindness_detection --shrink_train 800
lapgyn4_anatomical_structures,0.0,0.0021039536222815514,0.0021039042621850967,0.00210396945476532,0.0021039843559265137,0.0021079517900943756,0.0021078563295304775,0.0021039056591689587,0.002103977371007204,0.0021039231214672327,0.0021038660779595375,0.002103891223669052,0.0021038588602095842,0.002104011597111821,0.0021039023995399475,0.0021039338316768408,0.0021039540879428387,0.0021038250997662544,0.0021039678249508142,0.0021039536222815514,0.00210404209792614,0.0021039722487330437,0.002103933598846197,0.00210398156195879,0.0021040206775069237,0.0021038735285401344,0.00210393569432199,0.0021039447747170925,0.0021039037965238094,0.0021079257130622864,0.0021039070561528206,0.002103983424603939,0.0021039496641606092,0.00210387259721756,0.0021039433777332306,0.002104011597111821,0.002103878650814295,0.002104002982378006,0.0021039415150880814,0.002103926846757531,0.0021039415150880814,0.0021039526909589767,0.002103922888636589,0.0021038902923464775,0.0021038944832980633,0.0021039037965238094,0.0021039294078946114,0.0021039554849267006,0.0021039526909589767,0.0021039387211203575,0.0021039496641606092,0.0021039932034909725,0.002103910781443119,0.002103928243741393,0.002103992737829685,0.002103847684338689,0.002103835344314575,0.0021038916893303394,0.0021039294078946114,0.0021039536222815514,0.002103936392813921,0.0021078740246593952,0.002103976672515273,0.002103975974023342,0.0021038975100964308,0.0021039044950157404,0.002103920094668865,0.002103970153257251,0.0021039345301687717,0.0021039540879428387,0.00210387515835464,,0.0021039899438619614,0.00210387259721756,0.00210396246984601,0.00210479530505836,0.002103951293975115,0.0021039561834186316,0.002104011829942465,0.00210398156195879,0.0021039198618382215,0.0021039291750639677,0.002103915438055992,0.002103933598846197,0.0021038721315562725,0.0021039561834186316,0.002103873062878847,0.002103969920426607,0.0021039433777332306,0.0021039191633462906,0.0021039473358541727,0.0021039159037172794,0.00210390891879797,0.0021039803978055716,0.00210395036265254,0.0021039273124188185,0.002103902865201235,0.002103941049426794,0.0021038802806288004,0.002103910781443119,0.002103932201862335,0.0021040295250713825,0.002103931736201048,0.0021039368584752083,0.0021040267311036587,0.0021039736457169056,0.0021038753911852837,0.0021039790008217096,0.0021039785351604223,0.0021038572303950787,0.0021038874983787537,0.00210393313318491,0.002103908220306039,0.0021038600243628025,0.002103928243741393,0.0021038944832980633,0.0021039291750639677,0.0021039717830717564,0.002103856997564435,0.002103986917063594,0.0021039536222815514,0.0021041377913206816,0.0021040006540715694,0.002103945706039667,0.0021038916893303394,0.002103994134813547,0.002103954553604126
lapgyn4_surgical_actions,0.0021039536222815514,0.0,0.002103904029354453,0.0021039689891040325,0.0021039838902652264,0.0021079513244330883,0.00210785586386919,0.002103905426338315,0.0021039769053459167,0.002103922888636589,0.00210386561229825,0.002103890758007765,0.0021038586273789406,0.0021040113642811775,0.002103902166709304,0.002103933598846197,0.0021039536222815514,0.002103824634104967,0.0021039675921201706,0.0021039533894509077,0.0021040416322648525,0.0021039717830717564,0.00210393313318491,0.0021039810962975025,0.0021040202118456364,0.0021038732957094908,0.0021039354614913464,0.002103944309055805,0.0021039035636931658,0.002107925247400999,0.0021039065904915333,0.0021039829589426517,0.0021039494313299656,0.0021038721315562725,0.0021039429120719433,0.0021040113642811775,0.0021038781851530075,0.0021040025167167187,0.002103941049426794,0.0021039266139268875,0.002103941049426794,0.0021039522252976894,0.0021039224229753017,0.00210388982668519,0.002103894017636776,0.002103903330862522,0.002103928942233324,0.0021039550192654133,0.0021039522252976894,0.00210393825545907,0.0021039494313299656,0.002103992737829685,0.0021039103157818317,0.0021039280109107494,0.002103992272168398,0.002103847451508045,0.002103834878653288,0.002103891223669052,0.002103928942233324,0.002103953156620264,0.0021039359271526337,0.0021078737918287516,0.0021039764396846294,0.0021039757411926985,0.002103897277265787,0.0021039042621850967,0.002103919629007578,0.002103969920426607,0.0021039340645074844,0.0021039536222815514,0.0021038749255239964,0.002103924285620451,,0.0021038721315562725,0.002103962004184723,0.0021047950722277164,0.0021039508283138275,0.002103955950587988,0.0021040113642811775,0.0021039810962975025,0.002103919629007578,0.002103928942233324,0.0021039152052253485,0.0021039333660155535,0.002103871665894985,0.002103955950587988,0.00210387259721756,0.00210396945476532,0.0021039429120719433,0.0021039186976850033,0.002103947103023529,0.0021039156708866358,0.0021039084531366825,0.002103980164974928,0.002103949896991253,0.002103927079588175,0.0021039023995399475,0.0021039405837655067,0.0021038800477981567,0.0021039103157818317,0.002103931736201048,0.002104029059410095,0.0021039312705397606,0.0021039366256445646,0.002104026498273015,0.0021039731800556183,0.00210387515835464,0.002103978767991066,0.0021039783023297787,0.0021038567647337914,0.00210388726554811,0.0021039326675236225,0.002103907987475395,0.002103859558701515,0.0021039280109107494,0.0021038942504674196,0.002103928942233324,0.002103971317410469,0.0021038567647337914,0.00210398668423295,0.002103953156620264,0.002104137558490038,0.002104000188410282,0.0021039454732090235,0.002103891223669052,0.00210399366915226,0.0021039540879428387
lapgyn4_instrument_count,0.0021039042621850967,0.002103904029354453,0.0,0.002103919629007578,0.0021039345301687717,0.0021079019643366337,0.0021078065037727356,0.0021038560662418604,0.002103927545249462,0.0021038735285401344,0.0021038162522017956,0.00210384139791131,0.002103809267282486,0.002103962004184723,0.0021038528066128492,0.0021038842387497425,0.0021039042621850967,0.0021037752740085125,0.002103918232023716,0.002103904029354453,0.002103992272168398,0.0021039224229753017,0.002103883773088455,0.002103931736201048,0.0021039708517491817,0.002103823935613036,0.0021038861013948917,0.0021038949489593506,0.002103854203596711,0.0021078758873045444,0.0021038572303950787,0.002103933598846197,0.002103900071233511,0.002103822771459818,0.0021038935519754887,0.002103962004184723,0.002103828825056553,0.002103953156620264,0.0021038916893303394,0.002103877253830433,0.0021038916893303394,0.002103902865201235,0.002103873062878847,0.0021038404665887356,0.0021038446575403214,0.0021038539707660675,0.0021038795821368694,0.0021039056591689587,0.002103902865201235,0.0021038888953626156,0.002103900071233511,0.0021039433777332306,0.002103860955685377,0.002103878650814295,0.0021039429120719433,0.0021037980914115906,0.0021037855185568333,0.0021038418635725975,0.0021038795821368694,0.0021039037965238094,0.002103886567056179,0.002107824431732297,0.002103927079588175,0.002103926381096244,0.0021038479171693325,0.002103854902088642,0.0021038702689111233,0.0021039205603301525,0.00210388470441103,0.0021039042621850967,0.0021038255654275417,0.0021038749255239964,0.0021039401181042194,,0.0021039126440882683,0.002104745712131262,0.002103901468217373,0.0021039065904915333,0.002103962004184723,0.002103931736201048,0.0021038702689111233,0.0021038795821368694,0.002103865845128894,0.002103884005919099,0.0021038223057985306,0.0021039065904915333,0.002103823237121105,0.002103920094668865,0.0021038935519754887,0.0021038693375885487,0.0021038977429270744,0.002103866310790181,0.002103859093040228,0.0021039308048784733,0.0021039005368947983,0.00210387771949172,0.002103853039443493,0.002103891223669052,0.002103830687701702,0.002103860955685377,0.0021038823761045933,0.0021039796993136406,0.002103881910443306,0.00210388726554811,0.0021039771381765604,0.0021039238199591637,0.0021038257982581854,0.0021039294078946114,0.002103928942233324,0.0021038074046373367,0.0021038379054516554,0.002103883307427168,0.0021038586273789406,0.0021038101986050606,0.002103878650814295,0.002103844890370965,0.0021038795821368694,0.0021039219573140144,0.0021038074046373367,0.0021039373241364956,0.0021039037965238094,0.0021040881983935833,0.0021039508283138275,0.002103896113112569,0.0021038418635725975,0.002103944309055805,0.002103904727846384
lapgyn4_anatomical_actions,0.00210396945476532,0.0021039689891040325,0.002103919629007578,0.0,0.002103999489918351,0.002107966924086213,0.002107871463522315,0.00210392102599144,0.002103992737829685,0.00210393825545907,0.0021038814447820187,0.0021039063576608896,0.0021038739942014217,0.0021040267311036587,0.0021039177663624287,0.0021039489656686783,0.00210396945476532,0.0021038404665887356,0.0021039829589426517,0.0021039689891040325,0.002104057464748621,0.002103987615555525,0.0021039489656686783,0.002103996928781271,0.002104036044329405,0.0021038888953626156,0.0021039508283138275,0.00210395990870893,0.0021039191633462906,0.0021079410798847675,0.0021039224229753017,0.0021039985585957766,0.0021039647981524467,0.002103887964040041,0.0021039587445557117,0.0021040267311036587,0.0021038937848061323,0.002104018349200487,0.0021039568819105625,0.0021039419807493687,0.002103956649079919,0.002103968057781458,0.00210393825545907,0.0021039056591689587,0.0021039098501205444,0.0021039191633462906,0.002103944541886449,0.002103970618918538,0.002103968057781458,0.0021039540879428387,0.0021039647981524467,0.0021040085703134537,0.0021039259154349566,0.0021039433777332306,0.0021040078718215227,0.0021038628183305264,0.0021038507111370564,0.0021039070561528206,0.002103944541886449,0.0021039689891040325,0.002103951759636402,0.0021078893914818764,0.0021039918065071106,0.0021039913408458233,0.0021039126440882683,0.002103919629007578,0.0021039354614913464,0.0021039852872490883,0.002103949896991253,0.00210396945476532,0.0021038902923464775,0.0021039401181042194,0.002104005077853799,0.002103887964040041,,0.0021048104390501976,0.002103966660797596,0.002103971317410469,0.002104027196764946,0.0021039966959506273,0.002103934995830059,0.002103944309055805,0.0021039308048784733,0.0021039489656686783,0.0021038874983787537,0.002103971317410469,0.0021038884297013283,0.0021039850544184446,0.0021039587445557117,0.002103934297338128,0.00210396246984601,0.0021039312705397606,0.002103924285620451,0.002103995531797409,0.0021039654966443777,0.002103942446410656,0.002103918232023716,0.002103956416249275,0.002103895414620638,0.0021039261482656,0.0021039475686848164,0.00210404465906322,0.002103947103023529,0.0021039522252976894,0.00210404209792614,0.0021039890125393867,0.002103890758007765,0.002103994134813547,0.00210399366915226,0.00210387259721756,0.002103902865201235,0.0021039482671767473,0.0021039233542978764,0.00210387515835464,0.0021039433777332306,0.0021039098501205444,0.002103944309055805,0.0021039871498942375,0.0021038721315562725,0.0021040020510554314,0.0021039689891040325,0.002104152925312519,0.0021040160208940506,0.0021039610728621483,0.0021039070561528206,0.0021040095016360283,0.002103969920426607
sklin2_skin_lesions,0.0021039843559265137,0.0021039838902652264,0.0021039345301687717,0.002103999489918351,0.0,0.002107981825247407,0.002107886364683509,0.0021039359271526337,0.002104007638990879,0.002103953156620264,0.0021038963459432125,0.0021039212588220835,0.0021038888953626156,0.0021040416322648525,0.0021039326675236225,0.002103963866829872,0.0021039843559265137,0.0021038553677499294,0.0021039978601038456,0.0021039838902652264,0.002104072365909815,0.0021040025167167187,0.002103963866829872,0.002104011829942465,0.0021040509454905987,0.0021039037965238094,0.0021039657294750214,0.002103974809870124,0.0021039340645074844,0.0021079559810459614,0.0021039373241364956,0.0021040134597569704,0.0021039796993136406,0.002103902865201235,0.0021039736457169056,0.0021040416322648525,0.002103908685967326,0.002104033250361681,0.0021039717830717564,0.0021039568819105625,0.0021039715502411127,0.0021039829589426517,0.002103953156620264,0.0021039205603301525,0.0021039247512817383,0.0021039340645074844,0.0021039594430476427,0.002103985520079732,0.0021039829589426517,0.0021039689891040325,0.0021039796993136406,0.0021040234714746475,0.0021039408165961504,0.0021039582788944244,0.0021040227729827166,0.00210387771949172,0.00210386561229825,0.0021039219573140144,0.0021039594430476427,0.0021039838902652264,0.002103966660797596,0.0021079042926430702,0.0021040067076683044,0.002104006242007017,0.002103927545249462,0.0021039345301687717,0.00210395036265254,0.002104000188410282,0.0021039647981524467,0.0021039843559265137,0.0021039051935076714,0.0021039550192654133,0.0021040199790149927,0.002103902865201235,0.002103992737829685,0.0021048253402113914,0.00210398156195879,0.002103986218571663,0.00210404209792614,0.002104011597111821,0.002103949896991253,0.002103959210216999,0.002103945706039667,0.002103963866829872,0.0021039023995399475,0.002103986218571663,0.002103903330862522,0.0021039999555796385,0.0021039736457169056,0.002103949198499322,0.002103977371007204,0.0021039461717009544,0.002103939186781645,0.002104010432958603,0.0021039803978055716,0.00210395734757185,0.00210393313318491,0.002103971317410469,0.0021039103157818317,0.002103941049426794,0.00210396246984601,0.002104059560224414,0.002103962004184723,0.0021039671264588833,0.0021040569990873337,0.0021040039137005806,0.0021039056591689587,0.002104009035974741,0.0021040085703134537,0.0021038874983787537,0.0021039177663624287,0.002103963168337941,0.00210393825545907,0.002103890059515834,0.0021039582788944244,0.0021039247512817383,0.002103959210216999,0.0021040020510554314,0.0021038870327174664,0.002104016952216625,0.0021039838902652264,0.002104167826473713,0.0021040309220552444,0.002103975974023342,0.0021039219573140144,0.002104024402797222,0.002103984821587801
identify_nbi_infframes,0.0021079517900943756,0.0021079513244330883,0.0021079019643366337,0.002107966924086213,0.002107981825247407,0.0,0.002111853798851371,0.0021079033613204956,0.002107975073158741,0.002107920590788126,0.0021078637801110744,0.0021078886929899454,0.0021078563295304775,0.0021080090664327145,0.0021079001016914845,0.002107931300997734,0.0021079517900943756,0.0021078228019177914,0.0021079652942717075,0.0021079513244330883,0.0021080398000776768,0.0021079699508845806,0.002107931300997734,0.0021079792641103268,0.0021080183796584606,0.0021078712306916714,0.0021079331636428833,0.002107942244037986,0.0021079014986753464,0.0021119234152138233,0.0021079047583043575,0.0021079808939248323,0.0021079471334815025,0.0021078702993690968,0.0021079410798847675,0.0021080090664327145,0.002107876120135188,0.002108000684529543,0.0021079392172396183,0.0021079243160784245,0.0021079389844089746,0.0021079503931105137,0.002107920590788126,0.0021078879944980145,0.0021078921854496002,0.0021079014986753464,0.0021079268772155046,0.002107952954247594,0.0021079503931105137,0.0021079364232718945,0.0021079471334815025,0.0021079909056425095,0.0021079082507640123,0.0021079257130622864,0.0021079902071505785,0.002107845153659582,0.002107833046466112,0.0021078893914818764,0.0021079268772155046,0.0021079513244330883,0.002107934094965458,0.002111871726810932,0.0021079741418361664,0.002107973676174879,0.002107894979417324,0.0021079019643366337,0.002107917796820402,0.002107967622578144,0.0021079322323203087,0.0021079517900943756,0.0021078726276755333,0.0021079224534332752,0.0021079874131828547,0.0021078702993690968,0.002107960171997547,0.0021087927743792534,0.0021079489961266518,0.002107953652739525,0.0021080095320940018,0.002107979031279683,0.002107917331159115,0.002107926644384861,0.002107913140207529,0.002107931300997734,0.0021078698337078094,0.002107953652739525,0.002107870765030384,0.0021079673897475004,0.0021079410798847675,0.002107916632667184,0.002107944805175066,0.0021079136058688164,0.0021079066209495068,0.002107977867126465,0.0021079478319734335,0.0021079247817397118,0.0021079005673527718,0.002107938751578331,0.0021078777499496937,0.002107908483594656,0.002107929904013872,0.002108026994392276,0.002107929438352585,0.0021079345606267452,0.0021080244332551956,0.0021079713478684425,0.0021078730933368206,0.002107976470142603,0.0021079760044813156,0.0021078549325466156,0.0021078852005302906,0.002107930602505803,0.002107905689626932,0.002107857493683696,0.0021079257130622864,0.0021078921854496002,0.002107926644384861,0.0021079694852232933,0.0021078544668853283,0.002107984386384487,0.0021079513244330883,0.002108135260641575,0.0021079983562231064,0.002107943408191204,0.0021078893914818764,0.002107991836965084,0.002107952255755663
laryngeal_tissues,0.0021078563295304775,0.00210785586386919,0.0021078065037727356,0.002107871463522315,0.002107886364683509,0.002111853798851371,0.0,0.0021078079007565975,0.002107879612594843,0.002107825130224228,0.0021077683195471764,0.0021077932324260473,0.0021077608689665794,0.0021079136058688164,0.0021078046411275864,0.002107835840433836,0.0021078563295304775,0.0021077273413538933,0.0021078698337078094,0.00210785586386919,0.0021079443395137787,0.0021078744903206825,0.002107835840433836,0.0021078838035464287,0.0021079229190945625,0.0021077757701277733,0.002107837703078985,0.0021078467834740877,0.0021078060381114483,0.0021118279546499252,0.0021078092977404594,0.0021078854333609343,0.0021078516729176044,0.0021077748388051987,0.0021078456193208694,0.0021079136058688164,0.00210778065957129,0.002107905223965645,0.00210784375667572,0.0021078288555145264,0.0021078435238450766,0.0021078549325466156,0.002107825130224228,0.0021077925339341164,0.002107796724885702,0.0021078060381114483,0.0021078314166516066,0.002107857493683696,0.0021078549325466156,0.0021078409627079964,0.0021078516729176044,0.0021078954450786114,0.0021078127902001143,0.0021078302524983883,0.0021078947465866804,0.002107749693095684,0.002107737585902214,0.0021077939309179783,0.0021078314166516066,0.00210785586386919,0.00210783863440156,0.002111776266247034,0.0021078786812722683,0.002107878215610981,0.002107799518853426,0.0021078065037727356,0.002107822336256504,0.002107872162014246,0.0021078367717564106,0.0021078563295304775,0.002107777167111635,0.002107826992869377,0.0021078919526189566,0.0021077748388051987,0.002107864711433649,,0.0021078535355627537,0.0021078581921756268,0.0021079140715301037,0.002107883570715785,0.0021078218705952168,0.002107831183820963,0.002107817679643631,0.002107835840433836,0.0021077743731439114,0.0021078581921756268,0.002107775304466486,0.0021078719291836023,0.0021078456193208694,0.002107821172103286,0.002107849344611168,0.0021078181453049183,0.0021078111603856087,0.0021078824065625668,0.0021078523714095354,0.0021078293211758137,0.0021078051067888737,0.002107843291014433,0.0021077822893857956,0.002107813023030758,0.002107834443449974,0.0021079315338283777,0.0021078339777886868,0.002107839100062847,0.0021079289726912975,0.0021078758873045444,0.0021077776327729225,0.002107881009578705,0.0021078805439174175,0.0021077594719827175,0.0021077897399663925,0.002107835141941905,0.002107810229063034,0.0021077620331197977,0.0021078302524983883,0.002107796724885702,0.002107831183820963,0.0021078740246593952,0.00210775900632143,0.002107888925820589,0.00210785586386919,0.0021080398000776768,0.0021079028956592083,0.002107847947627306,0.0021077939309179783,0.002107896376401186,0.002107856795191765
nerthus_bowel_cleansing_quality,0.0021039056591689587,0.002103905426338315,0.0021038560662418604,0.00210392102599144,0.0021039359271526337,0.0021079033613204956,0.0021078079007565975,0.0,0.002103928942233324,0.0021038749255239964,0.0021038176491856575,0.002103842794895172,0.002103810664266348,0.002103963401168585,0.002103854203596711,0.0021038856357336044,0.0021039056591689587,0.0021037766709923744,0.002103919629007578,0.002103905426338315,0.00210399366915226,0.0021039238199591637,0.002103885170072317,0.00210393313318491,0.0021039722487330437,0.002103825332596898,0.0021038874983787537,0.0021038963459432125,0.002103855600580573,0.0021078772842884064,0.0021038586273789406,0.002103934995830059,0.002103901468217373,0.00210382416844368,0.0021038949489593506,0.002103963401168585,0.002103830222040415,0.002103954553604126,0.0021038930863142014,0.002103878650814295,0.0021038930863142014,0.0021039042621850967,0.002103874459862709,0.0021038418635725975,0.0021038460545241833,0.0021038553677499294,0.0021038809791207314,0.0021039070561528206,0.0021039042621850967,0.0021038902923464775,0.002103901468217373,0.0021039447747170925,0.002103862352669239,0.0021038800477981567,0.002103944309055805,0.0021037994883954525,0.002103786915540695,0.0021038432605564594,0.0021038809791207314,0.0021039051935076714,0.002103887964040041,0.002107825828716159,0.0021039284765720367,0.0021039277780801058,0.0021038493141531944,0.002103856299072504,0.002103871665894985,0.0021039219573140144,0.0021038861013948917,0.0021039056591689587,0.0021038269624114037,0.0021038763225078583,0.0021039415150880814,0.00210382416844368,0.00210391404107213,0.0021047471091151237,,0.002103907987475395,0.002103963401168585,0.00210393313318491,0.002103871665894985,0.0021038809791207314,0.0021038672421127558,0.0021038854029029608,0.0021038237027823925,0.002103907987475395,0.002103824634104967,0.002103921491652727,0.0021038949489593506,0.0021038707345724106,0.0021038991399109364,0.002103867707774043,0.00210386049002409,0.002103932201862335,0.00210390193387866,0.002103879116475582,0.002103854436427355,0.002103892620652914,0.002103832084685564,0.002103862352669239,0.002103883773088455,0.0021039810962975025,0.002103883307427168,0.002103888662531972,0.0021039785351604223,0.0021039252169430256,0.0021038271952420473,0.0021039308048784733,0.002103930339217186,0.0021038088016211987,0.0021038393024355173,0.00210388470441103,0.0021038600243628025,0.0021038115955889225,0.0021038800477981567,0.002103846287354827,0.0021038809791207314,0.0021039233542978764,0.0021038088016211987,0.0021039387211203575,0.0021039051935076714,0.0021040895953774452,0.0021039522252976894,0.0021038975100964308,0.0021038432605564594,0.002103945706039667,0.002103906124830246
stanford_dogs_image_categorization,0.002103977371007204,0.0021039769053459167,0.002103927545249462,0.002103992737829685,0.002104007638990879,0.002107975073158741,0.002107879612594843,0.002103928942233324,0.0,0.002103946404531598,0.002103889361023903,0.0021039145067334175,0.0021038821432739496,0.0021040348801761866,0.002103925682604313,0.002103957114741206,0.002103977371007204,0.00210384838283062,0.0021039911080151796,0.0021039769053459167,0.0021040653809905052,0.002103995531797409,0.0021039568819105625,0.002104004845023155,0.002104043960571289,0.0021038968116045,0.0021039589773863554,0.002103968057781458,0.002103927079588175,0.0021079489961266518,0.002103930339217186,0.0021040067076683044,0.0021039729472249746,0.002103895880281925,0.002103966660797596,0.0021040348801761866,0.00210390193387866,0.0021040262654423714,0.0021039647981524467,0.0021039501298218966,0.0021039647981524467,0.002103975974023342,0.0021039461717009544,0.002103913575410843,0.0021039177663624287,0.002103927079588175,0.0021039526909589767,0.002103978767991066,0.002103975974023342,0.002103962004184723,0.0021039729472249746,0.002104016486555338,0.0021039340645074844,0.0021039515268057585,0.0021040160208940506,0.0021038709674030542,0.0021038586273789406,0.002103914972394705,0.0021039526909589767,0.0021039769053459167,0.0021039596758782864,0.0021078973077237606,0.0021039999555796385,0.0021039992570877075,0.002103920793160796,0.0021039277780801058,0.0021039433777332306,0.002103993436321616,0.002103957813233137,0.002103977371007204,0.0021038984414190054,0.0021039480343461037,0.0021040132269263268,0.002103895880281925,0.0021039857529103756,0.0021048185881227255,0.00210397457703948,0.002103979466482997,0.00210403511300683,0.002104004845023155,0.002103943144902587,0.002103952458128333,0.0021039387211203575,0.0021039568819105625,0.002103895414620638,0.002103979466482997,0.0021038963459432125,0.0021039932034909725,0.002103966660797596,0.002103942446410656,0.002103970618918538,0.002103939186781645,0.002103932201862335,0.002104003680869937,0.0021039736457169056,0.002103950595483184,0.0021039261482656,0.0021039643324911594,0.0021039035636931658,0.0021039340645074844,0.0021039554849267006,0.002104052808135748,0.0021039550192654133,0.0021039601415395737,0.002104050014168024,0.002103996928781271,0.002103898674249649,0.002104002283886075,0.0021040018182247877,0.002103880513459444,0.002103910781443119,0.002103956416249275,0.0021039315033704042,0.002103883307427168,0.0021039515268057585,0.0021039177663624287,0.002103952458128333,0.0021039950661361217,0.0021038802806288004,0.0021040102001279593,0.0021039769053459167,0.002104161074385047,0.002104023937135935,0.0021039689891040325,0.002103914972394705,0.0021040174178779125,0.0021039778366684914
svhn,0.0021039231214672327,0.002103922888636589,0.0021038735285401344,0.00210393825545907,0.002103953156620264,0.002107920590788126,0.002107825130224228,0.0021038749255239964,0.002103946404531598,0.0,0.0021038351114839315,0.0021038600243628025,0.0021038278937339783,0.002103980630636215,0.002103871665894985,0.002103902865201235,0.0021039231214672327,0.0021037941332906485,0.0021039368584752083,0.002103922888636589,0.002104011131450534,0.0021039412822574377,0.002103902632370591,0.002103950595483184,0.0021039897110313177,0.002103842794895172,0.002103904727846384,0.002103913575410843,0.002103873062878847,0.0021078947465866804,0.0021038760896772146,0.0021039522252976894,0.0021039186976850033,0.002103841630741954,0.0021039124112576246,0.002103980630636215,0.002103847451508045,0.0021039720159024,0.0021039105486124754,0.002103895880281925,0.0021039103157818317,0.0021039217244833708,0.002103891922160983,0.0021038593258708715,0.0021038635168224573,0.0021038728300482035,0.0021038982085883617,0.002103924285620451,0.0021039217244833708,0.0021039077546447515,0.0021039186976850033,0.0021039622370153666,0.0021038795821368694,0.002103897277265787,0.0021039615385234356,0.002103816717863083,0.0021038043778389692,0.0021038607228547335,0.0021038982085883617,0.0021039226558059454,0.002103905426338315,0.002107843291014433,0.002103945706039667,0.00210394524037838,0.002103866543620825,0.0021038735285401344,0.0021038891281932592,0.002103939186781645,0.0021039035636931658,0.0021039231214672327,0.002103844191879034,0.0021038937848061323,0.0021039587445557117,0.002103841630741954,0.0021039315033704042,0.002104764338582754,0.002103920327499509,,0.002103980863466859,0.00210395036265254,0.0021038888953626156,0.0021038982085883617,0.00210388470441103,0.002103902865201235,0.0021038411650806665,0.0021039252169430256,0.002103842096403241,0.0021039387211203575,0.0021039124112576246,0.002103887964040041,0.0021039163693785667,0.002103885170072317,0.002103877952322364,0.0021039494313299656,0.0021039191633462906,0.0021038963459432125,0.002103871898725629,0.002103910082951188,0.0021038493141531944,0.002103879814967513,0.0021039012353867292,0.002103998325765133,0.002103900769725442,0.002103906124830246,0.0021039959974586964,0.0021039426792412996,0.0021038446575403214,0.0021039480343461037,0.0021039475686848164,0.0021038262639194727,0.0021038567647337914,0.00210390193387866,0.002103877253830433,0.002103828825056553,0.002103897277265787,0.002103863749653101,0.0021038982085883617,0.0021039408165961504,0.002103826031088829,0.002103955950587988,0.0021039226558059454,0.0021041068248450756,0.0021039696875959635,0.002103914972394705,0.0021038607228547335,0.002103963168337941,0.00210392358712852
caltech101_object_classification,0.0021038660779595375,0.00210386561229825,0.0021038162522017956,0.0021038814447820187,0.0021038963459432125,0.0021078637801110744,0.0021077683195471764,0.0021038176491856575,0.002103889361023903,0.0021038351114839315,0.0,0.002103803213685751,0.002103770850226283,0.00210392358712852,0.0021038143895566463,0.0021038458216935396,0.0021038660779595375,0.0021037370897829533,0.002103879814967513,0.00210386561229825,0.0021039540879428387,0.0021038842387497425,0.002103845588862896,0.0021038935519754887,0.0021039326675236225,0.0021037855185568333,0.002103847684338689,0.0021038567647337914,0.0021038157865405083,0.002107837703078985,0.0021038190461695194,0.002103895414620638,0.002103861654177308,0.0021037845872342587,0.0021038553677499294,0.00210392358712852,0.0021037906408309937,0.002103914972394705,0.00210385350510478,0.00210383883677423,0.00210385350510478,0.0021038646809756756,0.002103834878653288,0.0021038022823631763,0.002103806473314762,0.0021038157865405083,0.00210384139791131,0.0021038674749433994,0.0021038646809756756,0.0021038507111370564,0.002103861654177308,0.0021039051935076714,0.002103822771459818,0.002103840233758092,0.002103904727846384,0.0021037596743553877,0.002103747334331274,0.0021038036793470383,0.00210384139791131,0.00210386561229825,0.00210384838283062,0.002107786014676094,0.002103888662531972,0.002103887964040041,0.0021038095001131296,0.0021038164850324392,0.002103832084685564,0.0021038821432739496,0.0021038465201854706,0.0021038660779595375,0.002103787148371339,0.002103836741298437,0.00210390193387866,0.0021037845872342587,0.002103874459862709,0.002104707295075059,0.0021038632839918137,0.0021038681734353304,0.0021039238199591637,0.0021038935519754887,0.0021038318518549204,0.0021038411650806665,0.002103827428072691,0.002103845588862896,0.0021037841215729713,0.0021038681734353304,0.002103785052895546,0.002103881910443306,0.0021038553677499294,0.0021038311533629894,0.0021038593258708715,0.0021038278937339783,0.0021038209088146687,0.0021038923878222704,0.002103862352669239,0.0021038393024355173,0.0021038148552179337,0.002103853039443493,0.0021037922706454992,0.002103822771459818,0.002103844191879034,0.0021039415150880814,0.0021038437262177467,0.002103848848491907,0.0021039387211203575,0.0021038856357336044,0.0021037873812019825,0.0021038909908384085,0.002103890525177121,0.0021037692204117775,0.0021037994883954525,0.0021038451232016087,0.0021038202103227377,0.0021037720143795013,0.002103840233758092,0.002103806473314762,0.0021038411650806665,0.002103883773088455,0.002103768987581134,0.0021038989070802927,0.00210386561229825,0.0021040497813373804,0.0021039126440882683,0.002103857696056366,0.0021038036793470383,0.002103906124830246,0.002103866543620825
caltech256_object_classification,0.002103891223669052,0.002103890758007765,0.00210384139791131,0.0021039063576608896,0.0021039212588220835,0.0021078886929899454,0.0021077932324260473,0.002103842794895172,0.0021039145067334175,0.0021038600243628025,0.002103803213685751,0.0,0.002103795763105154,0.002103948500007391,0.002103839535266161,0.0021038707345724106,0.002103891223669052,0.002103762235492468,0.002103904727846384,0.002103890758007765,0.0021039792336523533,0.002103909384459257,0.0021038707345724106,0.0021039186976850033,0.002103957813233137,0.002103810664266348,0.00210387259721756,0.0021038816776126623,0.002103840932250023,0.0021078628487885,0.002103844191879034,0.002103920327499509,0.002103886567056179,0.0021038097329437733,0.002103880513459444,0.002103948500007391,0.0021038155537098646,0.0021039401181042194,0.002103878650814295,0.002103863749653101,0.002103878417983651,0.00210388982668519,0.0021038600243628025,0.002103827428072691,0.0021038316190242767,0.002103840932250023,0.002103866310790181,0.0021038923878222704,0.00210388982668519,0.002103875856846571,0.002103886567056179,0.002103930339217186,0.002103847684338689,0.002103865146636963,0.002103929640725255,0.0021037845872342587,0.0021037724800407887,0.002103828825056553,0.002103866310790181,0.002103890758007765,0.0021038735285401344,0.0021078111603856087,0.002103913575410843,0.0021039131097495556,0.0021038344129920006,0.00210384139791131,0.0021038572303950787,0.0021039070561528206,0.002103871665894985,0.002103891223669052,0.00210381206125021,0.0021038618870079517,0.002103926846757531,0.0021038097329437733,0.0021038996055722237,0.00210473220795393,0.0021038884297013283,0.0021038930863142014,0.0021039489656686783,0.0021039184648543596,0.0021038567647337914,0.0021038660779595375,0.0021038525737822056,0.0021038707345724106,0.002103809267282486,0.0021038930863142014,0.0021038101986050606,0.002103906823322177,0.002103880513459444,0.0021038560662418604,0.0021038842387497425,0.002103853039443493,0.0021038460545241833,0.0021039173007011414,0.00210388726554811,0.0021038642153143883,0.0021038400009274483,0.0021038781851530075,0.00210381718352437,0.0021038479171693325,0.0021038693375885487,0.0021039664279669523,0.0021038688719272614,0.0021038739942014217,0.002103963866829872,0.002103910781443119,0.002103812526911497,0.0021039159037172794,0.002103915438055992,0.002103794366121292,0.002103824634104967,0.0021038700360804796,0.0021038451232016087,0.0021037969272583723,0.002103865146636963,0.0021038316190242767,0.0021038660779595375,0.00210390891879797,0.002103793900460005,0.0021039238199591637,0.002103890758007765,0.0021040746942162514,0.002103937789797783,0.0021038828417658806,0.002103828825056553,0.0021039312705397606,0.0021038916893303394
cifar10_object_classification,0.0021038588602095842,0.0021038586273789406,0.002103809267282486,0.0021038739942014217,0.0021038888953626156,0.0021078563295304775,0.0021077608689665794,0.002103810664266348,0.0021038821432739496,0.0021038278937339783,0.002103770850226283,0.002103795763105154,0.0,0.0021039163693785667,0.0021038074046373367,0.0021038386039435863,0.0021038588602095842,0.002103729872033,0.00210387259721756,0.0021038586273789406,0.0021039468701928854,0.0021038770209997892,0.0021038383711129427,0.0021038863342255354,0.0021039254497736692,0.0021037785336375237,0.0021038404665887356,0.0021038493141531944,0.0021038088016211987,0.002107830485329032,0.002103811828419566,0.002103887964040041,0.002103854436427355,0.0021037773694843054,0.002103848149999976,0.0021039163693785667,0.0021037831902503967,0.0021039077546447515,0.002103846287354827,0.0021038316190242767,0.0021038460545241833,0.0021038574632257223,0.0021038276609033346,0.002103795064613223,0.002103799255564809,0.002103808568790555,0.0021038339473307133,0.0021038600243628025,0.0021038574632257223,0.002103843493387103,0.002103854436427355,0.002103897975757718,0.002103815320879221,0.0021038330160081387,0.002103897277265787,0.0021037524566054344,0.0021037401165813208,0.002103796461597085,0.0021038339473307133,0.002103858394548297,0.0021038411650806665,0.0021077790297567844,0.0021038814447820187,0.0021038809791207314,0.0021038022823631763,0.002103809267282486,0.0021038248669356108,0.0021038749255239964,0.0021038393024355173,0.0021038588602095842,0.0021037799306213856,0.002103829523548484,0.0021038944832980633,0.0021037773694843054,0.0021038672421127558,0.0021047000773251057,0.0021038560662418604,0.002103860955685377,,0.0021038861013948917,0.002103824634104967,0.0021038339473307133,0.0021038204431533813,0.0021038386039435863,0.002103776903823018,0.002103860955685377,0.0021037778351455927,0.002103874459862709,0.002103848149999976,0.0021038237027823925,0.0021038521081209183,0.0021038209088146687,0.0021038136910647154,0.002103885170072317,0.002103854902088642,0.002103832084685564,0.0021038076374679804,0.0021038458216935396,0.002103785052895546,0.0021038155537098646,0.0021038369741290808,0.0021039340645074844,0.0021038365084677935,0.0021038418635725975,0.002103931736201048,0.002103878417983651,0.002103780396282673,0.002103883773088455,0.002103883307427168,0.0021037620026618242,0.002103792503476143,0.0021038376726210117,0.0021038129925727844,0.0021037645637989044,0.0021038330160081387,0.0021037994883954525,0.0021038339473307133,0.002103876555338502,0.0021037617698311806,0.0021038916893303394,0.002103858394548297,0.002104042563587427,0.002103905426338315,0.0021038507111370564,0.002103796461597085,0.0021038989070802927,0.0021038593258708715
