,lapgyn4_anatomical_structures,lapgyn4_surgical_actions,lapgyn4_instrument_count,lapgyn4_anatomical_actions,sklin2_skin_lesions,identify_nbi_infframes,laryngeal_tissues,nerthus_bowel_cleansing_quality,stanford_dogs_image_categorization,svhn,caltech101_object_classification,caltech256_object_classification,cifar10_object_classification,cifar100_object_classification,mnist_digit_classification,emnist_digit_classification,hyperkvasir_anatomical-landmarks,hyperkvasir_pathological-findings,hyperkvasir_quality-of-mucosal-views,hyperkvasir_therapeutic-interventions,cholec80_grasper_presence,cholec80_bipolar_presence,cholec80_hook_presence,cholec80_scissors_presence,cholec80_clipper_presence,cholec80_irrigator_presence,cholec80_specimenbag_presence,derm7pt_skin_lesions,idle_action_recognition,barretts_esophagus_diagnosis,brain_tumor_classification,mednode_melanoma_classification,brain_tumor_type_classification,chexpert_enlarged_cardiomediastinum,chexpert_cardiomegaly,chexpert_lung_opacity,chexpert_lung_lesion,chexpert_edema,chexpert_consolidation,chexpert_pneumonia,chexpert_atelectasis,chexpert_pneumothorax,chexpert_pleural_effusion,chexpert_pleural_other,chexpert_fracture,chexpert_support_devices,pneumonia_classification,ph2-melanocytic-lesions-classification,covid_xray_classification,isic20_melanoma_classification,deep_drid_dr_level,shenzen_chest_xray_tuberculosis,crawled_covid_ct_classification,deep_drid_quality,deep_drid_clarity,deep_drid_field,deep_drid_artifact,kvasir_capsule_anatomy,kvasir_capsule_content,kvasir_capsule_pathologies,breast_cancer_classification_v2,eye_condition_classification,mura_xr_wrist,mura_xr_shoulder,mura_xr_humerus,mura_xr_hand,mura_xr_forearm,mura_xr_finger,mura_xr_elbow,bean_plant_disease_classification,aptos19_blindness_detection,lapgyn4_anatomical_structures --shrink_train 800,lapgyn4_surgical_actions --shrink_train 800,lapgyn4_instrument_count --shrink_train 800,lapgyn4_anatomical_actions --shrink_train 800,laryngeal_tissues --shrink_train 800,nerthus_bowel_cleansing_quality --shrink_train 800,svhn --shrink_train 800,cifar10_object_classification --shrink_train 800,mnist_digit_classification --shrink_train 800,hyperkvasir_anatomical-landmarks --shrink_train 800,hyperkvasir_pathological-findings --shrink_train 800,hyperkvasir_quality-of-mucosal-views --shrink_train 800,hyperkvasir_therapeutic-interventions --shrink_train 800,cholec80_grasper_presence --shrink_train 800,cholec80_bipolar_presence --shrink_train 800,cholec80_hook_presence --shrink_train 800,cholec80_scissors_presence --shrink_train 800,cholec80_clipper_presence --shrink_train 800,cholec80_irrigator_presence --shrink_train 800,cholec80_specimenbag_presence --shrink_train 800,idle_action_recognition --shrink_train 800,brain_tumor_classification --shrink_train 800,brain_tumor_type_classification --shrink_train 800,chexpert_enlarged_cardiomediastinum --shrink_train 800,chexpert_cardiomegaly --shrink_train 800,chexpert_lung_opacity --shrink_train 800,chexpert_lung_lesion --shrink_train 800,chexpert_edema --shrink_train 800,chexpert_consolidation --shrink_train 800,chexpert_pneumonia --shrink_train 800,chexpert_atelectasis --shrink_train 800,chexpert_pneumothorax --shrink_train 800,chexpert_pleural_effusion --shrink_train 800,chexpert_pleural_other --shrink_train 800,chexpert_fracture --shrink_train 800,chexpert_support_devices --shrink_train 800,pneumonia_classification --shrink_train 800,covid_xray_classification --shrink_train 800,isic20_melanoma_classification --shrink_train 800,deep_drid_dr_level --shrink_train 800,deep_drid_quality --shrink_train 800,deep_drid_clarity --shrink_train 800,deep_drid_field --shrink_train 800,deep_drid_artifact --shrink_train 800,kvasir_capsule_anatomy --shrink_train 800,kvasir_capsule_content --shrink_train 800,kvasir_capsule_pathologies --shrink_train 800,mura_xr_wrist --shrink_train 800,mura_xr_shoulder --shrink_train 800,mura_xr_humerus --shrink_train 800,mura_xr_hand --shrink_train 800,mura_xr_forearm --shrink_train 800,mura_xr_finger --shrink_train 800,mura_xr_elbow --shrink_train 800,bean_plant_disease_classification --shrink_train 800,aptos19_blindness_detection --shrink_train 800
lapgyn4_anatomical_structures,0.0,0.00010014990402851254,0.00010015329462476075,0.00010021003254223615,0.00010141807433683425,0.0001193593634525314,0.00010556785127846524,0.0001001800992526114,0.00010017345630330965,0.00010018736065831035,0.00010021399066317827,0.00010016151645686477,0.00010018586181104183,0.00010015707812272012,0.00010018511966336519,0.00010018039756687358,0.00010023414506576955,0.00010024210496339947,0.00010030146222561598,0.000100299934274517,0.00010014971485361457,0.00010014852159656584,0.000100149933132343,0.00010013987775892019,0.0001001400378299877,0.00010020039917435497,0.00010014021245297045,0.00010070287680719048,0.00010018357716035098,0.00010137348726857454,0.00010021333582699299,0.0001035622408380732,0.00010022602509707212,0.00010014977306127548,0.00010013999417424202,0.00010013976861955598,0.0001001698401523754,0.0001001399359665811,0.00010014999134000391,0.00010016998567152768,0.00010013971768785268,0.00010014008148573339,0.00010013989231083542,0.00010021003254223615,0.00010019001638283953,0.00010014008148573339,0.00010020055924542248,0.00010171203757636249,0.00010029118129750714,0.00010015760199166834,0.00010074716556118801,0.0001006705715553835,0.00010049110278487206,0.00010080797801492736,0.00010080479114549235,0.00010079634375870228,0.00010075222235172987,0.0001001903583528474,0.00010014981671702117,0.0001001500932034105,0.00010075996397063136,0.0001013672590488568,0.00010017058230005205,0.00010019118781201541,0.00010115998156834394,0.00010021105117630213,0.00010026559903053567,0.00010026052768807858,0.00010018804459832609,0.00010040314373327419,0.00010030376142822206,,0.00010035053855972365,0.00010040773486252874,0.00010040035704150796,0.00010718018165789545,0.0001004018122330308,0.00010307822958566248,0.00010078919149236754,0.00010269125777995214,0.000100480712717399,0.00010042533540399745,0.00010042324720416218,0.00010045080853160471,0.000100465324067045,0.00010047109390143305,0.00010050972923636436,0.00010045836097560823,0.00010045294766314328,0.00010046777606476098,0.0001004572695819661,0.00010053880396299064,0.0001005541707854718,0.00010047092655440792,0.0001004503428703174,0.00010045035742223263,0.00010045053932117298,0.00010045008093584329,0.00010045038652606308,0.00010045021190308034,0.00010045038652606308,0.0001004506484605372,0.00010045018279924989,0.00010045080853160471,0.0001004544465104118,0.00010034998558694497,0.00010045009548775852,0.00010045555245596915,0.00010045407543657348,0.00010059712803922594,0.00010095480683958158,0.00010094964818563312,0.00010097486665472388,0.00010098404891323298,0.00010095132165588439,0.00010045450471807271,0.0001004031510092318,0.00010046218085335568,0.00010046764509752393,0.00010051827121060342,0.00010068640403915197,0.00010046902025351301,0.00010048055264633149,0.00010046851821243763,0.00010049904813058674,0.00010047276737168431,0.00010048970580101013
lapgyn4_surgical_actions,0.00010014990402851254,0.0,0.00010002210910897702,0.00010007884702645242,0.00010128688882105052,0.00011922817793674767,0.0001054366584867239,0.00010004891373682767,0.00010004226351156831,0.00010005616786656901,0.00010008280514739454,0.00010003033094108105,0.0001000546762952581,0.0001000258926069364,0.00010005392687162384,0.00010004920477513224,0.00010010295954998583,0.00010011091944761574,0.00010017027670983225,0.00010016874875873327,0.00010001852933783084,0.0001000173288048245,0.00010001874034060165,0.00010000868496717885,0.00010000884503824636,0.00010006920638261363,0.00010000902693718672,0.00010057168401544914,0.00010005239164456725,0.00010124230175279081,0.00010008215031120926,0.00010343104804633185,0.00010009483230533078,0.00010001858754549176,0.00010000880138250068,0.00010000857582781464,0.00010003865463659167,0.00010000875045079738,0.00010001880582422018,0.00010003879287978634,0.00010000852489611134,0.00010000889596994966,0.0001000087067950517,0.00010007884702645242,0.00010005882359109819,0.00010000888869399205,0.00010006937372963876,0.00010158085206057876,0.0001001599885057658,0.000100026409199927,0.00010061597276944667,0.00010053937876364216,0.00010035990999313071,0.00010067678522318602,0.000100673598353751,0.00010066515096696094,0.00010062103683594614,0.00010005916556110606,0.00010001863120123744,0.00010001890768762678,0.00010062877845484763,0.00010123606625711545,0.00010003939678426832,0.00010006000229623169,0.00010102879605256021,0.00010007986566051841,0.00010013440623879433,0.00010012934217229486,0.00010005685180658475,0.00010027195094153285,0.00010017256863648072,0.00010026574454968795,,0.00010027654934674501,0.00010026916424976662,0.0001070489888661541,0.00010027061944128945,0.00010294703679392114,0.0001006579987006262,0.0001025600649882108,0.00010034952720161527,0.00010029414261225611,0.00010029206168837845,0.00010031962301582098,0.00010033413127530366,0.00010033990110969171,0.00010037854372058064,0.00010032716818386689,0.00010032176214735955,0.00010033658327301964,0.00010032607679022476,0.00010040761844720691,0.00010042298526968807,0.00010033973376266658,0.00010031915007857606,0.00010031916463049129,0.00010031934652943164,0.00010031888814410195,0.00010031920101027936,0.00010031902638729662,0.00010031919373432174,0.00010031945566879585,0.00010031899728346616,0.00010031962301582098,0.00010032326099462807,0.00010021879279520363,0.00010031890269601718,0.00010032436694018543,0.00010032288264483213,0.00010046594252344221,0.00010082361404784024,0.00010081845539389178,0.00010084367386298254,0.00010085285612149164,0.00010082012886414304,0.00010032331920228899,0.00010027196549344808,0.00010033098806161433,0.00010033645230578259,0.00010038708569481969,0.00010055521852336824,0.00010033782746177167,0.00010034935985459015,0.00010033732542069629,0.00010036786261480302,0.00010034158185590059,0.0001003585202852264
lapgyn4_instrument_count,0.00010015329462476075,0.00010002210910897702,0.0,0.00010008223034674302,0.00010129027214134112,0.00011923156853299588,0.00010544004908297211,0.00010005230433307588,0.00010004565410781652,0.00010005955118685961,0.00010008618846768513,0.00010003372153732926,0.00010005806689150631,0.00010002927592722699,0.00010005731019191444,0.00010005259537138045,0.00010010635014623404,0.00010011431004386395,0.00010017366730608046,0.00010017213935498148,0.00010002191993407905,0.0001000207121251151,0.00010002212366089225,0.00010001206828746945,0.00010001222835853696,0.00010007258970290422,0.00010001241753343493,0.00010057506733573973,0.00010005578224081546,0.00010124569234903902,0.00010008553363149986,0.00010343443136662245,0.00010009821562562138,0.00010002197086578235,0.00010001218470279127,0.00010001196642406285,0.00010004204523283988,0.00010001214104704559,0.00010002218914451078,0.00010004217620007694,0.00010001190821640193,0.00010001228656619787,0.0001000120973912999,0.00010008223762270063,0.0001000622141873464,0.00010001227201428264,0.00010007275704992935,0.00010158424265682697,0.000100163379102014,0.0001000297925202176,0.00010061936336569488,0.00010054276208393276,0.00010036329331342131,0.00010068017581943423,0.00010067698894999921,0.00010066853428725153,0.00010062442743219435,0.00010006254888139665,0.00010002202179748565,0.00010002229828387499,0.00010063216905109584,0.00010123944957740605,0.00010004278738051653,0.0001000633928924799,0.00010103218664880842,0.00010008325625676662,0.00010013779683504254,0.00010013272549258545,0.00010006023512687534,0.00010027534153778106,0.00010017595195677131,0.00010026912786997855,0.00010022273636423051,,0.00010027254757005721,0.0001070523721864447,0.00010027400276158005,0.00010295042011421174,0.0001006613892968744,0.00010256345558445901,0.00010035291779786348,0.00010029753320850432,0.00010029545228462666,0.00010032300633611158,0.00010033752187155187,0.0001003432844299823,0.00010038193431682885,0.00010033055150415748,0.00010032514546765015,0.00010033996659331024,0.00010032946011051536,0.00010041100904345512,0.00010042636858997867,0.00010034312435891479,0.00010032253339886665,0.00010032254795078188,0.00010032273712567985,0.00010032227146439254,0.00010032259160652757,0.00010032240970758721,0.00010032257705461234,0.00010032283898908645,0.00010032238787971437,0.00010032301361206919,0.00010032664431491867,0.00010022218339145184,0.00010032228601630777,0.00010032775026047602,0.00010032627324108034,0.0001004693258437328,0.00010082700464408845,0.00010082183871418238,0.00010084705718327314,0.00010085623944178224,0.00010082351218443364,0.0001003267097985372,0.00010027535608969629,0.00010033437865786254,0.00010033983562607318,0.00010039046901511028,0.00010055860911961645,0.00010034121805801988,0.00010035274317488074,0.00010034070874098688,0.00010037125321105123,0.0001003449724521488,0.00010036191088147461
lapgyn4_anatomical_actions,0.00010021003254223615,0.00010007884702645242,0.00010008223034674302,0.0,0.00010134701005881652,0.00011928830645047128,0.00010549678700044751,0.00010010904225055128,0.00010010239202529192,0.00010011628910433501,0.00010014292638516054,0.00010009045945480466,0.00010011480480898172,0.00010008601384470239,0.00010011404810938984,0.00010010933328885585,0.00010016308806370944,0.00010017104796133935,0.00010023040522355586,0.00010022887727245688,0.00010007865785155445,0.0001000774500425905,0.00010007886157836765,0.00010006880620494485,0.00010006896627601236,0.00010012932762037963,0.00010006915545091033,0.00010063180525321513,0.00010011252015829086,0.00010130243026651442,0.00010014227154897526,0.00010349116928409785,0.00010015495354309678,0.00010007870878325775,0.00010006892262026668,0.00010006870434153825,0.00010009878315031528,0.00010006887896452099,0.00010007892706198618,0.00010009891411755234,0.00010006864613387734,0.00010006902448367327,0.0001000688353087753,0.00010013897554017603,0.0001001189521048218,0.00010006900993175805,0.00010012949496740475,0.00010164098057430238,0.00010022011701948941,0.000100086530437693,0.00010067610128317028,0.00010059950000140816,0.00010042003123089671,0.00010073691373690963,0.00010073372686747462,0.00010072527220472693,0.00010068116534966975,0.00010011928679887205,0.00010007875971496105,0.00010007903620135039,0.00010068890696857125,0.00010129618749488145,0.00010009952529799193,0.0001001201308099553,0.00010108892456628382,0.00010013999417424202,0.00010019453475251794,0.00010018946341006085,0.00010011697304435074,0.00010033207945525646,0.00010023268987424672,0.00010032586578745395,0.00010027947428170592,0.00010033667058451101,,0.0001071091101039201,0.00010033074067905545,0.00010300715803168714,0.0001007181272143498,0.00010262019350193441,0.00010040965571533889,0.00010035427112597972,0.00010035219020210207,0.00010037974425358698,0.00010039425978902727,0.00010040002234745771,0.00010043867223430425,0.00010038728942163289,0.00010038188338512555,0.00010039670451078564,0.00010038619802799076,0.00010046774696093053,0.00010048310650745407,0.0001003998622763902,0.00010037927131634206,0.00010037928586825728,0.00010037947504315525,0.00010037900938186795,0.00010037932952400297,0.00010037914762506261,0.00010037931497208774,0.00010037957690656185,0.00010037912579718977,0.00010037975152954459,0.00010038338223239407,0.00010027892130892724,0.00010037902393378317,0.00010038448817795143,0.00010038301115855575,0.0001005260637612082,0.00010088374256156385,0.00010087857663165778,0.00010090379510074854,0.00010091297735925764,0.00010088025010190904,0.0001003834477160126,0.00010033209400717169,0.00010039111657533795,0.00010039657354354858,0.00010044720693258569,0.00010061534703709185,0.00010039795597549528,0.00010040948109235615,0.00010039744665846229,0.00010042799112852663,0.0001004017103696242,0.00010041864879895002
sklin2_skin_lesions,0.00010141807433683425,0.00010128688882105052,0.00010129027214134112,0.00010134701005881652,0.0,0.00012049634824506938,0.00010670482879504561,0.00010131708404514939,0.00010131043381989002,0.00010132433089893311,0.00010135096817975864,0.00010129850124940276,0.00010132284660357982,0.0001012940556393005,0.00010132208990398794,0.00010131737508345395,0.00010137112985830754,0.00010137908975593746,0.00010143844701815397,0.00010143691906705499,0.00010128669964615256,0.0001012854918371886,0.00010128690337296575,0.00010127684799954295,0.00010127700807061046,0.00010133736941497773,0.00010127719724550843,0.00010183984704781324,0.00010132056195288897,0.00010251047206111252,0.00010135031334357336,0.00010469921107869595,0.00010136299533769488,0.00010128675057785586,0.00010127696441486478,0.00010127674613613635,0.00010130682494491339,0.0001012769207591191,0.00010128696885658428,0.00010130695591215044,0.00010127668792847544,0.00010127706627827138,0.00010127687710337341,0.00010134701733477414,0.0001013269938994199,0.00010127705172635615,0.00010133753676200286,0.00010284902236890048,0.00010142815881408751,0.0001012945722322911,0.00010188414307776839,0.00010180754179600626,0.00010162807302549481,0.00010194495553150773,0.00010194176866207272,0.00010193331399932504,0.00010188920714426786,0.00010132732859347016,0.00010128680150955915,0.0001012870779959485,0.00010189694876316935,0.00010250422928947955,0.00010130756709259003,0.0001013281726045534,0.00010229696636088192,0.00010134803596884012,0.00010140257654711604,0.00010139750520465896,0.00010132501483894885,0.00010154012124985456,0.00010144073166884482,0.00010153390758205205,0.00010148751607630402,0.00010154471237910911,0.00010153732728213072,0.0001083171518985182,0.00010153878247365355,0.00010421519982628524,0.00010192616900894791,0.00010382823529653251,0.00010161769750993699,0.00010156231292057782,0.00010156023199670017,0.00010158778604818508,0.00010160230158362538,0.00010160806414205581,0.00010164671402890235,0.00010159533121623099,0.00010158992517972365,0.00010160474630538374,0.00010159423982258886,0.00010167578875552863,0.00010169114830205217,0.0001016079040709883,0.00010158731311094016,0.00010158732766285539,0.00010158751683775336,0.00010158705117646605,0.00010158737131860107,0.00010158718941966072,0.00010158735676668584,0.00010158761870115995,0.00010158716759178787,0.0001015877933241427,0.00010159142402699217,0.00010148696310352534,0.00010158706572838128,0.00010159252997254953,0.00010159105295315385,0.00010173410555580631,0.00010209178435616195,0.00010208661842625588,0.00010211183689534664,0.00010212101915385574,0.00010208829189650714,0.0001015914895106107,0.00010154013580176979,0.00010159915836993605,0.00010160461533814669,0.00010165524872718379,0.00010182338883168995,0.00010160599777009338,0.00010161752288695425,0.00010160548845306039,0.00010163603292312473,0.0001016097521642223,0.00010162669059354812
identify_nbi_infframes,0.0001193593634525314,0.00011922817793674767,0.00011923156853299588,0.00011928830645047128,0.00012049634824506938,0.0,0.00012464611791074276,0.00011925837316084653,0.00011925172293558717,0.00011926562729058787,0.0001192922645714134,0.00011923979036509991,0.00011926413571927696,0.00011923535203095526,0.0001192633862956427,0.0001192586641991511,0.00011931241897400469,0.0001193203788716346,0.00011937973613385111,0.00011937820818275213,0.0001192279887618497,0.00011922678822884336,0.00011922819976462051,0.00011921814439119771,0.00011921830446226522,0.00011927866580663249,0.00011921848636120558,0.000119781143439468,0.00011926185106858611,0.00012045176117680967,0.00011929160973522812,0.00012264051474630833,0.00011930429172934964,0.00011922804696951061,0.00011921826080651954,0.0001192180352518335,0.00011924811406061053,0.00011921820987481624,0.00011922826524823904,0.0001192482523038052,0.0001192179843201302,0.00011921835539396852,0.00011921816621907055,0.00011928830645047128,0.00011926828301511705,0.00011921834811801091,0.00011927883315365762,0.00012079031148459762,0.00011936944792978466,0.00011923586862394586,0.00011982543219346553,0.00011974883818766102,0.00011956936941714957,0.00011988624464720488,0.00011988305777776986,0.0001198746103909798,0.000119830496259965,0.00011926862498512492,0.0001192280906252563,0.00011922836711164564,0.0001198382378788665,0.00012044552568113431,0.00011924885620828718,0.00011926946172025055,0.00012023825547657907,0.00011928932508453727,0.00011934386566281319,0.00011933880159631371,0.0001192663112306036,0.00011948141036555171,0.00011938202806049958,0.00011947520397370681,0.00011942880519200116,0.00011948600877076387,0.00011947862367378548,0.00012625844101421535,0.00011948007886530831,0.0001221564889419824,0.00011986745812464505,0.00012176952441222966,0.00011955898662563413,0.00011950360203627497,0.00011950152111239731,0.00011952908243983984,0.00011954359069932252,0.00011954936053371057,0.0001195880031445995,0.00011953662760788575,0.00011953122157137841,0.0001195460426970385,0.00011953553621424362,0.00011961707787122577,0.00011963244469370693,0.00011954919318668544,0.00011952860950259492,0.00011952862405451015,0.0001195288059534505,0.00011952834756812081,0.00011952866043429822,0.00011952848581131548,0.0001195286531583406,0.00011952891509281471,0.00011952845670748502,0.00011952908243983984,0.00011953272041864693,0.00011942825221922249,0.00011952836212003604,0.00011953382636420429,0.000119532342068851,0.00011967540194746107,0.0001200330734718591,0.00012002791481791064,0.0001200531332870014,0.0001200623155455105,0.0001200295882881619,0.00011953277862630785,0.00011948142491746694,0.0001195404474856332,0.00011954591172980145,0.00011959654511883855,0.0001197646779473871,0.00011954728688579053,0.00011955881927860901,0.00011954678484471515,0.00011957732203882188,0.00011955104127991945,0.00011956797970924526
laryngeal_tissues,0.00010556785127846524,0.0001054366584867239,0.00010544004908297211,0.00010549678700044751,0.00010670482879504561,0.00012464611791074276,0.0,0.00010546685371082276,0.00010546021076152101,0.00010547411511652172,0.00010550074512138963,0.00010544827091507614,0.0001054726162692532,0.00010544383258093148,0.00010547187412157655,0.00010546715202508494,0.00010552089952398092,0.00010552885942161083,0.00010558821668382734,0.00010558668873272836,0.00010543646931182593,0.0001054352760547772,0.00010543668759055436,0.00010542663221713156,0.00010542679228819907,0.00010548715363256633,0.00010542696691118181,0.00010598963126540184,0.00010547033161856234,0.0001066602417267859,0.00010550009028520435,0.00010884899529628456,0.00010551277955528349,0.00010543652751948684,0.00010542674863245338,0.00010542652307776734,0.00010545659461058676,0.00010542669042479247,0.00010543674579821527,0.00010545674012973905,0.00010542647214606404,0.00010542683594394475,0.00010542664676904678,0.00010549678700044751,0.00010547677084105089,0.00010542683594394475,0.00010548731370363384,0.00010699879203457385,0.0001055779357557185,0.0001054443564498797,0.00010603392001939937,0.00010595732601359487,0.00010577785724308342,0.00010609473247313872,0.00010609154560370371,0.00010608309821691364,0.00010603897680994123,0.00010547711281105876,0.00010543657117523253,0.00010543684766162187,0.00010604671842884272,0.00010665401350706816,0.00010545733675826341,0.00010547794227022678,0.0001064467360265553,0.0001054978056345135,0.00010555235348874703,0.00010554728214628994,0.00010547479905653745,0.00010568989819148555,0.00010559051588643342,0.00010568369179964066,0.00010563729301793501,0.0001056944893207401,0.00010568711149971932,,0.00010568856669124216,0.00010836498404387385,0.0001060759459505789,0.0001079780122381635,0.00010576746717561036,0.00010571208986220881,0.00010571000166237354,0.00010573756298981607,0.00010575207852525637,0.00010575784835964441,0.00010579648369457573,0.00010574511543381959,0.00010573970212135464,0.00010575453052297235,0.00010574402404017746,0.000105825558421202,0.00010584092524368316,0.00010575768101261929,0.00010573709732852876,0.00010573711188044399,0.00010573729377938434,0.00010573683539405465,0.00010573714098427445,0.0001057369663612917,0.00010573714098427445,0.00010573740291874856,0.00010573693725746125,0.00010573756298981607,0.00010574120096862316,0.00010563674004515633,0.00010573684994596988,0.00010574230691418052,0.00010574082989478484,0.0001058838824974373,0.00010624156129779294,0.00010623640264384449,0.00010626162111293525,0.00010627080337144434,0.00010623807611409575,0.00010574125917628407,0.00010568990546744317,0.00010574893531156704,0.00010575439955573529,0.00010580502566881478,0.00010597315849736333,0.00010575577471172437,0.00010576730710454285,0.00010575527267064899,0.0001057858025887981,0.00010575952182989568,0.0001057764602592215
nerthus_bowel_cleansing_quality,0.0001001800992526114,0.00010004891373682767,0.00010005230433307588,0.00010010904225055128,0.00010131708404514939,0.00011925837316084653,0.00010546685371082276,0.0,0.00010007245873566717,0.00010008636309066787,0.0001001130003714934,0.00010006052616517991,0.00010008487151935697,0.00010005608783103526,0.0001000841220957227,0.0001000793999992311,0.00010013315477408469,0.0001001411146717146,0.00010020047193393111,0.00010019894398283213,0.0001000487245619297,0.00010004752402892336,0.00010004893556470051,0.00010003888019127771,0.00010003904026234522,0.00010009940160671249,0.00010003922216128558,0.000100601879239548,0.00010008258686866611,0.00010127249697688967,0.00010011234553530812,0.00010346124327043071,0.00010012502752942964,0.00010004878276959062,0.00010003899660659954,0.0001000387710519135,0.00010006884986069053,0.00010003894567489624,0.00010004900104831904,0.0001000689881038852,0.0001000387201202102,0.00010003909119404852,0.00010003890201915056,0.00010010904225055128,0.00010008901881519705,0.00010003908391809091,0.00010009956895373762,0.00010161104728467762,0.00010019018372986466,0.00010005660442402586,0.00010064616799354553,0.00010056957398774102,0.00010039010521722957,0.00010070698044728488,0.00010070379357784986,0.0001006953461910598,0.000100651232060045,0.00010008936078520492,0.0001000488264253363,0.00010004910291172564,0.0001006589736789465,0.00010126626148121431,0.00010006959200836718,0.00010009019752033055,0.00010105899127665907,0.00010011006088461727,0.00010016460146289319,0.00010015953739639372,0.00010008704703068361,0.00010030214616563171,0.00010020276386057958,0.00010029593977378681,0.00010024954099208117,0.00010030674457084388,0.00010029935947386548,0.00010707918409025297,,0.00010297723201802,0.00010068819392472506,0.00010259026021230966,0.00010037972242571414,0.00010032433783635497,0.00010032225691247731,0.00010034981823991984,0.00010036432649940252,0.00010037009633379057,0.0001004087389446795,0.00010035736340796575,0.00010035195737145841,0.0001003667784971185,0.00010035627201432362,0.00010043781367130578,0.00010045318049378693,0.00010036992898676544,0.00010034934530267492,0.00010034935985459015,0.0001003495417535305,0.00010034908336820081,0.00010034939623437822,0.00010034922161139548,0.0001003493889584206,0.00010034965089289472,0.00010034919250756502,0.00010034981823991984,0.00010035345621872693,0.00010024898801930249,0.00010034909792011604,0.00010035456216428429,0.000100353077868931,0.00010049613774754107,0.0001008538092719391,0.00010084865061799064,0.0001008738690870814,0.0001008830513455905,0.0001008503240882419,0.00010035351442638785,0.00010030216071754694,0.0001003611832857132,0.00010036664752988145,0.00010041728091891855,0.0001005854137474671,0.00010036802268587053,0.00010037955507868901,0.00010036752064479515,0.00010039805783890188,0.00010037177707999945,0.00010038871550932527
stanford_dogs_image_categorization,0.00010017345630330965,0.00010004226351156831,0.00010004565410781652,0.00010010239202529192,0.00010131043381989002,0.00011925172293558717,0.00010546021076152101,0.00010007245873566717,0.0,0.00010007972014136612,0.00010010635014623404,0.00010005387593992054,0.0001000782212940976,0.00010004943760577589,0.00010007747914642096,0.00010007275704992935,0.00010012650454882532,0.00010013446444645524,0.00010019382170867175,0.00010019229375757277,0.00010004207433667034,0.00010004088107962161,0.00010004229261539876,0.00010003223724197596,0.00010003239731304348,0.00010009275865741074,0.00010003257193602622,0.00010059523629024625,0.00010007593664340675,0.0001012658467516303,0.00010010569531004876,0.00010345460032112896,0.0001001183845801279,0.00010004213254433125,0.00010003235365729779,0.00010003212810261175,0.00010006219963543117,0.00010003229544963688,0.00010004235082305968,0.00010006234515458345,0.00010003207717090845,0.00010003244096878916,0.00010003225179389119,0.00010010239202529192,0.0001000823758658953,0.00010003244096878916,0.00010009291872847825,0.00010160439705941826,0.00010018354078056291,0.00010004996147472411,0.00010063952504424378,0.00010056293103843927,0.00010038346226792783,0.00010070033749798313,0.00010069715062854812,0.00010068870324175805,0.00010064458183478564,0.00010008271783590317,0.00010004217620007694,0.00010004245268646628,0.00010065232345368713,0.00010125961853191257,0.00010006294178310782,0.00010008354729507118,0.00010105234105139971,0.0001001034106593579,0.00010015795851359144,0.00010015288717113435,0.00010008040408138186,0.00010029550321632996,0.00010019612091127783,0.00010028929682448506,0.00010024289804277942,0.00010030009434558451,0.00010029271652456373,0.00010707254114095122,0.00010029417171608657,0.00010297058906871825,0.0001006815509754233,0.00010258361726300791,0.00010037307220045477,0.00010031769488705322,0.00010031560668721795,0.00010034316801466048,0.00010035768355010077,0.00010036345338448882,0.00010040208871942014,0.000100350720458664,0.00010034530714619905,0.00010036013554781675,0.00010034962906502187,0.00010043116344604641,0.00010044653026852757,0.0001003632860374637,0.00010034270235337317,0.0001003427169052884,0.00010034289880422875,0.00010034244041889906,0.00010034274600911885,0.00010034257138613611,0.00010034274600911885,0.00010034300794359297,0.00010034254228230566,0.00010034316801466048,0.00010034680599346757,0.00010024234507000074,0.00010034245497081429,0.00010034791193902493,0.00010034643491962925,0.0001004894875222817,0.00010084716632263735,0.0001008420076686889,0.00010086722613777965,0.00010087640839628875,0.00010084368113894016,0.00010034686420112848,0.00010029551049228758,0.00010035454033641145,0.0001003600045805797,0.00010041063069365919,0.00010057876352220774,0.00010036137973656878,0.00010037291212938726,0.0001003608776954934,0.00010039140761364251,0.00010036512685474008,0.0001003820652840659
svhn,0.00010018736065831035,0.00010005616786656901,0.00010005955118685961,0.00010011628910433501,0.00010132433089893311,0.00011926562729058787,0.00010547411511652172,0.00010008636309066787,0.00010007972014136612,0.0,0.00010012024722527713,0.00010006778029492125,0.00010009212564909831,0.00010006333468481898,0.00010009137622546405,0.00010008666140493006,0.00010014040890382603,0.00010014836880145594,0.00010020772606367245,0.00010020619811257347,0.00010005597869167104,0.0001000547781586647,0.00010005618969444185,0.00010004613432101905,0.00010004629439208657,0.00010010665573645383,0.00010004647629102692,0.00010060913336928934,0.00010008984099840745,0.00010127975110663101,0.00010011959238909185,0.00010346849740017205,0.00010013228165917099,0.00010005602962337434,0.00010004625073634088,0.00010004603245761245,0.00010007610399043187,0.00010004619980463758,0.00010005624790210277,0.00010007624223362654,0.00010004597424995154,0.00010004634532378986,0.0001000461561488919,0.00010011629638029262,0.000100096280220896,0.00010004633804783225,0.00010010681580752134,0.00010161830141441897,0.00010019744513556361,0.0001000638585537672,0.00010065342939924449,0.00010057682811748236,0.00010039735934697092,0.00010071424185298383,0.00010071105498354882,0.00010070260032080114,0.00010065848618978634,0.00010009661491494626,0.00010005608055507764,0.00010005635704146698,0.00010066622780868784,0.00010127351561095566,0.00010007684613810852,0.00010009745165007189,0.00010106624540640041,0.00010011731501435861,0.00010017186286859214,0.00010016678425017744,0.00010009430116042495,0.00010030940757133067,0.00010021001799032092,0.00010030319390352815,0.00010025680239778012,0.0001003139914246276,0.00010030661360360682,0.0001070864382199943,0.00010030806879512966,,0.00010069545533042401,0.00010259752161800861,0.00010038697655545548,0.00010033159924205393,0.00010032951104221866,0.00010035706509370357,0.00010037158790510148,0.00010037735046353191,0.00010041599307442084,0.00010036461753770709,0.00010035920422524214,0.00010037403262685984,0.00010036352614406496,0.00010044506780104712,0.00010046042734757066,0.0001003771903924644,0.00010035659943241626,0.00010035661398433149,0.00010035680315922946,0.00010035633749794215,0.00010035665036411956,0.0001003564684651792,0.00010035664308816195,0.00010035690502263606,0.00010035644663730636,0.00010035707236966118,0.00010036070307251066,0.00010025624942500144,0.00010035635204985738,0.00010036180901806802,0.00010036033927462995,0.0001005033846013248,0.00010086107067763805,0.00010085590474773198,0.00010088112321682274,0.00010089030547533184,0.00010085757821798325,0.00010036076855612919,0.00010030941484728828,0.00010036844469141215,0.00010037390165962279,0.00010042452777270228,0.00010059266787720844,0.00010037528409156948,0.00010038680920843035,0.00010037477477453649,0.00010040531196864322,0.00010037903120974079,0.0001003959696390666
caltech101_object_classification,0.00010021399066317827,0.00010008280514739454,0.00010008618846768513,0.00010014292638516054,0.00010135096817975864,0.0001192922645714134,0.00010550074512138963,0.0001001130003714934,0.00010010635014623404,0.00010012024722527713,0.0,0.00010008721437770873,0.00010011876292992383,0.00010008997196564451,0.00010011800623033196,0.00010011329140979797,0.00010016704618465155,0.00010017500608228147,0.00010023436334449798,0.000100232835393399,0.00010008261597249657,0.00010008140816353261,0.00010008281969930977,0.00010007276432588696,0.00010007292439695448,0.00010013328574132174,0.00010007311357185245,0.00010063576337415725,0.00010011647827923298,0.00010130638838745654,0.00010014622966991737,0.00010349512740503997,0.0001001589116640389,0.00010008266690419987,0.00010007288074120879,0.00010007266246248037,0.0001001027412712574,0.0001000728370854631,0.0001000828851829283,0.00010010287223849446,0.00010007260425481945,0.00010007298260461539,0.00010007279342971742,0.00010014293366111815,0.00010012291022576392,0.00010007296805270016,0.00010013345308834687,0.00010164493869524449,0.00010022407514043152,0.00010009048855863512,0.0001006800594041124,0.00010060345812235028,0.00010042398935183883,0.00010074087185785174,0.00010073768498841673,0.00010072923032566905,0.00010068512347061187,0.00010012324491981417,0.00010008271783590317,0.0001000829943222925,0.00010069286508951336,0.00010130014561582357,0.00010010348341893405,0.00010012408893089741,0.00010109288268722594,0.00010014395229518414,0.00010019849287346005,0.00010019342153100297,0.00010012093116529286,0.00010033603757619858,0.00010023664799518883,0.00010032982390839607,0.00010028343240264803,0.00010034062870545313,0.00010033324360847473,0.00010711306822486222,0.00010033469879999757,0.00010301111615262926,0.00010072208533529192,0.00010262415162287652,0.000100413613836281,0.00010035822924692184,0.00010035614832304418,0.0001003837023745291,0.00010039821790996939,0.00010040398046839982,0.00010044263035524637,0.000100391247542575,0.00010038584150606766,0.00010040066263172776,0.00010039015614893287,0.00010047170508187264,0.00010048706462839618,0.00010040382039733231,0.00010038322943728417,0.0001003832439891994,0.00010038343316409737,0.00010038296750281006,0.00010038328764494509,0.00010038310574600473,0.00010038327309302986,0.00010038353502750397,0.00010038308391813189,0.00010038370965048671,0.00010038734035333619,0.00010028287942986935,0.00010038298205472529,0.00010038844629889354,0.00010038696927949786,0.00010053002188215032,0.00010088770068250597,0.0001008825347525999,0.00010090775322169065,0.00010091693548019975,0.00010088420822285116,0.00010038740583695471,0.0001003360521281138,0.00010039507469628006,0.0001004005316644907,0.0001004511650535278,0.00010061930515803397,0.0001004019140964374,0.00010041343921329826,0.0001004014047794044,0.00010043194924946874,0.00010040566849056631,0.00010042260691989213
caltech256_object_classification,0.00010016151645686477,0.00010003033094108105,0.00010003372153732926,0.00010009045945480466,0.00010129850124940276,0.00011923979036509991,0.00010544827091507614,0.00010006052616517991,0.00010005387593992054,0.00010006778029492125,0.00010008721437770873,0.0,0.00010006628872361034,0.00010003750503528863,0.00010006553929997608,0.00010006081720348448,0.00010011457197833806,0.00010012253187596798,0.00010018188913818449,0.00010018036118708551,0.00010003014176618308,0.00010002894123317674,0.00010003035276895389,0.00010002029739553109,0.0001000204574665986,0.00010008081881096587,0.00010002063936553895,0.00010058329644380137,0.00010006400407291949,0.00010125391418114305,0.0001000937627395615,0.00010344266047468409,0.00010010644473368302,0.00010003019997384399,0.00010002041381085292,0.00010002018825616688,0.00010005026706494391,0.00010002036287914962,0.00010003041825257242,0.00010005040530813858,0.00010002013732446358,0.0001000205083983019,0.00010002031922340393,0.00010009045945480466,0.00010007043601945043,0.00010002050112234429,0.00010008098615799099,0.000101592464488931,0.00010017160093411803,0.00010003802162827924,0.00010062758519779891,0.0001005509911919944,0.00010037152242148295,0.00010068839765153825,0.00010068521078210324,0.00010067676339531317,0.00010063264926429838,0.00010007077798945829,0.00010003024362958968,0.00010003052011597902,0.00010064039088319987,0.00010124767868546769,0.00010005100921262056,0.00010007161472458392,0.00010104040848091245,0.00010009147808887064,0.00010014601866714656,0.00010014095460064709,0.00010006846423493698,0.00010028356336988509,0.00010018418106483296,0.00010027735697804019,0.00010023095819633454,0.00010028816177509725,0.00010028077667811885,0.00010706060129450634,0.00010028223186964169,0.00010295864922227338,0.00010066961112897843,0.00010257167741656303,0.00010036113962996751,0.00010030575504060835,0.00010030367411673069,0.00010033123544417322,0.0001003457437036559,0.00010035151353804395,0.00010039015614893287,0.00010033878061221913,0.00010033337457571179,0.00010034819570137188,0.000100337689218577,0.00010041923087555915,0.0001004345976980403,0.00010035134619101882,0.0001003307625069283,0.00010033077705884352,0.00010033095895778388,0.00010033050057245418,0.0001003308134386316,0.00010033063881564885,0.00010033080616267398,0.00010033106809714809,0.0001003306097118184,0.00010033123544417322,0.00010033487342298031,0.00010023040522355586,0.00010033051512436941,0.00010033597936853766,0.00010033449507318437,0.00010047755495179445,0.00010083522647619247,0.00010083006782224402,0.00010085528629133478,0.00010086446854984388,0.00010083174129249528,0.00010033493163064122,0.00010028357792180032,0.00010034260048996657,0.00010034806473413482,0.00010039869812317193,0.00010056683095172048,0.0001003494398901239,0.00010036097228294238,0.00010034893784904853,0.00010037947504315525,0.00010035319428425282,0.00010037013271357864
