,lapgyn4_anatomical_structures,lapgyn4_surgical_actions,lapgyn4_instrument_count,lapgyn4_anatomical_actions,sklin2_skin_lesions,identify_nbi_infframes,laryngeal_tissues,nerthus_bowel_cleansing_quality,stanford_dogs_image_categorization,svhn,caltech101_object_classification,caltech256_object_classification,cifar10_object_classification,cifar100_object_classification,mnist_digit_classification,emnist_digit_classification,hyperkvasir_anatomical-landmarks,hyperkvasir_pathological-findings,hyperkvasir_quality-of-mucosal-views,hyperkvasir_therapeutic-interventions,cholec80_grasper_presence,cholec80_bipolar_presence,cholec80_hook_presence,cholec80_scissors_presence,cholec80_clipper_presence,cholec80_irrigator_presence,cholec80_specimenbag_presence,derm7pt_skin_lesions,idle_action_recognition,barretts_esophagus_diagnosis,brain_tumor_classification,mednode_melanoma_classification,brain_tumor_type_classification,chexpert_enlarged_cardiomediastinum,chexpert_cardiomegaly,chexpert_lung_opacity,chexpert_lung_lesion,chexpert_edema,chexpert_consolidation,chexpert_pneumonia,chexpert_atelectasis,chexpert_pneumothorax,chexpert_pleural_effusion,chexpert_pleural_other,chexpert_fracture,chexpert_support_devices,pneumonia_classification,ph2-melanocytic-lesions-classification,covid_xray_classification,isic20_melanoma_classification,deep_drid_dr_level,shenzen_chest_xray_tuberculosis,crawled_covid_ct_classification,deep_drid_quality,deep_drid_clarity,deep_drid_field,deep_drid_artifact,kvasir_capsule_anatomy,kvasir_capsule_content,kvasir_capsule_pathologies,breast_cancer_classification_v2,eye_condition_classification,mura_xr_wrist,mura_xr_shoulder,mura_xr_humerus,mura_xr_hand,mura_xr_forearm,mura_xr_finger,mura_xr_elbow,bean_plant_disease_classification,aptos19_blindness_detection,lapgyn4_anatomical_structures --shrink_train 800,lapgyn4_surgical_actions --shrink_train 800,lapgyn4_instrument_count --shrink_train 800,lapgyn4_anatomical_actions --shrink_train 800,laryngeal_tissues --shrink_train 800,nerthus_bowel_cleansing_quality --shrink_train 800,svhn --shrink_train 800,cifar10_object_classification --shrink_train 800,mnist_digit_classification --shrink_train 800,hyperkvasir_anatomical-landmarks --shrink_train 800,hyperkvasir_pathological-findings --shrink_train 800,hyperkvasir_quality-of-mucosal-views --shrink_train 800,hyperkvasir_therapeutic-interventions --shrink_train 800,cholec80_grasper_presence --shrink_train 800,cholec80_bipolar_presence --shrink_train 800,cholec80_hook_presence --shrink_train 800,cholec80_scissors_presence --shrink_train 800,cholec80_clipper_presence --shrink_train 800,cholec80_irrigator_presence --shrink_train 800,cholec80_specimenbag_presence --shrink_train 800,idle_action_recognition --shrink_train 800,brain_tumor_classification --shrink_train 800,brain_tumor_type_classification --shrink_train 800,chexpert_enlarged_cardiomediastinum --shrink_train 800,chexpert_cardiomegaly --shrink_train 800,chexpert_lung_opacity --shrink_train 800,chexpert_lung_lesion --shrink_train 800,chexpert_edema --shrink_train 800,chexpert_consolidation --shrink_train 800,chexpert_pneumonia --shrink_train 800,chexpert_atelectasis --shrink_train 800,chexpert_pneumothorax --shrink_train 800,chexpert_pleural_effusion --shrink_train 800,chexpert_pleural_other --shrink_train 800,chexpert_fracture --shrink_train 800,chexpert_support_devices --shrink_train 800,pneumonia_classification --shrink_train 800,covid_xray_classification --shrink_train 800,isic20_melanoma_classification --shrink_train 800,deep_drid_dr_level --shrink_train 800,deep_drid_quality --shrink_train 800,deep_drid_clarity --shrink_train 800,deep_drid_field --shrink_train 800,deep_drid_artifact --shrink_train 800,kvasir_capsule_anatomy --shrink_train 800,kvasir_capsule_content --shrink_train 800,kvasir_capsule_pathologies --shrink_train 800,mura_xr_wrist --shrink_train 800,mura_xr_shoulder --shrink_train 800,mura_xr_humerus --shrink_train 800,mura_xr_hand --shrink_train 800,mura_xr_forearm --shrink_train 800,mura_xr_finger --shrink_train 800,mura_xr_elbow --shrink_train 800,bean_plant_disease_classification --shrink_train 800,aptos19_blindness_detection --shrink_train 800
lapgyn4_anatomical_structures,0.0,0.0020640152506530285,0.002064022235572338,0.0020640199072659016,0.0020723380148410797,0.002096968237310648,0.0020784777589142323,0.002064022235572338,0.00206411792896688,0.0020640124566853046,0.002064202446490526,0.0020640194416046143,0.0020640059374272823,0.0020640185102820396,0.0020645451731979847,0.002064022934064269,0.002064018975943327,0.002064022235572338,0.0020640091970562935,0.002064020838588476,0.002064020838588476,0.0020640140864998102,0.0020640213042497635,0.0020640057045966387,0.0020640059374272823,0.002064017578959465,0.0020640231668949127,0.0020643696188926697,0.002064070198684931,0.002068105386570096,0.00206427788361907,0.0020735831931233406,0.002064022235572338,0.002064018975943327,0.0020640171132981777,0.002064008265733719,0.0020640199072659016,0.002064010128378868,0.0020640133880078793,0.0020640138536691666,0.0020640185102820396,0.0020640110597014427,0.002064016880467534,0.0020640159491449594,0.0020640171132981777,0.0020640199072659016,0.002064008265733719,0.002072284696623683,0.002064081374555826,0.0020640180446207523,0.0020647025667130947,0.002064015716314316,0.0020640152506530285,0.002065205480903387,0.002064407803118229,0.0020644227042794228,0.0020651030354201794,0.002064010826870799,0.0020640124566853046,0.00206401152536273,0.002064407803118229,0.002072683535516262,0.0020640185102820396,0.002064018975943327,0.0020640320144593716,0.002064025029540062,0.0020640322472900152,0.002064016181975603,0.0020640247967094183,0.0020642229355871677,0.0020640171132981777,,0.002064016880467534,0.002068066503852606,0.0020680143497884274,0.0020844931714236736,0.0020680755842477083,0.0020801012869924307,0.0020710136741399765,0.002078147605061531,0.002064022235572338,0.002064020838588476,0.0020680224988609552,0.0020640152506530285,0.0020640138536691666,0.0020640185102820396,0.0020640187431126833,0.002064017578959465,0.0020640138536691666,0.0020640171132981777,0.002064045052975416,0.002064014319330454,0.002064651343971491,0.002068562898784876,0.002064016181975603,0.0020640299189835787,0.0020640124566853046,0.0020640119910240173,0.0020640152506530285,0.0020640045404434204,0.002064014784991741,0.00206401152536273,0.0020640227012336254,0.0020640238653868437,0.0020640110597014427,0.0020640152506530285,0.002064012922346592,0.002064018975943327,0.0020640138536691666,0.0020641181617975235,0.002064427826553583,0.002065161243081093,0.0020647039636969566,0.002064612228423357,0.0020649703219532967,0.002064022934064269,0.002068030647933483,0.002064010128378868,0.0020640266593545675,0.002064018975943327,0.002064185682684183,0.0020641686860471964,0.0020645568147301674,0.002064018975943327,0.002064103726297617,0.0020681004971265793,0.0020641437731683254
lapgyn4_surgical_actions,0.0020640152506530285,0.0,0.002064000116661191,0.002063997555524111,0.002072315663099289,0.002096946118399501,0.0020784554071724415,0.002064000116661191,0.0020640958100557327,0.002063990104943514,0.002064180327579379,0.002063997322693467,0.0020639835856854916,0.0020639963913708925,0.002064522821456194,0.002064000815153122,0.00206399685703218,0.002064000116661191,0.0020639868453145027,0.002063998719677329,0.0020639984868466854,0.002063991967588663,0.0020639989525079727,0.0020639835856854916,0.002063983818516135,0.002063995460048318,0.002064000815153122,0.0020643474999815226,0.00206404784694314,0.002068083267658949,0.002064255764707923,0.00207356084138155,0.0020639998838305473,0.002063996624201536,0.002063994761556387,0.002063985913991928,0.0020639977883547544,0.0020639877766370773,0.002063991269096732,0.002063991501927376,0.002063996158540249,0.0020639889407902956,0.002063994761556387,0.0020639938302338123,0.002063994761556387,0.0020639977883547544,0.002063985913991928,0.002072262577712536,0.002064059255644679,0.0020639956928789616,0.002064680214971304,0.0020639935974031687,0.0020639931317418814,0.0020651831291615963,0.002064385684207082,0.002064400352537632,0.0020650809165090322,0.002063988707959652,0.0020639903377741575,0.0020639891736209393,0.002064385451376438,0.002072661416605115,0.0020639963913708925,0.002063996624201536,0.0020640098955482244,0.002064002677798271,0.002064010128378868,0.0020639938302338123,0.002064002677798271,0.0020642008166760206,0.002063994761556387,0.0020639856811612844,,0.0020680443849414587,0.0020679919980466366,0.0020844710525125265,0.002068053465336561,0.0020800791680812836,0.0020709913223981857,0.002078125486150384,0.002064000116661191,0.0020639984868466854,0.002068000379949808,0.0020639931317418814,0.002063991501927376,0.002063996158540249,0.002063996624201536,0.0020639952272176743,0.002063991501927376,0.002063994761556387,0.002064022934064269,0.002063991967588663,0.0020646289922297,0.0020685407798737288,0.0020639938302338123,0.0020640078000724316,0.002063990104943514,0.0020639896392822266,0.0020639928989112377,0.0020639824215322733,0.002063992666080594,0.0020639891736209393,0.0020640003494918346,0.0020640017464756966,0.0020639889407902956,0.0020639928989112377,0.002063990803435445,0.002063996624201536,0.0020639917347580194,0.0020640958100557327,0.0020644054748117924,0.0020651391241699457,0.0020646818447858095,0.00206459010951221,0.002064947970211506,0.002064000815153122,0.002068008529022336,0.0020639877766370773,0.0020640045404434204,0.00206399685703218,0.0020641633309423923,0.0020641465671360493,0.0020645344629883766,0.00206399685703218,0.002064081374555826,0.0020680781453847885,0.0020641216542571783
lapgyn4_instrument_count,0.002064022235572338,0.002064000116661191,0.0,0.002064004773274064,0.002072323113679886,0.002096953336149454,0.0020784626249223948,0.0020640073344111443,0.0020641027949750423,0.002063997322693467,0.0020641875453293324,0.0020640045404434204,0.002063990803435445,0.002064003609120846,0.002064530039206147,0.0020640078000724316,0.002064004074782133,0.0020640073344111443,0.002063994063064456,0.0020640059374272823,0.0020640057045966387,0.0020639989525079727,0.0020640064030885696,0.002063990570604801,0.0020639910362660885,0.002064002677798271,0.0020640080329030752,0.002064354717731476,0.0020640550646930933,0.0020680902525782585,0.002064262982457876,0.002073568059131503,0.0020640071015805006,0.0020640038419514894,0.0020640019793063402,0.002063993364572525,0.0020640050061047077,0.0020639949943870306,0.0020639984868466854,0.0020639989525079727,0.002064003376290202,0.002063996158540249,0.0020640017464756966,0.002064000815153122,0.0020640019793063402,0.0020640050061047077,0.002063993364572525,0.0020722695626318455,0.0020640664733946323,0.002064002910628915,0.002064687432721257,0.002064000815153122,0.0020640003494918346,0.0020651903469115496,0.002064392901957035,0.0020644075702875853,0.0020650881342589855,0.0020639956928789616,0.002063997555524111,0.002063996624201536,0.002064392901957035,0.002072668634355068,0.002064003609120846,0.0020640038419514894,0.0020640171132981777,0.002064010128378868,0.0020640171132981777,0.0020640012808144093,0.002064009662717581,0.002064208034425974,0.002064002212136984,0.0020639928989112377,0.0020640017464756966,,0.0020679994486272335,0.0020844782702624798,0.002068060450255871,0.002080086153000593,0.002070998540148139,0.0020781327039003372,0.0020640073344111443,0.0020640059374272823,0.0020680073648691177,0.0020640003494918346,0.002063998719677329,0.002064003376290202,0.002064003609120846,0.0020640024449676275,0.0020639989525079727,0.0020640019793063402,0.0020640301518142223,0.0020639991853386164,0.0020646362099796534,0.002068547997623682,0.0020640010479837656,0.002064014784991741,0.002063997322693467,0.00206399685703218,0.0020640003494918346,0.0020639896392822266,0.0020639998838305473,0.0020639963913708925,0.002064007567241788,0.002064008731395006,0.002063996158540249,0.0020640003494918346,0.002063998021185398,0.002064004074782133,0.0020639989525079727,0.002064103027805686,0.0020644126925617456,0.002065146341919899,0.002064689062535763,0.002064597327262163,0.002064955420792103,0.0020640078000724316,0.0020680157467722893,0.0020639949943870306,0.00206401152536273,0.002064004074782133,0.0020641705486923456,0.002064153552055359,0.00206454168073833,0.002064004074782133,0.002064088825136423,0.0020680853631347418,0.0020641288720071316
lapgyn4_anatomical_actions,0.0020640199072659016,0.002063997555524111,0.002064004773274064,0.0,0.002072320319712162,0.002096950775012374,0.0020784600637853146,0.002064004773274064,0.002064100466668606,0.002063994761556387,0.002064184984192252,0.0020640019793063402,0.0020639882422983646,0.0020640010479837656,0.002064527478069067,0.002064005471765995,0.002064001513645053,0.002064004773274064,0.002063991501927376,0.002064003376290202,0.0020640031434595585,0.002063996624201536,0.002064003609120846,0.0020639882422983646,0.0020639884751290083,0.002064000116661191,0.002064005471765995,0.0020643521565943956,0.002064052503556013,0.002068087924271822,0.002064260421320796,0.002073565497994423,0.0020640045404434204,0.0020640012808144093,0.00206399941816926,0.002063990570604801,0.0020640024449676275,0.0020639924332499504,0.0020639959257096052,0.002063996158540249,0.002064000815153122,0.0020639935974031687,0.00206399941816926,0.0020639984868466854,0.00206399941816926,0.0020640024449676275,0.002063990570604801,0.002072267234325409,0.002064063912257552,0.0020640003494918346,0.002064684871584177,0.0020639982540160418,0.0020639977883547544,0.0020651877857744694,0.002064390340819955,0.002064405009150505,0.0020650855731219053,0.002063993364572525,0.0020639949943870306,0.0020639938302338123,0.0020643901079893112,0.002072666073217988,0.0020640010479837656,0.0020640012808144093,0.0020640145521610975,0.0020640073344111443,0.002064014784991741,0.0020639984868466854,0.0020640073344111443,0.0020642054732888937,0.00206399941816926,0.0020639903377741575,0.00206399941816926,0.0020680490415543318,,0.0020844757091253996,0.0020680581219494343,0.0020800838246941566,0.002070995979011059,0.002078130142763257,0.002064004773274064,0.0020640031434595585,0.002068005036562681,0.0020639977883547544,0.002063996158540249,0.002064000815153122,0.0020640012808144093,0.0020639998838305473,0.002063996158540249,0.00206399941816926,0.002064027590677142,0.002063996624201536,0.002064633648842573,0.002068545436486602,0.0020639984868466854,0.0020640124566853046,0.002063994761556387,0.0020639942958950996,0.002063997555524111,0.0020639870781451464,0.002063997322693467,0.0020639938302338123,0.0020640050061047077,0.0020640064030885696,0.0020639935974031687,0.002063997555524111,0.002063995460048318,0.0020640012808144093,0.0020639963913708925,0.002064100466668606,0.0020644101314246655,0.002065143780782819,0.0020646865013986826,0.002064594766125083,0.002064952626824379,0.002064005471765995,0.002068013185635209,0.0020639924332499504,0.0020640091970562935,0.002064001513645053,0.0020641679875552654,0.0020641512237489223,0.0020645391196012497,0.002064001513645053,0.0020640860311686993,0.0020680828019976616,0.0020641263108700514
sklin2_skin_lesions,0.0020723380148410797,0.002072315663099289,0.002072323113679886,0.002072320319712162,0.0,0.0021052691154181957,0.0020867781713604927,0.002072323113679886,0.002072418574243784,0.002072312869131565,0.002072503324598074,0.002072320319712162,0.002072306349873543,0.0020723193883895874,0.002072845585644245,0.002072323579341173,0.0020723198540508747,0.002072323113679886,0.002072309609502554,0.002072321716696024,0.0020723212510347366,0.0020723147317767143,0.0020723219495266676,0.002072306349873543,0.00207230681553483,0.002072318457067013,0.002072323579341173,0.0020726704970002174,0.0020723706111311913,0.002076406031847,0.002072578761726618,0.002081883605569601,0.0020723226480185986,0.0020723193883895874,0.002072317525744438,0.002072308911010623,0.0020723207853734493,0.0020723105408251286,0.002072314266115427,0.0020723144989460707,0.0020723189227283,0.0020723119378089905,0.002072317525744438,0.0020723165944218636,0.002072317525744438,0.0020723207853734493,0.002072308911010623,0.002080585341900587,0.002072382252663374,0.002072318457067013,0.002073002979159355,0.0020723165944218636,0.0020723161287605762,0.0020735058933496475,0.0020727086812257767,0.002072723116725683,0.002073403913527727,0.002072311472147703,0.0020723133347928524,0.002072312170639634,0.002072708448395133,0.00208098441362381,0.0020723193883895874,0.0020723193883895874,0.0020723328925669193,0.002072325674816966,0.0020723328925669193,0.002072316827252507,0.0020723254419863224,0.0020725238136947155,0.002072317758575082,0.0020723086781799793,0.002072317525744438,0.0020763673819601536,0.0020763149950653315,0.0020927940495312214,0.0020763762295246124,0.002088401932269335,0.002079314086586237,0.002086448483169079,0.002072323113679886,0.0020723214838653803,0.0020763231441378593,0.0020723161287605762,0.002072314266115427,0.0020723189227283,0.0020723193883895874,0.0020723179914057255,0.0020723144989460707,0.002072317525744438,0.002072345931082964,0.0020723147317767143,0.0020729517564177513,0.0020768637768924236,0.0020723165944218636,0.002072330564260483,0.002072312869131565,0.002072312403470278,0.0020723158959299326,0.002072305418550968,0.002072315663099289,0.0020723119378089905,0.002072323113679886,0.002072324510663748,0.0020723119378089905,0.0020723158959299326,0.0020723138004541397,0.002072319621220231,0.0020723147317767143,0.002072418574243784,0.0020727282389998436,0.0020734621211886406,0.0020730048418045044,0.0020729131065309048,0.0020732709672302008,0.002072323579341173,0.002076331526041031,0.0020723105408251286,0.0020723273046314716,0.0020723198540508747,0.0020724860951304436,0.0020724693313241005,0.002072857227176428,0.0020723198540508747,0.002072404371574521,0.0020764009095728397,0.002072444651275873
identify_nbi_infframes,0.002096968237310648,0.002096946118399501,0.002096953336149454,0.002096950775012374,0.0021052691154181957,0.0,0.0021114086266607046,0.002096953336149454,0.002097048796713352,0.002096943324431777,0.002097133547067642,0.0020969505421817303,0.0020969368051737547,0.0020969496108591557,0.002097476040944457,0.0020969538018107414,0.002096950076520443,0.002096953336149454,0.002096940064802766,0.002096951939165592,0.0020969517063349485,0.0020969449542462826,0.0020969524048268795,0.002096936572343111,0.0020969370380043983,0.002096948679536581,0.002096954034641385,0.0020973007194697857,0.002097001066431403,0.0021010362543165684,0.002097208984196186,0.002106514060869813,0.0020969531033188105,0.0020969498436897993,0.00209694798104465,0.002096939366310835,0.0020969510078430176,0.0020969409961253405,0.0020969444885849953,0.0020969449542462826,0.002096949378028512,0.0020969421602785587,0.0020969477482140064,0.002096946816891432,0.00209694798104465,0.0020969510078430176,0.002096939366310835,0.0021052155643701553,0.002097012475132942,0.0020969489123672247,0.002097633434459567,0.002096946816891432,0.0020969463512301445,0.0020981363486498594,0.002097338903695345,0.002097353572025895,0.0020980341359972954,0.0020969416946172714,0.0020969435572624207,0.002096942625939846,0.002097338903695345,0.002105614636093378,0.0020969496108591557,0.0020969498436897993,0.0020969631150364876,0.002096956130117178,0.0020969631150364876,0.002096947282552719,0.0020969556644558907,0.0020971540361642838,0.0020969482138752937,0.0020969389006495476,0.0020969477482140064,0.002100997604429722,0.0021009454503655434,0.0021174242720007896,0.0021010064519941807,0.002113032154738903,0.002103944541886449,0.002111078705638647,0.002096953336149454,0.002096951939165592,0.0021009533666074276,0.0020969463512301445,0.002096944721415639,0.002096949378028512,0.0020969496108591557,0.0020969484467059374,0.0020969449542462826,0.00209694798104465,0.002096976153552532,0.0020969451870769262,0.0020975822117179632,0.002101493999361992,0.0020969470497220755,0.002096960786730051,0.002096943324431777,0.0020969428587704897,0.0020969463512301445,0.0020969356410205364,0.002096945885568857,0.0020969423931092024,0.0020969535689800978,0.002096954733133316,0.0020969421602785587,0.0020969463512301445,0.002096944022923708,0.002096950076520443,0.0020969449542462826,0.002097049029543996,0.0020973586943000555,0.002098092343658209,0.0020976350642740726,0.002097543329000473,0.0020979014225304127,0.0020969538018107414,0.002100961748510599,0.0020969409961253405,0.00209695752710104,0.002096950076520443,0.0020971165504306555,0.0020970995537936687,0.0020974876824766397,0.002096950076520443,0.002097034826874733,0.0021010313648730516,0.0020970748737454414
laryngeal_tissues,0.0020784777589142323,0.0020784554071724415,0.0020784626249223948,0.0020784600637853146,0.0020867781713604927,0.0021114086266607046,0.0,0.0020784626249223948,0.0020785583183169365,0.0020784526132047176,0.002078642835840583,0.002078459830954671,0.0020784460939466953,0.0020784588996320963,0.0020789853297173977,0.0020784633234143257,0.0020784593652933836,0.0020784626249223948,0.0020784493535757065,0.002078461227938533,0.002078460995107889,0.002078454475849867,0.0020784614607691765,0.0020784460939466953,0.002078446326777339,0.0020784579683095217,0.0020784633234143257,0.0020788100082427263,0.002078510355204344,0.0020825457759201527,0.0020787182729691267,0.0020880233496427536,0.002078462392091751,0.00207845913246274,0.0020784572698175907,0.002078448422253132,0.002078460296615958,0.002078450284898281,0.002078453777357936,0.0020784540101885796,0.0020784586668014526,0.0020784514490514994,0.0020784572698175907,0.002078456338495016,0.0020784572698175907,0.002078460296615958,0.002078448422253132,0.0020867250859737396,0.002078521763905883,0.0020784582011401653,0.0020791427232325077,0.0020784561056643724,0.002078455640003085,0.0020796456374228,0.0020788481924682856,0.0020788628607988358,0.002079543424770236,0.0020784512162208557,0.0020784528460353613,0.002078451681882143,0.002078847959637642,0.0020871239248663187,0.0020784588996320963,0.00207845913246274,0.002078472403809428,0.002078465186059475,0.002078472636640072,0.002078456338495016,0.002078465186059475,0.0020786633249372244,0.0020784572698175907,0.002078448189422488,0.0020784572698175907,0.0020825068932026625,0.0020824545063078403,,0.002082515973597765,0.0020945416763424873,0.0020854538306593895,0.0020925879944115877,0.0020784626249223948,0.002078460995107889,0.002082462888211012,0.002078455640003085,0.0020784540101885796,0.0020784586668014526,0.00207845913246274,0.002078457735478878,0.0020784540101885796,0.0020784572698175907,0.002078485442325473,0.002078454475849867,0.002079091500490904,0.0020830032881349325,0.002078456338495016,0.0020784703083336353,0.0020784526132047176,0.0020784521475434303,0.0020784554071724415,0.002078444929793477,0.002078455174341798,0.002078451681882143,0.0020784628577530384,0.0020784642547369003,0.0020784514490514994,0.0020784554071724415,0.0020784533116966486,0.00207845913246274,0.002078454243019223,0.0020785583183169365,0.002078867983072996,0.0020796016324311495,0.0020791443530470133,0.0020790526177734137,0.0020794104784727097,0.0020784633234143257,0.0020824710372835398,0.002078450284898281,0.002078467048704624,0.0020784593652933836,0.002078625839203596,0.002078609075397253,0.0020789969712495804,0.0020784593652933836,0.00207854388281703,0.0020825406536459923,0.002078584162518382
nerthus_bowel_cleansing_quality,0.002064022235572338,0.002064000116661191,0.0020640073344111443,0.002064004773274064,0.002072323113679886,0.002096953336149454,0.0020784626249223948,0.0,0.0020641027949750423,0.002063997322693467,0.0020641875453293324,0.0020640045404434204,0.002063990803435445,0.002064003609120846,0.002064530039206147,0.0020640078000724316,0.002064004074782133,0.0020640073344111443,0.002063994063064456,0.0020640059374272823,0.0020640057045966387,0.0020639989525079727,0.0020640064030885696,0.002063990570604801,0.0020639910362660885,0.002064002677798271,0.0020640080329030752,0.002064354717731476,0.0020640550646930933,0.0020680902525782585,0.002064262982457876,0.002073568059131503,0.0020640071015805006,0.0020640038419514894,0.0020640019793063402,0.002063993364572525,0.0020640050061047077,0.0020639949943870306,0.0020639984868466854,0.0020639989525079727,0.002064003376290202,0.002063996158540249,0.0020640017464756966,0.002064000815153122,0.0020640019793063402,0.0020640050061047077,0.002063993364572525,0.0020722695626318455,0.0020640664733946323,0.002064002910628915,0.002064687432721257,0.002064000815153122,0.0020640003494918346,0.0020651903469115496,0.002064392901957035,0.0020644075702875853,0.0020650881342589855,0.0020639956928789616,0.002063997555524111,0.002063996624201536,0.002064392901957035,0.002072668634355068,0.002064003609120846,0.0020640038419514894,0.0020640171132981777,0.002064010128378868,0.0020640171132981777,0.0020640012808144093,0.002064009662717581,0.002064208034425974,0.002064002212136984,0.0020639928989112377,0.0020640017464756966,0.002068051602691412,0.0020679994486272335,0.0020844782702624798,,0.002080086153000593,0.002070998540148139,0.0020781327039003372,0.0020640073344111443,0.0020640059374272823,0.0020680073648691177,0.0020640003494918346,0.002063998719677329,0.002064003376290202,0.002064003609120846,0.0020640024449676275,0.0020639989525079727,0.0020640019793063402,0.0020640301518142223,0.0020639991853386164,0.0020646362099796534,0.002068547997623682,0.0020640010479837656,0.002064014784991741,0.002063997322693467,0.00206399685703218,0.0020640003494918346,0.0020639896392822266,0.0020639998838305473,0.0020639963913708925,0.002064007567241788,0.002064008731395006,0.002063996158540249,0.0020640003494918346,0.002063998021185398,0.002064004074782133,0.0020639989525079727,0.002064103027805686,0.0020644126925617456,0.002065146341919899,0.002064689062535763,0.002064597327262163,0.002064955420792103,0.0020640078000724316,0.0020680157467722893,0.0020639949943870306,0.00206401152536273,0.002064004074782133,0.0020641705486923456,0.002064153552055359,0.00206454168073833,0.002064004074782133,0.002064088825136423,0.0020680853631347418,0.0020641288720071316
stanford_dogs_image_categorization,0.00206411792896688,0.0020640958100557327,0.0020641027949750423,0.002064100466668606,0.002072418574243784,0.002097048796713352,0.0020785583183169365,0.0020641027949750423,0.0,0.002064093016088009,0.0020642830058932304,0.0020641000010073185,0.0020640864968299866,0.002064099069684744,0.002064625732600689,0.0020641034934669733,0.002064099535346031,0.0020641027949750423,0.0020640897564589977,0.0020641013979911804,0.0020641013979911804,0.0020640946459025145,0.0020641018636524677,0.002064086263999343,0.0020640864968299866,0.0020640981383621693,0.002064103726297617,0.002064450178295374,0.002064150758087635,0.0020681859459728003,0.0020643584430217743,0.002073663752526045,0.0020641027949750423,0.002064099535346031,0.002064097672700882,0.002064088825136423,0.002064100466668606,0.0020640906877815723,0.0020640939474105835,0.002064094413071871,0.002064099069684744,0.002064091619104147,0.0020640974398702383,0.0020640965085476637,0.002064097672700882,0.002064100466668606,0.002064088825136423,0.002072365256026387,0.0020641619339585304,0.0020640986040234566,0.002064783126115799,0.00206409627571702,0.0020640958100557327,0.0020652860403060913,0.002064488362520933,0.002064503263682127,0.0020651835948228836,0.0020640913862735033,0.002064093016088009,0.0020640920847654343,0.002064488362520933,0.0020727640949189663,0.002064099069684744,0.002064099535346031,0.002064112573862076,0.002064105588942766,0.0020641128066927195,0.0020640967413783073,0.0020641053561121225,0.002064303494989872,0.002064097672700882,0.002064088359475136,0.0020640974398702383,0.00206814706325531,0.0020680949091911316,0.002084573730826378,0.0020681561436504126,0.002080181846395135,0.0020710942335426807,0.0020782281644642353,0.0020641027949750423,0.0020641013979911804,0.0020681030582636595,0.0020640958100557327,0.002064094413071871,0.002064099069684744,0.0020640993025153875,0.0020640981383621693,0.002064094413071871,0.002064097672700882,0.0020641256123781204,0.002064094878733158,0.002064731903374195,0.00206864345818758,0.0020640967413783073,0.002064110478386283,0.002064093016088009,0.0020640925504267216,0.0020640958100557327,0.0020640850998461246,0.0020640953443944454,0.0020640920847654343,0.0020641032606363297,0.002064104424789548,0.002064091619104147,0.0020640958100557327,0.002064093481749296,0.002064099535346031,0.002064094413071871,0.0020641987212002277,0.0020645083859562874,0.002065241802483797,0.002064784523099661,0.0020646927878260612,0.002065050881356001,0.0020641034934669733,0.0020681112073361874,0.0020640906877815723,0.0020641072187572718,0.002064099535346031,0.0020642662420868874,0.0020642492454499006,0.0020646373741328716,0.002064099535346031,0.002064184285700321,0.0020681810565292835,0.0020642243325710297
svhn,0.0020640124566853046,0.002063990104943514,0.002063997322693467,0.002063994761556387,0.002072312869131565,0.002096943324431777,0.0020784526132047176,0.002063997322693467,0.002064093016088009,0.0,0.0020641775336116552,0.0020639945287257433,0.0020639807917177677,0.0020639935974031687,0.00206452002748847,0.002063998021185398,0.002063994063064456,0.002063997322693467,0.002063984051346779,0.0020639959257096052,0.0020639956928789616,0.0020639891736209393,0.002063996158540249,0.0020639807917177677,0.0020639810245484114,0.002063992666080594,0.002063998021185398,0.0020643447060137987,0.002064045052975416,0.002068080473691225,0.002064252970740199,0.002073558047413826,0.0020639970898628235,0.0020639938302338123,0.002063991967588663,0.0020639831200242043,0.0020639949943870306,0.0020639849826693535,0.0020639884751290083,0.002063988707959652,0.002063993364572525,0.0020639861468225718,0.002063991967588663,0.0020639910362660885,0.002063991967588663,0.0020639949943870306,0.0020639831200242043,0.002072259783744812,0.0020640564616769552,0.0020639928989112377,0.00206467742100358,0.002063990803435445,0.0020639903377741575,0.0020651803351938725,0.002064382890239358,0.002064397558569908,0.0020650781225413084,0.002063985913991928,0.0020639875438064337,0.0020639863796532154,0.0020643826574087143,0.002072658622637391,0.0020639935974031687,0.0020639938302338123,0.0020640071015805006,0.0020639998838305473,0.0020640073344111443,0.0020639910362660885,0.0020639998838305473,0.0020641980227082968,0.002063991967588663,0.0020639828871935606,0.002063991967588663,0.002068041590973735,0.0020679892040789127,0.0020844682585448027,0.0020680506713688374,,0.002070988528430462,0.00207812269218266,0.002063997322693467,0.0020639956928789616,0.0020679975859820843,0.0020639903377741575,0.002063988707959652,0.002063993364572525,0.0020639938302338123,0.0020639924332499504,0.002063988707959652,0.002063991967588663,0.0020640201400965452,0.0020639891736209393,0.0020646261982619762,0.002068537985906005,0.0020639910362660885,0.0020640050061047077,0.00206398731097579,0.0020639868453145027,0.002063990104943514,0.0020639796275645494,0.00206398987211287,0.0020639863796532154,0.002063997555524111,0.0020639989525079727,0.0020639861468225718,0.002063990104943514,0.002063988009467721,0.0020639938302338123,0.0020639889407902956,0.002064093016088009,0.0020644026808440685,0.002065136330202222,0.0020646790508180857,0.002064587315544486,0.002064945176243782,0.002063998021185398,0.002068005735054612,0.0020639849826693535,0.0020640017464756966,0.002063994063064456,0.0020641605369746685,0.0020641437731683254,0.0020645316690206528,0.002063994063064456,0.0020640785805881023,0.0020680753514170647,0.0020641188602894545
caltech101_object_classification,0.002064202446490526,0.002064180327579379,0.0020641875453293324,0.002064184984192252,0.002072503324598074,0.002097133547067642,0.002078642835840583,0.0020641875453293324,0.0020642830058932304,0.0020641775336116552,0.0,0.002064181724563241,0.002064171014353633,0.002064183820039034,0.0020647102501243353,0.0020641880109906197,0.002064184285700321,0.0020641875453293324,0.002064174273982644,0.0020641861483454704,0.0020641859155148268,0.002064179163426161,0.0020641866140067577,0.0020641707815229893,0.0020641712471842766,0.0020641828887164593,0.0020641882438212633,0.002064534928649664,0.0020642352756112814,0.0020682704634964466,0.0020644431933760643,0.002073748270049691,0.0020641873124986887,0.0020641840528696775,0.0020641821902245283,0.002064173575490713,0.002064185217022896,0.0020641752053052187,0.0020641786977648735,0.002064179163426161,0.0020641835872083902,0.002064176369458437,0.0020641819573938847,0.00206418102607131,0.0020641821902245283,0.002064185217022896,0.002064173575490713,0.0020724497735500336,0.0020642466843128204,0.002064183121547103,0.0020648676436394453,0.00206418102607131,0.0020641805604100227,0.0020653705578297377,0.002064573112875223,0.0020645877812057734,0.0020652683451771736,0.0020641759037971497,0.002064177766442299,0.0020641768351197243,0.002064573112875223,0.0020728488452732563,0.002064183820039034,0.0020641840528696775,0.002064197324216366,0.002064190339297056,0.002064197324216366,0.0020641814917325974,0.002064189873635769,0.002064388245344162,0.002064182423055172,0.002064173109829426,0.0020641819573938847,0.0020682318136096,0.0020681796595454216,0.002084658481180668,0.002068240661174059,0.0020802663639187813,0.002071178751066327,0.0020783129148185253,0.0020641875453293324,0.0020641861483454704,0.002068187575787306,0.0020641805604100227,0.002064178930595517,0.0020641835872083902,0.002064183820039034,0.0020641826558858156,0.002064179163426161,0.0020641821902245283,0.0020642103627324104,0.0020641793962568045,0.0020648164208978415,0.00206872820854187,0.0020641812589019537,0.0020641949959099293,0.0020641775336116552,0.002064177067950368,0.0020641805604100227,0.0020641698502004147,0.0020641800947487354,0.0020641766022890806,0.002064187778159976,0.0020641889423131943,0.002064176369458437,0.0020641805604100227,0.002064178232103586,0.002064184285700321,0.002064179163426161,0.002064283238723874,0.0020645929034799337,0.002065326552838087,0.002064869273453951,0.0020647775381803513,0.002065135631710291,0.0020641880109906197,0.0020681959576904774,0.0020641752053052187,0.002064191736280918,0.002064184285700321,0.0020643507596105337,0.002064333762973547,0.002064721891656518,0.002064184285700321,0.002064269036054611,0.00206826557405293,0.0020643090829253197
caltech256_object_classification,0.0020640194416046143,0.002063997322693467,0.0020640045404434204,0.0020640019793063402,0.002072320319712162,0.0020969505421817303,0.002078459830954671,0.0020640045404434204,0.0020641000010073185,0.0020639945287257433,0.002064181724563241,0.0,0.002063988009467721,0.002064000815153122,0.0020645272452384233,0.0020640050061047077,0.0020640012808144093,0.0020640045404434204,0.002063991269096732,0.0020640031434595585,0.002064002910628915,0.002063996158540249,0.002064003609120846,0.0020639877766370773,0.0020639882422983646,0.0020639998838305473,0.0020640052389353514,0.002064351923763752,0.0020640522707253695,0.0020680874586105347,0.0020642601884901524,0.0020735652651637793,0.0020640043076127768,0.0020640010479837656,0.0020639991853386164,0.002063990570604801,0.002064002212136984,0.0020639922004193068,0.0020639956928789616,0.002063996158540249,0.0020640005823224783,0.002063993364572525,0.0020639989525079727,0.002063998021185398,0.0020639991853386164,0.002064002212136984,0.002063990570604801,0.0020722667686641216,0.0020640636794269085,0.002064000116661191,0.0020646846387535334,0.002063998021185398,0.002063997555524111,0.0020651875529438257,0.0020643901079893112,0.0020644047763198614,0.0020650853402912617,0.0020639928989112377,0.002063994761556387,0.0020639938302338123,0.0020643901079893112,0.0020726658403873444,0.002064000815153122,0.0020640010479837656,0.002064014319330454,0.0020640073344111443,0.002064014319330454,0.0020639984868466854,0.002064006868749857,0.00206420524045825,0.00206399941816926,0.002063990104943514,0.0020639989525079727,0.002068048808723688,0.0020679966546595097,0.002084475476294756,0.002068057656288147,0.0020800833590328693,0.002070995746180415,0.0020781299099326134,0.0020640045404434204,0.0020640031434595585,0.002068004570901394,0.002063997555524111,0.0020639959257096052,0.0020640005823224783,0.002064000815153122,0.0020639996509999037,0.002063996158540249,0.0020639991853386164,0.0020640273578464985,0.0020639963913708925,0.0020646334160119295,0.002068545203655958,0.0020639982540160418,0.0020640119910240173,0.0020639945287257433,0.002063994063064456,0.002063997555524111,0.0020639868453145027,0.0020639970898628235,0.0020639935974031687,0.002064004773274064,0.0020640059374272823,0.002063993364572525,0.002063997555524111,0.0020639952272176743,0.0020640012808144093,0.002063996158540249,0.002064100233837962,0.002064409898594022,0.002065143547952175,0.002064686268568039,0.0020645945332944393,0.002064952626824379,0.0020640050061047077,0.0020680129528045654,0.0020639922004193068,0.002064008731395006,0.0020640012808144093,0.0020641677547246218,0.002064150758087635,0.002064538886770606,0.0020640012808144093,0.0020640860311686993,0.002068082569167018,0.0020641260780394077
cifar10_object_classification,0.0020640059374272823,0.0020639835856854916,0.002063990803435445,0.0020639882422983646,0.002072306349873543,0.0020969368051737547,0.0020784460939466953,0.002063990803435445,0.0020640864968299866,0.0020639807917177677,0.002064171014353633,0.002063988009467721,0.0,0.0020639870781451464,0.0020645135082304478,0.002063991501927376,0.0020639875438064337,0.002063990803435445,0.0020639775320887566,0.002063989406451583,0.0020639891736209393,0.002063982654362917,0.0020639896392822266,0.0020639742724597454,0.002063974505290389,0.0020639861468225718,0.002063991501927376,0.0020643381867557764,0.002064038533717394,0.0020680739544332027,0.0020642464514821768,0.0020735515281558037,0.002063990570604801,0.00206398731097579,0.002063985448330641,0.002063976600766182,0.0020639884751290083,0.002063978463411331,0.002063981955870986,0.0020639821887016296,0.0020639868453145027,0.0020639796275645494,0.002063985448330641,0.002063984517008066,0.002063985448330641,0.0020639884751290083,0.002063976600766182,0.0020722532644867897,0.002064049942418933,0.0020639863796532154,0.002064670901745558,0.0020639842841774225,0.002063983818516135,0.00206517381593585,0.0020643763709813356,0.002064391039311886,0.002065071603283286,0.002063979394733906,0.0020639810245484114,0.002063979860395193,0.002064376138150692,0.0020726521033793688,0.0020639870781451464,0.00206398731097579,0.0020640005823224783,0.002063993364572525,0.002064000815153122,0.002063984517008066,0.002063993364572525,0.0020641915034502745,0.002063985448330641,0.0020639763679355383,0.002063985448330641,0.0020680350717157125,0.0020679826848208904,0.0020844617392867804,0.002068044152110815,0.0020800698548555374,,0.002078116172924638,0.002063990803435445,0.0020639891736209393,0.002067991066724062,0.002063983818516135,0.0020639821887016296,0.0020639868453145027,0.00206398731097579,0.002063985913991928,0.0020639821887016296,0.002063985448330641,0.002064013620838523,0.002063982654362917,0.002064619679003954,0.0020685314666479826,0.002063984517008066,0.0020639984868466854,0.0020639807917177677,0.0020639803260564804,0.0020639835856854916,0.002063973108306527,0.002063983352854848,0.002063979860395193,0.0020639910362660885,0.0020639924332499504,0.0020639796275645494,0.0020639835856854916,0.0020639814902096987,0.00206398731097579,0.0020639824215322733,0.0020640864968299866,0.0020643961615860462,0.0020651298109441996,0.0020646725315600634,0.0020645807962864637,0.0020649386569857597,0.002063991501927376,0.00206799921579659,0.002063978463411331,0.0020639952272176743,0.0020639875438064337,0.002064154017716646,0.002064137253910303,0.0020645251497626305,0.0020639875438064337,0.00206407206133008,0.0020680688321590424,0.002064112341031432
