,lapgyn4_anatomical_structures,lapgyn4_surgical_actions,lapgyn4_instrument_count,lapgyn4_anatomical_actions,sklin2_skin_lesions,identify_nbi_infframes,laryngeal_tissues,nerthus_bowel_cleansing_quality,stanford_dogs_image_categorization,svhn,caltech101_object_classification,caltech256_object_classification,cifar10_object_classification,cifar100_object_classification,mnist_digit_classification,emnist_digit_classification,hyperkvasir_anatomical-landmarks,hyperkvasir_pathological-findings,hyperkvasir_quality-of-mucosal-views,hyperkvasir_therapeutic-interventions,cholec80_grasper_presence,cholec80_bipolar_presence,cholec80_hook_presence,cholec80_scissors_presence,cholec80_clipper_presence,cholec80_irrigator_presence,cholec80_specimenbag_presence,derm7pt_skin_lesions,idle_action_recognition,barretts_esophagus_diagnosis,brain_tumor_classification,mednode_melanoma_classification,brain_tumor_type_classification,chexpert_enlarged_cardiomediastinum,chexpert_cardiomegaly,chexpert_lung_opacity,chexpert_lung_lesion,chexpert_edema,chexpert_consolidation,chexpert_pneumonia,chexpert_atelectasis,chexpert_pneumothorax,chexpert_pleural_effusion,chexpert_pleural_other,chexpert_fracture,chexpert_support_devices,pneumonia_classification,ph2-melanocytic-lesions-classification,covid_xray_classification,isic20_melanoma_classification,deep_drid_dr_level,shenzen_chest_xray_tuberculosis,crawled_covid_ct_classification,deep_drid_quality,deep_drid_clarity,deep_drid_field,deep_drid_artifact,kvasir_capsule_anatomy,kvasir_capsule_content,kvasir_capsule_pathologies,breast_cancer_classification_v2,eye_condition_classification,mura_xr_wrist,mura_xr_shoulder,mura_xr_humerus,mura_xr_hand,mura_xr_forearm,mura_xr_finger,mura_xr_elbow,bean_plant_disease_classification,aptos19_blindness_detection,lapgyn4_anatomical_structures --shrink_train 800,lapgyn4_surgical_actions --shrink_train 800,lapgyn4_instrument_count --shrink_train 800,lapgyn4_anatomical_actions --shrink_train 800,laryngeal_tissues --shrink_train 800,nerthus_bowel_cleansing_quality --shrink_train 800,svhn --shrink_train 800,cifar10_object_classification --shrink_train 800,mnist_digit_classification --shrink_train 800,hyperkvasir_anatomical-landmarks --shrink_train 800,hyperkvasir_pathological-findings --shrink_train 800,hyperkvasir_quality-of-mucosal-views --shrink_train 800,hyperkvasir_therapeutic-interventions --shrink_train 800,cholec80_grasper_presence --shrink_train 800,cholec80_bipolar_presence --shrink_train 800,cholec80_hook_presence --shrink_train 800,cholec80_scissors_presence --shrink_train 800,cholec80_clipper_presence --shrink_train 800,cholec80_irrigator_presence --shrink_train 800,cholec80_specimenbag_presence --shrink_train 800,idle_action_recognition --shrink_train 800,brain_tumor_classification --shrink_train 800,brain_tumor_type_classification --shrink_train 800,chexpert_enlarged_cardiomediastinum --shrink_train 800,chexpert_cardiomegaly --shrink_train 800,chexpert_lung_opacity --shrink_train 800,chexpert_lung_lesion --shrink_train 800,chexpert_edema --shrink_train 800,chexpert_consolidation --shrink_train 800,chexpert_pneumonia --shrink_train 800,chexpert_atelectasis --shrink_train 800,chexpert_pneumothorax --shrink_train 800,chexpert_pleural_effusion --shrink_train 800,chexpert_pleural_other --shrink_train 800,chexpert_fracture --shrink_train 800,chexpert_support_devices --shrink_train 800,pneumonia_classification --shrink_train 800,covid_xray_classification --shrink_train 800,isic20_melanoma_classification --shrink_train 800,deep_drid_dr_level --shrink_train 800,deep_drid_quality --shrink_train 800,deep_drid_clarity --shrink_train 800,deep_drid_field --shrink_train 800,deep_drid_artifact --shrink_train 800,kvasir_capsule_anatomy --shrink_train 800,kvasir_capsule_content --shrink_train 800,kvasir_capsule_pathologies --shrink_train 800,mura_xr_wrist --shrink_train 800,mura_xr_shoulder --shrink_train 800,mura_xr_humerus --shrink_train 800,mura_xr_hand --shrink_train 800,mura_xr_forearm --shrink_train 800,mura_xr_finger --shrink_train 800,mura_xr_elbow --shrink_train 800,bean_plant_disease_classification --shrink_train 800,aptos19_blindness_detection --shrink_train 800
lapgyn4_anatomical_structures,0.0,0.040774814784526825,0.04124629124999046,0.042349010705947876,0.04548586532473564,0.04777050390839577,0.05157884210348129,0.0445665679872036,0.044245846569538116,0.051754649728536606,0.044133611023426056,0.04359523952007294,0.045118462294340134,0.04490440711379051,0.05594243109226227,0.056730322539806366,0.04286201670765877,0.042434729635715485,0.04393182694911957,0.04303180053830147,0.04191852733492851,0.041726622730493546,0.04210982471704483,0.04196696728467941,0.0419192798435688,0.042226873338222504,0.04221568629145622,0.045551978051662445,0.044641003012657166,0.04568448290228844,0.048639122396707535,0.04676448926329613,0.04919861629605293,0.04550817236304283,0.045420367270708084,0.04596390202641487,0.045615460723638535,0.04618571326136589,0.04546434432268143,0.04545107111334801,0.04615900665521622,0.04602954536676407,0.04573536664247513,0.045535992830991745,0.045701250433921814,0.04667365178465843,0.047919999808073044,0.045927196741104126,0.048068299889564514,0.046467579901218414,0.052492059767246246,0.047830257564783096,0.04572227597236633,0.05138920247554779,0.05190452188253403,0.0518428198993206,0.05236433073878288,0.046879783272743225,0.04617449268698692,0.0466097854077816,0.04994772747159004,0.059578221291303635,0.046889010816812515,0.045236412435770035,0.046515438705682755,0.04699741676449776,0.04590851813554764,0.04610893502831459,0.046510856598615646,0.04745752736926079,0.049479324370622635,,0.041468486189842224,0.04080064594745636,0.04250333085656166,0.05250832810997963,0.0443754605948925,0.051114048808813095,0.04527181386947632,0.05594264343380928,0.042930833995342255,0.04253195598721504,0.0437922403216362,0.04329932853579521,0.04198462516069412,0.042042456567287445,0.04222015291452408,0.04224159196019173,0.04211631044745445,0.0421089269220829,0.04221082478761673,0.04484023153781891,0.049351274967193604,0.0496593676507473,0.04584544897079468,0.04563302546739578,0.045718345791101456,0.04547083005309105,0.04617500677704811,0.04598499462008476,0.045437611639499664,0.04627352952957153,0.04592711105942726,0.045990291982889175,0.04537284001708031,0.045562610030174255,0.0461764931678772,0.047722335904836655,0.047631122171878815,0.04679475724697113,0.05292849615216255,0.05166308954358101,0.052292875945568085,0.05284794047474861,0.05182892829179764,0.04654528200626373,0.04674191772937775,0.045824792236089706,0.04730438068509102,0.04554526135325432,0.04625720903277397,0.046932559460401535,0.04623827710747719,0.045961517840623856,0.04648936167359352,0.049372598528862,0.048877257853746414
lapgyn4_surgical_actions,0.040774814784526825,0.0,0.040020059794187546,0.04066018760204315,0.04458540678024292,0.04689161106944084,0.050493743270635605,0.04358043894171715,0.042972784489393234,0.05038303881883621,0.04274079576134682,0.04221236705780029,0.043742455542087555,0.043605174869298935,0.05442791432142258,0.055256444960832596,0.042349331080913544,0.041977740824222565,0.0429917573928833,0.042147863656282425,0.040948279201984406,0.04079375043511391,0.04098334163427353,0.040846023708581924,0.04082535207271576,0.04103400930762291,0.040997669100761414,0.044543057680130005,0.043103739619255066,0.0446656309068203,0.04769149795174599,0.045950211584568024,0.04794926196336746,0.04435069486498833,0.044164422899484634,0.044737450778484344,0.044365592300891876,0.04488068446516991,0.04424154385924339,0.04424118623137474,0.04494324326515198,0.044783227145671844,0.04450368508696556,0.044316571205854416,0.044498808681964874,0.04541604593396187,0.046721283346414566,0.04499488323926926,0.04684368148446083,0.04556673392653465,0.051414769142866135,0.04642295464873314,0.04434020817279816,0.05028766766190529,0.050828300416469574,0.05074860528111458,0.05124732479453087,0.04553137347102165,0.04486484080553055,0.045269738882780075,0.04862457141280174,0.05831856653094292,0.045191045850515366,0.04379062354564667,0.045020002871751785,0.0453360415995121,0.044244665652513504,0.04443258047103882,0.044896457344293594,0.046282459050416946,0.04832158610224724,0.04075627774000168,,0.04006366431713104,0.040648575872182846,0.05141158401966095,0.043418481945991516,0.049739688634872437,0.043897952884435654,0.0544172041118145,0.042248521000146866,0.042063549160957336,0.042939670383930206,0.04232731834053993,0.04088465869426727,0.04112077131867409,0.04103684052824974,0.04105924069881439,0.04087892174720764,0.04082034155726433,0.04102513939142227,0.043314140290021896,0.048423197120428085,0.04841917008161545,0.04459182173013687,0.04434211552143097,0.0445014126598835,0.04431178793311119,0.04494362324476242,0.044740427285432816,0.04423769935965538,0.04503609612584114,0.044679492712020874,0.04475032538175583,0.04415375739336014,0.04427985101938248,0.04487200081348419,0.04653697833418846,0.0464303195476532,0.046012796461582184,0.0518375039100647,0.05056711286306381,0.051191989332437515,0.05173544958233833,0.050723589956760406,0.04517494887113571,0.04542195424437523,0.044520214200019836,0.04557758942246437,0.04415564984083176,0.044729892164468765,0.04525125026702881,0.044532474130392075,0.04432782903313637,0.04486335441470146,0.04819519817829132,0.047717392444610596
lapgyn4_instrument_count,0.04124629124999046,0.040020059794187546,0.0,0.04034148529171944,0.04454699531197548,0.04714365676045418,0.05070183426141739,0.04344737529754639,0.04301353171467781,0.050458990037441254,0.04281986132264137,0.042262040078639984,0.0437176413834095,0.043610770255327225,0.054564084857702255,0.0553860105574131,0.04238613322377205,0.04205535724759102,0.04305052012205124,0.04222909361124039,0.04061635211110115,0.04060564562678337,0.04072445258498192,0.04049479216337204,0.04049123451113701,0.04073067009449005,0.04068015515804291,0.04464176669716835,0.04326348006725311,0.04475843533873558,0.0477522574365139,0.046099960803985596,0.04793901368975639,0.04429361969232559,0.04415133595466614,0.044747430831193924,0.044324856251478195,0.04490339010953903,0.04420779272913933,0.04423550143837929,0.044958945363759995,0.04477331414818764,0.04450405761599541,0.04426932334899902,0.04450816661119461,0.045461613684892654,0.046713687479496,0.045093875378370285,0.046831514686346054,0.045850880444049835,0.051187820732593536,0.046416837722063065,0.04429205134510994,0.05007350444793701,0.0505995973944664,0.050525564700365067,0.05102334916591644,0.045401718467473984,0.04476337879896164,0.04515162110328674,0.04880612716078758,0.058100976049900055,0.0451558381319046,0.043661247938871384,0.04491759091615677,0.0453324019908905,0.04417493939399719,0.04438653588294983,0.04482016712427139,0.046516161412000656,0.048092279583215714,0.04132828488945961,0.04010572284460068,,0.04034949094057083,0.051629528403282166,0.04328572377562523,0.049798619002103806,0.04389442130923271,0.0545632429420948,0.042327478528022766,0.042170751839876175,0.04297811910510063,0.042412035167217255,0.04062449187040329,0.040793631225824356,0.0406159833073616,0.040656253695487976,0.040585827082395554,0.04051753506064415,0.040662843734025955,0.04350106790661812,0.048478856682777405,0.04842614755034447,0.04456765577197075,0.04432026296854019,0.044500239193439484,0.04432567209005356,0.044997360557317734,0.044715043157339096,0.044218361377716064,0.045074161142110825,0.04470084607601166,0.04474442079663277,0.04411998763680458,0.04430512711405754,0.04489891976118088,0.04654442146420479,0.046445246785879135,0.046344269067049026,0.05161503702402115,0.05032923072576523,0.05098161846399307,0.05152430385351181,0.05051412805914879,0.04504392668604851,0.04532219469547272,0.04444750398397446,0.04554036259651184,0.04404063522815704,0.04463034123182297,0.045260362327098846,0.04443129524588585,0.044299859553575516,0.04477764293551445,0.048424042761325836,0.04751293361186981
lapgyn4_anatomical_actions,0.042349010705947876,0.04066018760204315,0.04034148529171944,0.0,0.0460364930331707,0.04840603098273277,0.051884375512599945,0.04513745754957199,0.04417530447244644,0.05171159654855728,0.04397926479578018,0.043428514152765274,0.04496884346008301,0.0448993481695652,0.05578969419002533,0.05663355439901352,0.044041119515895844,0.043782565742731094,0.04470306262373924,0.04390835016965866,0.04203500971198082,0.041952330619096756,0.042204488068819046,0.041883792728185654,0.041845545172691345,0.04227682575583458,0.04210712015628815,0.04600793868303299,0.04462752863764763,0.046204980462789536,0.04919983446598053,0.04744616150856018,0.04932369291782379,0.0458650216460228,0.04568379744887352,0.046262308955192566,0.04585745558142662,0.04637695103883743,0.045747023075819016,0.045777369290590286,0.04647760093212128,0.04628150910139084,0.04604221135377884,0.04583298787474632,0.04605398327112198,0.04693402722477913,0.0481213815510273,0.04653070494532585,0.04829132556915283,0.04720776900649071,0.05278421938419342,0.047928038984537125,0.04576874524354935,0.05163564160466194,0.05219147354364395,0.05210382491350174,0.05259733647108078,0.04688806086778641,0.046293050050735474,0.04672342911362648,0.05010553449392319,0.05958561971783638,0.046503715217113495,0.045187052339315414,0.046375785022974014,0.04672207310795784,0.04552486538887024,0.045722752809524536,0.04623514786362648,0.04768386855721474,0.04964955896139145,0.04246976599097252,0.040551237761974335,0.04052013158798218,,0.05280209705233574,0.0449841171503067,0.051058121025562286,0.045158758759498596,0.05577562004327774,0.04406951740384102,0.043872397392988205,0.04462669417262077,0.044070154428482056,0.042102593928575516,0.042192958295345306,0.04203014448285103,0.04209370166063309,0.041750580072402954,0.04185088351368904,0.04204817861318588,0.0448591373860836,0.0499112531542778,0.04982079565525055,0.046125005930662155,0.04584614560008049,0.04604332894086838,0.0458931103348732,0.04648415371775627,0.046252038329839706,0.0457543283700943,0.04656105116009712,0.04620252549648285,0.046270664781332016,0.045697763562202454,0.04578195884823799,0.04639265313744545,0.04794900119304657,0.047875139862298965,0.047723717987537384,0.05320680886507034,0.05190515145659447,0.052550308406353,0.05309419333934784,0.05207841843366623,0.04652540758252144,0.04684288799762726,0.04595053941011429,0.04687618836760521,0.045511480420827866,0.046063002198934555,0.04664485529065132,0.045780908316373825,0.04566587880253792,0.0461590401828289,0.04958464577794075,0.049081750214099884
sklin2_skin_lesions,0.04548586532473564,0.04458540678024292,0.04454699531197548,0.0460364930331707,0.0,0.048032719641923904,0.05048378184437752,0.0454617477953434,0.04403092712163925,0.050751931965351105,0.043809063732624054,0.04324767366051674,0.04469523951411247,0.04443052411079407,0.05485155060887337,0.05555988475680351,0.043924808502197266,0.04391923546791077,0.045242227613925934,0.04484880715608597,0.04458247125148773,0.044542886316776276,0.04466577619314194,0.04452674835920334,0.04449527710676193,0.04420894756913185,0.044402021914720535,0.042371101677417755,0.04516812786459923,0.04466520994901657,0.04783027991652489,0.04440326243638992,0.04842144250869751,0.04560646787285805,0.045644912868738174,0.04611949250102043,0.04573224484920502,0.04639270156621933,0.045575011521577835,0.04556684568524361,0.04620217904448509,0.04617488756775856,0.046033285558223724,0.045575398951768875,0.04597438871860504,0.04676369950175285,0.048257190734148026,0.04239816963672638,0.0485004223883152,0.043040789663791656,0.05021681636571884,0.048256371170282364,0.04536116123199463,0.0492301844060421,0.04965409263968468,0.04970604181289673,0.050275493413209915,0.045714400708675385,0.04504628852009773,0.045605145394802094,0.04890585318207741,0.05767785385251045,0.04669984057545662,0.045238327234983444,0.04615466296672821,0.04719870537519455,0.04566098377108574,0.046061161905527115,0.04609411954879761,0.046923037618398666,0.047077931463718414,0.04546118155121803,0.045081548392772675,0.04462826997041702,0.0459955558180809,0.0514264740049839,0.04531443864107132,0.050079893320798874,0.04483332857489586,0.0548354834318161,0.04382336512207985,0.04382479935884476,0.04523394629359245,0.04497857019305229,0.0444173701107502,0.04481743648648262,0.04501984268426895,0.04509664326906204,0.04499375447630882,0.044436391443014145,0.0446108877658844,0.04533906280994415,0.04851860925555229,0.04877067729830742,0.04605186730623245,0.04579363763332367,0.04581890255212784,0.04561365768313408,0.04640147462487221,0.046189773827791214,0.04553791880607605,0.04647911712527275,0.04605734348297119,0.046156033873558044,0.04548522084951401,0.045794785022735596,0.04631076380610466,0.04804283753037453,0.048048410564661026,0.04322008416056633,0.05071357637643814,0.0493503175675869,0.05014763027429581,0.05075692757964134,0.04971180483698845,0.04547900706529617,0.04557378590106964,0.04483392834663391,0.04706975445151329,0.04534522071480751,0.04599243775010109,0.047093525528907776,0.045976389199495316,0.04584613814949989,0.046043023467063904,0.04853260517120361,0.046658556908369064
identify_nbi_infframes,0.04777050390839577,0.04689161106944084,0.04714365676045418,0.04840603098273277,0.048032719641923904,0.0,0.05080297589302063,0.048786867409944534,0.04661646857857704,0.05201201140880585,0.046496689319610596,0.04599444940686226,0.04732957482337952,0.04709260165691376,0.05646388232707977,0.05699186772108078,0.047117505222558975,0.046990618109703064,0.04815739765763283,0.0476076602935791,0.0472039096057415,0.047087304294109344,0.04738498851656914,0.047201335430145264,0.047129590064287186,0.046943433582782745,0.047052521258592606,0.04769556224346161,0.04774170368909836,0.047416992485523224,0.04993373900651932,0.048956532031297684,0.05150695517659187,0.04861923307180405,0.048438940197229385,0.048731811344623566,0.04863734170794487,0.04899665340781212,0.048449333757162094,0.0483243390917778,0.048733435571193695,0.0489841103553772,0.04876469820737839,0.048592180013656616,0.048704907298088074,0.04926304891705513,0.050846025347709656,0.04821600392460823,0.0513145849108696,0.04815983027219772,0.05451622232794762,0.05138017609715462,0.04875379055738449,0.05340563878417015,0.05397458374500275,0.05395286902785301,0.05439804494380951,0.05010749399662018,0.049276456236839294,0.049918193370103836,0.050541095435619354,0.06140679121017456,0.04927172511816025,0.048102423548698425,0.04864497110247612,0.05000684782862663,0.04818001016974449,0.0485575906932354,0.048796869814395905,0.05001034587621689,0.05189745873212814,0.04785529524087906,0.047368716448545456,0.04692988842725754,0.048521701246500015,0.051807742565870285,0.04849651828408241,0.05147659778594971,0.047366831451654434,0.05630466341972351,0.04701920598745346,0.04690299555659294,0.04816948249936104,0.04773931950330734,0.04721110686659813,0.047465573996305466,0.0477086566388607,0.04777737334370613,0.04762258008122444,0.04719071835279465,0.047445956617593765,0.04771825298666954,0.05056212842464447,0.05208120122551918,0.0489313006401062,0.04853314533829689,0.04857809096574783,0.04842531681060791,0.0488390289247036,0.04906845837831497,0.048571258783340454,0.04900969937443733,0.0487825945019722,0.0487649068236351,0.048494432121515274,0.048438817262649536,0.04889879748225212,0.050754159688949585,0.05082354322075844,0.04844779521226883,0.05500126630067825,0.05376989766955376,0.054307322949171066,0.05488157644867897,0.05384589731693268,0.049788039177656174,0.0498458594083786,0.049009308218955994,0.049686331301927567,0.04818457365036011,0.048482999205589294,0.049874886870384216,0.04855100437998772,0.0483277253806591,0.04881463944911957,0.05158224329352379,0.05128069967031479
laryngeal_tissues,0.05157884210348129,0.050493743270635605,0.05070183426141739,0.051884375512599945,0.05048378184437752,0.05080297589302063,0.0,0.05189153179526329,0.04855208098888397,0.04957662150263786,0.04830225557088852,0.04798608273267746,0.04757796600461006,0.04714883863925934,0.05661306157708168,0.05715629830956459,0.050938643515110016,0.05064884200692177,0.051457177847623825,0.05120499059557915,0.05105240270495415,0.050950128585100174,0.05122487619519234,0.05097673833370209,0.05096995458006859,0.0506257638335228,0.050807200372219086,0.04997676983475685,0.05077432841062546,0.05022507905960083,0.051963891834020615,0.05118900164961815,0.05411016196012497,0.05184967443346977,0.05171138048171997,0.05196990817785263,0.05175940319895744,0.05219901725649834,0.051697056740522385,0.05163345858454704,0.05199053883552551,0.05215511471033096,0.052017442882061005,0.05181785672903061,0.05194394290447235,0.05252741649746895,0.053849682211875916,0.050993822515010834,0.05430174246430397,0.04995692893862724,0.05727048218250275,0.05441386625170708,0.05143105238676071,0.05617958679795265,0.056722287088632584,0.05669276416301727,0.057148270308971405,0.052502915263175964,0.05169863626360893,0.05240396037697792,0.0532241016626358,0.06406804174184799,0.05193483829498291,0.051181454211473465,0.051821812987327576,0.05288151279091835,0.05111923813819885,0.05136770009994507,0.05163731053471565,0.05250361189246178,0.05469190701842308,0.05164310336112976,0.05116906017065048,0.05062298849225044,0.0518401600420475,,0.05162443593144417,0.04916886240243912,0.04733627289533615,0.056493137031793594,0.05074650049209595,0.050623223185539246,0.05145413801074028,0.05120926350355148,0.05078592151403427,0.051441021263599396,0.05150030553340912,0.051536306738853455,0.05138951912522316,0.050787005573511124,0.051124051213264465,0.050962235778570175,0.05245286598801613,0.05455266684293747,0.05213969573378563,0.0517737902700901,0.051855072379112244,0.05174826458096504,0.052195001393556595,0.05223913490772247,0.051811203360557556,0.0522397980093956,0.052006687968969345,0.0520513541996479,0.051728587597608566,0.05166000872850418,0.05216408520936966,0.05370787903666496,0.05377546697854996,0.050319794565439224,0.05777811259031296,0.05650464817881584,0.05709570646286011,0.05757395923137665,0.05660320818424225,0.05222278833389282,0.0522218719124794,0.051465414464473724,0.052322227507829666,0.0512089766561985,0.051646891981363297,0.0526910275220871,0.051403600722551346,0.05119214206933975,0.05156690999865532,0.054060935974121094,0.05413235351443291
nerthus_bowel_cleansing_quality,0.0445665679872036,0.04358043894171715,0.04344737529754639,0.04513745754957199,0.0454617477953434,0.048786867409944534,0.05189153179526329,0.0,0.04443604499101639,0.05130408704280853,0.04391543194651604,0.04341213405132294,0.04483368992805481,0.04461631178855896,0.05546003207564354,0.056229397654533386,0.0427120067179203,0.041525859385728836,0.040763311088085175,0.04182085394859314,0.04298213869333267,0.04285098612308502,0.042941223829984665,0.0428079217672348,0.04290170967578888,0.04267916828393936,0.04281476140022278,0.045351218432188034,0.043193887919187546,0.04593362286686897,0.048843659460544586,0.04742623120546341,0.04825642704963684,0.0452348068356514,0.045055363327264786,0.04550055414438248,0.04525719955563545,0.04571313410997391,0.04514515772461891,0.045058757066726685,0.04569374397397041,0.0457405149936676,0.0453883521258831,0.0450892373919487,0.0454171746969223,0.046197351068258286,0.047944579273462296,0.04597920924425125,0.04805267974734306,0.04674888774752617,0.051619432866573334,0.04772813618183136,0.0445852093398571,0.050500333309173584,0.051057275384664536,0.05100053548812866,0.051492489874362946,0.04457570239901543,0.04417895898222923,0.04429871588945389,0.04981366917490959,0.05873269960284233,0.04611048847436905,0.04418710991740227,0.04543091356754303,0.04639214649796486,0.044962912797927856,0.04519125446677208,0.04532671347260475,0.048056431114673615,0.048465628176927567,0.044668637216091156,0.04407954961061478,0.04368103668093681,0.045086633414030075,0.05280701816082001,,0.050640642642974854,0.044941119849681854,0.05548208951950073,0.04230426624417305,0.04177984222769737,0.04081994295120239,0.04158894717693329,0.04273267462849617,0.04319928213953972,0.043228354305028915,0.04331732541322708,0.043278276920318604,0.04289143532514572,0.04287657514214516,0.04330863058567047,0.04961949959397316,0.04864640533924103,0.04555720090866089,0.045098211616277695,0.045247968286275864,0.045138824731111526,0.04579600319266319,0.04569871351122856,0.04517965763807297,0.045922014862298965,0.04565802589058876,0.04546625167131424,0.04500307887792587,0.04522238299250603,0.04568687453866005,0.04779363051056862,0.047687217593193054,0.047328148037195206,0.05211406201124191,0.050825174897909164,0.05144685506820679,0.05199385806918144,0.05099932476878166,0.04435618966817856,0.044665850698947906,0.043787240982055664,0.046540841460227966,0.044368255883455276,0.04513967037200928,0.046271082013845444,0.04536467045545578,0.0450127013027668,0.04537549614906311,0.049919795244932175,0.04781641811132431
stanford_dogs_image_categorization,0.044245846569538116,0.042972784489393234,0.04301353171467781,0.04417530447244644,0.04403092712163925,0.04661646857857704,0.04855208098888397,0.04443604499101639,0.0,0.04845733195543289,0.04104037210345268,0.040614426136016846,0.04167424887418747,0.04196276143193245,0.052696533501148224,0.05346782132983208,0.04357422515749931,0.043404143303632736,0.04408189654350281,0.04351961985230446,0.04349469020962715,0.04339545965194702,0.043674807995557785,0.04341082647442818,0.0434221550822258,0.04322265088558197,0.04331545904278755,0.043861325830221176,0.04376750811934471,0.04353019967675209,0.046542778611183167,0.04500921443104744,0.04685993492603302,0.044369231909513474,0.04420756548643112,0.04458998516201973,0.04435436427593231,0.0447550043463707,0.04421447589993477,0.04420751705765724,0.04478256031870842,0.044692639261484146,0.044503103941679,0.04434938356280327,0.04451297968626022,0.04524494707584381,0.04636162519454956,0.044432494789361954,0.046708978712558746,0.04481172561645508,0.050300195813179016,0.046528447419404984,0.043780360370874405,0.049156248569488525,0.04973813518881798,0.04962174966931343,0.05010341480374336,0.04523124918341637,0.04436129331588745,0.044983599334955215,0.04731292650103569,0.05691339448094368,0.04447925463318825,0.043621283024549484,0.044411368668079376,0.04525091499090195,0.043607644736766815,0.043962717056274414,0.044243913143873215,0.04544941708445549,0.047366268932819366,0.044303592294454575,0.04342646151781082,0.043256815522909164,0.04411523789167404,0.04950553923845291,0.04419521987438202,0.0478353276848793,0.04191683605313301,0.05269946902990341,0.04347390681505203,0.043434321880340576,0.04402121901512146,0.043501224368810654,0.043174248188734055,0.043937962502241135,0.04389384016394615,0.04387045279145241,0.04374134540557861,0.0431835912168026,0.043540019541978836,0.043882641941308975,0.04713728651404381,0.04731770232319832,0.044613949954509735,0.044289685785770416,0.04441891983151436,0.04431798309087753,0.044809408485889435,0.044764019548892975,0.04426386579871178,0.04483223333954811,0.04463842511177063,0.04463782161474228,0.044170986860990524,0.04419583082199097,0.04478110373020172,0.04621804878115654,0.046218860894441605,0.04535048454999924,0.05074949190020561,0.04945749789476395,0.05009879171848297,0.050617288798093796,0.0495920293033123,0.044880930334329605,0.044935211539268494,0.044157978147268295,0.04485912248492241,0.04376225918531418,0.044132985174655914,0.04514456167817116,0.04382209852337837,0.04382295906543732,0.04410931468009949,0.04706151410937309,0.046814218163490295
svhn,0.051754649728536606,0.05038303881883621,0.050458990037441254,0.05171159654855728,0.050751931965351105,0.05201201140880585,0.04957662150263786,0.05130408704280853,0.04845733195543289,0.0,0.04800982400774956,0.04762030392885208,0.04578738659620285,0.045173682272434235,0.053244542330503464,0.053641002625226974,0.05068870261311531,0.050399050116539,0.05094359442591667,0.05060596019029617,0.050678398460149765,0.05064699426293373,0.05082116648554802,0.05058903247117996,0.05064041167497635,0.050223663449287415,0.05038265138864517,0.05052584037184715,0.05038838088512421,0.050387389957904816,0.05192677304148674,0.05211615562438965,0.05355983227491379,0.051215603947639465,0.05108631029725075,0.05137253925204277,0.05116279050707817,0.051526181399822235,0.051053375005722046,0.050981272011995316,0.051426999270915985,0.05150957405567169,0.05137816071510315,0.051175784319639206,0.051287420094013214,0.051911938935518265,0.053166307508945465,0.05128464847803116,0.05359731242060661,0.05114167928695679,0.0570109598338604,0.053751878440380096,0.05069665238261223,0.05592001974582672,0.0564655140042305,0.0564364530146122,0.056889694184064865,0.05205820873379707,0.05119330435991287,0.05187896639108658,0.05369872972369194,0.0637475848197937,0.05085475370287895,0.050332002341747284,0.05086793005466461,0.05192457139492035,0.050073400139808655,0.05004967004060745,0.05055687949061394,0.052719347178936005,0.05432967469096184,0.051792919635772705,0.050894737243652344,0.05062762275338173,0.051634207367897034,0.05018102750182152,0.05101148411631584,,0.045588839799165726,0.05320873111486435,0.05044794827699661,0.0504319928586483,0.0510164275765419,0.050563592463731766,0.05037814751267433,0.05111893266439438,0.05113828554749489,0.0511397160589695,0.05102423578500748,0.05043076351284981,0.050736404955387115,0.05052356421947479,0.0524502657353878,0.054041147232055664,0.051495183259248734,0.051067471504211426,0.051224492490291595,0.05111292004585266,0.051545798778533936,0.05160690099000931,0.05118788406252861,0.05162953957915306,0.051387969404459,0.05138595402240753,0.05110577121376991,0.05097462609410286,0.05152973532676697,0.053033966571092606,0.05309855937957764,0.051665544509887695,0.05752440541982651,0.05624625086784363,0.05684356391429901,0.057349082082509995,0.05635779723525047,0.051744602620601654,0.05174427852034569,0.05098650977015495,0.05125484615564346,0.050343502312898636,0.05067646875977516,0.05174638703465462,0.05031455680727959,0.04994019493460655,0.050500258803367615,0.05432755500078201,0.05377595126628876
caltech101_object_classification,0.044133611023426056,0.04274079576134682,0.04281986132264137,0.04397926479578018,0.043809063732624054,0.046496689319610596,0.04830225557088852,0.04391543194651604,0.04104037210345268,0.04800982400774956,0.0,0.040086135268211365,0.04162920266389847,0.041644565761089325,0.05191616714000702,0.05270944535732269,0.04330446198582649,0.043009914457798004,0.043618302792310715,0.04313504323363304,0.04317041486501694,0.04308449104428291,0.04330343008041382,0.04307040944695473,0.043108198791742325,0.042844850569963455,0.042939189821481705,0.04368508607149124,0.04315923526883125,0.04363005980849266,0.04599897935986519,0.045092955231666565,0.04641558229923248,0.04409811273217201,0.04397193342447281,0.044389866292476654,0.044059209525585175,0.04449205845594406,0.043963443487882614,0.043954361230134964,0.04452203959226608,0.04445347934961319,0.04428563266992569,0.04405737295746803,0.044269535690546036,0.04499751701951027,0.04615168273448944,0.04434463381767273,0.046454332768917084,0.044569652527570724,0.04983712360262871,0.046295274049043655,0.043207041919231415,0.04870929941534996,0.04927588626742363,0.04919210076332092,0.04966976121068001,0.04454941302537918,0.04375329613685608,0.04436894878745079,0.04706372693181038,0.05650722607970238,0.044062163680791855,0.043176598846912384,0.043951280415058136,0.04477391764521599,0.04310407117009163,0.043334513902664185,0.043714746832847595,0.04520176351070404,0.04697045311331749,0.044161606580019,0.04329490289092064,0.043044645339250565,0.043900150805711746,0.04921339079737663,0.04369498789310455,0.047386284917593,0.04177539050579071,0.051879435777664185,0.0431598536670208,0.043071601539850235,0.04362628236413002,0.04310346394777298,0.04283955320715904,0.043633513152599335,0.04356294870376587,0.043578051030635834,0.04340163245797157,0.04288607835769653,0.04318933188915253,0.04330774396657944,0.04660966247320175,0.04687841609120369,0.044384680688381195,0.044036563485860825,0.04421509429812431,0.0440608412027359,0.04458653926849365,0.04450523480772972,0.04402550682425499,0.0446605384349823,0.04437801241874695,0.04441927373409271,0.04393172636628151,0.04393879696726799,0.04452240839600563,0.04597450792789459,0.045971814543008804,0.04515579715371132,0.05028638243675232,0.04902699589729309,0.049619559198617935,0.05014181137084961,0.04915057122707367,0.04421276971697807,0.0443163737654686,0.04353659600019455,0.0444638729095459,0.043260607868433,0.04364650696516037,0.044633328914642334,0.043390918523073196,0.043222006410360336,0.043628398329019547,0.04686965048313141,0.04643108323216438
caltech256_object_classification,0.04359523952007294,0.04221236705780029,0.042262040078639984,0.043428514152765274,0.04324767366051674,0.04599444940686226,0.04798608273267746,0.04341213405132294,0.040614426136016846,0.04762030392885208,0.040086135268211365,0.0,0.041264940053224564,0.04127117618918419,0.051548071205616,0.05238949880003929,0.042706653475761414,0.042454276233911514,0.043114349246025085,0.042579349130392075,0.042582836002111435,0.04252425581216812,0.042713671922683716,0.042485497891902924,0.04253411293029785,0.04228055477142334,0.04236987978219986,0.04321702942252159,0.04272569343447685,0.04315939545631409,0.04561083763837814,0.04465405270457268,0.045916587114334106,0.04362913593649864,0.043499767780303955,0.043930698186159134,0.043578196316957474,0.04404650628566742,0.04348835349082947,0.04348078742623329,0.044073693454265594,0.04399610310792923,0.043818388134241104,0.04358571022748947,0.04381199926137924,0.04455890879034996,0.045683354139328,0.04385092854499817,0.04599250853061676,0.044100817292928696,0.04933329299092293,0.045820530503988266,0.04267723858356476,0.048211950808763504,0.048782315105199814,0.048688530921936035,0.04916903376579285,0.044046830385923386,0.04324546828866005,0.04386888071894646,0.04663977771997452,0.05600287765264511,0.04349762201309204,0.04264194518327713,0.04340155050158501,0.04421455040574074,0.04251781478524208,0.042759645730257034,0.04313270002603531,0.0448649637401104,0.04644320532679558,0.043632544577121735,0.042715054005384445,0.04251864179968834,0.04334665462374687,0.048903435468673706,0.043190039694309235,0.046992503106594086,0.04143273085355759,0.051497284322977066,0.04257698357105255,0.042515385895967484,0.04312380775809288,0.042555373162031174,0.042269494384527206,0.043028008192777634,0.04296787455677986,0.042999472469091415,0.04282151907682419,0.042323678731918335,0.04261964559555054,0.042877502739429474,0.04624046012759209,0.0463516041636467,0.04390756040811539,0.043564677238464355,0.04374571889638901,0.04358614236116409,0.044134825468063354,0.044043004512786865,0.04353989288210869,0.04421616718173027,0.04392651841044426,0.04396352544426918,0.0434524342417717,0.043477676808834076,0.04407503083348274,0.04551489278674126,0.04550820216536522,0.044671930372714996,0.04979076236486435,0.048525843769311905,0.04912278801202774,0.04964854568243027,0.04865117743611336,0.04371209070086479,0.043809402734041214,0.043030768632888794,0.04388866201043129,0.042739976197481155,0.043090466409921646,0.04407452791929245,0.04280721768736839,0.04265299066901207,0.043049924075603485,0.046546246856451035,0.045914262533187866
cifar10_object_classification,0.045118462294340134,0.043742455542087555,0.0437176413834095,0.04496884346008301,0.04469523951411247,0.04732957482337952,0.04757796600461006,0.04483368992805481,0.04167424887418747,0.04578738659620285,0.04162920266389847,0.041264940053224564,0.0,0.04019187390804291,0.05112779513001442,0.05195415019989014,0.04423648864030838,0.04397056624293327,0.04458172619342804,0.04401521012187004,0.044056978076696396,0.043998852372169495,0.04421471804380417,0.04396315664052963,0.044009074568748474,0.04372621700167656,0.04385124519467354,0.044522516429424286,0.04416399449110031,0.044335704296827316,0.04682762548327446,0.0459514744579792,0.04761772230267525,0.04496023431420326,0.04478396475315094,0.045201804488897324,0.04492040351033211,0.04534317925572395,0.044828254729509354,0.04479143023490906,0.04536281153559685,0.04529635235667229,0.04510088264942169,0.04492000490427017,0.04508692026138306,0.04584991931915283,0.0470900759100914,0.04516536369919777,0.047383539378643036,0.04560132324695587,0.05095778778195381,0.047196224331855774,0.04425284266471863,0.049816541373729706,0.05038672685623169,0.05030468851327896,0.05078062415122986,0.04564455896615982,0.04484594613313675,0.04541917145252228,0.04786470904946327,0.05762525647878647,0.04504819214344025,0.044150300323963165,0.04502114653587341,0.04574071988463402,0.04417116567492485,0.04437078908085823,0.044751137495040894,0.0462787002325058,0.048051901161670685,0.045148856937885284,0.04416753351688385,0.044023215770721436,0.04486498236656189,0.04838750883936882,0.04458652436733246,0.04522436857223511,,0.05119626596570015,0.04406154900789261,0.04401933401823044,0.044550955295562744,0.043969765305519104,0.04368973150849342,0.044522497802972794,0.04442944750189781,0.04442320019006729,0.04432189092040062,0.043740659952163696,0.04406670853495598,0.04432787746191025,0.04741920530796051,0.04807988181710243,0.04518964886665344,0.0448596365749836,0.04501398652791977,0.04492660239338875,0.045432139188051224,0.045348960906267166,0.04487346112728119,0.04546483978629112,0.04523315653204918,0.04523142799735069,0.044764429330825806,0.04479030519723892,0.04536024481058121,0.046948544681072235,0.046927593648433685,0.046168841421604156,0.051426853984594345,0.05012086033821106,0.050763025879859924,0.05129051208496094,0.05026702582836151,0.045303281396627426,0.04541822522878647,0.044656313955783844,0.04542649909853935,0.04430357366800308,0.04472031071782112,0.04563053697347641,0.04439245164394379,0.04426981508731842,0.044633276760578156,0.04791058972477913,0.04749036580324173
