,lapgyn4_anatomical_structures,lapgyn4_surgical_actions,lapgyn4_instrument_count,lapgyn4_anatomical_actions,sklin2_skin_lesions,identify_nbi_infframes,laryngeal_tissues,nerthus_bowel_cleansing_quality,stanford_dogs_image_categorization,svhn,caltech101_object_classification,caltech256_object_classification,cifar10_object_classification,cifar100_object_classification,mnist_digit_classification,emnist_digit_classification,hyperkvasir_anatomical-landmarks,hyperkvasir_pathological-findings,hyperkvasir_quality-of-mucosal-views,hyperkvasir_therapeutic-interventions,cholec80_grasper_presence,cholec80_bipolar_presence,cholec80_hook_presence,cholec80_scissors_presence,cholec80_clipper_presence,cholec80_irrigator_presence,cholec80_specimenbag_presence,derm7pt_skin_lesions,idle_action_recognition,barretts_esophagus_diagnosis,brain_tumor_classification,mednode_melanoma_classification,brain_tumor_type_classification,chexpert_enlarged_cardiomediastinum,chexpert_cardiomegaly,chexpert_lung_opacity,chexpert_lung_lesion,chexpert_edema,chexpert_consolidation,chexpert_pneumonia,chexpert_atelectasis,chexpert_pneumothorax,chexpert_pleural_effusion,chexpert_pleural_other,chexpert_fracture,chexpert_support_devices,pneumonia_classification,ph2-melanocytic-lesions-classification,covid_xray_classification,isic20_melanoma_classification,deep_drid_dr_level,shenzen_chest_xray_tuberculosis,crawled_covid_ct_classification,deep_drid_quality,deep_drid_clarity,deep_drid_field,deep_drid_artifact,kvasir_capsule_anatomy,kvasir_capsule_content,kvasir_capsule_pathologies,breast_cancer_classification_v2,eye_condition_classification,mura_xr_wrist,mura_xr_shoulder,mura_xr_humerus,mura_xr_hand,mura_xr_forearm,mura_xr_finger,mura_xr_elbow,bean_plant_disease_classification,aptos19_blindness_detection,lapgyn4_anatomical_structures --shrink_train 800,lapgyn4_surgical_actions --shrink_train 800,lapgyn4_instrument_count --shrink_train 800,lapgyn4_anatomical_actions --shrink_train 800,laryngeal_tissues --shrink_train 800,nerthus_bowel_cleansing_quality --shrink_train 800,svhn --shrink_train 800,cifar10_object_classification --shrink_train 800,mnist_digit_classification --shrink_train 800,hyperkvasir_anatomical-landmarks --shrink_train 800,hyperkvasir_pathological-findings --shrink_train 800,hyperkvasir_quality-of-mucosal-views --shrink_train 800,hyperkvasir_therapeutic-interventions --shrink_train 800,cholec80_grasper_presence --shrink_train 800,cholec80_bipolar_presence --shrink_train 800,cholec80_hook_presence --shrink_train 800,cholec80_scissors_presence --shrink_train 800,cholec80_clipper_presence --shrink_train 800,cholec80_irrigator_presence --shrink_train 800,cholec80_specimenbag_presence --shrink_train 800,idle_action_recognition --shrink_train 800,brain_tumor_classification --shrink_train 800,brain_tumor_type_classification --shrink_train 800,chexpert_enlarged_cardiomediastinum --shrink_train 800,chexpert_cardiomegaly --shrink_train 800,chexpert_lung_opacity --shrink_train 800,chexpert_lung_lesion --shrink_train 800,chexpert_edema --shrink_train 800,chexpert_consolidation --shrink_train 800,chexpert_pneumonia --shrink_train 800,chexpert_atelectasis --shrink_train 800,chexpert_pneumothorax --shrink_train 800,chexpert_pleural_effusion --shrink_train 800,chexpert_pleural_other --shrink_train 800,chexpert_fracture --shrink_train 800,chexpert_support_devices --shrink_train 800,pneumonia_classification --shrink_train 800,covid_xray_classification --shrink_train 800,isic20_melanoma_classification --shrink_train 800,deep_drid_dr_level --shrink_train 800,deep_drid_quality --shrink_train 800,deep_drid_clarity --shrink_train 800,deep_drid_field --shrink_train 800,deep_drid_artifact --shrink_train 800,kvasir_capsule_anatomy --shrink_train 800,kvasir_capsule_content --shrink_train 800,kvasir_capsule_pathologies --shrink_train 800,mura_xr_wrist --shrink_train 800,mura_xr_shoulder --shrink_train 800,mura_xr_humerus --shrink_train 800,mura_xr_hand --shrink_train 800,mura_xr_forearm --shrink_train 800,mura_xr_finger --shrink_train 800,mura_xr_elbow --shrink_train 800,bean_plant_disease_classification --shrink_train 800,aptos19_blindness_detection --shrink_train 800
lapgyn4_anatomical_structures,0.0,0.4013671875,0.3289475440979004,0.5835475921630859,1.4857420921325684,1.1053662300109863,2.514371395111084,1.2306957244873047,1.6738967895507812,2.9293885231018066,1.2749953269958496,1.236069679260254,1.9704408645629883,1.8345465660095215,2.8617196083068848,3.0617685317993164,0.700406551361084,0.65771484375,0.9070358276367188,0.8773941993713379,0.5534977912902832,0.5662269592285156,0.5974650382995605,0.5259623527526855,0.5876278877258301,0.5655379295349121,0.6268520355224609,1.514439582824707,1.4834628105163574,1.56024169921875,2.0982351303100586,1.9022679328918457,2.5311570167541504,1.6098484992980957,1.7588458061218262,1.7221736907958984,1.6094298362731934,1.6465721130371094,1.5970120429992676,1.569951057434082,1.7473421096801758,1.7581415176391602,1.6817340850830078,1.5811200141906738,1.5999970436096191,1.7422599792480469,2.028716564178467,1.6860461235046387,2.0928845405578613,1.7151484489440918,2.7033615112304688,2.058652877807617,1.940195083618164,2.746455192565918,2.4873156547546387,2.6587705612182617,2.5058984756469727,1.9323830604553223,1.8391451835632324,1.9131994247436523,2.476681709289551,3.389707326889038,2.179525852203369,1.554975986480713,1.8540353775024414,1.866790771484375,1.8628277778625488,1.9345884323120117,1.9089751243591309,2.0022192001342773,2.4524831771850586,,0.3668665885925293,0.3998842239379883,0.6973004341125488,2.5609841346740723,1.2725467681884766,2.7125864028930664,1.9254226684570312,2.953476905822754,0.7045831680297852,0.6635689735412598,0.9639034271240234,0.9345078468322754,0.652000904083252,0.5602140426635742,0.526123046875,0.6016702651977539,0.539578914642334,0.5262622833251953,0.5809268951416016,1.4113273620605469,2.119995594024658,2.3315982818603516,1.6684436798095703,1.680140495300293,1.7074246406555176,1.5496182441711426,1.7071332931518555,1.6088066101074219,1.5816049575805664,1.6430964469909668,1.670386791229248,1.6604089736938477,1.5890073776245117,1.5842714309692383,1.8286828994750977,2.0559253692626953,2.089803695678711,1.6047110557556152,2.5568737983703613,2.6827869415283203,2.6041722297668457,2.6446642875671387,2.6251893043518066,1.9412336349487305,2.041308879852295,1.8631534576416016,2.2150659561157227,1.5884990692138672,1.8257217407226562,1.871579647064209,1.9365363121032715,1.839005470275879,1.8880462646484375,1.8803648948669434,2.3543643951416016
lapgyn4_surgical_actions,0.4013671875,0.0,0.16113567352294922,0.2095937728881836,1.714606761932373,1.3429217338562012,2.7526135444641113,1.4036855697631836,1.8360214233398438,3.075695514678955,1.3452095985412598,1.2663025856018066,2.0499448776245117,1.9355649948120117,2.9325051307678223,3.1602354049682617,0.9884653091430664,0.9483628273010254,1.0888614654541016,1.0230178833007812,0.5017104148864746,0.5335187911987305,0.46596479415893555,0.48334169387817383,0.4577145576477051,0.43416452407836914,0.5270442962646484,1.6898398399353027,1.4629664421081543,1.7969226837158203,2.362863540649414,2.244352340698242,2.674811363220215,1.7745132446289062,1.897273063659668,1.8714628219604492,1.7704205513000488,1.832082748413086,1.7602596282958984,1.7437357902526855,1.9166226387023926,1.92033052444458,1.8459739685058594,1.7601380348205566,1.7834362983703613,1.9107494354248047,2.205073833465576,1.9080991744995117,2.261486530303955,2.0703210830688477,2.916595458984375,2.153698444366455,1.9407472610473633,2.948981285095215,2.7024269104003906,2.872377872467041,2.71425724029541,1.915346622467041,1.9078474044799805,1.970487117767334,2.544585704803467,3.5363922119140625,2.1190710067749023,1.6509032249450684,1.889207363128662,1.8181195259094238,1.8100786209106445,1.90708589553833,1.881551742553711,2.1391119956970215,2.6359357833862305,0.4071674346923828,,0.1566638946533203,0.26221609115600586,2.78782320022583,1.4282069206237793,2.8488478660583496,1.9855504035949707,3.021320343017578,1.0417594909667969,0.9490056037902832,1.2112064361572266,1.0689964294433594,0.5089492797851562,0.48572635650634766,0.41728830337524414,0.5060501098632812,0.44158124923706055,0.39093923568725586,0.4860706329345703,1.3761491775512695,2.381412982940674,2.473658561706543,1.8618297576904297,1.840939998626709,1.8511128425598145,1.7446513175964355,1.8667430877685547,1.7960090637207031,1.7474184036254883,1.8174123764038086,1.8388681411743164,1.8098173141479492,1.744105339050293,1.740644931793213,2.007856845855713,2.2192225456237793,2.2579169273376465,1.9177627563476562,2.7740321159362793,2.8802475929260254,2.8186397552490234,2.848846912384033,2.8500008583068848,1.905440330505371,2.1172008514404297,1.9351673126220703,2.1360244750976562,1.666386604309082,1.889604091644287,1.8063874244689941,1.8895320892333984,1.8221564292907715,1.8693766593933105,1.9972600936889648,2.527449607849121
lapgyn4_instrument_count,0.3289475440979004,0.16113567352294922,0.0,0.23210954666137695,1.4096555709838867,1.129561424255371,2.466938018798828,1.2005462646484375,1.5640439987182617,2.7711033821105957,1.101193904876709,1.0187220573425293,1.7796978950500488,1.6786327362060547,2.6182103157043457,2.838860511779785,0.7605071067810059,0.7114524841308594,0.9056310653686523,0.8968644142150879,0.3339958190917969,0.3657808303833008,0.32553911209106445,0.3240790367126465,0.3193693161010742,0.2957611083984375,0.36830997467041016,1.4517364501953125,1.3359870910644531,1.6163616180419922,2.0389833450317383,1.9385414123535156,2.420999050140381,1.5616297721862793,1.7315802574157715,1.6859440803527832,1.5584945678710938,1.6358537673950195,1.5573797225952148,1.5253229141235352,1.7295217514038086,1.7344551086425781,1.6459803581237793,1.547297477722168,1.5721569061279297,1.7216730117797852,1.9842815399169922,1.637740135192871,2.049262046813965,1.7933273315429688,2.5158181190490723,1.9784774780273438,1.7552990913391113,2.5523204803466797,2.3098201751708984,2.479609489440918,2.3160738945007324,1.6579513549804688,1.6490678787231445,1.7020421028137207,2.3595142364501953,3.143968105316162,1.894538402557373,1.3766899108886719,1.5793724060058594,1.622793197631836,1.5567831993103027,1.659339427947998,1.6156229972839355,1.9137048721313477,2.2595486640930176,0.31755638122558594,0.21113014221191406,,0.2646050453186035,2.496816635131836,1.2355961799621582,2.5467610359191895,1.7305908203125,2.709010601043701,0.798576831817627,0.7177772521972656,1.0159015655517578,0.946434497833252,0.3428192138671875,0.3332633972167969,0.28824710845947266,0.3357973098754883,0.3055438995361328,0.2589607238769531,0.32190704345703125,1.2727046012878418,2.0608744621276855,2.234506607055664,1.6495237350463867,1.6422276496887207,1.6723136901855469,1.518113136291504,1.6787924766540527,1.5795660018920898,1.5405564308166504,1.6179008483886719,1.6443781852722168,1.6243391036987305,1.5374369621276855,1.539407730102539,1.8154082298278809,1.9963912963867188,2.049473762512207,1.6511402130126953,2.376767635345459,2.4832911491394043,2.4173622131347656,2.450331211090088,2.4474215507507324,1.6538567543029785,1.8382439613342285,1.6711540222167969,1.9110965728759766,1.4065542221069336,1.5673398971557617,1.6258316040039062,1.6240668296813965,1.5853848457336426,1.603652000427246,1.7881250381469727,2.1539931297302246
lapgyn4_anatomical_actions,0.5835475921630859,0.2095937728881836,0.23210954666137695,0.0,1.9136996269226074,1.53171968460083,2.8982367515563965,1.6836271286010742,1.9853630065917969,3.218912124633789,1.5116729736328125,1.421638011932373,2.213346004486084,2.111203193664551,3.082003593444824,3.320627212524414,1.272202491760254,1.2033686637878418,1.353672981262207,1.3001909255981445,0.6761431694030762,0.7350373268127441,0.630824089050293,0.6674509048461914,0.6260428428649902,0.5912837982177734,0.6709909439086914,1.8959650993347168,1.6720495223999023,2.0639781951904297,2.5740084648132324,2.443554401397705,2.8899149894714355,1.9779748916625977,2.113682746887207,2.069570541381836,1.9707469940185547,2.035623550415039,1.9666976928710938,1.9551057815551758,2.1201510429382324,2.1184000968933105,2.046865463256836,1.9623675346374512,1.989999771118164,2.112375259399414,2.402872085571289,2.1131176948547363,2.466212272644043,2.292774200439453,3.099154472351074,2.3215932846069336,2.2263669967651367,3.1358132362365723,2.8954906463623047,3.049729824066162,2.904780864715576,2.1646223068237305,2.160688877105713,2.2287211418151855,2.789194107055664,3.7049970626831055,2.3363828659057617,1.8610625267028809,2.0647549629211426,2.0139803886413574,2.0026068687438965,2.061007022857666,2.076988697052002,2.342764377593994,2.8124642372131348,0.5801324844360352,0.3196582794189453,0.21009302139282227,,2.931518077850342,1.711564064025879,2.985011100769043,2.1542181968688965,3.1797213554382324,1.3084440231323242,1.201045036315918,1.4709196090698242,1.3555355072021484,0.6710634231567383,0.6664447784423828,0.5964441299438477,0.6742944717407227,0.6163654327392578,0.5400409698486328,0.6486740112304688,1.5966014862060547,2.590913772583008,2.7110543251037598,2.0654754638671875,2.059337615966797,2.05810546875,1.9524178504943848,2.060804843902588,2.014939308166504,1.9647417068481445,2.023545265197754,2.038623809814453,2.0077953338623047,1.9501638412475586,1.9412565231323242,2.20200777053833,2.4086670875549316,2.466705799102783,2.1249217987060547,2.954049587249756,3.067133903503418,3.0077219009399414,3.038508415222168,3.032144546508789,2.143585681915283,2.3785810470581055,2.203815460205078,2.344735622406006,1.8719496726989746,2.057987689971924,2.0161657333374023,2.0677318572998047,1.9861550331115723,2.067962646484375,2.2023143768310547,2.7097792625427246
sklin2_skin_lesions,1.4857420921325684,1.714606761932373,1.4096555709838867,1.9136996269226074,0.0,1.2004060745239258,1.9580717086791992,1.5456008911132812,1.5663862228393555,2.4180941581726074,1.1420049667358398,1.0633959770202637,1.7372746467590332,1.597975254058838,2.3507156372070312,2.505800724029541,0.9867453575134277,1.1345863342285156,1.365492343902588,1.5087203979492188,1.3246574401855469,1.3928728103637695,1.4975461959838867,1.373589038848877,1.4452056884765625,1.448112964630127,1.4460196495056152,0.4767584800720215,1.6652355194091797,1.278803825378418,1.7057743072509766,1.0346083641052246,2.0650863647460938,1.643655776977539,1.9074573516845703,1.883267879486084,1.7111549377441406,1.8174171447753906,1.722928524017334,1.6168818473815918,1.8796839714050293,1.9562506675720215,1.775691032409668,1.6649670600891113,1.6917800903320312,1.8769145011901855,2.217362403869629,0.5269451141357422,2.323091506958008,0.6538577079772949,1.7697877883911133,2.3778061866760254,1.801034927368164,1.8097953796386719,1.5791306495666504,1.7278995513916016,1.549367904663086,1.4146475791931152,1.2984213829040527,1.3626728057861328,1.9791488647460938,2.45979905128479,2.0983200073242188,1.5642080307006836,1.787017822265625,1.9921269416809082,1.830611228942871,1.8988642692565918,1.748410701751709,1.7164812088012695,1.4491095542907715,1.4665617942810059,1.715230941772461,1.6122031211853027,1.9553256034851074,2.0277318954467773,1.6219568252563477,2.2175750732421875,1.713973045349121,2.4564270973205566,1.0120954513549805,1.102393627166748,1.4087495803833008,1.544288158416748,1.3713512420654297,1.37217378616333,1.4587507247924805,1.3725013732910156,1.4597835540771484,1.4925174713134766,1.3972859382629395,1.6951217651367188,1.7548952102661133,1.88985013961792,1.796079158782959,1.7851901054382324,1.8136005401611328,1.6452603340148926,1.829279899597168,1.7130794525146484,1.6501221656799316,1.7976703643798828,1.814587116241455,1.8291234970092773,1.7037458419799805,1.6933178901672363,1.9705891609191895,2.2635183334350586,2.3533825874328613,0.5821495056152344,1.6217880249023438,1.7572431564331055,1.6681056022644043,1.7071380615234375,1.6812424659729004,1.4482002258300781,1.4368066787719727,1.3449363708496094,2.105623722076416,1.588653564453125,1.7266345024108887,2.044419288635254,1.8324928283691406,1.8421368598937988,1.7034835815429688,1.620661735534668,1.3648662567138672
identify_nbi_infframes,1.1053662300109863,1.3429217338562012,1.129561424255371,1.53171968460083,1.2004060745239258,0.0,1.4139761924743652,1.5979747772216797,1.2239713668823242,1.7947568893432617,0.9456090927124023,0.8721156120300293,1.485245704650879,1.3291940689086914,1.9180364608764648,2.0416922569274902,1.0009593963623047,1.031951904296875,1.2954835891723633,1.32855224609375,1.1238155364990234,1.2147774696350098,1.2891192436218262,1.1762285232543945,1.2185711860656738,1.2556204795837402,1.286086082458496,1.1538152694702148,1.420015811920166,1.0374436378479004,1.386167049407959,1.5129432678222656,2.08670711517334,1.4936604499816895,1.6134920120239258,1.6006121635437012,1.5410451889038086,1.5152945518493652,1.5390524864196777,1.4772968292236328,1.559394359588623,1.676175594329834,1.5367155075073242,1.5129919052124023,1.4251594543457031,1.576310634613037,1.9321928024291992,1.252087116241455,2.023763656616211,1.1519575119018555,2.172726631164551,2.2449469566345215,1.8074254989624023,2.1912288665771484,2.0057554244995117,2.1769895553588867,1.9819345474243164,1.9591107368469238,1.8316230773925781,1.898486614227295,1.4800662994384766,2.749448537826538,1.8430190086364746,1.3562278747558594,1.5755391120910645,1.84647798538208,1.5479545593261719,1.6451787948608398,1.6347713470458984,1.6906819343566895,2.0104689598083496,1.089461326599121,1.2424421310424805,1.294461727142334,1.5935039520263672,1.371823787689209,1.6802496910095215,1.6718273162841797,1.4475789070129395,2.022113800048828,1.0103240013122559,1.0501337051391602,1.3526496887207031,1.3745155334472656,1.218770980834961,1.1476755142211914,1.294473648071289,1.2189908027648926,1.2712841033935547,1.2718315124511719,1.2432832717895508,1.45375394821167,1.4874200820922852,1.8984956741333008,1.5135083198547363,1.5672364234924316,1.5188589096069336,1.4757275581359863,1.494699478149414,1.5516939163208008,1.5361814498901367,1.4855427742004395,1.5531539916992188,1.5904836654663086,1.5774097442626953,1.4622435569763184,1.572537899017334,1.9805707931518555,2.0788841247558594,1.0747389793395996,2.0535402297973633,2.1321582794189453,2.0729451179504395,2.1009621620178223,2.122854709625244,1.970414161682129,2.0053186416625977,1.8837008476257324,1.8997936248779297,1.436793327331543,1.5011024475097656,1.8976383209228516,1.5876450538635254,1.5685787200927734,1.570523738861084,1.5853157043457031,1.9611883163452148
laryngeal_tissues,2.514371395111084,2.7526135444641113,2.466938018798828,2.8982367515563965,1.9580717086791992,1.4139761924743652,0.0,2.7788643836975098,1.7965116500854492,1.075345754623413,1.4427471160888672,1.441291332244873,1.3340725898742676,1.1560707092285156,1.7628023624420166,1.8354825973510742,2.324474334716797,2.338895797729492,2.486452579498291,2.8032774925231934,2.60678768157959,2.7117648124694824,2.797595500946045,2.663027763366699,2.709897041320801,2.747199058532715,2.7542853355407715,1.8342409133911133,2.6733384132385254,2.2092790603637695,1.8872952461242676,2.126230239868164,2.923454999923706,2.8282580375671387,3.027224063873291,2.993826389312744,2.928103446960449,2.9349594116210938,2.9180407524108887,2.8526687622070312,2.944721221923828,3.0706562995910645,2.919255256652832,2.9277210235595703,2.790189266204834,2.9579596519470215,3.1393585205078125,2.161336898803711,3.2573835849761963,1.6209287643432617,3.0422937870025635,3.6668295860290527,2.861330986022949,3.058799982070923,2.899258613586426,3.0525307655334473,2.8704395294189453,2.737186908721924,2.5938472747802734,2.6958260536193848,2.2873878479003906,3.5849356651306152,2.743898391723633,2.5754222869873047,2.707869052886963,2.9543399810791016,2.6311159133911133,2.618241786956787,2.622140407562256,2.559551954269409,2.9804487228393555,2.439703941345215,2.7800517082214355,2.6808958053588867,2.917069435119629,,2.9023332595825195,0.9893341064453125,1.3088693618774414,1.8228139877319336,2.306281566619873,2.3600387573242188,2.5640859603881836,2.797804355621338,2.6716928482055664,2.6294074058532715,2.7854080200195312,2.6624836921691895,2.7723770141601562,2.7608556747436523,2.716766357421875,2.718752861022949,1.9405252933502197,2.766014814376831,2.911588191986084,2.9794654846191406,2.8962669372558594,2.885777473449707,2.848902702331543,2.961939811706543,2.9371790885925293,2.9139914512634277,2.9425649642944336,2.9843921661376953,2.9794883728027344,2.83538818359375,2.9507555961608887,3.1897993087768555,3.327371597290039,1.5621252059936523,2.920410633087158,3.037501096725464,2.953579902648926,2.9693992137908936,2.994720935821533,2.7428107261657715,2.7756710052490234,2.670243263244629,2.780876636505127,2.630208969116211,2.608264923095703,3.001720428466797,2.6562275886535645,2.587207794189453,2.5754575729370117,2.49287748336792,2.963893413543701
nerthus_bowel_cleansing_quality,1.2306957244873047,1.4036855697631836,1.2005462646484375,1.6836271286010742,1.5456008911132812,1.5979747772216797,2.7788643836975098,0.0,2.022181987762451,2.9023962020874023,1.3487868309020996,1.3217148780822754,1.9941902160644531,1.867560863494873,2.805880069732666,3.0116002559661865,0.7116174697875977,0.5254631042480469,0.2380380630493164,0.5759358406066895,0.9526262283325195,0.9209170341491699,1.0060186386108398,0.9814009666442871,0.9961485862731934,1.010556697845459,1.0320396423339844,1.5767126083374023,1.1116094589233398,1.867159366607666,2.3288745880126953,2.3596386909484863,2.302950859069824,1.6954803466796875,1.7842717170715332,1.7681260108947754,1.6782798767089844,1.6789474487304688,1.7053098678588867,1.598525047302246,1.7388834953308105,1.8263258934020996,1.6604204177856445,1.6170005798339844,1.6209402084350586,1.7577028274536133,2.26509428024292,1.7711377143859863,2.3249874114990234,1.9744601249694824,2.508568286895752,2.196016788482666,1.6304254531860352,2.5271525382995605,2.2820687294006348,2.4857254028320312,2.3129806518554688,1.2340607643127441,1.147709846496582,1.1752281188964844,2.5580759048461914,3.118507146835327,2.017951011657715,1.3723664283752441,1.4743647575378418,1.7406702041625977,1.6677312850952148,1.6791248321533203,1.5864753723144531,2.469301223754883,2.170379638671875,1.228764533996582,1.4883861541748047,1.2461700439453125,1.7906861305236816,2.838778018951416,,2.708615779876709,1.965559959411621,2.8758819103240967,0.7145090103149414,0.5531487464904785,0.2378549575805664,0.5756974220275879,0.9707193374633789,0.9542045593261719,1.0091962814331055,0.9686646461486816,1.0070428848266602,1.0760884284973145,0.9823079109191895,1.0389790534973145,2.374635696411133,2.082993984222412,1.7453351020812988,1.6200737953186035,1.6829004287719727,1.6154484748840332,1.7045087814331055,1.627927303314209,1.5871191024780273,1.6320571899414062,1.711092472076416,1.6757888793945312,1.6401009559631348,1.6401467323303223,1.8561339378356934,2.279514789581299,2.3053970336914062,1.8417048454284668,2.386044979095459,2.4889402389526367,2.385885715484619,2.445817470550537,2.4486851692199707,1.2648077011108398,1.3214635848999023,1.1657681465148926,2.0951485633850098,1.3075103759765625,1.4769277572631836,1.7594561576843262,1.7021303176879883,1.6095051765441895,1.5739045143127441,2.327944278717041,2.0750064849853516
stanford_dogs_image_categorization,1.6738967895507812,1.8360214233398438,1.5640439987182617,1.9853630065917969,1.5663862228393555,1.2239713668823242,1.7965116500854492,2.022181987762451,0.0,2.0004920959472656,0.5927882194519043,0.5838193893432617,1.0800480842590332,1.0462455749511719,2.036823272705078,2.2248759269714355,1.6094450950622559,1.6024084091186523,1.711660385131836,1.8914618492126465,1.7386465072631836,1.813086986541748,1.8917617797851562,1.7619433403015137,1.8087010383605957,1.853292465209961,1.8849420547485352,1.4855031967163086,1.9895844459533691,1.377120018005371,1.722888469696045,1.815176010131836,2.177215576171875,2.0311012268066406,2.197171688079834,2.1625099182128906,2.094697952270508,2.0855212211608887,2.1005382537841797,2.0483179092407227,2.1453514099121094,2.223756790161133,2.1155357360839844,2.107482433319092,1.9802045822143555,2.144338607788086,2.3256397247314453,1.6981334686279297,2.45015811920166,1.6945981979370117,2.414884567260742,2.649843692779541,1.958897590637207,2.456611156463623,2.292097568511963,2.399095058441162,2.250411033630371,2.037809371948242,1.8970398902893066,1.9797286987304688,1.9514541625976562,2.919506072998047,1.998091220855713,1.7323474884033203,1.8168725967407227,2.101484775543213,1.744783878326416,1.8756194114685059,1.7868733406066895,1.7940845489501953,2.294069290161133,1.6070775985717773,1.805837631225586,1.7400531768798828,1.9774065017700195,1.7354130744934082,2.111480236053467,1.839491367340088,1.0214972496032715,2.113089084625244,1.5926437377929688,1.6309208869934082,1.8003253936767578,1.874307632446289,1.7892379760742188,1.788353443145752,1.865278720855713,1.7867732048034668,1.8956031799316406,1.8688058853149414,1.8474035263061523,2.00441312789917,1.7380952835083008,2.0714025497436523,2.099851608276367,2.141909599304199,2.0852832794189453,2.063124656677246,2.082045555114746,2.1149768829345703,2.1039505004882812,2.0814695358276367,2.0911002159118652,2.1022911071777344,2.1465744972229004,2.0221967697143555,2.1867294311523438,2.3647165298461914,2.4448704719543457,1.5968866348266602,2.296985626220703,2.4038896560668945,2.3638343811035156,2.3599157333374023,2.3773016929626465,1.9986357688903809,2.04833984375,1.9487638473510742,2.055931568145752,1.7680902481079102,1.7460694313049316,2.147860050201416,1.8020377159118652,1.8222360610961914,1.756399154663086,1.7462539672851562,2.2354345321655273
svhn,2.9293885231018066,3.075695514678955,2.7711033821105957,3.218912124633789,2.4180941581726074,1.7947568893432617,1.075345754623413,2.9023962020874023,2.0004920959472656,0.0,1.5933575630187988,1.5561871528625488,0.8877983093261719,0.7608227729797363,1.3490543365478516,1.4350712299346924,2.6021952629089355,2.5807876586914062,2.639174461364746,2.892756462097168,2.768784999847412,2.88297176361084,2.949479579925537,2.8525280952453613,2.8620238304138184,2.932734489440918,2.914740562438965,2.3837571144104004,2.7904868125915527,2.4403748512268066,2.1317155361175537,2.8737168312072754,3.0666661262512207,2.8461713790893555,3.0020713806152344,2.9732556343078613,2.9041829109191895,2.9157204627990723,2.9320502281188965,2.856113910675049,2.9333152770996094,3.0428829193115234,2.895883560180664,2.932331085205078,2.7560415267944336,2.9331917762756348,3.161803722381592,2.6273880004882812,3.2826366424560547,2.3685784339904785,3.312602996826172,3.6395273208618164,2.855135440826416,3.3267102241516113,3.1746227741241455,3.3301873207092285,3.14853835105896,2.8813796043395996,2.7465767860412598,2.8277339935302734,2.6578967571258545,3.8075578212738037,2.550288677215576,2.532783031463623,2.53975772857666,2.8011116981506348,2.4313583374023438,2.378920078277588,2.438908100128174,2.9443564414978027,3.2164642810821533,2.867549419403076,3.021993637084961,2.9466028213500977,3.228097915649414,1.141587734222412,2.991504192352295,,0.9298133850097656,1.3479278087615967,2.5863122940063477,2.61868953704834,2.720330238342285,2.8604063987731934,2.8181166648864746,2.820293426513672,2.974414348602295,2.8267064094543457,2.9535446166992188,2.971731662750244,2.9020748138427734,2.852536201477051,2.1717681884765625,2.9222664833068848,2.905683994293213,2.9425253868103027,2.865650177001953,2.8801488876342773,2.828646659851074,2.946793556213379,2.9156408309936523,2.8970680236816406,2.904693603515625,2.9629287719726562,2.979598045349121,2.8103766441345215,2.937727928161621,3.2104549407958984,3.3270468711853027,2.2827773094177246,3.199897289276123,3.299801826477051,3.2185921669006348,3.2407965660095215,3.271259307861328,2.8741559982299805,2.9127321243286133,2.827578544616699,2.6082377433776855,2.5595016479492188,2.4665212631225586,2.8716845512390137,2.4773964881896973,2.352285385131836,2.4008359909057617,2.8695244789123535,3.1990296840667725
caltech101_object_classification,1.2749953269958496,1.3452095985412598,1.101193904876709,1.5116729736328125,1.1420049667358398,0.9456090927124023,1.4427471160888672,1.3487868309020996,0.5927882194519043,1.5933575630187988,0.0,0.17538213729858398,0.7960348129272461,0.7125239372253418,1.4078631401062012,1.643773078918457,1.1137847900390625,1.051032543182373,1.1140398979187012,1.2609128952026367,1.1918978691101074,1.2482614517211914,1.3128600120544434,1.2021374702453613,1.2320899963378906,1.2873291969299316,1.274496078491211,1.1353178024291992,1.2971272468566895,1.2177438735961914,1.1991939544677734,1.6261978149414062,1.6279888153076172,1.5655088424682617,1.756566047668457,1.7068486213684082,1.6106653213500977,1.6603856086730957,1.616591453552246,1.565216064453125,1.6882224082946777,1.7571697235107422,1.6401519775390625,1.6256465911865234,1.535041332244873,1.6964302062988281,1.8611788749694824,1.38627290725708,1.9560556411743164,1.3342576026916504,1.8709349632263184,2.1285271644592285,1.2119941711425781,1.9009313583374023,1.7320728302001953,1.855062484741211,1.7070002555847168,1.3464999198913574,1.2264699935913086,1.3043184280395508,1.667984962463379,2.3732900619506836,1.3731083869934082,1.1623449325561523,1.1999626159667969,1.3911218643188477,1.1234092712402344,1.1810154914855957,1.1262531280517578,1.4552030563354492,1.7236051559448242,1.2124762535095215,1.3708057403564453,1.2431926727294922,1.5001626014709473,1.4192423820495605,1.4462170600891113,1.4067764282226562,0.7433614730834961,1.4933900833129883,1.108924388885498,1.0725641250610352,1.1931447982788086,1.2451972961425781,1.2008509635925293,1.223747730255127,1.2963762283325195,1.1992721557617188,1.309598445892334,1.3181829452514648,1.255272388458252,1.3079934120178223,1.2193975448608398,1.4857287406921387,1.6341032981872559,1.6618685722351074,1.6426434516906738,1.579084873199463,1.6299476623535156,1.6343474388122559,1.6206021308898926,1.634089469909668,1.6388907432556152,1.6443161964416504,1.64137601852417,1.5563163757324219,1.7610993385314941,1.894045352935791,1.9477667808532715,1.2192349433898926,1.761209487915039,1.8685612678527832,1.7973895072937012,1.8107223510742188,1.8255419731140137,1.3329544067382812,1.421022891998291,1.2910470962524414,1.4161677360534668,1.1820759773254395,1.1550016403198242,1.4225287437438965,1.1901202201843262,1.137312412261963,1.1062359809875488,1.3773746490478516,1.6757330894470215
caltech256_object_classification,1.236069679260254,1.2663025856018066,1.0187220573425293,1.421638011932373,1.0633959770202637,0.8721156120300293,1.441291332244873,1.3217148780822754,0.5838193893432617,1.5561871528625488,0.17538213729858398,0.0,0.7086911201477051,0.6528167724609375,1.4628629684448242,1.6534843444824219,1.064377784729004,1.0326294898986816,1.103452205657959,1.2218012809753418,1.099543571472168,1.164663314819336,1.2195658683776855,1.1261539459228516,1.1391911506652832,1.1977157592773438,1.177809715270996,1.0298523902893066,1.2511076927185059,1.1150169372558594,1.200448989868164,1.539616584777832,1.5644826889038086,1.4138460159301758,1.5970726013183594,1.5515336990356445,1.457390308380127,1.5306787490844727,1.4558749198913574,1.4164166450500488,1.548567771911621,1.6089611053466797,1.4979948997497559,1.47943115234375,1.3957514762878418,1.5541348457336426,1.735863208770752,1.2807974815368652,1.8417420387268066,1.2701478004455566,1.760148048400879,1.9815516471862793,1.263932704925537,1.790712833404541,1.6249322891235352,1.7550530433654785,1.6015443801879883,1.3245320320129395,1.2156906127929688,1.288651466369629,1.5215044021606445,2.263425827026367,1.315779685974121,1.0698957443237305,1.1227045059204102,1.3364734649658203,1.0466222763061523,1.1052217483520508,1.06878662109375,1.3588919639587402,1.6369214057922363,1.1768031120300293,1.2794437408447266,1.1554036140441895,1.4125137329101562,1.4126873016357422,1.4056921005249023,1.361175537109375,0.6749153137207031,1.5437397956848145,1.0786352157592773,1.0553064346313477,1.1947908401489258,1.1975321769714355,1.1006221771240234,1.1381096839904785,1.2030091285705566,1.1178970336914062,1.2217683792114258,1.226226806640625,1.1648693084716797,1.2615151405334473,1.226302146911621,1.4288387298583984,1.4950580596923828,1.5056562423706055,1.4991660118103027,1.4282093048095703,1.4970064163208008,1.4904212951660156,1.4611034393310547,1.4893150329589844,1.4907464981079102,1.4842534065246582,1.4939508438110352,1.4070115089416504,1.6213550567626953,1.769585132598877,1.8268704414367676,1.1400933265686035,1.658280849456787,1.7518763542175293,1.6885361671447754,1.7024974822998047,1.7303948402404785,1.3095498085021973,1.4009404182434082,1.2822437286376953,1.3575477600097656,1.0804119110107422,1.076939582824707,1.372265338897705,1.0962653160095215,1.0642004013061523,1.0468759536743164,1.2786917686462402,1.5907573699951172
cifar10_object_classification,1.9704408645629883,2.0499448776245117,1.7796978950500488,2.213346004486084,1.7372746467590332,1.485245704650879,1.3340725898742676,1.9941902160644531,1.0800480842590332,0.8877983093261719,0.7960348129272461,0.7086911201477051,0.0,0.15418624877929688,1.334080696105957,1.499887466430664,1.7610158920288086,1.7230615615844727,1.7628755569458008,1.9145264625549316,1.8126473426818848,1.877546787261963,1.947281837463379,1.8404512405395508,1.8634047508239746,1.9255437850952148,1.9085183143615723,1.6819701194763184,1.980936050415039,1.6926097869873047,1.713061809539795,2.211338996887207,2.4249801635742188,2.1246790885925293,2.2784481048583984,2.2472128868103027,2.172144889831543,2.2105226516723633,2.178189277648926,2.1280765533447266,2.2351646423339844,2.314736843109131,2.1985206604003906,2.190098762512207,2.082115650177002,2.247206211090088,2.5106420516967773,1.9295105934143066,2.629739761352539,1.973921775817871,2.5904316902160645,2.7572813034057617,1.9713897705078125,2.620577812194824,2.4404501914978027,2.590505599975586,2.417206287384033,2.043914794921875,1.9467487335205078,2.0194034576416016,2.1022491455078125,3.077512741088867,2.0989151000976562,1.825514316558838,1.8980703353881836,2.095689296722412,1.8416953086853027,1.8839101791381836,1.8402905464172363,2.1031994819641113,2.443389892578125,1.923417091369629,2.047646999359131,1.9077701568603516,2.217789649963379,1.3878936767578125,2.062901496887207,0.7461090087890625,,1.3400864601135254,1.7605276107788086,1.7474679946899414,1.854851245880127,1.886357307434082,1.8231310844421387,1.8552446365356445,1.933192253112793,1.8439979553222656,1.9519529342651367,1.9599719047546387,1.8925647735595703,1.9857597351074219,1.7113232612609863,2.292837142944336,2.209351062774658,2.2121405601501465,2.1706247329711914,2.1398000717163086,2.177419662475586,2.192392349243164,2.1631064414978027,2.1732048988342285,2.190098762512207,2.186434745788574,2.213977813720703,2.0960750579833984,2.3037986755371094,2.545107841491699,2.616924285888672,1.844602108001709,2.4783287048339844,2.579129219055176,2.505959987640381,2.5178213119506836,2.5561766624450684,2.0159735679626465,2.118008613586426,2.0075273513793945,2.1328048706054688,1.8445615768432617,1.8458037376403809,2.135895252227783,1.890671730041504,1.8269991874694824,1.8142642974853516,2.016047954559326,2.391944408416748
cifar100_object_classification,1.8345465660095215,1.9355649948120117,1.6786327362060547,2.111203193664551,1.597975254058838,1.3291940689086914,1.1560707092285156,1.867560863494873,1.0462455749511719,0.7608227729797363,0.7125239372253418,0.6528167724609375,0.15418624877929688,0.0,1.1773667335510254,1.3373141288757324,1.63749361038208,1.6031131744384766,1.6349797248840332,1.7838678359985352,1.7147212028503418,1.7797093391418457,1.8508682250976562,1.7444229125976562,1.771522045135498,1.8341517448425293,1.8265347480773926,1.5278797149658203,1.8329887390136719,1.5258326530456543,1.4825429916381836,2.0665502548217773,2.272834300994873,1.9554424285888672,2.1112780570983887,2.083456516265869,2.0033740997314453,2.040947914123535,2.00799560546875,1.957873821258545,2.070268154144287,2.1388144493103027,2.028748035430908,2.024604320526123,1.906792163848877,2.076685905456543,2.3213043212890625,1.7902536392211914,2.4329190254211426,1.8235483169555664,2.465970039367676,2.6062569618225098,1.803873062133789,2.494729518890381,2.3102059364318848,2.466805934906006,2.285555362701416,1.9302377700805664,1.8148689270019531,1.893113136291504,1.9657816886901855,2.97861385345459,1.977187156677246,1.7237982749938965,1.82136869430542,1.9707908630371094,1.756171703338623,1.7635059356689453,1.7600231170654297,2.0408711433410645,2.3229470252990723,1.7808046340942383,1.9345221519470215,1.809760570526123,2.125422477722168,1.2243189811706543,1.9320502281188965,0.6214799880981445,0.1798720359802246,1.190633773803711,1.6388287544250488,1.6232967376708984,1.7202272415161133,1.757443904876709,1.7354121208190918,1.7571678161621094,1.8428964614868164,1.7463922500610352,1.8538451194763184,1.8601083755493164,1.7999720573425293,1.8515615463256836,1.4799184799194336,2.131244659423828,2.040529251098633,2.046703338623047,2.008845329284668,1.97005033493042,2.011597156524658,2.0275511741638184,2.000544548034668,2.0099668502807617,2.0236477851867676,2.025379180908203,2.047740936279297,1.9197587966918945,2.134704113006592,2.355193614959717,2.4266395568847656,1.7002224922180176,2.3507232666015625,2.455742835998535,2.3718347549438477,2.394226551055908,2.4247283935546875,1.910912036895752,1.9867687225341797,1.8801751136779785,2.0122427940368652,1.742739200592041,1.7687058448791504,2.009341239929199,1.8124547004699707,1.7072868347167969,1.733255386352539,1.9460911750793457,2.269843101501465
mnist_digit_classification,2.8617196083068848,2.9325051307678223,2.6182103157043457,3.082003593444824,2.3507156372070312,1.9180364608764648,1.7628023624420166,2.805880069732666,2.036823272705078,1.3490543365478516,1.4078631401062012,1.4628629684448242,1.334080696105957,1.1773667335510254,0.0,0.28624653816223145,2.4614830017089844,2.4534692764282227,2.5568737983703613,2.8883209228515625,2.6334686279296875,2.7535276412963867,2.7828969955444336,2.6960153579711914,2.7227416038513184,2.7881693840026855,2.7279157638549805,2.2596421241760254,2.686999797821045,2.4369125366210938,1.6506626605987549,2.7052388191223145,2.6472034454345703,2.8936338424682617,3.0887575149536133,3.036330223083496,2.9665889739990234,2.963982105255127,2.986447811126709,2.913839340209961,2.9994921684265137,3.107944965362549,2.969776153564453,2.98602294921875,2.823465347290039,3.023010730743408,3.1820859909057617,2.524014949798584,3.2671871185302734,2.3678903579711914,2.9642748832702637,3.511094331741333,2.4890365600585938,2.9864206314086914,2.8472392559051514,2.974903106689453,2.8075191974639893,2.805206775665283,2.688002109527588,2.761120557785034,2.704963445663452,3.4775335788726807,2.454526901245117,2.369925022125244,2.295924186706543,2.5551886558532715,2.1923036575317383,2.1767830848693848,2.2503795623779297,2.890035629272461,2.934293031692505,2.809901237487793,2.864584445953369,2.8115110397338867,3.053630828857422,1.819547176361084,2.9216697216033936,1.1859090328216553,1.2745704650878906,,2.423171043395996,2.5033345222473145,2.6345815658569336,2.878046989440918,2.6706948280334473,2.685793399810791,2.821589469909668,2.635181427001953,2.7852087020874023,2.819197654724121,2.7642340660095215,2.7431230545043945,1.6882243156433105,2.508284091949463,2.954526901245117,3.0094165802001953,2.96455717086792,2.9185376167297363,2.9185702800750732,3.004800319671631,2.97139310836792,2.9331579208374023,2.967042922973633,3.0059900283813477,3.009894847869873,2.8863606452941895,3.0254087448120117,3.214841365814209,3.305152416229248,2.284097671508789,2.8701915740966797,2.953554153442383,2.881722927093506,2.902033805847168,2.924058437347412,2.801337480545044,2.869166374206543,2.7375144958496094,2.496364116668701,2.448479652404785,2.20992374420166,2.5963101387023926,2.208688259124756,2.155557632446289,2.239792823791504,2.8036770820617676,2.9282634258270264
