,lapgyn4_anatomical_structures,lapgyn4_surgical_actions,lapgyn4_instrument_count,lapgyn4_anatomical_actions,sklin2_skin_lesions,identify_nbi_infframes,laryngeal_tissues,nerthus_bowel_cleansing_quality,stanford_dogs_image_categorization,svhn,caltech101_object_classification,caltech256_object_classification,cifar10_object_classification,cifar100_object_classification,mnist_digit_classification,emnist_digit_classification,hyperkvasir_anatomical-landmarks,hyperkvasir_pathological-findings,hyperkvasir_quality-of-mucosal-views,hyperkvasir_therapeutic-interventions,cholec80_grasper_presence,cholec80_bipolar_presence,cholec80_hook_presence,cholec80_scissors_presence,cholec80_clipper_presence,cholec80_irrigator_presence,cholec80_specimenbag_presence,derm7pt_skin_lesions,idle_action_recognition,barretts_esophagus_diagnosis,brain_tumor_classification,mednode_melanoma_classification,brain_tumor_type_classification,chexpert_enlarged_cardiomediastinum,chexpert_cardiomegaly,chexpert_lung_opacity,chexpert_lung_lesion,chexpert_edema,chexpert_consolidation,chexpert_pneumonia,chexpert_atelectasis,chexpert_pneumothorax,chexpert_pleural_effusion,chexpert_pleural_other,chexpert_fracture,chexpert_support_devices,pneumonia_classification,ph2-melanocytic-lesions-classification,covid_xray_classification,isic20_melanoma_classification,deep_drid_dr_level,shenzen_chest_xray_tuberculosis,crawled_covid_ct_classification,deep_drid_quality,deep_drid_clarity,deep_drid_field,deep_drid_artifact,kvasir_capsule_anatomy,kvasir_capsule_content,kvasir_capsule_pathologies,breast_cancer_classification_v2,eye_condition_classification,mura_xr_wrist,mura_xr_shoulder,mura_xr_humerus,mura_xr_hand,mura_xr_forearm,mura_xr_finger,mura_xr_elbow,bean_plant_disease_classification,aptos19_blindness_detection,lapgyn4_anatomical_structures --shrink_train 800,lapgyn4_surgical_actions --shrink_train 800,lapgyn4_instrument_count --shrink_train 800,lapgyn4_anatomical_actions --shrink_train 800,laryngeal_tissues --shrink_train 800,nerthus_bowel_cleansing_quality --shrink_train 800,svhn --shrink_train 800,cifar10_object_classification --shrink_train 800,mnist_digit_classification --shrink_train 800,hyperkvasir_anatomical-landmarks --shrink_train 800,hyperkvasir_pathological-findings --shrink_train 800,hyperkvasir_quality-of-mucosal-views --shrink_train 800,hyperkvasir_therapeutic-interventions --shrink_train 800,cholec80_grasper_presence --shrink_train 800,cholec80_bipolar_presence --shrink_train 800,cholec80_hook_presence --shrink_train 800,cholec80_scissors_presence --shrink_train 800,cholec80_clipper_presence --shrink_train 800,cholec80_irrigator_presence --shrink_train 800,cholec80_specimenbag_presence --shrink_train 800,idle_action_recognition --shrink_train 800,brain_tumor_classification --shrink_train 800,brain_tumor_type_classification --shrink_train 800,chexpert_enlarged_cardiomediastinum --shrink_train 800,chexpert_cardiomegaly --shrink_train 800,chexpert_lung_opacity --shrink_train 800,chexpert_lung_lesion --shrink_train 800,chexpert_edema --shrink_train 800,chexpert_consolidation --shrink_train 800,chexpert_pneumonia --shrink_train 800,chexpert_atelectasis --shrink_train 800,chexpert_pneumothorax --shrink_train 800,chexpert_pleural_effusion --shrink_train 800,chexpert_pleural_other --shrink_train 800,chexpert_fracture --shrink_train 800,chexpert_support_devices --shrink_train 800,pneumonia_classification --shrink_train 800,covid_xray_classification --shrink_train 800,isic20_melanoma_classification --shrink_train 800,deep_drid_dr_level --shrink_train 800,deep_drid_quality --shrink_train 800,deep_drid_clarity --shrink_train 800,deep_drid_field --shrink_train 800,deep_drid_artifact --shrink_train 800,kvasir_capsule_anatomy --shrink_train 800,kvasir_capsule_content --shrink_train 800,kvasir_capsule_pathologies --shrink_train 800,mura_xr_wrist --shrink_train 800,mura_xr_shoulder --shrink_train 800,mura_xr_humerus --shrink_train 800,mura_xr_hand --shrink_train 800,mura_xr_forearm --shrink_train 800,mura_xr_finger --shrink_train 800,mura_xr_elbow --shrink_train 800,bean_plant_disease_classification --shrink_train 800,aptos19_blindness_detection --shrink_train 800
lapgyn4_anatomical_structures,0.0,0.0020989403128623962,0.002101713791489601,0.00211051176302135,0.0021081543527543545,0.0021039871498942375,0.002096874639391899,0.0021149273961782455,0.0021043140441179276,0.0020979801192879677,0.0021009622141718864,0.002109035849571228,0.0021071722730994225,0.002097752410918474,0.0021006641909480095,0.002100070007145405,0.002104667481034994,0.002105963882058859,0.0021028025075793266,0.002116270363330841,0.002099681179970503,0.002103004604578018,0.002105727791786194,0.002104734070599079,0.0021111532114446163,0.0021061147563159466,0.002101191785186529,0.0021033436059951782,0.002104935236275196,0.0020982781425118446,0.0021036819089204073,0.002101851161569357,0.002097628079354763,0.0020926850847899914,0.0021078982390463352,0.002103920094668865,0.0020949593745172024,0.002110020723193884,0.002111293375492096,0.0021043368615210056,0.002105261664837599,0.0021015633828938007,0.0021060926374047995,0.002105491701513529,0.0021073869429528713,0.0021047783084213734,0.0021028215996921062,0.0021008807234466076,0.002102828584611416,0.0020996129605919123,0.00210269121453166,0.0021106405183672905,0.002107092645019293,0.0021000178530812263,0.0021022032015025616,0.0021011019125580788,0.002093934454023838,0.0021074474789202213,0.002101861871778965,0.002106159459799528,0.0021026511676609516,0.0021049417555332184,0.002104515675455332,0.002107359003275633,0.0021081140730530024,0.0020985547453165054,0.002095896750688553,0.002102847211062908,0.0021130628883838654,0.0021033186931163073,0.00210200110450387,,0.0021143497433513403,0.002098207827657461,0.002105352468788624,0.0021018926054239273,0.002104224171489477,0.0021165143698453903,0.002114006783813238,0.0021029538474977016,0.0021084218751639128,0.002102064434438944,0.002110975794494152,0.002104800660163164,0.0021099960431456566,0.0021059359423816204,0.00211074436083436,0.0021034288220107555,0.002107638167217374,0.0021043894812464714,0.0021014318335801363,0.0021033301018178463,0.0020965654402971268,0.002100104931741953,0.0021070577204227448,0.0021126996725797653,0.002102023921906948,0.0021028234623372555,0.0021079459693282843,0.002106571802869439,0.0021080882288515568,0.002099098637700081,0.002101280726492405,0.002106237690895796,0.0021022562868893147,0.0020991251803934574,0.002108817920088768,0.002104040700942278,0.002101555000990629,0.0021005352027714252,0.0021049529314041138,0.0020932964980602264,0.002093722578138113,0.002098407130688429,0.002096847165375948,0.0021090637892484665,0.002102341502904892,0.0021073459647595882,0.0021030313801020384,0.002098532160744071,0.0021039999555796385,0.002098951954394579,0.0021053552627563477,0.0020984900183975697,0.0021108444780111313,0.002102393889799714,0.0021028746850788593
lapgyn4_surgical_actions,0.0020989403128623962,0.0,0.0020956441294401884,0.002104442100971937,0.0021020846907049417,0.002097917487844825,0.00209080521017313,0.002108857734128833,0.002098244382068515,0.002091910457238555,0.0020948925521224737,0.002102966420352459,0.0021011028438806534,0.0020916827488690615,0.0020945947617292404,0.0020940005779266357,0.002098598051816225,0.00209989445284009,0.0020967330783605576,0.0021102007012814283,0.00209361151792109,0.002096935175359249,0.0020996583625674248,0.00209866464138031,0.0021050837822258472,0.0021000453270971775,0.0020951221231371164,0.0020972739439457655,0.0020988655742257833,0.002092208480462432,0.0020976122468709946,0.002095781732350588,0.002091558650135994,0.0020866156555712223,0.0021018285769969225,0.002097850665450096,0.0020888897124677896,0.002103951293975115,0.002105223946273327,0.0020982674323022366,0.002099192002788186,0.0020954939536750317,0.0021000229753553867,0.002099422039464116,0.0021013175137341022,0.0020987086463719606,0.0020967519376426935,0.002094811061397195,0.002096759155392647,0.0020935432985424995,0.002096621785312891,0.0021045708563178778,0.0021010232158005238,0.0020939484238624573,0.0020961337722837925,0.0020950324833393097,0.002087865024805069,0.0021013778168708086,0.0020957922097295523,0.0021000897977501154,0.0020965817384421825,0.0020988723263144493,0.002098446013405919,0.00210128934122622,0.0021020444110035896,0.0020924850832670927,0.0020898273214697838,0.002096777781844139,0.0021069932263344526,0.0020972490310668945,0.002095931675285101,0.002093018963932991,,0.0020921381656080484,0.0020992830395698547,0.0020958231762051582,0.002098154742270708,0.0021104447077959776,0.0021079371217638254,0.002096884185448289,0.0021023522131145,0.002095995005220175,0.0021049061324447393,0.002098731230944395,0.0021039266139268875,0.0020998662803322077,0.002104674931615591,0.0020973593927919865,0.002101568505167961,0.0020983200520277023,0.0020953621715307236,0.0020972606725990772,0.002090495778247714,0.002094035502523184,0.0021009882912039757,0.0021066302433609962,0.0020959542598575354,0.0020967538002878428,0.0021018763072788715,0.0021005021408200264,0.002102018566802144,0.002093029208481312,0.002095211297273636,0.0021001682616770267,0.002096186624839902,0.0020930555183440447,0.0021027482580393553,0.002097971271723509,0.00209548557177186,0.0020944655407220125,0.002098883269354701,0.0020872270688414574,0.0020876529160887003,0.00209233770146966,0.0020907775033265352,0.0021029941271990538,0.002096272073686123,0.0021012763027101755,0.0020969617180526257,0.0020924624986946583,0.0020979302935302258,0.00209288252517581,0.0020992858335375786,0.002092420356348157,0.002104775048792362,0.0020963242277503014,0.0020968050230294466
lapgyn4_instrument_count,0.002101713791489601,0.0020956441294401884,0.0,0.002107215579599142,0.002104857936501503,0.002100690733641386,0.0020935784559696913,0.002111630979925394,0.002101017627865076,0.002094683703035116,0.002097665797919035,0.00210573966614902,0.002103875856846571,0.0020944559946656227,0.0020973680075258017,0.002096773823723197,0.0021013712976127863,0.002102667698636651,0.002099506324157119,0.0021129739470779896,0.0020963847637176514,0.0020997084211558104,0.002102431608363986,0.0021014376543462276,0.002107856795191765,0.0021028185728937387,0.0020978953689336777,0.0021000471897423267,0.0021016388200223446,0.002094981726258993,0.0021003857254981995,0.002098554978147149,0.002094331895932555,0.0020893889013677835,0.0021046018227934837,0.0021006239112466574,0.002091662958264351,0.002106724539771676,0.002107997192069888,0.002101040678098798,0.0021019652485847473,0.0020982669666409492,0.0021027964539825916,0.0021021952852606773,0.0021040907595306635,0.002101481892168522,0.0020995251834392548,0.002097584307193756,0.0020995321683585644,0.0020963167771697044,0.0020993950311094522,0.002107344102114439,0.0021037962287664413,0.0020967216696590185,0.0020989070180803537,0.0020978054963052273,0.0020906380377709866,0.00210415106266737,0.0020985654555261135,0.0021028630435466766,0.0020993547514081,0.0021016455721110106,0.0021012192592024803,0.0021040625870227814,0.0021048178896307945,0.002095258329063654,0.0020926003344357014,0.0020995510276407003,0.002109766472131014,0.0021000225096940994,0.002098704921081662,0.0020957922097295523,0.0021110535599291325,,0.002102056285366416,0.0020985964220017195,0.0021009279880672693,0.002113217953592539,0.0021107103675603867,0.00209965743124485,0.002105125691741705,0.0020987680181860924,0.0021076793782413006,0.0021015044767409563,0.0021066998597234488,0.002102639526128769,0.0021074479445815086,0.002100132405757904,0.002104341983795166,0.00210109306499362,0.0020981356501579285,0.0021000339183956385,0.0020932690240442753,0.002096808748319745,0.002103761537000537,0.002109403256326914,0.0020987275056540966,0.002099527046084404,0.0021046497859060764,0.0021032756194472313,0.0021047918125987053,0.002095802454277873,0.0020979843102395535,0.0021029412746429443,0.002098959870636463,0.002095828764140606,0.0021055215038359165,0.0021007442846894264,0.0020982585847377777,0.0020972387865185738,0.0021016565151512623,0.0020900003146380186,0.0020904261618852615,0.002095110947266221,0.0020935507491230965,0.002105767372995615,0.002099045319482684,0.0021040495485067368,0.0020997351966798306,0.002095235977321863,0.0021007037721574306,0.0020956555381417274,0.002102058846503496,0.002095193602144718,0.00210754806175828,0.0020990977063775063,0.002099578268826008
lapgyn4_anatomical_actions,0.00211051176302135,0.002104442100971937,0.002107215579599142,0.0,0.0021136561408638954,0.0021094889380037785,0.00210237642750144,0.0021204291842877865,0.0021098158322274685,0.0021034819073975086,0.0021064640022814274,0.002114537637680769,0.0021126740612089634,0.002103254199028015,0.0021061659790575504,0.0021055717952549458,0.002110169269144535,0.0021114656701684,0.0021083042956888676,0.002121772151440382,0.002105182968080044,0.002108506392687559,0.002111229579895735,0.00211023585870862,0.0021166549995541573,0.0021116165444254875,0.00210669357329607,0.002108845394104719,0.002110437024384737,0.0021037799306213856,0.0021091836970299482,0.002107352949678898,0.002103129867464304,0.0020981868728995323,0.002113400027155876,0.002109421882778406,0.0021004611626267433,0.002115522511303425,0.002116795163601637,0.0021098386496305466,0.0021107634529471397,0.0021070651710033417,0.0021115944255143404,0.0021109934896230698,0.0021128887310624123,0.0021102800965309143,0.002108323387801647,0.0021063825115561485,0.002108330372720957,0.002105114748701453,0.002108193002641201,0.0021161423064768314,0.0021125944331288338,0.0021055196411907673,0.0021077049896121025,0.0021066037006676197,0.002099436242133379,0.0021129492670297623,0.002107363659888506,0.002111661247909069,0.0021081529557704926,0.0021104435436427593,0.0021100174635648727,0.002112860791385174,0.0021136158611625433,0.0021040565334260464,0.002101398538798094,0.002108348999172449,0.0021185646764934063,0.002108820481225848,0.002107502892613411,0.002104590181261301,0.0021198515314608812,0.002103709615767002,,0.0021073943935334682,0.002109725959599018,0.0021220161579549313,0.002119508571922779,0.0021084556356072426,0.0021139236632734537,0.002107566222548485,0.002116477582603693,0.002110302448272705,0.0021154978312551975,0.0021114377304911613,0.002116246148943901,0.0021089306101202965,0.002113139955326915,0.0021098912693560123,0.0021069336216896772,0.0021088318899273872,0.0021020672284066677,0.002105606719851494,0.0021125595085322857,0.0021182014606893063,0.002107525710016489,0.0021083252504467964,0.002113447757437825,0.00211207359097898,0.0021135900169610977,0.002104600425809622,0.002106782514601946,0.0021117394790053368,0.0021077580749988556,0.0021046269685029984,0.002114319708198309,0.002109542489051819,0.00210705678910017,0.002106036990880966,0.0021104547195136547,0.0020987982861697674,0.002099224366247654,0.00210390891879797,0.002102348953485489,0.0021145655773580074,0.002107843291014433,0.002112847752869129,0.0021085331682115793,0.002104033948853612,0.0021095017436891794,0.00210445374250412,0.0021108570508658886,0.0021039918065071106,0.0021163462661206722,0.002107895677909255,0.0021083764731884003
sklin2_skin_lesions,0.0021081543527543545,0.0021020846907049417,0.002104857936501503,0.0021136561408638954,0.0,0.0021071312949061394,0.0021000190172344446,0.0021180715411901474,0.0021074581891298294,0.0021011242642998695,0.0021041063591837883,0.0021121802274137735,0.0021103164181113243,0.002100896555930376,0.002103808568790555,0.0021032143849879503,0.0021078118588775396,0.0021091082599014044,0.002105946885421872,0.002119414508342743,0.0021028253249824047,0.0021061489824205637,0.0021088721696287394,0.002107878215610981,0.002114297356456518,0.002109259134158492,0.002104335930198431,0.00210648775100708,0.002108079381287098,0.0021014222875237465,0.002106826286762953,0.0021049955394119024,0.0021007724571973085,0.002095829462632537,0.002111042384058237,0.0021070644725114107,0.0020981035195291042,0.0021131651010364294,0.0021144377533346415,0.002107481239363551,0.0021084058098495007,0.0021047075279057026,0.002109237015247345,0.0021086358465254307,0.002110531320795417,0.0021079224534332752,0.002105965744704008,0.0021040248684585094,0.0021059727296233177,0.0021027573384344578,0.0021058355923742056,0.0021137846633791924,0.0021102367900311947,0.002103162230923772,0.002105347579345107,0.0021042460575699806,0.00209707859903574,0.002110591623932123,0.002105006016790867,0.00210930360481143,0.0021057953126728535,0.002108086133375764,0.0021076598204672337,0.0021105031482875347,0.002111258450895548,0.0021016988903284073,0.0020990408957004547,0.0021059915889054537,0.002116207033395767,0.0021064630709588528,0.0021051454823464155,0.0021022327709943056,0.002117494121193886,0.002101351972669363,0.0021084968466311693,0.002105036983266473,0.0021073685493320227,0.002119658514857292,0.00211715092882514,0.0021060979925096035,0.0021115662530064583,0.0021052085794508457,0.002114119939506054,0.0021079450380057096,0.002113140420988202,0.0021090800873935223,0.002113888505846262,0.0021065729670226574,0.0021107825450599194,0.0021075336262583733,0.002104576211422682,0.002106474479660392,0.0020997095853090286,0.0021032493095844984,0.0021102020982652903,0.002115843817591667,0.00210516806691885,0.0021059676073491573,0.0021110903471708298,0.0021097161807119846,0.0021112323738634586,0.0021022430155426264,0.002104424871504307,0.0021093818359076977,0.0021054004319012165,0.0021022693254053593,0.00211196206510067,0.0021071848459541798,0.002104699146002531,0.002103679347783327,0.0021080970764160156,0.002096440875902772,0.002096866723150015,0.0021015515085309744,0.00209999131038785,0.0021122079342603683,0.0021054858807474375,0.00211049010977149,0.002106175757944584,0.0021016765385866165,0.002107144333422184,0.002102096099406481,0.0021084994077682495,0.0021016341634094715,0.002113988623023033,0.0021055382676422596,0.002106018830090761
identify_nbi_infframes,0.0021039871498942375,0.002097917487844825,0.002100690733641386,0.0021094889380037785,0.0021071312949061394,0.0,0.0020958518143743277,0.0021139043383300304,0.0021032909862697124,0.0020969570614397526,0.0020999391563236713,0.0021080130245536566,0.0021061492152512074,0.002096729353070259,0.002099641365930438,0.0020990471821278334,0.0021036446560174227,0.0021049410570412874,0.002101779682561755,0.002115247305482626,0.0020986581221222878,0.0021019817795604467,0.0021047049667686224,0.002103711012750864,0.002110130153596401,0.002105091931298375,0.002100168727338314,0.002102320548146963,0.002103912178426981,0.0020972550846636295,0.002102659083902836,0.0021008283365517855,0.0020966052543371916,0.00209166225977242,0.00210687518119812,0.0021028972696512938,0.0020939363166689873,0.0021089978981763124,0.0021102705504745245,0.002103314036503434,0.0021042386069893837,0.0021005403250455856,0.002105069812387228,0.0021044686436653137,0.0021063641179353,0.0021037552505731583,0.002101798541843891,0.0020998576655983925,0.0021018055267632008,0.002098590135574341,0.0021016683895140886,0.0021096174605190754,0.0021060695871710777,0.002098995028063655,0.00210118037648499,0.0021000788547098637,0.002092911396175623,0.0021064244210720062,0.00210083881393075,0.002105136401951313,0.0021016281098127365,0.002103918930515647,0.0021034926176071167,0.0021063359454274178,0.002107091248035431,0.0020975316874682903,0.0020948736928403378,0.0021018243860453367,0.0021120398305356503,0.002102295868098736,0.0021009782794862986,0.0020980655681341887,0.002113326918333769,0.002097184769809246,0.0021043296437710524,0.002100869780406356,0.0021032013464719057,0.002115491311997175,0.002112983725965023,0.0021019307896494865,0.0021073990501463413,0.0021010413765907288,0.002109952736645937,0.0021037778351455927,0.002108973218128085,0.0021049128845334053,0.002109721302986145,0.0021024057641625404,0.0021066153421998024,0.0021033664233982563,0.002100409008562565,0.002102307276800275,0.0020955423824489117,0.0020990821067243814,0.0021060348954051733,0.00211167661473155,0.002101000864058733,0.0021018004044890404,0.002106923144310713,0.0021055489778518677,0.0021070651710033417,0.0020980758126825094,0.00210025766864419,0.0021052146330475807,0.0021012332290410995,0.0020981021225452423,0.002107794862240553,0.002103017643094063,0.002100531943142414,0.00209951214492321,0.0021039298735558987,0.002092273673042655,0.002092699520289898,0.0020973843056708574,0.002095824107527733,0.0021080407314002514,0.0021013186778873205,0.002106322906911373,0.002102008555084467,0.0020975093357264996,0.002102977130562067,0.002097928896546364,0.0021043322049081326,0.0020974669605493546,0.002109821420162916,0.0021013710647821426,0.0021018516272306442
laryngeal_tissues,0.002096874639391899,0.00209080521017313,0.0020935784559696913,0.00210237642750144,0.0021000190172344446,0.0020958518143743277,0.0,0.0021067920606583357,0.0020961787085980177,0.002089844783768058,0.0020928268786519766,0.002100900746881962,0.0020990371704101562,0.0020896170753985643,0.0020925290882587433,0.0020919349044561386,0.002096532378345728,0.0020978287793695927,0.0020946674048900604,0.002108135027810931,0.002091545844450593,0.002094869501888752,0.0020975926890969276,0.002096598967909813,0.00210301810875535,0.0020979796536266804,0.0020930564496666193,0.0020952082704752684,0.002096799900755286,0.0020901428069919348,0.0020955465734004974,0.0020937160588800907,0.002089492976665497,0.002084549982100725,0.0020997629035264254,0.002095784991979599,0.0020868240389972925,0.0021018856205046177,0.0021031582728028297,0.0020962017588317394,0.002097126329317689,0.0020934282802045345,0.0020979573018848896,0.002097356365993619,0.002099251840263605,0.0020966429729014635,0.0020946862641721964,0.0020927453879266977,0.0020946934819221497,0.0020914776250720024,0.002094556111842394,0.0021025051828473806,0.0020989575423300266,0.00209188275039196,0.0020940680988132954,0.0020929668098688126,0.002085799351334572,0.0020993121434003115,0.002093726536259055,0.0020980241242796183,0.0020945160649716854,0.002096806652843952,0.002096380339935422,0.002099223667755723,0.0020999787375330925,0.0020904194097965956,0.0020877616479992867,0.002094712108373642,0.0021049275528639555,0.0020951833575963974,0.002093866001814604,0.002090953290462494,0.0021062144078314304,0.0020900724921375513,0.0020972173660993576,,0.002096089068800211,0.0021083790343254805,0.0021058714482933283,0.002094818511977792,0.002100286539644003,0.0020939293317496777,0.002102840458974242,0.002096665557473898,0.0021018609404563904,0.0020978006068617105,0.002102609258145094,0.0020952937193214893,0.002099502831697464,0.002096254378557205,0.0020932964980602264,0.00209519499912858,0.002088430104777217,0.0020919698290526867,0.0020989226177334785,0.002104564569890499,0.0020938885863870382,0.0020946881268173456,0.0020998106338083744,0.0020984364673495293,0.002099952893331647,0.0020909635350108147,0.0020931456238031387,0.0020981025882065296,0.002094120951369405,0.0020909898448735476,0.002100682584568858,0.0020959055982530117,0.002093419898301363,0.0020923998672515154,0.002096817595884204,0.0020851613953709602,0.002085587242618203,0.0020902720279991627,0.002088711829856038,0.0021009284537285566,0.0020942064002156258,0.0020992106292396784,0.0020948960445821285,0.002090396825224161,0.0020958646200597286,0.0020908168517053127,0.0020972201600670815,0.00209035468287766,0.002102709375321865,0.0020942585542798042,0.0020947393495589495
nerthus_bowel_cleansing_quality,0.0021149273961782455,0.002108857734128833,0.002111630979925394,0.0021204291842877865,0.0021180715411901474,0.0021139043383300304,0.0021067920606583357,0.0,0.0021142312325537205,0.0021078973077237606,0.0021108794026076794,0.0021189532708376646,0.0021170894615352154,0.002107669599354267,0.002110581612214446,0.0021099874284118414,0.0021145849023014307,0.0021158813033252954,0.002112719928845763,0.002126187551766634,0.0021095983684062958,0.0021129220258444548,0.0021156452130526304,0.002114651259034872,0.0021210703998804092,0.002116032177582383,0.002111108973622322,0.002113260794430971,0.002114852424710989,0.0021081953309476376,0.002113599330186844,0.0021117685828357935,0.0021075455006211996,0.002102602506056428,0.002117815427482128,0.0021138375159353018,0.0021048765629529953,0.0021199381444603205,0.0021212107967585325,0.002114254282787442,0.0021151788532733917,0.0021114805713295937,0.002116010058671236,0.0021154088899493217,0.002117304364219308,0.0021146954968571663,0.002112738788127899,0.0021107979118824005,0.002112745773047209,0.002109530381858349,0.0021126086357980967,0.0021205577068030834,0.0021170098334550858,0.002109935274347663,0.002112120622768998,0.0021110191009938717,0.002103851642459631,0.0021173646673560143,0.002111779060214758,0.002116076648235321,0.0021125683560967445,0.002114859176799655,0.0021144328638911247,0.0021172761917114258,0.002118031494319439,0.0021084719337522984,0.0021058139391243458,0.0021127646323293447,0.0021229800768196583,0.002113236114382744,0.0021119185257703066,0.0021090058144181967,0.002124267164617777,0.002108125016093254,0.0021152698900550604,0.002111810026690364,,0.0021264315582811832,0.002123923972249031,0.0021128710359334946,0.0021183392964303493,0.002111981622874737,0.002120892982929945,0.0021147180814296007,0.002119913464412093,0.0021158531308174133,0.002120661549270153,0.0021133460104465485,0.0021175555884838104,0.0021143066696822643,0.002111349254846573,0.002113247523084283,0.0021064826287329197,0.0021100223530083895,0.0021169751416891813,0.0021226168610155582,0.002111941110342741,0.0021127406507730484,0.002117863390594721,0.0021164892241358757,0.0021180054172873497,0.0021090160589665174,0.002111197914928198,0.0021161548793315887,0.0021121734753251076,0.0021090423688292503,0.002118735108524561,0.002113957889378071,0.002111472189426422,0.002110452391207218,0.0021148701198399067,0.002103213919326663,0.002103639766573906,0.0021083245519548655,0.002106764353811741,0.0021189809776842594,0.0021122589241713285,0.002117263153195381,0.002112948801368475,0.0021084495820105076,0.002113917376846075,0.002108869142830372,0.0021152724511921406,0.0021084072068333626,0.002120761666446924,0.0021123113110661507,0.0021127918735146523
stanford_dogs_image_categorization,0.0021043140441179276,0.002098244382068515,0.002101017627865076,0.0021098158322274685,0.0021074581891298294,0.0021032909862697124,0.0020961787085980177,0.0021142312325537205,0.0,0.0020972839556634426,0.0021002660505473614,0.0021083399187773466,0.0021064761094748974,0.002097056247293949,0.002099968260154128,0.0020993740763515234,0.0021039715502411127,0.0021052679512649775,0.002102106576785445,0.002115574199706316,0.002098985016345978,0.0021023086737841368,0.0021050318609923124,0.002104037906974554,0.0021104570478200912,0.002105418825522065,0.002100495621562004,0.002102647442370653,0.002104239072650671,0.0020975819788873196,0.002102985978126526,0.0021011552307754755,0.0020969321485608816,0.00209198915399611,0.00210720207542181,0.002103224163874984,0.0020942632108926773,0.0021093247924000025,0.0021105974446982145,0.002103640930727124,0.0021045655012130737,0.0021008672192692757,0.002105396706610918,0.0021047955378890038,0.00210669101215899,0.0021040821447968483,0.002102125436067581,0.0021001845598220825,0.002102132420986891,0.002098917029798031,0.0021019952837377787,0.0021099443547427654,0.0021063964813947678,0.002099321922287345,0.00210150727070868,0.0021004057489335537,0.002093238290399313,0.0021067513152956963,0.00210116570815444,0.002105463296175003,0.0021019550040364265,0.002104245824739337,0.0021038195118308067,0.002106662839651108,0.002107418142259121,0.0020978585816919804,0.002095200587064028,0.0021021512802690268,0.0021123667247593403,0.002102622762322426,0.0021013051737099886,0.0020983924623578787,0.002113653812557459,0.002097511664032936,0.0021046565379947424,0.002101196674630046,0.0021035282406955957,0.0021158182062208652,0.002113310620188713,0.0021022576838731766,0.0021077259443700314,0.002101368270814419,0.002110279630869627,0.0021041047293692827,0.002109300112351775,0.0021052397787570953,0.002110048197209835,0.0021027326583862305,0.0021069422364234924,0.0021036933176219463,0.002100735902786255,0.002102634171023965,0.0020958692766726017,0.0020994090009480715,0.0021063617896288633,0.0021120035089552402,0.002101327758282423,0.0021021272987127304,0.002107250038534403,0.0021058758720755577,0.0021073920652270317,0.0020984027069061995,0.00210058456286788,0.0021055415272712708,0.0021015601232647896,0.0020984290167689323,0.002108121756464243,0.002103344537317753,0.002100858837366104,0.0020998390391469,0.0021042567677795887,0.002092600567266345,0.002093026414513588,0.0020977111998945475,0.002096151001751423,0.0021083676256239414,0.0021016455721110106,0.002106649801135063,0.002102335449308157,0.0020978362299501896,0.002103304024785757,0.002098255790770054,0.0021046590991318226,0.0020977938547730446,0.002110148314386606,0.0021016979590058327,0.0021021785214543343
svhn,0.0020979801192879677,0.002091910457238555,0.002094683703035116,0.0021034819073975086,0.0021011242642998695,0.0020969570614397526,0.002089844783768058,0.0021078973077237606,0.0020972839556634426,0.0,0.0020939321257174015,0.0021020059939473867,0.0021001421846449375,0.0020907223224639893,0.002093634335324168,0.0020930401515215635,0.002097637625411153,0.0020989340264350176,0.0020957726519554853,0.002109240274876356,0.002092651091516018,0.002095974748954177,0.0020986979361623526,0.002097703982144594,0.0021041231229901314,0.0020990849006921053,0.0020941616967320442,0.0020963135175406933,0.002097905147820711,0.0020912480540573597,0.002096652053296566,0.0020948213059455156,0.0020905982237309217,0.00208565522916615,0.0021008681505918503,0.002096890239045024,0.0020879292860627174,0.0021029908675700426,0.0021042635198682547,0.0020973070058971643,0.002098231576383114,0.002094533294439316,0.002099062781780958,0.002098461613059044,0.00210035708732903,0.0020977482199668884,0.0020957915112376213,0.0020938506349921227,0.002095798496156931,0.002092583104968071,0.002095661358907819,0.0021036104299128056,0.002100062556564808,0.002092987997457385,0.0020951733458787203,0.002094071824103594,0.002086904365569353,0.0021004173904657364,0.00209483178332448,0.002099129371345043,0.0020956210792064667,0.002097911899909377,0.002097485587000847,0.002100328914821148,0.002101084217429161,0.0020915246568620205,0.002088866662234068,0.002095817355439067,0.0021060327999293804,0.002096288837492466,0.0020949712488800287,0.002092058537527919,0.002107319887727499,0.0020911777392029762,0.0020983226131647825,0.002094862749800086,0.002097194315865636,,0.002106976695358753,0.0020959237590432167,0.0021013920195400715,0.002095034345984459,0.002103945706039667,0.002097770804539323,0.0021029661875218153,0.0020989058539271355,0.002103714272379875,0.0020963987335562706,0.0021006083115935326,0.0020973593927919865,0.002094401977956295,0.002096300246194005,0.002089535351842642,0.0020930750761181116,0.0021000278647989035,0.0021056695841252804,0.002094993833452463,0.0020957933738827705,0.002100916113704443,0.002099541947245598,0.002101058140397072,0.0020920687820762396,0.00209425063803792,0.002099207602441311,0.0020952261984348297,0.0020920950919389725,0.002101787831634283,0.002097010612487793,0.0020945249125361443,0.0020935051143169403,0.002097922842949629,0.002086266642436385,0.002086692489683628,0.0020913772750645876,0.002089817076921463,0.0021020337007939816,0.0020953116472810507,0.0021003158763051033,0.002096001524478197,0.0020915023051202297,0.002096970099955797,0.002091921865940094,0.0020983251743018627,0.0020914599299430847,0.0021038143895566463,0.002095364034175873,0.0020958445966243744
caltech101_object_classification,0.0021009622141718864,0.0020948925521224737,0.002097665797919035,0.0021064640022814274,0.0021041063591837883,0.0020999391563236713,0.0020928268786519766,0.0021108794026076794,0.0021002660505473614,0.0020939321257174015,0.0,0.0021049880888313055,0.0021031242795288563,0.002093704417347908,0.002096616430208087,0.0020960222464054823,0.0021006197202950716,0.0021019161213189363,0.002098754746839404,0.002112222369760275,0.0020956331863999367,0.0020989568438380957,0.0021016800310462713,0.002100686077028513,0.00210710521787405,0.002102066995576024,0.002097143791615963,0.002099295612424612,0.00210088724270463,0.0020942301489412785,0.0020996341481804848,0.0020978034008294344,0.0020935803186148405,0.002088637324050069,0.002103850245475769,0.0020998723339289427,0.002090911380946636,0.0021059729624539614,0.0021072456147521734,0.002100289100781083,0.0021012136712670326,0.0020975153893232346,0.002102044876664877,0.0021014437079429626,0.002103339182212949,0.002100730314850807,0.00209877360612154,0.0020968327298760414,0.0020987805910408497,0.0020955651998519897,0.0020986434537917376,0.0021065925247967243,0.0021030446514487267,0.002095970092341304,0.002098155440762639,0.0020970539189875126,0.002089886460453272,0.002103399485349655,0.002097813878208399,0.002102111466228962,0.0020986031740903854,0.002100893994793296,0.0021004676818847656,0.0021033110097050667,0.00210406631231308,0.0020945067517459393,0.0020918487571179867,0.0020987994503229856,0.002109014894813299,0.0020992709323763847,0.0020979533437639475,0.0020950406324118376,0.0021103019826114178,0.002094159834086895,0.0021013047080487013,0.002097844844684005,0.0021001764107495546,0.002112466376274824,0.002109958790242672,0.0020989058539271355,0.0021043741144239902,0.0020980164408683777,0.002106927800923586,0.0021007528994232416,0.002105948282405734,0.0021018879488110542,0.002106696367263794,0.0020993808284401894,0.0021035904064774513,0.0021003414876759052,0.0020973840728402138,0.0020992823410779238,0.0020925174467265606,0.0020960571710020304,0.0021030099596828222,0.002108651679009199,0.002097975928336382,0.0020987754687666893,0.0021038982085883617,0.0021025240421295166,0.0021040402352809906,0.0020950508769601583,0.0020972327329218388,0.0021021896973252296,0.0020982082933187485,0.0020950771868228912,0.002104769926518202,0.0020999927073717117,0.002097507007420063,0.002096487209200859,0.0021009049378335476,0.002089248737320304,0.002089674584567547,0.0020943593699485064,0.0020927991718053818,0.0021050157956779003,0.0020982937421649694,0.002103297971189022,0.002098983619362116,0.0020944844000041485,0.002099952194839716,0.0020949039608240128,0.0021013072691857815,0.0020944420248270035,0.002106796484440565,0.0020983461290597916,0.002098826691508293
caltech256_object_classification,0.002109035849571228,0.002102966420352459,0.00210573966614902,0.002114537637680769,0.0021121802274137735,0.0021080130245536566,0.002100900746881962,0.0021189532708376646,0.0021083399187773466,0.0021020059939473867,0.0021049880888313055,0.0,0.002111198380589485,0.0021017782855778933,0.002104690298438072,0.0021040961146354675,0.002108693588525057,0.0021099899895489216,0.0021068286150693893,0.00212029623799026,0.002103707054629922,0.002107030712068081,0.0021097538992762566,0.002108760178089142,0.002115179318934679,0.0021101408638060093,0.0021052176598459482,0.0021073694806545973,0.002108961110934615,0.0021023040171712637,0.0021077077835798264,0.0021058772690594196,0.0021016541868448257,0.002096711192280054,0.0021119241137057543,0.002107946202158928,0.0020989852491766214,0.0021140468306839466,0.0021153194829821587,0.0021083629690110683,0.002109287539497018,0.0021055894903838634,0.0021101185120642185,0.002109517576172948,0.002111413050442934,0.0021088041830807924,0.0021068474743515253,0.0021049065981060266,0.0021068546921014786,0.0021036388352513313,0.002106717322021723,0.0021146663930267096,0.0021111187525093555,0.002104043960571289,0.0021062293089926243,0.0021051280200481415,0.0020979605615139008,0.0021114733535796404,0.002105887746438384,0.002110185334458947,0.0021066772751510143,0.002108967863023281,0.002108541550114751,0.002111384877935052,0.0021121399477124214,0.0021025806199759245,0.0020999228581786156,0.002106873318552971,0.0021170887630432844,0.0021073445677757263,0.0021060272119939327,0.002103114500641823,0.0021183756180107594,0.0021022337023168802,0.0021093785762786865,0.00210591871291399,0.00210825027897954,0.0021205402445048094,0.002118032658472657,0.0021069797221571207,0.002112447749823332,0.0021060905419290066,0.002115001669153571,0.002108826767653227,0.0021140221506357193,0.0021099618170410395,0.002114770468324423,0.0021074549295008183,0.002111664041876793,0.002108415588736534,0.0021054577082395554,0.002107356209307909,0.002100591314956546,0.0021041310392320156,0.0021110838279128075,0.002116725780069828,0.002106049796566367,0.0021068493369966745,0.0021119718439877033,0.002110597677528858,0.002112114103510976,0.0021031247451901436,0.0021053068339824677,0.0021102637983858585,0.0021062821615487337,0.0021031510550528765,0.002112843794748187,0.0021080668084323406,0.002105581108480692,0.0021045610774308443,0.002108978806063533,0.002097322605550289,0.002097748452797532,0.0021024332381784916,0.002100873040035367,0.0021130896639078856,0.0021063676103949547,0.0021113718394190073,0.0021070572547614574,0.00210255803540349,0.0021080258302390575,0.0021029780618846416,0.0021093813702464104,0.0021025158930569887,0.002114870585501194,0.002106419764459133,0.0021069005597382784
cifar10_object_classification,0.0021071722730994225,0.0021011028438806534,0.002103875856846571,0.0021126740612089634,0.0021103164181113243,0.0021061492152512074,0.0020990371704101562,0.0021170894615352154,0.0021064761094748974,0.0021001421846449375,0.0021031242795288563,0.002111198380589485,0.0,0.002099914476275444,0.0021028267219662666,0.002102232538163662,0.0021068300120532513,0.002108126413077116,0.0021049650385975838,0.002118432428687811,0.0021018432453274727,0.0021051671355962753,0.002107890322804451,0.0021068963687866926,0.00211331550963223,0.0021082772873342037,0.002103353850543499,0.002105505671352148,0.002107097301632166,0.0021004402078688145,0.0021058442071080208,0.002104013692587614,0.00209979061037302,0.0020948476158082485,0.002110060304403305,0.0021060826256871223,0.002097121439874172,0.002112183254212141,0.002113455906510353,0.0021064993925392628,0.0021074237301945686,0.0021037256810814142,0.002108254935592413,0.0021076537668704987,0.0021095494739711285,0.002106940373778343,0.002104983665049076,0.0021030427888035774,0.0021049908827990294,0.0021017752587795258,0.0021048537455499172,0.0021128025837242603,0.0021092549432069063,0.0021021803840994835,0.0021043657325208187,0.0021032642107456923,0.0020960967522114515,0.002109609544277191,0.002104023937135935,0.002108321525156498,0.002104813465848565,0.0021071042865514755,0.0021066777408123016,0.0021095210686326027,0.002110276371240616,0.0021007168106734753,0.0020980590488761663,0.0021050097420811653,0.002115224953740835,0.0021054809913039207,0.002104163635522127,0.0021012509241700172,0.0021165120415389538,0.002100369893014431,0.002107514999806881,0.0021040551364421844,0.0021063867025077343,0.00211867643520236,,0.0021051159128546715,0.0021105841733515263,0.0021042267326265574,0.002113137859851122,0.0021069631911814213,0.0021121585741639137,0.0021080980077385902,0.0021129066590219736,0.002105591120198369,0.0021098004654049873,0.002106551779434085,0.00210359413176775,0.0021054926328361034,0.0020987275056540966,0.00210226746276021,0.002109220251441002,0.002114861970767379,0.002104185987263918,0.0021049855276942253,0.0021101082675158978,0.0021087341010570526,0.0021102502942085266,0.002101261168718338,0.0021034430246800184,0.0021083999890834093,0.0021044183522462845,0.0021012872457504272,0.002110979985445738,0.0021062029991298914,0.0021037172991782427,0.002102697268128395,0.0021071149967610836,0.0020954590290784836,0.002095884643495083,0.002100569661706686,0.002099009230732918,0.0021112258546054363,0.002104504033923149,0.002109508030116558,0.002105193678289652,0.0021006944589316845,0.002106162253767252,0.0021011142525821924,0.002107517560943961,0.0021006520837545395,0.0021130067761987448,0.0021045561879873276,0.002105036750435829
