,lapgyn4_anatomical_structures,lapgyn4_surgical_actions,lapgyn4_instrument_count,lapgyn4_anatomical_actions,sklin2_skin_lesions,identify_nbi_infframes,laryngeal_tissues,nerthus_bowel_cleansing_quality,stanford_dogs_image_categorization,svhn,caltech101_object_classification,caltech256_object_classification,cifar10_object_classification,cifar100_object_classification,mnist_digit_classification,emnist_digit_classification,hyperkvasir_anatomical-landmarks,hyperkvasir_pathological-findings,hyperkvasir_quality-of-mucosal-views,hyperkvasir_therapeutic-interventions,cholec80_grasper_presence,cholec80_bipolar_presence,cholec80_hook_presence,cholec80_scissors_presence,cholec80_clipper_presence,cholec80_irrigator_presence,cholec80_specimenbag_presence,derm7pt_skin_lesions,idle_action_recognition,barretts_esophagus_diagnosis,brain_tumor_classification,mednode_melanoma_classification,brain_tumor_type_classification,chexpert_enlarged_cardiomediastinum,chexpert_cardiomegaly,chexpert_lung_opacity,chexpert_lung_lesion,chexpert_edema,chexpert_consolidation,chexpert_pneumonia,chexpert_atelectasis,chexpert_pneumothorax,chexpert_pleural_effusion,chexpert_pleural_other,chexpert_fracture,chexpert_support_devices,pneumonia_classification,ph2-melanocytic-lesions-classification,covid_xray_classification,isic20_melanoma_classification,deep_drid_dr_level,shenzen_chest_xray_tuberculosis,crawled_covid_ct_classification,deep_drid_quality,deep_drid_clarity,deep_drid_field,deep_drid_artifact,kvasir_capsule_anatomy,kvasir_capsule_content,kvasir_capsule_pathologies,breast_cancer_classification_v2,eye_condition_classification,mura_xr_wrist,mura_xr_shoulder,mura_xr_humerus,mura_xr_hand,mura_xr_forearm,mura_xr_finger,mura_xr_elbow,bean_plant_disease_classification,aptos19_blindness_detection,lapgyn4_anatomical_structures --shrink_train 800,lapgyn4_surgical_actions --shrink_train 800,lapgyn4_instrument_count --shrink_train 800,lapgyn4_anatomical_actions --shrink_train 800,laryngeal_tissues --shrink_train 800,nerthus_bowel_cleansing_quality --shrink_train 800,svhn --shrink_train 800,cifar10_object_classification --shrink_train 800,mnist_digit_classification --shrink_train 800,hyperkvasir_anatomical-landmarks --shrink_train 800,hyperkvasir_pathological-findings --shrink_train 800,hyperkvasir_quality-of-mucosal-views --shrink_train 800,hyperkvasir_therapeutic-interventions --shrink_train 800,cholec80_grasper_presence --shrink_train 800,cholec80_bipolar_presence --shrink_train 800,cholec80_hook_presence --shrink_train 800,cholec80_scissors_presence --shrink_train 800,cholec80_clipper_presence --shrink_train 800,cholec80_irrigator_presence --shrink_train 800,cholec80_specimenbag_presence --shrink_train 800,idle_action_recognition --shrink_train 800,brain_tumor_classification --shrink_train 800,brain_tumor_type_classification --shrink_train 800,chexpert_enlarged_cardiomediastinum --shrink_train 800,chexpert_cardiomegaly --shrink_train 800,chexpert_lung_opacity --shrink_train 800,chexpert_lung_lesion --shrink_train 800,chexpert_edema --shrink_train 800,chexpert_consolidation --shrink_train 800,chexpert_pneumonia --shrink_train 800,chexpert_atelectasis --shrink_train 800,chexpert_pneumothorax --shrink_train 800,chexpert_pleural_effusion --shrink_train 800,chexpert_pleural_other --shrink_train 800,chexpert_fracture --shrink_train 800,chexpert_support_devices --shrink_train 800,pneumonia_classification --shrink_train 800,covid_xray_classification --shrink_train 800,isic20_melanoma_classification --shrink_train 800,deep_drid_dr_level --shrink_train 800,deep_drid_quality --shrink_train 800,deep_drid_clarity --shrink_train 800,deep_drid_field --shrink_train 800,deep_drid_artifact --shrink_train 800,kvasir_capsule_anatomy --shrink_train 800,kvasir_capsule_content --shrink_train 800,kvasir_capsule_pathologies --shrink_train 800,mura_xr_wrist --shrink_train 800,mura_xr_shoulder --shrink_train 800,mura_xr_humerus --shrink_train 800,mura_xr_hand --shrink_train 800,mura_xr_forearm --shrink_train 800,mura_xr_finger --shrink_train 800,mura_xr_elbow --shrink_train 800,bean_plant_disease_classification --shrink_train 800,aptos19_blindness_detection --shrink_train 800
lapgyn4_anatomical_structures,0.0,9.997683810070157e-05,0.00010001289774663746,0.00010018643661169335,0.00010835754801519215,0.000274485326372087,0.0001947658893186599,0.00010076371108880267,0.00010041896894108504,0.00011694563727360219,0.00010166345600737259,0.00010024377115769312,0.00010016792657552287,0.00010013923019869253,0.0001640966656850651,0.00017481172108091414,0.00010050624405266717,0.00010045769886346534,0.0001011248750728555,0.00010032706632046029,0.00010003986972151324,0.0001000376432784833,0.00010004429350374267,0.00010003618808696046,0.00010003313218476251,0.00010008616663981229,0.00010003543138736859,0.00010413691779831424,0.00010059557826025411,0.00010649722389644012,0.00010927956464001909,0.00013585537089966238,0.00010574996122159064,0.00010019702313002199,0.00010019486217061058,0.0001002610006253235,0.00010024713992606848,0.00010027852113125846,0.00010018323519034311,0.00010021152411354706,0.00010030328849097714,0.00010024951916420832,0.00010022542846854776,0.00010030539851868525,0.00010029582335846499,0.00010031784768216312,0.00010122433013748378,0.00010948166163871065,0.00010135710908798501,0.00010379704326624051,0.00012327221338637173,0.00010215084330411628,0.00010102392116095871,0.0001232935901498422,0.000123394958791323,0.0001239911071024835,0.00012388461618684232,0.00010086136171594262,0.00010055710299639031,0.00010058708721771836,0.00011123556032544002,0.00021164225472602993,0.00010050331184174865,0.00010029165423475206,0.00010211898916168138,0.00010111997107742354,0.00010085228132084012,0.00010056824248749763,0.000100866069260519,0.0001052551597240381,0.0001070434955181554,,0.00010050743003375828,0.00010080781794385985,0.00010062204819405451,0.00019751420768443495,0.00010132495663128793,0.00012419068661984056,0.00010285836469847709,0.00018142274348065257,0.00010128429130418226,0.00010099515202455223,0.00010136178025277331,0.00010062584624392912,0.00010077739716507494,0.00010078729246743023,0.00010085436952067539,0.000100742545328103,0.000100747260148637,0.00010080932406708598,0.00010078272316604853,0.00010140046651940793,0.00011264126806054264,0.00010760425357148051,0.00010077610204461962,0.00010074363672174513,0.00010079622006742284,0.00010075733734993264,0.00010083257802762091,0.00010075635509565473,0.0001007427999866195,0.00010081481013912708,0.00010081475193146616,0.00010078703780891374,0.0001007743994705379,0.0001006979655358009,0.00010087258124258369,0.00010198902600677684,0.00010189068416366354,0.00010921386274276301,0.00012458844867069274,0.00012446804612409323,0.00012441122089512646,0.00012471264926716685,0.00012493904796428978,0.00010134210606338456,0.000101065517810639,0.00010116983321495354,0.00010171113535761833,0.00010116509656654671,0.0001020675990730524,0.00010226351878372952,0.0001016121605061926,0.00010173311602557078,0.00010218321403954178,0.00010563946852926165,0.00010818235023180023
lapgyn4_surgical_actions,9.997683810070157e-05,0.0,9.930188389262185e-05,9.943209443008527e-05,0.00010762520832940936,0.0002737486793193966,0.0001940329821081832,0.0001000326665234752,9.968529775505885e-05,0.00011621202429523692,0.00010092985758092254,9.9510136351455e-05,9.94342626654543e-05,9.940559539245442e-05,0.00016336301632691175,0.00017407804261893034,9.978622256312519e-05,9.973953274311498e-05,0.00010039729386335239,9.95988812064752e-05,9.931658860296011e-05,9.931315435096622e-05,9.932035754900426e-05,9.931196109391749e-05,9.930952364811674e-05,9.936211426975206e-05,9.931159002007917e-05,0.00010340451990487054,9.986213990487158e-05,0.00010576398199191317,0.00010854657739400864,0.00013512304576579481,0.00010501635551918298,9.946369391400367e-05,9.94615038507618e-05,9.952761320164427e-05,9.951384708983824e-05,9.9545119155664e-05,9.944991325028241e-05,9.947821672540158e-05,9.956990834325552e-05,9.95161390164867e-05,9.949205559678376e-05,9.9572105682455e-05,9.95625596260652e-05,9.958444570656866e-05,0.00010049084085039794,0.00010874904546653852,0.00010062360524898395,0.0001030660787364468,0.00012253869499545544,0.00010141732491319999,0.0001002902936306782,0.00012256005720701069,0.0001226614258484915,0.00012325755960773677,0.0001231510832440108,0.00010012794518843293,9.982367919292301e-05,9.98536852421239e-05,0.00011050199100282043,0.00021090859081596136,9.976962610380724e-05,9.955817222362384e-05,0.00010138541256310418,0.00010038631444331259,0.00010011861741077155,9.983461495721713e-05,0.00010013242717832327,0.00010452193964738399,0.0001063099698512815,0.00010052835568785667,,0.0001001011478365399,9.986577060772106e-05,0.0001967813295777887,0.00010059393389383331,0.0001234570809174329,0.00010212470806436613,0.00018068909412249923,0.00010056563769467175,0.00010027662210632116,0.0001006338934530504,9.989817772293463e-05,0.00010005378135247156,0.00010006275260820985,0.00010013022983912379,0.00010001834743889049,0.00010002181807067245,0.00010008532990468666,0.0001000589327304624,0.00010066701361211017,0.00011190826626261696,0.00010687064786907285,0.00010004275100072846,0.00010001027840189636,0.0001000628326437436,0.00010002403723774478,0.00010009919060394168,0.00010002304770750925,0.00010000950715038925,0.00010008140816353261,0.00010008136450778693,0.00010005365766119212,0.0001000411284621805,9.996467269957066e-05,0.00010013917199103162,0.00010125552216777578,0.00010115717304870486,0.00010848314559552819,0.00012385491572786123,0.00012373452773317695,0.00012367768795229495,0.0001239791017724201,0.00012420551502145827,0.00010060868953587487,0.00010033207217929885,0.00010043643123935908,0.0001009774423437193,0.0001004316218313761,0.0001013340224744752,0.00010152986942557618,0.00010087849659612402,0.00010099948121933267,0.00010144957195734605,0.00010490625572856516,0.00010744881728896871
lapgyn4_instrument_count,0.00010001289774663746,9.930188389262185e-05,0.0,9.943387703970075e-05,0.00010766591731226072,0.00027384431450627744,0.0001940745278261602,0.00010007322998717427,9.972711995942518e-05,0.00011625383922364563,0.0001009716434055008,9.95519440039061e-05,9.947608486982062e-05,9.944741759682074e-05,0.00016340478032361716,0.0001741198357194662,9.982480696635321e-05,9.97777606244199e-05,0.00010043750808108598,9.9640637927223e-05,9.933800174621865e-05,9.933533146977425e-05,9.934209083439782e-05,9.933365072356537e-05,9.933119872584939e-05,9.93836292764172e-05,9.933277033269405e-05,0.00010344504698878154,9.990428952733055e-05,0.00010580576054053381,0.00010858796304091811,0.00013516342733055353,0.00010505811951588839,9.950534877134487e-05,9.95032096398063e-05,9.956935537047684e-05,9.955548739526421e-05,9.95868758764118e-05,9.949157538358122e-05,9.951987158274278e-05,9.961165051208809e-05,9.955786663340405e-05,9.953376866178587e-05,9.961371688405052e-05,9.960422175936401e-05,9.962620242731646e-05,0.00010053261939901859,0.00010878979082917795,0.00010066540562547743,0.00010310509242117405,0.00012257946946192533,0.0001014591398416087,0.00010033207945525646,0.00012260083167348057,0.0001227022148668766,0.00012329839228186756,0.00012319187226239592,0.00010016938904300332,9.986523218685761e-05,9.989522368414328e-05,0.00011054382048314437,0.00021094997646287084,9.981143375625834e-05,9.959979070117697e-05,0.00010142708924831823,0.00010042814392363653,0.00010016039595939219,9.987637895392254e-05,0.00010017416207119823,0.0001045636017806828,0.00010635112266754732,0.00010056496103061363,9.98222385533154e-05,,9.987098746933043e-05,0.00019682288984768093,0.00010063454101327807,0.000123498888569884,0.00010216653754469007,0.00018073085811920464,0.00010060401837108657,0.00010031485726358369,0.00010067420225823298,9.993994171964005e-05,0.00010007598757511005,0.00010008506069425493,0.00010015266889240593,0.00010003996430896223,0.00010004401701735333,0.00010010458208853379,0.00010008086974266917,0.00010070918506244197,0.00011194964463356882,0.00010691241914173588,0.0001000844276859425,0.00010005196963902563,0.00010010456026066095,0.00010006567026721314,0.00010014094004873186,0.00010006470256485045,0.00010005114745581523,0.0001001231576083228,0.00010012311395257711,0.00010009538527810946,0.00010008272511186078,0.00010000636393669993,0.00010018093598773703,0.00010129731526831165,0.00010119897342519835,0.00010852215200429782,0.00012389570474624634,0.0001237752876477316,0.00012371846241876483,0.00012401991989463568,0.0001242463185917586,0.00010065013339044526,0.00010037360334536061,0.00010047798423329368,0.00010101924272021279,0.00010047324758488685,0.00010137569915968925,0.00010157168435398489,0.00010092027514474466,0.0001010412597679533,0.00010149130685022101,0.00010494791786186397,0.00010748998465714976
lapgyn4_anatomical_actions,0.00010018643661169335,9.943209443008527e-05,9.943387703970075e-05,0.0,0.00010779339208966121,0.00027397775556892157,0.0001942011440405622,0.00010020165791502222,9.985317592509091e-05,0.00011637995339697227,0.00010109775757882744,9.967804362531751e-05,9.960214083548635e-05,9.95734881144017e-05,0.00016353095998056233,0.00017424598627258092,9.995746950153261e-05,9.991099068429321e-05,0.00010056746396003291,9.976926230592653e-05,9.948522347258404e-05,9.948180377250537e-05,9.94887450360693e-05,9.948071237886325e-05,9.947830403689295e-05,9.953087283065543e-05,9.947983926394954e-05,0.00010357298742746934,0.00010003084753407165,0.00010593204206088558,0.00010871479025809094,0.00013529120769817382,0.0001051842700690031,9.963173943106085e-05,9.962956391973421e-05,9.969566599465907e-05,9.968191443476826e-05,9.971317194867879e-05,9.961797331925482e-05,9.96462840703316e-05,9.973796841222793e-05,9.96841918095015e-05,9.966010838979855e-05,9.974017302738503e-05,9.973063424695283e-05,9.975249122362584e-05,0.00010065879905596375,0.00010891730198636651,0.00010079157073050737,0.00010323512833565474,0.00012270659499336034,0.00010158529767068103,0.00010045823000837117,0.0001227279717568308,0.00012282934039831161,0.00012342548870947212,0.00012331901234574616,0.00010029600525740534,9.99916810542345e-05,0.00010002170893130824,0.00011067000741604716,0.0002110764617100358,9.993753337766975e-05,9.972619591280818e-05,0.00010155337804462761,0.0001005542726488784,0.00010028651740867645,0.00010000254405895248,0.00010030033445218578,0.00010468995606061071,0.00010647789895301685,0.00010073873272631317,9.995175059884787e-05,0.00010023232607636601,,0.00019694949151016772,0.00010076295438921079,0.00012362499546725303,0.0001022925935103558,0.0001808570377761498,0.00010073711746372283,0.00010044812370324507,0.00010080398351419717,0.00010006868978962302,0.00010022249625762925,0.00010023116192314774,0.00010029973782366142,0.00010018724424298853,0.00010019002365879714,0.00010025415394920856,0.00010022774222306907,0.00010083571396535262,0.0001120764427469112,0.0001070385696948506,0.00010021079651778564,0.00010017833847086877,0.0001002308854367584,0.00010019209730671719,0.00010026725067291409,0.00010019111505243927,0.00010017757449531928,0.0001002494536805898,0.00010024941730080172,0.00010022171773016453,0.00010020920308306813,0.00010013275459641591,0.0001003072175080888,0.00010142348037334159,0.00010132513125427067,0.00010865226795431226,0.00012402283027768135,0.00012390244228299707,0.0001238456170540303,0.00012414703087415546,0.00012437344412319362,0.00010077674232888967,0.00010050007404061034,0.00010060446220450103,0.0001011453423416242,0.00010059965279651806,0.00010150196612812579,0.00010169781307922676,0.00010104640386998653,0.00010116741759702563,0.00010161748650716618,0.00010507427214179188,0.00010761673911474645
sklin2_skin_lesions,0.00010835754801519215,0.00010762520832940936,0.00010766591731226072,0.00010779339208966121,0.0,0.0002820845984388143,0.00020230446534696966,0.00010830625978996977,0.00010795801790663972,0.00012448446068447083,0.00010920245404122397,0.0001077827182598412,0.00010770693916128948,0.00010767820640467107,0.00017163524171337485,0.0001823503407649696,0.00010805736383190379,0.00010801437747431919,0.00010867298988159746,0.00010787545033963397,0.00010762122110463679,0.00010761639714473858,0.00010762409510789439,0.00010761601151898503,0.00010761329758679494,0.00010766649938886985,0.00010761625890154392,0.00011158651614096016,0.00010813636617967859,0.00011403456301195547,0.00011681687465170398,0.00014334566367324442,0.00011328855907777324,0.00010773616668302566,0.00010773406393127516,0.00010780022421386093,0.00010778623982332647,0.00010781775927171111,0.00010772237874334678,0.00010775062401080504,0.00010784252663142979,0.00010778875002870336,0.00010776460112538189,0.00010784439655253664,0.00010783511243062094,0.00010785708582261577,0.00010876366286538541,0.00011683585762511939,0.00010889643453992903,0.0001112228783313185,0.0001308064383920282,0.00010969020513584837,0.0001085628173314035,0.0001308278733631596,0.00013092935841996223,0.00013152560859452933,0.00013141903036739677,0.00010839838068932295,0.00010809397645061836,0.00010812401887960732,0.000118773321446497,0.00021918014681432396,0.00010804236080730334,0.00010783081233967096,0.0001096580526791513,0.0001086592092178762,0.00010839135939022526,0.000108107335108798,0.00010840503819053993,0.00011279375030426309,0.00011457646905910224,0.00010891290730796754,0.00010813631524797529,0.00010846549412235618,0.00010822085459949449,0.0002050528273684904,0.00010886746167670935,0.0001317295100307092,0.00011039738456020132,0.0001889613049570471,0.000108837426523678,0.00010855119035113603,0.00010890947305597365,0.00010817499423865229,0.00010835786088136956,0.00010836614819709212,0.00010843462951015681,0.00010832174302777275,0.00010832523548742756,0.00010839157766895369,0.00010836194269359112,0.00010894126899074763,0.00012017857807222754,0.0001151428441517055,0.0001083153038052842,0.00010828286758624017,0.0001083354145521298,0.00010829641541931778,0.00010837178706424311,0.00010829546954482794,0.0001082819071598351,0.00010835405555553734,0.00010835399007191882,0.0001083262322936207,0.00010831336840055883,0.00010823729826370254,0.00010841181938303635,0.00010952835873467848,0.00010943000961560756,0.00011663707118714228,0.0001321227173320949,0.00013200224202591926,0.00013194579514674842,0.00013224720896687359,0.0001324733457295224,0.00010887911048484966,0.00010860219481401145,0.00010870688856812194,0.0001092501770472154,0.0001087042546714656,0.00010960666986647993,0.00010980276420013979,0.00010915123857557774,0.00010927220864687115,0.0001097221756936051,0.00011317803000565618,0.00011571534560061991
identify_nbi_infframes,0.000274485326372087,0.0002737486793193966,0.00027384431450627744,0.00027397775556892157,0.0002820845984388143,0.0,0.0003683345566969365,0.0002744945522863418,0.0002741465577855706,0.0002906518056988716,0.0002753906010184437,0.0002739697811193764,0.0002738947805482894,0.0002738653274718672,0.0003378133405931294,0.0003485286724753678,0.00027424353174865246,0.0002741997013799846,0.0002748593979049474,0.000274060876108706,0.0002737367176450789,0.0002737878239713609,0.0002737307804636657,0.00027371698524802923,0.0002737421600613743,0.000273768586339429,0.0002737873583100736,0.0002778568887151778,0.00027428180328570306,0.0002802194212563336,0.0002829598670359701,0.0003095796564593911,0.0002794771862681955,0.000273924000794068,0.00027392146876081824,0.0002739875635597855,0.0002739738847594708,0.0002740050258580595,0.00027391008916310966,0.00027393840719014406,0.0002740297932177782,0.00027397621306590736,0.00027395132929086685,0.0002740322088357061,0.0002740224590525031,0.0002740443160291761,0.00027495186077430844,0.00028320433921180665,0.00027508471976034343,0.00027750604203902185,0.0002969990309793502,0.00027587867225520313,0.0002747515682131052,0.000297020364087075,0.0002971217909362167,0.000297717924695462,0.00029761146288365126,0.00027458943077363074,0.0002742850629147142,0.0002743150689639151,0.00028494614525698125,0.0003853694361168891,0.000274228019407019,0.00027401658007875085,0.0002758368500508368,0.0002748462138697505,0.00027457947726361454,0.00027429097099229693,0.00027459292323328555,0.0002789820428006351,0.00028077082242816687,0.00027505913749337196,0.00027431646594777703,0.00027464597951620817,0.0002744061639532447,0.0003710793680511415,0.0002750556159298867,0.00029790072585456073,0.00027658528415486217,0.00035513925831764936,0.000275022437563166,0.0002747364342212677,0.00027509595383889973,0.0002743602672126144,0.0002745330857578665,0.0002743164368439466,0.0002746131212916225,0.0002744480443652719,0.0002745059027802199,0.00027457185206003487,0.0002744938828982413,0.00027506292099133134,0.00028632747125811875,0.0002813314786180854,0.0002745030797086656,0.0002744703378994018,0.00027452284120954573,0.00027448433684185147,0.00027455901727080345,0.0002744831726886332,0.00027446969761513174,0.00027454138034954667,0.0002745414967648685,0.00027451367350295186,0.0002745011879596859,0.00027442467398941517,0.00027459912234917283,0.0002757165057118982,0.00027561828028410673,0.0002829224686138332,0.00029831528081558645,0.00029819487826898694,0.0002981380093842745,0.00029843946686014533,0.00029866586555726826,0.0002750701969489455,0.00027479344862513244,0.0002748978149611503,0.00027543577016331255,0.00027488963678479195,0.00027578958543017507,0.0002759912167675793,0.0002753393491730094,0.00027545742341317236,0.00027591022080741823,0.0002793663297779858,0.00028190971352159977
laryngeal_tissues,0.0001947658893186599,0.0001940329821081832,0.0001940745278261602,0.0001942011440405622,0.00020230446534696966,0.0003683345566969365,0.0,0.0001947147393366322,0.00019436469301581383,0.0002101014251820743,0.0001956078049261123,0.00019418828014750034,0.00019408197840675712,0.00019402905309107155,0.00025798584101721644,0.00026870897272601724,0.00019447236263658851,0.00019442642224021256,0.00019508159311953932,0.00019428334780968726,0.00019402937323320657,0.00019402484758757055,0.00019403218175284564,0.00019402391626499593,0.00019402186444494873,0.00019407430954743177,0.00019402478937990963,0.0001980773376999423,0.00019454081484582275,0.00020044291159138083,0.00020320290059316903,0.00022979789355304092,0.00019969601999036968,0.00019414395501371473,0.00019414171401876956,0.0001942078088177368,0.00019419341697357595,0.00019422531477175653,0.0001941301889019087,0.0001941584632731974,0.00019425006757955998,0.00019419568707235157,0.00019417222938500345,0.00019425236678216606,0.00019424282072577626,0.00019426440121605992,0.00019517091277521104,0.00020342775678727776,0.00019530368444975466,0.00019771981169469655,0.0002172183449147269,0.00019609753508120775,0.00019497028551995754,0.00021723970712628216,0.00021734107576776296,0.00021793722407892346,0.00021783071861136705,0.00019480813352856785,0.00019450370746199042,0.00019453374261502177,0.00020517699886113405,0.0003055883280467242,0.00019444934150669724,0.0001942382223205641,0.00019606453133746982,0.00019506616808939725,0.00019479854381643236,0.0001945136027643457,0.00019481223716866225,0.00019920147315133363,0.00020098987442906946,0.00019532148144207895,0.0001945445401361212,0.00019487396639306098,0.0001946285046869889,,0.00019527597760315984,0.0002174464607378468,0.00019676813099067658,0.00027531106024980545,0.00019525224342942238,0.00019496366439852864,0.00019531804719008505,0.00019458288443274796,0.00019476391025818884,0.0001947737910086289,0.00019484183576423675,0.00019473055726848543,0.00019473352585919201,0.00019480058108456433,0.00019477044406812638,0.000195346845430322,0.00020656533888541162,0.00020155032689217478,0.0001947230048244819,0.00019469053950160742,0.00019474302825983614,0.0001947043347172439,0.0001947793789440766,0.0001947033015312627,0.00019468979735393077,0.00019476161105558276,0.00019476159650366753,0.0001947338751051575,0.00019472134590614587,0.0001946449192473665,0.00019481936760712415,0.00019593551405705512,0.00019583724497351795,0.00020313719869591296,0.0002185345656471327,0.0002184141631005332,0.0002183573233196512,0.00021865875169169158,0.00021888516494072974,0.00019528887060005218,0.00019501210772432387,0.00019511650316417217,0.00019565717957448214,0.00019511167192831635,0.00019601351232267916,0.00019620999228209257,0.00019555841572582722,0.00019567894923966378,0.00019612940377555788,0.0001995857892325148,0.00020212872186675668
nerthus_bowel_cleansing_quality,0.00010076371108880267,0.0001000326665234752,0.00010007322998717427,0.00010020165791502222,0.00010830625978996977,0.0002744945522863418,0.0001947147393366322,0.0,0.00010036688763648272,0.00011689346138155088,0.00010161133832298219,0.0001001916389213875,0.00010011581616709009,0.00010008711979025975,0.00016404432244598866,0.0001747594214975834,0.0001004250516416505,0.00010037131869466975,0.00010065937385661528,0.0001002492499537766,0.0001000241536530666,0.0001000192278297618,0.00010002694762079045,0.00010001923510571942,0.0001000164556899108,0.00010006949014496058,0.00010001918417401612,0.00010408530943095684,0.00010053660662379116,0.00010644556459737942,0.00010922787623712793,0.00013580468657892197,0.00010569737059995532,0.0001001447017188184,0.00010014232975663617,0.00010020850459113717,0.00010019476758316159,0.00010022598144132644,0.00010013084101956338,0.00010015909356297925,0.00010025077062891796,0.00010019711771747097,0.00010017293243436143,0.0001002529461402446,0.00010024350194726139,0.00010026533709606156,0.0001011723798001185,0.00010942974040517583,0.00010130514419870451,0.00010374750854680315,0.00012321949179749936,0.00010209884203504771,0.00010097105405293405,0.0001232408540090546,0.00012334223720245063,0.00012393840006552637,0.00012383188004605472,0.00010079800995299593,0.00010049693082692102,0.00010052594734588638,0.00011118351540062577,0.00021158992603886873,0.00010045082308351994,0.00010023787763202563,0.00010206535807810724,0.00010106755507877097,0.00010079959611175582,0.00010051512072095647,0.0001008129765978083,0.00010520375508349389,0.00010699041740735993,0.00010131896124221385,0.00010054446465801448,0.00010087240661960095,0.00010062910587294027,0.00019746307225432247,,0.00012413850345183164,0.00010280626156600192,0.00018137041479349136,0.00010120406659552827,0.00010091296280734241,0.00010090770228998736,0.00010054746962850913,0.00010076099715661258,0.00010076940088765696,0.00010083772212965414,0.00010072475561173633,0.00010072802979266271,0.0001007945102173835,0.00010076507169287652,0.00010134136391570792,0.00011258955055382103,0.00010755164839792997,0.00010072379518533126,0.00010069111158372834,0.00010074370948132128,0.00010070495773106813,0.00010077996557811275,0.00010070394637295976,0.00010069038398796692,0.00010076227772515267,0.0001007623941404745,0.00010073451994685456,0.00010072195436805487,0.00010064566595247015,0.0001008200561045669,0.00010193706111749634,0.00010183871927438304,0.00010916469909716398,0.00012453572708182037,0.0001244152954313904,0.00012435848475433886,0.0001246599422302097,0.00012488631182350218,0.00010127898713108152,0.00010100532381329685,0.00010110851872013882,0.00010165868297917768,0.00010111137089552358,0.00010201400436926633,0.00010221109550911933,0.00010155946074519306,0.00010167995060328394,0.00010213013592874631,0.00010558806388871744,0.00010812926484504715
stanford_dogs_image_categorization,0.00010041896894108504,9.968529775505885e-05,9.972711995942518e-05,9.985317592509091e-05,0.00010795801790663972,0.0002741465577855706,0.00019436469301581383,0.00010036688763648272,0.0,0.00011654382979031652,0.00010126156848855317,9.984182543121278e-05,9.976551518775523e-05,9.973732085200027e-05,0.00016369475633837283,0.00017440984083805233,0.00010012467100750655,0.0001000786796794273,0.00010073390876641497,9.993537969421595e-05,9.96823946479708e-05,9.967753430828452e-05,9.968524682335556e-05,9.967715595848858e-05,9.967452933778986e-05,9.972770203603432e-05,9.967748337658122e-05,0.00010373740951763466,0.00010019604087574407,0.00010609612945700064,0.00010887872485909611,0.0001354554551653564,0.00010534833563724533,9.979599417420104e-05,9.97938186628744e-05,9.985990618588403e-05,9.984617645386606e-05,9.987741941586137e-05,9.9782228062395e-05,9.98105388134718e-05,9.99022158794105e-05,9.984843927668408e-05,9.982437040889636e-05,9.990444959839806e-05,9.98949253698811e-05,9.99167314148508e-05,0.0001008229810395278,0.00010908160766121,0.0001009557381621562,0.00010339939763071015,0.0001228706823894754,0.00010174949420616031,0.0001006223465083167,0.00012289204460103065,0.00012299341324251145,0.00012358954700175673,0.00012348307063803077,0.0001004602963803336,0.00010015587031375617,0.00010018590546678752,0.00011083399294875562,0.0002112405200023204,0.00010010163532570004,9.98904652078636e-05,0.0001017175309243612,0.00010071849828818813,0.00010045065573649481,0.0001001667114906013,0.00010046444367617369,0.00010485420352779329,0.00010664199362508953,0.00010097432095790282,0.0001001966156763956,0.0001005265221465379,0.00010028051474364474,0.00019711304048541933,0.00010092815500684083,0.00012378889368847013,0.00010245611338177696,0.00018102081958204508,0.00010090455180034041,0.00010061595094157383,0.00010097033373313025,0.00010023491631727666,0.00010041907808044925,0.00010042736539617181,0.00010049568663816899,0.00010038298205472529,0.0001003862707875669,0.00010045290400739759,0.00010042317444458604,0.00010100090730702505,0.00011224036279600114,0.00010720263526309282,0.00010037504398496822,0.00010034259321400896,0.00010039514017989859,0.0001003563666017726,0.00010043149814009666,0.00010035536979557946,0.00010034183651441708,0.00010041370114777237,0.00010041367204394192,0.0001003859651973471,0.00010037347965408117,0.00010029703116742894,0.00010047146497527137,0.00010158766963286325,0.00010148930596187711,0.00010881657362915576,0.0001241869031218812,0.0001240665151271969,0.0001240096753463149,0.00012431108916644007,0.00012453751696739346,0.00010094103345181793,0.000100664263300132,0.00010076866601593792,0.00010130945156561211,0.00010076390026370063,0.00010166613355977461,0.00010186205327045172,0.0001012105421978049,0.00010133158502867445,0.00010178159573115408,0.00010523850505705923,0.00010778084106277674
svhn,0.00011694563727360219,0.00011621202429523692,0.00011625383922364563,0.00011637995339697227,0.00012448446068447083,0.0002906518056988716,0.0002101014251820743,0.00011689346138155088,0.00011654382979031652,0.0,0.00011778772750403732,0.00011636813724180683,0.00011625159095274284,0.00011618783173616976,0.0001798910670913756,0.00019062105275224894,0.00011665132478810847,0.0001166053261840716,0.00011726042430382222,0.00011646207713056356,0.00011620891746133566,0.00011620412260526791,0.0001162117623607628,0.00011620346049312502,0.00011620107397902757,0.00011625415936578065,0.00011620404256973416,0.00012026333570247516,0.00011672220716718584,0.00012262257223483175,0.00012539389717858285,0.00015198200708255172,0.00012187477841507643,0.00011632267705863342,0.00011632047971943393,0.00011638655996648595,0.00011637284478638321,0.00011640406592050567,0.000116308918222785,0.00011633721442194656,0.0001164288551080972,0.00011637510760920122,0.00011635101691354066,0.00011643112520687282,0.00011642155732261017,0.00011644337064353749,0.00011734964209608734,0.0001256079995073378,0.00011748242104658857,0.00011992491636192426,0.00013939724885858595,0.00011827626440208405,0.00011714870925061405,0.00013941862562205642,0.00013952000881545246,0.00014011614257469773,0.00014000966621097177,0.00011698692833306268,0.00011668248771457002,0.00011671252286760136,0.000127359657199122,0.00022776717378292233,0.00011662783799692988,0.0001164169079856947,0.00011824373359559104,0.00011724505748134106,0.00011697707668645307,0.00011669184459606186,0.0001169906827271916,0.00012138087913626805,0.00012316866195760667,0.00011750098929041997,0.00011672338587231934,0.00011705326323863119,0.0001168072922155261,0.0002129185013473034,0.00011745469964807853,,0.00011893016926478595,0.00019721612625289708,0.0001174311910290271,0.00011714260472217575,0.00011749684199457988,0.00011676161375362426,0.00011694536806317046,0.00011695348075591028,0.00011702208576025441,0.00011690955579979345,0.00011691277177305892,0.0001169795505120419,0.0001169496972579509,0.00011752724094549194,0.00012875520042143762,0.00012372908531688154,0.00011690172686940059,0.00011686925427056849,0.00011692177940858528,0.0001168830567621626,0.00011695813009282574,0.00011688205268001184,0.00011686851212289184,0.00011694034765241668,0.00011694033310050145,0.00011691261897794902,0.00011690016253851354,0.00011682367039611563,0.00011699811147991568,0.00011811430886154994,0.00011801598157035187,0.0001253420632565394,0.00014071348414290696,0.00014059309614822268,0.00014053625636734068,0.00014083768473938107,0.00014106409798841923,0.000117467665404547,0.00011719087342498824,0.00011729529069270939,0.00011783571972046047,0.00011729037942131981,0.00011819240171462297,0.00011838862701551989,0.00011773696314776316,0.00011785678361775354,0.00011830786388600245,0.00012176519521744922,0.00012430752394720912
caltech101_object_classification,0.00010166345600737259,0.00010092985758092254,0.0001009716434055008,0.00010109775757882744,0.00010920245404122397,0.0002753906010184437,0.0001956078049261123,0.00010161133832298219,0.00010126156848855317,0.00011778772750403732,0.0,0.00010046520765172318,0.00010100861254613847,0.00010098137863678858,0.00016493603470735252,0.00017565239977557212,0.00010136915079783648,0.00010132312308996916,0.00010197825758950785,0.00010117990314029157,0.00010092692537000403,0.00010092207230627537,0.00010092977754538879,0.00010092168668052182,0.0001009190600598231,0.00010097224003402516,0.00010092201409861445,0.0001049816346494481,0.00010144052066607401,0.00010734061652328819,0.00011012093455065042,0.00013669984764419496,0.00010659272811608389,0.00010104060493176803,0.00010103842214448377,0.00010110450239153579,0.00010109078721143305,0.00010112201562151313,0.000101026838819962,0.00010105514229508117,0.00010114680480910465,0.00010109303548233584,0.00010106896661454812,0.00010114905308000743,0.00010113952157553285,0.00010116132034454495,0.00010206759179709479,0.00011032606562366709,0.0001022003561956808,0.00010464360821060836,0.00012411506031639874,0.00010299411951564252,0.00010186673898715526,0.0001241364370798692,0.00012423780572135001,0.0001248339394805953,0.0001247274485649541,0.00010170468158321455,0.00010140027006855235,0.00010143029794562608,0.00011207819625269622,0.00021248501434456557,0.00010134612239198759,0.00010113491589436308,0.00010296188702341169,0.00010196297807851806,0.00010169508459512144,0.0001014109657262452,0.00010170882887905464,0.00010609818127704784,0.00010788647341541946,0.00010221880074823275,0.00010144121188204736,0.00010177106014452875,0.00010152510367333889,0.00019835612329188734,0.00010217259114142507,0.00012503274774644524,0.00010369927622377872,0.00018226206884719431,0.00010214901703875512,0.00010186039435211569,0.00010221468255622312,0.00010147943976335227,0.0001016636160784401,0.00010167189611820504,0.00010174021736020222,0.00010162752005271614,0.00010163080150960013,0.00010169743472943082,0.00010166769789066166,0.00010224539437331259,0.00011348262341925874,0.00010844702774193138,0.0001016196547425352,0.00010158719669561833,0.00010163973638555035,0.00010160097008338198,0.00010167608706979081,0.00010159997327718884,0.00010158643999602646,0.00010165829735342413,0.00010165826824959368,0.00010163056140299886,0.00010161808313569054,0.0001015416273730807,0.00010171605390496552,0.00010283228039043024,0.00010273392399540171,0.00011006076965713874,0.00012543129560071975,0.00012531089305412024,0.000125254038721323,0.00012555548164527863,0.00012578188034240156,0.00010218541865469888,0.00010190866305492818,0.0001020130657707341,0.00010255394590785727,0.00010200835822615772,0.00010291049693478271,0.00010310652578482404,0.00010245496378047392,0.00010257584654027596,0.00010302598820999265,0.00010648248280631378,0.00010902532812906429
caltech256_object_classification,0.00010024377115769312,9.9510136351455e-05,9.95519440039061e-05,9.967804362531751e-05,0.0001077827182598412,0.0002739697811193764,0.00019418828014750034,0.0001001916389213875,9.984182543121278e-05,0.00011636813724180683,0.00010046520765172318,0.0,9.959023736882955e-05,9.956186841009185e-05,0.00016351693193428218,0.0001742326421663165,9.994944412028417e-05,9.990341641241685e-05,0.00010055862367153168,9.976018191082403e-05,9.950714593287557e-05,9.950230742106214e-05,9.950999810826033e-05,9.95019290712662e-05,9.949930245056748e-05,9.95524533209391e-05,9.950225648935884e-05,0.00010356190614402294,0.0001000207121251151,0.00010592090984573588,0.00010870116966543719,0.00013528027920983732,0.00010517302871448919,9.962086915038526e-05,9.9618686363101e-05,9.968478116206825e-05,9.967104415409267e-05,9.970227984013036e-05,9.960711031453684e-05,9.96354065136984e-05,9.97270763036795e-05,9.96733142528683e-05,9.964922355720773e-05,9.972931002266705e-05,9.971977851819247e-05,9.97415991150774e-05,0.00010064785601571202,0.0001089063152903691,0.00010078062769025564,0.00010322382877347991,0.00012269506987649947,0.00010157439828617498,0.00010044705413747579,0.00012271643208805472,0.00012281780072953552,0.00012341394904069602,0.00012330745812505484,0.00010028499673353508,9.998059249483049e-05,0.00010001062764786184,0.00011065846047131345,0.00021106519852764904,9.992630657507107e-05,9.971507824957371e-05,0.00010154200572287664,0.00010054324957309291,0.00010027530515799299,9.99911135295406e-05,0.00010028904216596857,0.00010467828542459756,0.00010646668670233339,0.00010079911589855328,0.00010002149065257981,0.00010035134619101882,0.00010010538971982896,0.0001969366130651906,0.00010075289901578799,0.00012361319386400282,0.00010228075552731752,0.00018084293697029352,0.00010072931763716042,0.00010044069495052099,0.00010079504136228934,0.00010005971853388473,0.00010024385846918449,0.00010025211668107659,0.00010032043064711615,0.00010020776244346052,0.00010021105117630213,0.00010027768439613283,0.00010024793300544843,0.0001008255931083113,0.00011206293129362166,0.00010702732106437907,0.00010019991896115243,0.00010016746091423556,0.00010022000060416758,0.00010018123430199921,0.00010025635856436566,0.00010018024477176368,0.00010016670421464369,0.00010023856884799898,0.00010023853974416852,0.00010021083289757371,0.00010019834735430777,0.00010012189886765555,0.00010029633267549798,0.00010141253733308986,0.00010131418821401894,0.00010864096839213744,0.00012401129060890526,0.00012389088806230575,0.00012383403372950852,0.00012413549120537937,0.00012436190445441753,0.00010076574108097702,0.00010048897820524871,0.00010059338819701225,0.00010113412281498313,0.00010058852785732597,0.00010149065928999335,0.00010168681183131412,0.00010103519161930308,0.00010115600161952898,0.00010160620877286419,0.00010506260878173634,0.00010760553414002061
