,lapgyn4_anatomical_structures,lapgyn4_surgical_actions,lapgyn4_instrument_count,lapgyn4_anatomical_actions,sklin2_skin_lesions,identify_nbi_infframes,laryngeal_tissues,nerthus_bowel_cleansing_quality,stanford_dogs_image_categorization,svhn,caltech101_object_classification,caltech256_object_classification,cifar10_object_classification,cifar100_object_classification,mnist_digit_classification,emnist_digit_classification,hyperkvasir_anatomical-landmarks,hyperkvasir_pathological-findings,hyperkvasir_quality-of-mucosal-views,hyperkvasir_therapeutic-interventions,cholec80_grasper_presence,cholec80_bipolar_presence,cholec80_hook_presence,cholec80_scissors_presence,cholec80_clipper_presence,cholec80_irrigator_presence,cholec80_specimenbag_presence,derm7pt_skin_lesions,idle_action_recognition,barretts_esophagus_diagnosis,brain_tumor_classification,mednode_melanoma_classification,brain_tumor_type_classification,chexpert_enlarged_cardiomediastinum,chexpert_cardiomegaly,chexpert_lung_opacity,chexpert_lung_lesion,chexpert_edema,chexpert_consolidation,chexpert_pneumonia,chexpert_atelectasis,chexpert_pneumothorax,chexpert_pleural_effusion,chexpert_pleural_other,chexpert_fracture,chexpert_support_devices,pneumonia_classification,ph2-melanocytic-lesions-classification,covid_xray_classification,isic20_melanoma_classification,deep_drid_dr_level,shenzen_chest_xray_tuberculosis,crawled_covid_ct_classification,deep_drid_quality,deep_drid_clarity,deep_drid_field,deep_drid_artifact,kvasir_capsule_anatomy,kvasir_capsule_content,kvasir_capsule_pathologies,breast_cancer_classification_v2,eye_condition_classification,mura_xr_wrist,mura_xr_shoulder,mura_xr_humerus,mura_xr_hand,mura_xr_forearm,mura_xr_finger,mura_xr_elbow,bean_plant_disease_classification,aptos19_blindness_detection,lapgyn4_anatomical_structures --shrink_train 800,lapgyn4_surgical_actions --shrink_train 800,lapgyn4_instrument_count --shrink_train 800,lapgyn4_anatomical_actions --shrink_train 800,laryngeal_tissues --shrink_train 800,nerthus_bowel_cleansing_quality --shrink_train 800,svhn --shrink_train 800,cifar10_object_classification --shrink_train 800,mnist_digit_classification --shrink_train 800,hyperkvasir_anatomical-landmarks --shrink_train 800,hyperkvasir_pathological-findings --shrink_train 800,hyperkvasir_quality-of-mucosal-views --shrink_train 800,hyperkvasir_therapeutic-interventions --shrink_train 800,cholec80_grasper_presence --shrink_train 800,cholec80_bipolar_presence --shrink_train 800,cholec80_hook_presence --shrink_train 800,cholec80_scissors_presence --shrink_train 800,cholec80_clipper_presence --shrink_train 800,cholec80_irrigator_presence --shrink_train 800,cholec80_specimenbag_presence --shrink_train 800,idle_action_recognition --shrink_train 800,brain_tumor_classification --shrink_train 800,brain_tumor_type_classification --shrink_train 800,chexpert_enlarged_cardiomediastinum --shrink_train 800,chexpert_cardiomegaly --shrink_train 800,chexpert_lung_opacity --shrink_train 800,chexpert_lung_lesion --shrink_train 800,chexpert_edema --shrink_train 800,chexpert_consolidation --shrink_train 800,chexpert_pneumonia --shrink_train 800,chexpert_atelectasis --shrink_train 800,chexpert_pneumothorax --shrink_train 800,chexpert_pleural_effusion --shrink_train 800,chexpert_pleural_other --shrink_train 800,chexpert_fracture --shrink_train 800,chexpert_support_devices --shrink_train 800,pneumonia_classification --shrink_train 800,covid_xray_classification --shrink_train 800,isic20_melanoma_classification --shrink_train 800,deep_drid_dr_level --shrink_train 800,deep_drid_quality --shrink_train 800,deep_drid_clarity --shrink_train 800,deep_drid_field --shrink_train 800,deep_drid_artifact --shrink_train 800,kvasir_capsule_anatomy --shrink_train 800,kvasir_capsule_content --shrink_train 800,kvasir_capsule_pathologies --shrink_train 800,mura_xr_wrist --shrink_train 800,mura_xr_shoulder --shrink_train 800,mura_xr_humerus --shrink_train 800,mura_xr_hand --shrink_train 800,mura_xr_forearm --shrink_train 800,mura_xr_finger --shrink_train 800,mura_xr_elbow --shrink_train 800,bean_plant_disease_classification --shrink_train 800,aptos19_blindness_detection --shrink_train 800
lapgyn4_anatomical_structures,0.0,0.0018199982587248087,0.002082982799038291,0.003590978216379881,0.008808881044387817,0.011756830848753452,0.022057322785258293,0.007750086020678282,0.006967507302761078,0.01922987960278988,0.006289356388151646,0.005858825985342264,0.008277440443634987,0.007918559946119785,0.026548555120825768,0.026614828035235405,0.004618665669113398,0.0042594000697135925,0.006538827903568745,0.00516285328194499,0.0032512012403458357,0.0033047262113541365,0.003275597468018532,0.003268529660999775,0.0032484550029039383,0.003263684455305338,0.0032483211252838373,0.008614442311227322,0.007862276397645473,0.00869512464851141,0.015162083320319653,0.011165009811520576,0.015412652865052223,0.008990058675408363,0.009120489470660686,0.009635016322135925,0.008928452618420124,0.009757506661117077,0.008843788877129555,0.008812504820525646,0.009862327948212624,0.009547188878059387,0.009316571988165379,0.008775892667472363,0.009190651588141918,0.010034673847258091,0.012601965107023716,0.009789494797587395,0.012590784579515457,0.010993679985404015,0.019756080582737923,0.01338248886168003,0.00988810509443283,0.01982581429183483,0.019814591854810715,0.019846413284540176,0.01995096169412136,0.010789407417178154,0.0103549649938941,0.010413428768515587,0.01638832502067089,0.031475018709897995,0.01086935494095087,0.008780048228800297,0.010060069151222706,0.011079885065555573,0.009352700784802437,0.009617061354219913,0.010202684439718723,0.012634203769266605,0.01584368571639061,,0.002279269276186824,0.0020758386235684156,0.0036726039834320545,0.021929839625954628,0.007760107982903719,0.018978405743837357,0.00838118139654398,0.026680761948227882,0.004606155678629875,0.004234618972986937,0.006574078928679228,0.005151092074811459,0.003304351819679141,0.003302907571196556,0.0033356884960085154,0.003387999255210161,0.003368014469742775,0.003227031324058771,0.0033858027309179306,0.007967318408191204,0.015157611109316349,0.01536671631038189,0.009173745289444923,0.009155542589724064,0.009621099568903446,0.009030437096953392,0.009749715216457844,0.008920337073504925,0.00877442117780447,0.009703332558274269,0.009689309634268284,0.009433980099856853,0.008746277540922165,0.009182213805615902,0.010089779272675514,0.012661938555538654,0.012638681568205357,0.011078388430178165,0.019822021946310997,0.019882291555404663,0.01988138258457184,0.019787834957242012,0.019928280264139175,0.010707568377256393,0.010440905578434467,0.010402480140328407,0.010977807454764843,0.008661624044179916,0.010051663964986801,0.01108597032725811,0.009361578151583672,0.009736726060509682,0.010150201618671417,0.012680131010711193,0.015588397160172462
lapgyn4_surgical_actions,0.0018199982587248087,0.0,0.0007443426293320954,0.0012310496531426907,0.008618581108748913,0.011716671288013458,0.02164795994758606,0.0072656236588954926,0.006140394136309624,0.01844436302781105,0.005389131139963865,0.004870936274528503,0.0073463814333081245,0.007062812335789204,0.025687357410788536,0.025767270475625992,0.004970046691596508,0.004639193881303072,0.006342796143144369,0.004673775751143694,0.0022655040957033634,0.0023038219660520554,0.00227202195674181,0.0022757367696613073,0.0022560828365385532,0.002273107646033168,0.002254633465781808,0.008218151517212391,0.006693701259791851,0.008288087323307991,0.014952384866774082,0.011136862449347973,0.014580920338630676,0.008233827538788319,0.008337965235114098,0.008818050846457481,0.008188227191567421,0.008941064588725567,0.008085754700005054,0.008063341490924358,0.009067302569746971,0.00874259416013956,0.008518490940332413,0.008029145188629627,0.008460834622383118,0.009202884510159492,0.011886902153491974,0.009507971815764904,0.01184629276394844,0.010989314876496792,0.019223324954509735,0.012445757165551186,0.008829972706735134,0.01929028518497944,0.019276106730103493,0.019300376996397972,0.019409209489822388,0.009852411225438118,0.009533701464533806,0.009620185941457748,0.015579954721033573,0.030693115666508675,0.009581451304256916,0.007828662171959877,0.009109379723668098,0.009827435947954655,0.008118879981338978,0.008450050838291645,0.009044437669217587,0.01200681459158659,0.015188832767307758,0.0018645875388756394,,0.0007316580158658326,0.0012633807491511106,0.021517852321267128,0.007285667583346367,0.01818757876753807,0.007452893070876598,0.025818239897489548,0.005008704960346222,0.00459462683647871,0.0063573382794857025,0.004689881112426519,0.0023128183092921972,0.002313293982297182,0.0023214276880025864,0.0023807312827557325,0.0023073626216500998,0.002251269295811653,0.0023833869490772486,0.006765957921743393,0.014936720952391624,0.014539971016347408,0.008403097279369831,0.008363651111721992,0.008800051175057888,0.00827682763338089,0.008946801535785198,0.00816426146775484,0.008041457273066044,0.008899853564798832,0.00887220911681652,0.008639883249998093,0.007999788969755173,0.008429646492004395,0.009254585951566696,0.011931804940104485,0.011901513673365116,0.011090504936873913,0.019287288188934326,0.019347311928868294,0.019342610612511635,0.01924419216811657,0.0193928275257349,0.009772495366632938,0.009611153975129128,0.009599012322723866,0.009691726416349411,0.007703081239014864,0.009077583439648151,0.009841423481702805,0.008140693418681622,0.00858042761683464,0.00900723785161972,0.012050297111272812,0.014928929507732391
lapgyn4_instrument_count,0.002082982799038291,0.0007443426293320954,0.0,0.0009247589623555541,0.008111007511615753,0.011517403647303581,0.021236523985862732,0.007129705976694822,0.005853057373315096,0.018078280612826347,0.005092137027531862,0.004588039126247168,0.007082629948854446,0.006787298712879419,0.025262512266635895,0.025335494428873062,0.004745108541101217,0.004383943043649197,0.006359366234391928,0.004926130175590515,0.0018484749598428607,0.0018965243361890316,0.0018587459344416857,0.001860317075625062,0.0018484409665688872,0.0018610337283462286,0.0018378159729763865,0.007905181497335434,0.006872707512229681,0.008243980817496777,0.014486409723758698,0.01067409198731184,0.014403626322746277,0.008190463297069073,0.008337545208632946,0.008842202834784985,0.008142057806253433,0.00896788202226162,0.008049779571592808,0.008023515343666077,0.009083325043320656,0.00875187013298273,0.008517803624272346,0.00797189585864544,0.008433722890913486,0.009236356243491173,0.01175758708268404,0.00921106431633234,0.011740065179765224,0.010701959952712059,0.018651911988854408,0.012478944845497608,0.008739295415580273,0.018717685714364052,0.018705163151025772,0.018732519820332527,0.018837910145521164,0.009456483647227287,0.009201258420944214,0.00929262489080429,0.015475720167160034,0.03018667735159397,0.00937042385339737,0.007608267478644848,0.008728117682039738,0.009755339473485947,0.007830613292753696,0.00822721142321825,0.008760340511798859,0.011833506636321545,0.014685370028018951,0.002115959767252207,0.0009602743666619062,,0.0009998928289860487,0.021105902269482613,0.00715502817183733,0.017825309187173843,0.00718645891174674,0.025390569120645523,0.004780838266015053,0.0043332637287676334,0.0063744401559233665,0.004941768944263458,0.0019087843829765916,0.0019041296327486634,0.0019303456647321582,0.0019533212762326,0.0018965062918141484,0.0018280582735314965,0.0019488391699269414,0.006960626225918531,0.01447230763733387,0.014363417401909828,0.008374236524105072,0.008367502130568027,0.008818761445581913,0.008239204995334148,0.00896289013326168,0.008129907771945,0.007997540757060051,0.008916329592466354,0.008897069841623306,0.008642112836241722,0.00793800875544548,0.008414998650550842,0.009289017878472805,0.011813444085419178,0.011794764548540115,0.010804659686982632,0.01871635764837265,0.018775125965476036,0.018772201612591743,0.018676187843084335,0.018820732831954956,0.009383237920701504,0.009271075949072838,0.00927751138806343,0.009479114785790443,0.007478687912225723,0.008699124678969383,0.0097693195566535,0.007848374545574188,0.008349809795618057,0.008718503639101982,0.011876854114234447,0.014431317336857319
lapgyn4_anatomical_actions,0.003590978216379881,0.0012310496531426907,0.0009247589623555541,0.0,0.009742640890181065,0.013066309504210949,0.022612085565924644,0.00883916113525629,0.006982339546084404,0.019338756799697876,0.00623804097995162,0.005711595993489027,0.008248817175626755,0.007991954684257507,0.026509350165724754,0.02660069428384304,0.006716138683259487,0.006328508723527193,0.00805568229407072,0.006481874734163284,0.003337496193125844,0.0033873762004077435,0.003336413996294141,0.0033469093032181263,0.003332872875034809,0.0033499503042548895,0.003320685587823391,0.009413003921508789,0.007994679734110832,0.009675309993326664,0.016123339533805847,0.012259917333722115,0.01572299562394619,0.009545342065393925,0.009676611050963402,0.010145975276827812,0.009518804959952831,0.010269701480865479,0.009408094920217991,0.009401030838489532,0.010396704077720642,0.010057243518531322,0.009841511026024818,0.00935509242117405,0.009775164537131786,0.010513982735574245,0.013066502287983894,0.010738135315477848,0.013037409633398056,0.01230275072157383,0.020271629095077515,0.013636437244713306,0.010043773800134659,0.020339282229542732,0.02032412216067314,0.0203451719135046,0.020456619560718536,0.010985823348164558,0.010748142376542091,0.010853585787117481,0.01678423024713993,0.03163262829184532,0.010549947619438171,0.00901247002184391,0.010095175355672836,0.01089679729193449,0.00904266256839037,0.009390388615429401,0.010034346021711826,0.013076127506792545,0.01623225212097168,0.0036283594090491533,0.0014961690176278353,0.0009405502933077514,,0.022480811923742294,0.008864697068929672,0.019086556509137154,0.008356091566383839,0.026635603979229927,0.0067625511437654495,0.006278586108237505,0.008062575943768024,0.006506555713713169,0.0034067058004438877,0.0033957487903535366,0.0034203683026134968,0.003456240054219961,0.0033396075014024973,0.0033262730576097965,0.003442811779677868,0.008068806491792202,0.016105329617857933,0.01569066196680069,0.009715830907225609,0.009703646413981915,0.010125383734703064,0.009609031490981579,0.010271434672176838,0.009489079006016254,0.009378480724990368,0.010229263454675674,0.010184911079704762,0.00996407214552164,0.009330677799880505,0.0097417077049613,0.010568267665803432,0.013116961345076561,0.013091492466628551,0.012414855882525444,0.02033313550055027,0.02039732038974762,0.020391469821333885,0.020288966596126556,0.020440828055143356,0.010908984579145908,0.01081923395395279,0.010828624479472637,0.01065846998244524,0.008874927647411823,0.010056147351861,0.010913640260696411,0.009069862775504589,0.009518131613731384,0.00999709963798523,0.013117999769747257,0.015977539122104645
sklin2_skin_lesions,0.008808881044387817,0.008618581108748913,0.008111007511615753,0.009742640890181065,0.0,0.012629754841327667,0.02076873742043972,0.009538684040307999,0.0070091416127979755,0.01818353682756424,0.0062679750844836235,0.005823043640702963,0.008133728988468647,0.007666232530027628,0.025394821539521217,0.025352763012051582,0.006607463583350182,0.006751063745468855,0.009227318689227104,0.008345252834260464,0.007804242428392172,0.007832764647901058,0.007832908071577549,0.007817751727998257,0.007810819894075394,0.00783216580748558,0.007813967764377594,0.003996641840785742,0.009283913299441338,0.007789239753037691,0.01415280532091856,0.00766163133084774,0.014504597522318363,0.00983506441116333,0.010018941015005112,0.010522016324102879,0.009764349088072777,0.010650630109012127,0.009683426469564438,0.00961652398109436,0.010771075263619423,0.010495919734239578,0.010165411047637463,0.009484470821917057,0.01014826912432909,0.010921896435320377,0.013741225004196167,0.0043824343010783195,0.013762949965894222,0.006405391730368137,0.01674574427306652,0.014752823859453201,0.009832052513957024,0.016827082261443138,0.01681598648428917,0.016850776970386505,0.016954319551587105,0.009616637602448463,0.009014870971441269,0.009122819639742374,0.015109729953110218,0.028973489999771118,0.011181897483766079,0.00929480604827404,0.01030954159796238,0.012075835838913918,0.009722677059471607,0.0101341363042593,0.010253540240228176,0.012078800238668919,0.012607983313500881,0.00882688257843256,0.008673511445522308,0.008272700011730194,0.009763755835592747,0.02064410410821438,0.009538771584630013,0.01794010028243065,0.008234848268330097,0.025530174374580383,0.006681468803435564,0.006658702623099089,0.009218341670930386,0.008410628885030746,0.00776743795722723,0.007889102213084698,0.007964001037180424,0.007889769040048122,0.007975341752171516,0.007820198312401772,0.007768696174025536,0.009455624967813492,0.014156094752252102,0.014455382712185383,0.010062474757432938,0.01009307336062193,0.010488692671060562,0.009878593496978283,0.010592356324195862,0.00974181666970253,0.009570391848683357,0.010606687515974045,0.01064289454370737,0.010299247689545155,0.009450561366975307,0.010184274055063725,0.010995053686201572,0.0138087822124362,0.01380897220224142,0.00652443477883935,0.016816992312669754,0.016859278082847595,0.016904503107070923,0.016788950189948082,0.01691882498562336,0.009534178301692009,0.009062562137842178,0.009120974689722061,0.011289674788713455,0.009165351279079914,0.010316504165530205,0.012085909955203533,0.009722193703055382,0.010234450921416283,0.010178997181355953,0.012103400193154812,0.012359722517430782
identify_nbi_infframes,0.011756830848753452,0.011716671288013458,0.011517403647303581,0.013066309504210949,0.012629754841327667,0.0,0.020570235326886177,0.014057840220630169,0.010552517138421535,0.019490526989102364,0.009930979460477829,0.00955395121127367,0.011623772792518139,0.011038072407245636,0.02730501815676689,0.02716141939163208,0.01101835910230875,0.011001532897353172,0.013238939456641674,0.011920387856662273,0.011427424848079681,0.011492026969790459,0.011453327722847462,0.011435373686254025,0.011449320241808891,0.011460788547992706,0.011490597389638424,0.011508574709296227,0.012553747743368149,0.011473913677036762,0.016573777422308922,0.014462369494140148,0.018791863694787025,0.013533412478864193,0.013406392186880112,0.01379886083304882,0.013506625778973103,0.013855359517037868,0.013357560150325298,0.013329957611858845,0.013970148749649525,0.0138861620798707,0.013561065308749676,0.013322454877197742,0.013548100367188454,0.014088683761656284,0.01715199463069439,0.012655393220484257,0.01725461706519127,0.012936628423631191,0.022688837721943855,0.018765194341540337,0.014312125742435455,0.022742677479982376,0.02274555154144764,0.022774161770939827,0.02288498729467392,0.01572697050869465,0.015192262828350067,0.01527536753565073,0.01700984314084053,0.03420950472354889,0.01471276581287384,0.013031057082116604,0.013633714988827705,0.015920700505375862,0.013152017258107662,0.013400507159531116,0.013990607112646103,0.01631275564432144,0.01934657245874405,0.011768954806029797,0.011640592478215694,0.011625454761087894,0.013145850040018559,0.020431291311979294,0.014038984663784504,0.01936192624270916,0.011717267334461212,0.027417520061135292,0.011026544496417046,0.010897538624703884,0.013254262506961823,0.011962885037064552,0.011414807289838791,0.01143921259790659,0.011613125912845135,0.011586044915020466,0.011605742387473583,0.011480482295155525,0.011395097710192204,0.01273311022669077,0.01663629710674286,0.01874188706278801,0.013691086322069168,0.013492809608578682,0.013802739791572094,0.013685286976397038,0.01377816777676344,0.013386975973844528,0.013279908336699009,0.01383593026548624,0.013999720104038715,0.013667457737028599,0.013348124921321869,0.013576439581811428,0.014185011386871338,0.017234383150935173,0.017295649275183678,0.013038617558777332,0.022744160145521164,0.02281791903078556,0.022792214527726173,0.022713130339980125,0.02286713570356369,0.01566987670958042,0.015242012217640877,0.01525631733238697,0.014820788986980915,0.012926995754241943,0.013674084097146988,0.015913313254714012,0.013166102580726147,0.013453595340251923,0.013920700177550316,0.016352256760001183,0.01910802163183689
laryngeal_tissues,0.022057322785258293,0.02164795994758606,0.021236523985862732,0.022612085565924644,0.02076873742043972,0.020570235326886177,0.0,0.02326272986829281,0.017525432631373405,0.018580369651317596,0.016581367701292038,0.01661725714802742,0.015791725367307663,0.014856203459203243,0.03088906966149807,0.030811844393610954,0.02122161164879799,0.021035529673099518,0.02277073822915554,0.02191133052110672,0.021657265722751617,0.021714545786380768,0.021680869162082672,0.021662434563040733,0.02166726067662239,0.021688304841518402,0.021700430661439896,0.019257616251707077,0.021835729479789734,0.02059096284210682,0.023728149011731148,0.022114919498562813,0.0269815344363451,0.02309148944914341,0.023065457120537758,0.0233883298933506,0.023108964785933495,0.023459628224372864,0.022953489795327187,0.022943789139389992,0.02357804961502552,0.023459039628505707,0.023159509524703026,0.022958634421229362,0.023126961663365364,0.023651590570807457,0.02621478959918022,0.02133014425635338,0.02631913498044014,0.019946685060858727,0.031165042892098427,0.0280131995677948,0.022903990000486374,0.03123021498322487,0.03122228942811489,0.031244786456227303,0.03136291354894638,0.023740259930491447,0.023163871839642525,0.023281095549464226,0.025411803275346756,0.04244392365217209,0.023020610213279724,0.022196894511580467,0.022661332041025162,0.024577774107456207,0.021849500015378,0.021980464458465576,0.022505126893520355,0.024554233998060226,0.02800130471587181,0.022076454013586044,0.02189777046442032,0.021381894126534462,0.022633211687207222,,0.0232556089758873,0.018659617751836777,0.015812577679753304,0.030975600704550743,0.021266674622893333,0.02098012901842594,0.022772589698433876,0.02197404019534588,0.021613286808133125,0.02172357402741909,0.021829355508089066,0.0217971820384264,0.021827489137649536,0.021695420145988464,0.021619340404868126,0.022053757682442665,0.023743050172924995,0.026950590312480927,0.02326597273349762,0.02314554899930954,0.023381074890494347,0.0232766792178154,0.023398330435156822,0.02300238236784935,0.02290753461420536,0.02344602718949318,0.023562327027320862,0.023262150585651398,0.022983595728874207,0.023133954033255577,0.02376650646328926,0.026298489421606064,0.026353027671575546,0.020096560940146446,0.03122444450855255,0.03129810839891434,0.03127199038863182,0.031178344041109085,0.0313447006046772,0.023675505071878433,0.023212425410747528,0.0232783742249012,0.023124469444155693,0.02207982912659645,0.022674530744552612,0.024581225588917732,0.02185465395450592,0.022071558982133865,0.022452862933278084,0.02459247037768364,0.027767695486545563
nerthus_bowel_cleansing_quality,0.007750086020678282,0.0072656236588954926,0.007129705976694822,0.00883916113525629,0.009538684040307999,0.014057840220630169,0.02326272986829281,0.0,0.008135220035910606,0.019407102838158607,0.006888064555823803,0.006381341256201267,0.008760982193052769,0.008382092230021954,0.026641448959708214,0.026698069646954536,0.00443987874314189,0.00353056937456131,0.0018109182128682733,0.003577575320377946,0.00581318000331521,0.005797168239951134,0.005804833024740219,0.005826274864375591,0.005815969780087471,0.005817655008286238,0.005817209370434284,0.009235236793756485,0.006360712461173534,0.009951629675924778,0.01622464694082737,0.012887113727629185,0.014849187806248665,0.009453687816858292,0.009376704692840576,0.009866701439023018,0.009346583858132362,0.009943895041942596,0.009244660846889019,0.009166940115392208,0.010098837316036224,0.009911319240927696,0.009570312686264515,0.009146574884653091,0.009693751111626625,0.010253574699163437,0.013613627292215824,0.010458052158355713,0.013565734960138798,0.012280724011361599,0.01921653188765049,0.014262622222304344,0.00911274366080761,0.019269654527306557,0.019255854189395905,0.01929650455713272,0.01938892900943756,0.008227890357375145,0.007852916605770588,0.007843295112252235,0.017036568373441696,0.03097190149128437,0.010766147635877132,0.008085590787231922,0.009236707352101803,0.011161042377352715,0.009007992222905159,0.009138334542512894,0.00950600951910019,0.014381219632923603,0.0149909146130085,0.0077881100587546825,0.007619652431458235,0.0071978019550442696,0.008821366354823112,0.02313273213803768,,0.01912701688706875,0.008848004974424839,0.02678697556257248,0.0044828481040894985,0.0036757837515324354,0.0018234837334603071,0.003583915065973997,0.005784023553133011,0.005898786708712578,0.005912516266107559,0.005879231262952089,0.005919625051319599,0.0058450112119317055,0.005814367905259132,0.006427868735045195,0.016223549842834473,0.014799674041569233,0.009656758047640324,0.009430903941392899,0.009843740612268448,0.009466491639614105,0.009922710247337818,0.009305871091783047,0.00914414506405592,0.009932396002113819,0.010070199146866798,0.009704256430268288,0.00911351852118969,0.009680005721747875,0.010318063199520111,0.013647632673382759,0.013624857179820538,0.012396007776260376,0.019288135692477226,0.019318899139761925,0.019312752410769463,0.019240861758589745,0.019366716966032982,0.008167882449924946,0.007940567098557949,0.007810735143721104,0.01088381465524435,0.007950794883072376,0.009232359007000923,0.011174404993653297,0.009006169624626637,0.009251296520233154,0.0094453115016222,0.014426067471504211,0.014714816585183144
stanford_dogs_image_categorization,0.006967507302761078,0.006140394136309624,0.005853057373315096,0.006982339546084404,0.0070091416127979755,0.010552517138421535,0.017525432631373405,0.008135220035910606,0.0,0.01440189778804779,0.0019329743226990104,0.0016363211907446384,0.003410876030102372,0.0034737649839371443,0.021798381581902504,0.021868329495191574,0.006303086411207914,0.006169050466269255,0.007721928879618645,0.006395616102963686,0.006296488922089338,0.006329967640340328,0.006311470177024603,0.006299968808889389,0.006292946636676788,0.006322934757918119,0.006315640639513731,0.006528552621603012,0.007227826863527298,0.0061712986789643764,0.012079940177500248,0.008943771943449974,0.01213825773447752,0.007811081130057573,0.0078506488353014,0.008247492834925652,0.0078111682087183,0.008345813490450382,0.007686312310397625,0.007654992863535881,0.008461072109639645,0.008238990791141987,0.007995969615876675,0.007688026409596205,0.007972882129251957,0.00857357494533062,0.010955951176583767,0.0077867270447313786,0.010987382382154465,0.008955194614827633,0.016720691695809364,0.0121212899684906,0.007349896244704723,0.016782235354185104,0.016775162890553474,0.01678888499736786,0.016903867945075035,0.008860671892762184,0.008246776647865772,0.008362713269889355,0.012779036536812782,0.027747780084609985,0.00792013294994831,0.006999089848250151,0.0074962349608540535,0.00923589151352644,0.006513429805636406,0.0070439549162983894,0.007383117452263832,0.01000658143311739,0.013032834976911545,0.00698175560683012,0.006276683881878853,0.0059635573998093605,0.006977823097258806,0.017383884638547897,0.008152042515575886,0.01416595745831728,0.003528543980792165,0.021933915093541145,0.006364324130117893,0.006133462302386761,0.007700473070144653,0.006448445376008749,0.006274187937378883,0.0063943518325686455,0.006446553859859705,0.006393635179847479,0.006438525393605232,0.0063415211625397205,0.006273349747061729,0.007355786859989166,0.01206324901431799,0.01212084200233221,0.007986854761838913,0.00790212769061327,0.00825278926640749,0.007947086356580257,0.008322114124894142,0.007766068913042545,0.007632989902049303,0.00830406416207552,0.00835859589278698,0.00810144655406475,0.007686131168156862,0.007940830662846565,0.008667174726724625,0.011019378900527954,0.011030013673007488,0.009116225875914097,0.016776584088802338,0.01685217022895813,0.01683189906179905,0.016726361587643623,0.01688556931912899,0.008786233142018318,0.00832120981067419,0.008345850743353367,0.008027492091059685,0.0068543823435902596,0.007479637861251831,0.009250469505786896,0.0065246163867414,0.007149228826165199,0.00732623552903533,0.010036931373178959,0.012786852195858955
svhn,0.01922987960278988,0.01844436302781105,0.018078280612826347,0.019338756799697876,0.01818353682756424,0.019490526989102364,0.018580369651317596,0.019407102838158607,0.01440189778804779,0.0,0.013294447213411331,0.013057730160653591,0.010041260160505772,0.009050115942955017,0.02279394492506981,0.022707996889948845,0.017904169857501984,0.017717448994517326,0.019105009734630585,0.018016181886196136,0.018109675496816635,0.018154926598072052,0.018125904724001884,0.018114950507879257,0.018122060224413872,0.01814120262861252,0.018150195479393005,0.01739172451198101,0.01820702664554119,0.01757400669157505,0.02083205059170723,0.020633777603507042,0.023267127573490143,0.0191067885607481,0.019083555787801743,0.01943744160234928,0.019112979993224144,0.01950959302484989,0.018974358215928078,0.01895788684487343,0.01961228810250759,0.01946605183184147,0.019190825521945953,0.01896655559539795,0.019141823053359985,0.019706368446350098,0.022200176492333412,0.018895037472248077,0.02227667160332203,0.019284265115857124,0.02786848694086075,0.023933740332722664,0.01859322190284729,0.027928510680794716,0.027923017740249634,0.027942119166254997,0.028055956587195396,0.02008294314146042,0.019447991624474525,0.019569776952266693,0.0232097078114748,0.03902355581521988,0.01845887489616871,0.01798085868358612,0.018227586522698402,0.020160945132374763,0.017320746555924416,0.01716165617108345,0.017956117168068886,0.021935204043984413,0.024472037330269814,0.01926603727042675,0.01848808489739895,0.018202651292085648,0.019335739314556122,0.018573107197880745,0.019400041550397873,,0.009987479075789452,0.02292296476662159,0.01796189323067665,0.017672711983323097,0.019085928797721863,0.018088679760694504,0.018072307109832764,0.01817590743303299,0.01827523112297058,0.01823335327208042,0.018264029175043106,0.018167996779084206,0.01806102693080902,0.01839485578238964,0.020819609984755516,0.023241989314556122,0.019278766587376595,0.01915338821709156,0.01941741444170475,0.01927390694618225,0.019450245425105095,0.01902669295668602,0.01892215572297573,0.019477954134345055,0.019575947895646095,0.019303953275084496,0.0189958568662405,0.019140245392918587,0.019811607897281647,0.022279145196080208,0.02231164462864399,0.019443504512310028,0.027923915535211563,0.027996474876999855,0.02796928398311138,0.027876505628228188,0.028038475662469864,0.020011508837342262,0.0194903202354908,0.019565701484680176,0.01857074908912182,0.01786787062883377,0.018229058012366295,0.020168639719486237,0.017331959679722786,0.017238279804587364,0.01791713945567608,0.021967975422739983,0.024231599643826485
caltech101_object_classification,0.006289356388151646,0.005389131139963865,0.005092137027531862,0.00623804097995162,0.0062679750844836235,0.009930979460477829,0.016581367701292038,0.006888064555823803,0.0019329743226990104,0.013294447213411331,0.0,0.0004980282392352819,0.002907593036070466,0.002670562593266368,0.019981471821665764,0.02019442804157734,0.005440412554889917,0.005123010370880365,0.006576748564839363,0.0053232884965837,0.005346172954887152,0.005375226028263569,0.005357575137168169,0.0053486572578549385,0.0053451210260391235,0.005373932886868715,0.005363304167985916,0.005743886344134808,0.005900880787521601,0.005841986276209354,0.010706587694585323,0.008616194128990173,0.011006904765963554,0.007069852668792009,0.007136063650250435,0.007543953135609627,0.0070688435807824135,0.00763982068747282,0.006944228895008564,0.006922135129570961,0.007752566132694483,0.007512531243264675,0.007264371961355209,0.006925892550498247,0.007241422310471535,0.00785785261541605,0.010241908952593803,0.0072006164118647575,0.010257022455334663,0.008123133331537247,0.015557292848825455,0.011379536241292953,0.006094565149396658,0.015625031664967537,0.015612047165632248,0.015629462897777557,0.01574578508734703,0.007368480786681175,0.006842514965683222,0.0069579011760652065,0.012059600092470646,0.02669220045208931,0.006781783886253834,0.0058691599406301975,0.006262441631406546,0.00792214460670948,0.005287704523652792,0.005588545463979244,0.006106486078351736,0.00920879002660513,0.011967224068939686,0.006309971213340759,0.0056158024817705154,0.00521291047334671,0.006227943580597639,0.0164418313652277,0.006902181077748537,0.013040389865636826,0.003019755706191063,0.020113809034228325,0.005503826308995485,0.00509896595031023,0.006559092551469803,0.005382636096328497,0.0053265816532075405,0.005439470522105694,0.005501304753124714,0.005448011681437492,0.005474960431456566,0.005392043851315975,0.005316893570125103,0.00603821873664856,0.010698910802602768,0.010986912064254284,0.007248404901474714,0.0071925148367881775,0.007530099246650934,0.007199922576546669,0.007613987661898136,0.007020996417850256,0.006898536346852779,0.007602277677506208,0.007633083499968052,0.007378933019936085,0.006926638539880514,0.007215602323412895,0.007945477031171322,0.01030141580849886,0.010303021408617496,0.008273434825241566,0.015616685152053833,0.01568600907921791,0.015665920451283455,0.015572048723697662,0.015725350007414818,0.007296637631952763,0.0069127813912928104,0.006943035405129194,0.00688950764015317,0.00571703864261508,0.006239594891667366,0.007931905798614025,0.005303544923663139,0.005701242946088314,0.006049404386430979,0.009242457337677479,0.01173167210072279
caltech256_object_classification,0.005858825985342264,0.004870936274528503,0.004588039126247168,0.005711595993489027,0.005823043640702963,0.00955395121127367,0.01661725714802742,0.006381341256201267,0.0016363211907446384,0.013057730160653591,0.0004980282392352819,0.0,0.0026548439636826515,0.0023955681826919317,0.019912075251340866,0.02009447291493416,0.0049410006031394005,0.0046578338369727135,0.006123554892838001,0.00476435711607337,0.004749687388539314,0.004777160938829184,0.004759880714118481,0.004752082284539938,0.004748718813061714,0.0047759092412889,0.004767483565956354,0.0053681242279708385,0.005346118006855249,0.005434995051473379,0.01058503333479166,0.008251051418483257,0.010504142381250858,0.006447381805628538,0.006526915356516838,0.006947371177375317,0.006449940148741007,0.007046802435070276,0.006326484959572554,0.006304382346570492,0.007159245666116476,0.006907368544489145,0.006662046071141958,0.006308685522526503,0.006646682508289814,0.007268198765814304,0.009624511934816837,0.006760539952665567,0.009635740891098976,0.007813910953700542,0.014968952164053917,0.010760960169136524,0.005572171416133642,0.015034385025501251,0.015022071078419685,0.01503868866711855,0.01515521202236414,0.0069025661796331406,0.006379649508744478,0.006501407362520695,0.011661809869110584,0.026052623987197876,0.006126341409981251,0.005226134788244963,0.005623676348477602,0.0073515912517905235,0.004610627889633179,0.004950929898768663,0.005454251077026129,0.008829250000417233,0.011372657492756844,0.005887169856578112,0.005027041770517826,0.004705558065325022,0.0056924037635326385,0.0164765827357769,0.006398324854671955,0.012802837416529655,0.002758636139333248,0.020046554505825043,0.005013448651880026,0.004632133990526199,0.006100376136600971,0.004826467018574476,0.004725300241261721,0.004842402879148722,0.004896147176623344,0.004850286059081554,0.004878321662545204,0.004802035167813301,0.004716840106993914,0.005482771899551153,0.010575084015727043,0.010480368509888649,0.00662878667935729,0.006581832654774189,0.006931584794074297,0.006576746702194214,0.0070226737298071384,0.00640272768214345,0.006282271817326546,0.007006981410086155,0.007029416970908642,0.006777697242796421,0.006306600756943226,0.006619052495807409,0.007355722598731518,0.009683814831078053,0.009680526331067085,0.007967081852257252,0.015030589886009693,0.015097737312316895,0.015074090100824833,0.014981805346906185,0.01513650268316269,0.006827617529779673,0.006447960622608662,0.006487395614385605,0.006236738059669733,0.005073792301118374,0.0055978549644351006,0.007364601828157902,0.004625727888196707,0.005065316334366798,0.005399616435170174,0.008862960152328014,0.011135612614452839
cifar10_object_classification,0.008277440443634987,0.0073463814333081245,0.007082629948854446,0.008248817175626755,0.008133728988468647,0.011623772792518139,0.015791725367307663,0.008760982193052769,0.003410876030102372,0.010041260160505772,0.002907593036070466,0.0026548439636826515,0.0,0.0005512811476364732,0.01919879950582981,0.019331224262714386,0.007331273518502712,0.007105934899300337,0.008511887863278389,0.007144068833440542,0.0072065070271492004,0.007237754762172699,0.007219790015369654,0.007215523160994053,0.007206891197711229,0.007232234813272953,0.007227991241961718,0.007567986845970154,0.007911434397101402,0.007318479940295219,0.012378704734146595,0.010463662445545197,0.013434009626507759,0.008742517791688442,0.008774497546255589,0.009184854105114937,0.00873380247503519,0.009275653399527073,0.00861083623021841,0.008578436449170113,0.009398515336215496,0.009179811924695969,0.008927115239202976,0.008601467125117779,0.00890367478132248,0.009518384002149105,0.012139350175857544,0.008920939639210701,0.012146582826972008,0.010224034078419209,0.01787884160876274,0.01323192659765482,0.008097028359770775,0.017943140119314194,0.017928753048181534,0.017947249114513397,0.018062151968479156,0.00961373746395111,0.009060699492692947,0.009187047369778156,0.013543366454541683,0.028979644179344177,0.008923639543354511,0.007927843369543552,0.008535335771739483,0.01000613160431385,0.007530691102147102,0.007824094034731388,0.008313287980854511,0.011346167884767056,0.014191069640219212,0.008303053677082062,0.007470861077308655,0.0071913860738277435,0.008230285719037056,0.015694400295615196,0.008771078661084175,0.009796639904379845,,0.01933419145643711,0.007398394867777824,0.007077069953083992,0.008489483967423439,0.007205506321042776,0.007178403902798891,0.007298232056200504,0.007352221291512251,0.007297845091670752,0.007343040779232979,0.007264081854373217,0.007176953833550215,0.008045428432524204,0.012351229786872864,0.01341246534138918,0.008914988487958908,0.00882634986191988,0.009177104569971561,0.008864162489771843,0.009251528419554234,0.008685129694640636,0.008563037030398846,0.009243568405508995,0.00930124893784523,0.009042092598974705,0.008596652187407017,0.008869369514286518,0.00960927177220583,0.012197415344417095,0.012191100046038628,0.010371243581175804,0.017939161509275436,0.01800793595612049,0.017985360696911812,0.017886074259877205,0.018048739060759544,0.009535819292068481,0.009119600988924503,0.009180375374853611,0.009035604074597359,0.007784253917634487,0.008512984961271286,0.010021267458796501,0.007546731270849705,0.007933519780635834,0.008267652243375778,0.01137881726026535,0.013941524550318718
