,lapgyn4_anatomical_structures,lapgyn4_surgical_actions,lapgyn4_instrument_count,lapgyn4_anatomical_actions,sklin2_skin_lesions,identify_nbi_infframes,laryngeal_tissues,nerthus_bowel_cleansing_quality,stanford_dogs_image_categorization,svhn,caltech101_object_classification,caltech256_object_classification,cifar10_object_classification,cifar100_object_classification,mnist_digit_classification,emnist_digit_classification,hyperkvasir_anatomical-landmarks,hyperkvasir_pathological-findings,hyperkvasir_quality-of-mucosal-views,hyperkvasir_therapeutic-interventions,cholec80_grasper_presence,cholec80_bipolar_presence,cholec80_hook_presence,cholec80_scissors_presence,cholec80_clipper_presence,cholec80_irrigator_presence,cholec80_specimenbag_presence,derm7pt_skin_lesions,idle_action_recognition,barretts_esophagus_diagnosis,brain_tumor_classification,mednode_melanoma_classification,brain_tumor_type_classification,chexpert_enlarged_cardiomediastinum,chexpert_cardiomegaly,chexpert_lung_opacity,chexpert_lung_lesion,chexpert_edema,chexpert_consolidation,chexpert_pneumonia,chexpert_atelectasis,chexpert_pneumothorax,chexpert_pleural_effusion,chexpert_pleural_other,chexpert_fracture,chexpert_support_devices,pneumonia_classification,ph2-melanocytic-lesions-classification,covid_xray_classification,isic20_melanoma_classification,deep_drid_dr_level,shenzen_chest_xray_tuberculosis,crawled_covid_ct_classification,deep_drid_quality,deep_drid_clarity,deep_drid_field,deep_drid_artifact,kvasir_capsule_anatomy,kvasir_capsule_content,kvasir_capsule_pathologies,breast_cancer_classification_v2,eye_condition_classification,mura_xr_wrist,mura_xr_shoulder,mura_xr_humerus,mura_xr_hand,mura_xr_forearm,mura_xr_finger,mura_xr_elbow,bean_plant_disease_classification,aptos19_blindness_detection,lapgyn4_anatomical_structures --shrink_train 800,lapgyn4_surgical_actions --shrink_train 800,lapgyn4_instrument_count --shrink_train 800,lapgyn4_anatomical_actions --shrink_train 800,laryngeal_tissues --shrink_train 800,nerthus_bowel_cleansing_quality --shrink_train 800,svhn --shrink_train 800,cifar10_object_classification --shrink_train 800,mnist_digit_classification --shrink_train 800,hyperkvasir_anatomical-landmarks --shrink_train 800,hyperkvasir_pathological-findings --shrink_train 800,hyperkvasir_quality-of-mucosal-views --shrink_train 800,hyperkvasir_therapeutic-interventions --shrink_train 800,cholec80_grasper_presence --shrink_train 800,cholec80_bipolar_presence --shrink_train 800,cholec80_hook_presence --shrink_train 800,cholec80_scissors_presence --shrink_train 800,cholec80_clipper_presence --shrink_train 800,cholec80_irrigator_presence --shrink_train 800,cholec80_specimenbag_presence --shrink_train 800,idle_action_recognition --shrink_train 800,brain_tumor_classification --shrink_train 800,brain_tumor_type_classification --shrink_train 800,chexpert_enlarged_cardiomediastinum --shrink_train 800,chexpert_cardiomegaly --shrink_train 800,chexpert_lung_opacity --shrink_train 800,chexpert_lung_lesion --shrink_train 800,chexpert_edema --shrink_train 800,chexpert_consolidation --shrink_train 800,chexpert_pneumonia --shrink_train 800,chexpert_atelectasis --shrink_train 800,chexpert_pneumothorax --shrink_train 800,chexpert_pleural_effusion --shrink_train 800,chexpert_pleural_other --shrink_train 800,chexpert_fracture --shrink_train 800,chexpert_support_devices --shrink_train 800,pneumonia_classification --shrink_train 800,covid_xray_classification --shrink_train 800,isic20_melanoma_classification --shrink_train 800,deep_drid_dr_level --shrink_train 800,deep_drid_quality --shrink_train 800,deep_drid_clarity --shrink_train 800,deep_drid_field --shrink_train 800,deep_drid_artifact --shrink_train 800,kvasir_capsule_anatomy --shrink_train 800,kvasir_capsule_content --shrink_train 800,kvasir_capsule_pathologies --shrink_train 800,mura_xr_wrist --shrink_train 800,mura_xr_shoulder --shrink_train 800,mura_xr_humerus --shrink_train 800,mura_xr_hand --shrink_train 800,mura_xr_forearm --shrink_train 800,mura_xr_finger --shrink_train 800,mura_xr_elbow --shrink_train 800,bean_plant_disease_classification --shrink_train 800,aptos19_blindness_detection --shrink_train 800
lapgyn4_anatomical_structures,0.0,9.558603051118553e-05,9.561178740113974e-05,9.556988516123965e-05,9.682834206614643e-05,9.630362183088437e-05,9.610709821572527e-05,9.566134394844994e-05,9.566984954290092e-05,9.594789298716933e-05,9.580668120179325e-05,9.567305824020877e-05,9.581945778336376e-05,9.578374738339335e-05,9.594667062629014e-05,9.590103582013398e-05,9.58937089308165e-05,9.585030056769028e-05,9.582955681253225e-05,9.575764124747366e-05,9.558744204696268e-05,9.560753096593544e-05,9.558610327076167e-05,9.554567805025727e-05,9.557720477459952e-05,9.55760624492541e-05,9.556426084600389e-05,9.631497960072011e-05,9.558824240230024e-05,9.68082676990889e-05,9.59718381636776e-05,9.730395686347038e-05,9.565851360093802e-05,9.559444879414514e-05,9.56291623879224e-05,9.559451427776366e-05,9.562219202052802e-05,9.554889402352273e-05,9.559375030221418e-05,9.563665662426502e-05,9.565989603288472e-05,9.556388977216557e-05,9.558287274558097e-05,9.564407082507387e-05,9.564848733134568e-05,9.561972547089681e-05,9.551370021654293e-05,9.728761506266892e-05,9.561215119902045e-05,9.584431973053142e-05,9.586528176441789e-05,9.595775190973654e-05,9.596221207175404e-05,9.593518188921735e-05,9.598339966032654e-05,9.591898560756817e-05,9.58993477979675e-05,9.568339737597853e-05,9.56769727054052e-05,9.565833897795528e-05,9.649863204685971e-05,9.612008580006659e-05,9.542374027660117e-05,9.560245234752074e-05,9.603194484952837e-05,9.5445204351563e-05,9.563215280650184e-05,9.563183994032443e-05,9.56411095103249e-05,9.595419396646321e-05,9.572877024766058e-05,,9.575887816026807e-05,9.578174649504945e-05,9.575045260135084e-05,9.616704483050853e-05,9.582906204741448e-05,9.633292211219668e-05,9.61601035669446e-05,9.628712723497301e-05,9.609624976292253e-05,9.601489000488073e-05,9.59234093897976e-05,9.588089596945792e-05,9.58199379965663e-05,9.584749932400882e-05,9.583242353983223e-05,9.583986684447154e-05,9.588218381395563e-05,9.584952204022557e-05,9.585875523043796e-05,9.589120600139722e-05,9.616166062187403e-05,9.58587188506499e-05,9.589372348273173e-05,9.588917600922287e-05,9.590538684278727e-05,9.58309683483094e-05,9.595992742106318e-05,9.586525993654504e-05,9.585787483956665e-05,9.589763067197055e-05,9.592262358637527e-05,9.58819582592696e-05,9.589183900970966e-05,9.582199709257111e-05,9.586059604771435e-05,9.576369484420866e-05,9.57401207415387e-05,9.604304068489e-05,9.598582255421206e-05,9.601555939298123e-05,9.596871677786112e-05,9.59974859142676e-05,9.602317004464567e-05,9.599491022527218e-05,9.585849329596385e-05,9.594271250534803e-05,9.574431169312447e-05,9.590460103936493e-05,9.594149014446884e-05,9.573920397087932e-05,9.580509504303336e-05,9.580275946063921e-05,9.592299466021359e-05,9.604849765310064e-05,9.579578909324482e-05
lapgyn4_surgical_actions,9.558603051118553e-05,0.0,9.542154293740168e-05,9.53796406975016e-05,9.663809760240838e-05,9.611337736714631e-05,9.591685375198722e-05,9.547109948471189e-05,9.547960507916287e-05,9.575764852343127e-05,9.561642946209759e-05,9.548281377647072e-05,9.562920604366809e-05,9.559349564369768e-05,9.575642616255209e-05,9.571078408043832e-05,9.570346446707845e-05,9.566005610395223e-05,9.563930507283658e-05,9.556738950777799e-05,9.539719030726701e-05,9.541728650219738e-05,9.5395851531066e-05,9.535543358651921e-05,9.538696031086147e-05,9.538581070955843e-05,9.537400910630822e-05,9.612472786102444e-05,9.539799066260457e-05,9.661802323535085e-05,9.578159369993955e-05,9.711371239973232e-05,9.546826186124235e-05,9.540420433040708e-05,9.543891064822674e-05,9.5404262538068e-05,9.543194028083235e-05,9.535864228382707e-05,9.540350583847612e-05,9.544640488456935e-05,9.546964429318905e-05,9.537364530842751e-05,9.53926210058853e-05,9.545382636133581e-05,9.545823559165001e-05,9.542948100715876e-05,9.532345575280488e-05,9.709736332297325e-05,9.542189945932478e-05,9.565407526679337e-05,9.567503730067983e-05,9.576750744599849e-05,9.577196033205837e-05,9.574493742547929e-05,9.579314792063087e-05,9.572874114383012e-05,9.570909605827183e-05,9.549314563628286e-05,9.548672824166715e-05,9.546809451421723e-05,9.630838758312166e-05,9.592983406037092e-05,9.523349581286311e-05,9.541220788378268e-05,9.58416931098327e-05,9.525495988782495e-05,9.544190834276378e-05,9.544158820062876e-05,9.545085777062923e-05,9.576394222676754e-05,9.553851850796491e-05,9.575991134624928e-05,,9.559150203131139e-05,9.556020086165518e-05,9.597679309081286e-05,9.563881030771881e-05,9.614267764845863e-05,9.596985182724893e-05,9.609687549527735e-05,9.590599802322686e-05,9.582464554114267e-05,9.573316492605954e-05,9.569065150571987e-05,9.562968625687063e-05,9.565724758431315e-05,9.564217180013657e-05,9.564962238073349e-05,9.569193935021758e-05,9.565927757648751e-05,9.566851076669991e-05,9.570096153765917e-05,9.597140888217837e-05,9.566846711095423e-05,9.570347901899368e-05,9.56989242695272e-05,9.57151351030916e-05,9.564072388457134e-05,9.576967568136752e-05,9.567501547280699e-05,9.566762309987098e-05,9.570737893227488e-05,9.573237912263721e-05,9.569171379553154e-05,9.570158727001399e-05,9.563175262883306e-05,9.567034430801868e-05,9.557344310451299e-05,9.554986900184304e-05,9.585279622115195e-05,9.579557809047401e-05,9.582530765328556e-05,9.577846503816545e-05,9.580723417457193e-05,9.583291830495e-05,9.580465848557651e-05,9.56682488322258e-05,9.575246076565236e-05,9.555406722938642e-05,9.571434929966927e-05,9.575123840477318e-05,9.554895223118365e-05,9.561484330333769e-05,9.561251499690115e-05,9.573274292051792e-05,9.585825318936259e-05,9.560554462950677e-05
lapgyn4_instrument_count,9.561178740113974e-05,9.542154293740168e-05,0.0,9.540539758745581e-05,9.666385449236259e-05,9.613913425710052e-05,9.594261064194143e-05,9.54968563746661e-05,9.550536196911708e-05,9.578340541338548e-05,9.56421863520518e-05,9.550857066642493e-05,9.56549629336223e-05,9.561925253365189e-05,9.57821830525063e-05,9.573654097039253e-05,9.572922135703266e-05,9.568581299390644e-05,9.566506196279079e-05,9.55931463977322e-05,9.542294719722122e-05,9.54430433921516e-05,9.542160842102021e-05,9.538119047647342e-05,9.541271720081568e-05,9.541156759951264e-05,9.539976599626243e-05,9.615048475097865e-05,9.542374755255878e-05,9.664378012530506e-05,9.580735058989376e-05,9.713946928968653e-05,9.549401875119656e-05,9.542996122036129e-05,9.546466753818095e-05,9.54300194280222e-05,9.545769717078656e-05,9.538439917378128e-05,9.542926272843033e-05,9.547216177452356e-05,9.549540118314326e-05,9.539940219838172e-05,9.541837789583951e-05,9.547958325129002e-05,9.548399248160422e-05,9.545523789711297e-05,9.534921264275908e-05,9.712312021292746e-05,9.544765634927899e-05,9.567983215674758e-05,9.570079419063404e-05,9.57932643359527e-05,9.579771722201258e-05,9.57706943154335e-05,9.581890481058508e-05,9.575449803378433e-05,9.573485294822603e-05,9.551890252623707e-05,9.551248513162136e-05,9.549385140417144e-05,9.633414447307587e-05,9.595559095032513e-05,9.525925270281732e-05,9.54379647737369e-05,9.586744999978691e-05,9.528071677777916e-05,9.546766523271799e-05,9.546734509058297e-05,9.547661466058344e-05,9.578969911672175e-05,9.556427539791912e-05,9.578566823620349e-05,9.559439058648422e-05,,9.558595775160939e-05,9.600254998076707e-05,9.566456719767302e-05,9.616843453841284e-05,9.599560871720314e-05,9.612263238523155e-05,9.593175491318107e-05,9.585040243109688e-05,9.575892181601375e-05,9.571640839567408e-05,9.565544314682484e-05,9.568300447426736e-05,9.566792869009078e-05,9.56753792706877e-05,9.571769624017179e-05,9.568503446644172e-05,9.569426765665412e-05,9.572671842761338e-05,9.599716577213258e-05,9.569422400090843e-05,9.572923590894789e-05,9.57246811594814e-05,9.574089199304581e-05,9.566648077452555e-05,9.579543257132173e-05,9.57007723627612e-05,9.569337998982519e-05,9.573313582222909e-05,9.575813601259142e-05,9.571747068548575e-05,9.57273441599682e-05,9.565750951878726e-05,9.56961011979729e-05,9.55991999944672e-05,9.557562589179724e-05,9.587855311110616e-05,9.582133498042822e-05,9.585106454323977e-05,9.580422192811966e-05,9.583299106452614e-05,9.585867519490421e-05,9.583041537553072e-05,9.569400572218001e-05,9.577821765560657e-05,9.557982411934063e-05,9.574010618962348e-05,9.577699529472739e-05,9.557470912113786e-05,9.56406001932919e-05,9.563827188685536e-05,9.575849981047213e-05,9.58840100793168e-05,9.563130151946098e-05
lapgyn4_anatomical_actions,9.556988516123965e-05,9.53796406975016e-05,9.540539758745581e-05,0.0,9.66219522524625e-05,9.609722474124283e-05,9.590070112608373e-05,9.54549468588084e-05,9.546345972921699e-05,9.57415031734854e-05,9.560028411215171e-05,9.546666115056723e-05,9.561306069372222e-05,9.557734301779419e-05,9.574028081260622e-05,9.569463145453483e-05,9.568731184117496e-05,9.564390347804874e-05,9.562315244693309e-05,9.55512368818745e-05,9.538104495732114e-05,9.54011338762939e-05,9.537970618112013e-05,9.533928823657334e-05,9.537080768495798e-05,9.536966535961255e-05,9.535786375636235e-05,9.610858251107857e-05,9.53818453126587e-05,9.660187060944736e-05,9.576544107403606e-05,9.709756704978645e-05,9.545211651129648e-05,9.53880517045036e-05,9.542276529828086e-05,9.538811718812212e-05,9.541579493088648e-05,9.534248965792358e-05,9.538735321257263e-05,9.543025953462347e-05,9.545349166728556e-05,9.535749268252403e-05,9.537647565593943e-05,9.543767373543233e-05,9.544209024170414e-05,9.541332838125527e-05,9.530730312690139e-05,9.708121797302738e-05,9.540574683342129e-05,9.563792264088988e-05,9.565889195073396e-05,9.5751354820095e-05,9.575580770615488e-05,9.57287847995758e-05,9.5777002570685e-05,9.571258851792663e-05,9.569294343236834e-05,9.547700028633699e-05,9.547057561576366e-05,9.545194916427135e-05,9.629223495721817e-05,9.591368143446743e-05,9.521734318695962e-05,9.53960552578792e-05,9.582554775988683e-05,9.523880726192147e-05,9.54257557168603e-05,9.542543557472527e-05,9.543470514472574e-05,9.574779687682167e-05,9.552237315801904e-05,9.57437587203458e-05,9.555248834658414e-05,9.55753494054079e-05,,9.596064774086699e-05,9.562266495777294e-05,9.612653229851276e-05,9.595370647730306e-05,9.608072286937386e-05,9.588984539732337e-05,9.58085001911968e-05,9.571701230015606e-05,9.5674506155774e-05,9.561354090692475e-05,9.564110223436728e-05,9.562602645019069e-05,9.563346975483e-05,9.56757867243141e-05,9.564313222654164e-05,9.565235814079642e-05,9.568480891175568e-05,9.595526353223249e-05,9.565232176100835e-05,9.568732639309019e-05,9.568277891958132e-05,9.569898975314572e-05,9.562457853462547e-05,9.575353033142164e-05,9.56588628469035e-05,9.56514777499251e-05,9.569122630637139e-05,9.571622649673373e-05,9.567556844558567e-05,9.568544192006811e-05,9.561560000292957e-05,9.56541916821152e-05,9.55572904786095e-05,9.553372365189716e-05,9.583664359524846e-05,9.577942546457052e-05,9.580916230333969e-05,9.576231968821958e-05,9.579108882462606e-05,9.581676567904651e-05,9.578851313563064e-05,9.565209620632231e-05,9.573631541570649e-05,9.553792187944055e-05,9.569819667376578e-05,9.573508577886969e-05,9.553279960528016e-05,9.55986906774342e-05,9.559636237099767e-05,9.571659757057205e-05,9.58421005634591e-05,9.558939200360328e-05
sklin2_skin_lesions,9.682834206614643e-05,9.663809760240838e-05,9.666385449236259e-05,9.66219522524625e-05,0.0,9.735568892210722e-05,9.715916530694813e-05,9.671341103967279e-05,9.672191663412377e-05,9.699996007839218e-05,9.685874101705849e-05,9.672512533143163e-05,9.6871517598629e-05,9.683580719865859e-05,9.6998737717513e-05,9.695309563539922e-05,9.694577602203935e-05,9.690236765891314e-05,9.688161662779748e-05,9.68097010627389e-05,9.663950186222792e-05,9.665959805715829e-05,9.663816308602691e-05,9.659774514148012e-05,9.662927186582237e-05,9.662812226451933e-05,9.661632066126913e-05,9.736703941598535e-05,9.664030221756548e-05,9.786033479031175e-05,9.702390525490046e-05,9.835602395469323e-05,9.671057341620326e-05,9.664651588536799e-05,9.668122220318764e-05,9.66465740930289e-05,9.667425183579326e-05,9.660095383878797e-05,9.664581739343703e-05,9.668871643953025e-05,9.671195584814996e-05,9.661595686338842e-05,9.663493256084621e-05,9.669613791629672e-05,9.670054714661092e-05,9.667179256211966e-05,9.656576730776578e-05,9.833967487793416e-05,9.666421101428568e-05,9.689638682175428e-05,9.691734885564074e-05,9.70098190009594e-05,9.701427188701928e-05,9.69872489804402e-05,9.703545947559178e-05,9.697105269879103e-05,9.695140761323273e-05,9.673545719124377e-05,9.672903979662806e-05,9.671040606917813e-05,9.755069913808256e-05,9.717214561533183e-05,9.647580736782402e-05,9.665451943874359e-05,9.708400466479361e-05,9.649727144278586e-05,9.668421989772469e-05,9.668389975558966e-05,9.669316932559013e-05,9.700625378172845e-05,9.678083006292582e-05,9.700222290121019e-05,9.681094525149092e-05,9.68338135862723e-05,9.680251241661608e-05,9.721910464577377e-05,9.688112186267972e-05,9.738498920341954e-05,9.721216338220984e-05,9.733918705023825e-05,9.714830957818776e-05,9.706695709610358e-05,9.697547648102045e-05,9.693296306068078e-05,9.687199781183153e-05,9.689955913927406e-05,9.688448335509747e-05,9.68919339356944e-05,9.693425090517849e-05,9.690158913144842e-05,9.691082232166082e-05,9.694327309262007e-05,9.721372043713927e-05,9.691077866591513e-05,9.694579057395458e-05,9.69412358244881e-05,9.69574466580525e-05,9.688303543953225e-05,9.701198723632842e-05,9.69173270277679e-05,9.690993465483189e-05,9.694969048723578e-05,9.697469067759812e-05,9.693402535049245e-05,9.69438988249749e-05,9.687406418379396e-05,9.691265586297959e-05,9.68157546594739e-05,9.679218055680394e-05,9.709510777611285e-05,9.703788964543492e-05,9.706761920824647e-05,9.702077659312636e-05,9.704954572953284e-05,9.70752298599109e-05,9.704697004053742e-05,9.69105603871867e-05,9.699477232061327e-05,9.679637878434733e-05,9.695666085463017e-05,9.699354995973408e-05,9.679126378614455e-05,9.68571548582986e-05,9.685482655186206e-05,9.697505447547883e-05,9.710056474432349e-05,9.684785618446767e-05
identify_nbi_infframes,9.630362183088437e-05,9.611337736714631e-05,9.613913425710052e-05,9.609722474124283e-05,9.735568892210722e-05,0.0,9.663443779572845e-05,9.618868352845311e-05,9.61971963988617e-05,9.647523984313011e-05,9.633402078179643e-05,9.620039782021195e-05,9.634679736336693e-05,9.63110796874389e-05,9.647401748225093e-05,9.642836812417954e-05,9.642104851081967e-05,9.637764014769346e-05,9.63568891165778e-05,9.628497355151922e-05,9.611478162696585e-05,9.613487054593861e-05,9.611344285076484e-05,9.607302490621805e-05,9.61045443546027e-05,9.610340202925727e-05,9.609160042600706e-05,9.684231918072328e-05,9.611558198230341e-05,9.733560727909207e-05,9.649917774368078e-05,9.783130371943116e-05,9.61858531809412e-05,9.612178837414831e-05,9.615650196792558e-05,9.612185385776684e-05,9.614953160053119e-05,9.607622632756829e-05,9.612108988221735e-05,9.616399620426819e-05,9.618722833693027e-05,9.609122935216874e-05,9.611021232558414e-05,9.617141040507704e-05,9.617582691134885e-05,9.614706505089998e-05,9.60410397965461e-05,9.781495464267209e-05,9.6139483503066e-05,9.63716593105346e-05,9.639262862037867e-05,9.648509148973972e-05,9.64895443757996e-05,9.646252146922052e-05,9.651073924032971e-05,9.644632518757135e-05,9.642668010201305e-05,9.62107369559817e-05,9.620431228540838e-05,9.618568583391607e-05,9.702597162686288e-05,9.664741810411215e-05,9.595107985660434e-05,9.612979192752391e-05,9.655928442953154e-05,9.597254393156618e-05,9.615949238650501e-05,9.615917224436998e-05,9.616844181437045e-05,9.648153354646638e-05,9.625610982766375e-05,9.647749538999051e-05,9.628622501622885e-05,9.630908607505262e-05,9.62777849053964e-05,9.66943844105117e-05,9.635640162741765e-05,9.686026896815747e-05,9.668744314694777e-05,9.681445953901857e-05,9.662358206696808e-05,9.654223686084151e-05,9.645074896980077e-05,9.640824282541871e-05,9.634727757656947e-05,9.6374838904012e-05,9.63597631198354e-05,9.636720642447472e-05,9.640952339395881e-05,9.637686889618635e-05,9.638609481044114e-05,9.64185455814004e-05,9.66890002018772e-05,9.638605843065307e-05,9.64210630627349e-05,9.641651558922604e-05,9.643272642279044e-05,9.635831520427018e-05,9.648726700106636e-05,9.639259951654822e-05,9.638521441956982e-05,9.64249629760161e-05,9.644996316637844e-05,9.640930511523038e-05,9.641917858971283e-05,9.634933667257428e-05,9.638792835175991e-05,9.629102714825422e-05,9.626746032154188e-05,9.657038026489317e-05,9.651316213421524e-05,9.65428989729844e-05,9.649605635786429e-05,9.652482549427077e-05,9.655050234869123e-05,9.652224980527535e-05,9.638583287596703e-05,9.64700520853512e-05,9.627165854908526e-05,9.643193334341049e-05,9.64688224485144e-05,9.626653627492487e-05,9.633242734707892e-05,9.633009904064238e-05,9.645033424021676e-05,9.657583723310381e-05,9.632312867324799e-05
laryngeal_tissues,9.610709821572527e-05,9.591685375198722e-05,9.594261064194143e-05,9.590070112608373e-05,9.715916530694813e-05,9.663443779572845e-05,0.0,9.599215991329402e-05,9.600067278370261e-05,9.627871622797102e-05,9.613749716663733e-05,9.600387420505285e-05,9.615027374820784e-05,9.611455607227981e-05,9.627749386709183e-05,9.623184450902045e-05,9.622452489566058e-05,9.618111653253436e-05,9.616036550141871e-05,9.608844993636012e-05,9.591825801180676e-05,9.593834693077952e-05,9.591691923560575e-05,9.587650129105896e-05,9.59080207394436e-05,9.590687841409817e-05,9.589507681084797e-05,9.664579556556419e-05,9.591905836714432e-05,9.713908366393298e-05,9.630265412852168e-05,9.763478010427207e-05,9.59893295657821e-05,9.592526475898921e-05,9.595997835276648e-05,9.592533024260774e-05,9.59530079853721e-05,9.58797027124092e-05,9.592456626705825e-05,9.596747258910909e-05,9.599070472177118e-05,9.589470573700964e-05,9.591368871042505e-05,9.597488678991795e-05,9.597930329618976e-05,9.595054143574089e-05,9.584451618138701e-05,9.7618431027513e-05,9.594295988790691e-05,9.61751356953755e-05,9.619610500521958e-05,9.628856787458062e-05,9.62930207606405e-05,9.626599785406142e-05,9.631421562517062e-05,9.624980157241225e-05,9.623015648685396e-05,9.601421334082261e-05,9.600778867024928e-05,9.598916221875697e-05,9.682944801170379e-05,9.645089448895305e-05,9.575455624144524e-05,9.593326831236482e-05,9.636276081437245e-05,9.577602031640708e-05,9.596296877134591e-05,9.596264862921089e-05,9.597191819921136e-05,9.628500993130729e-05,9.605958621250466e-05,9.628097177483141e-05,9.608970140106976e-05,9.611256245989352e-05,9.608126129023731e-05,,9.615987801225856e-05,9.666374535299838e-05,9.649091953178868e-05,9.661793592385948e-05,9.642705845180899e-05,9.634571324568242e-05,9.625422535464168e-05,9.621171921025962e-05,9.615075396141037e-05,9.61783152888529e-05,9.616323950467631e-05,9.617068280931562e-05,9.621299977879971e-05,9.618034528102726e-05,9.618957119528204e-05,9.62220219662413e-05,9.649247658671811e-05,9.618953481549397e-05,9.622453944757581e-05,9.621999197406694e-05,9.623620280763134e-05,9.616179158911109e-05,9.629074338590726e-05,9.619607590138912e-05,9.618869080441073e-05,9.622843936085701e-05,9.625343955121934e-05,9.621278150007129e-05,9.622265497455373e-05,9.615281305741519e-05,9.619140473660082e-05,9.609450353309512e-05,9.607093670638278e-05,9.637385664973408e-05,9.631663851905614e-05,9.634637535782531e-05,9.62995327427052e-05,9.632830187911168e-05,9.635397873353213e-05,9.632572619011626e-05,9.618930926080793e-05,9.62735284701921e-05,9.607513493392617e-05,9.62354097282514e-05,9.627229883335531e-05,9.607001265976578e-05,9.613590373191983e-05,9.613357542548329e-05,9.625381062505767e-05,9.637931361794472e-05,9.61266050580889e-05
nerthus_bowel_cleansing_quality,9.566134394844994e-05,9.547109948471189e-05,9.54968563746661e-05,9.54549468588084e-05,9.671341103967279e-05,9.618868352845311e-05,9.599215991329402e-05,0.0,9.555491851642728e-05,9.583296196069568e-05,9.5691742899362e-05,9.555811993777752e-05,9.57045194809325e-05,9.566880180500448e-05,9.58317395998165e-05,9.578609024174511e-05,9.577877062838525e-05,9.573536226525903e-05,9.571461123414338e-05,9.564269566908479e-05,9.547250374453142e-05,9.549259266350418e-05,9.547116496833041e-05,9.543074702378362e-05,9.546226647216827e-05,9.546112414682284e-05,9.544932254357263e-05,9.620004129828885e-05,9.547330409986898e-05,9.669332939665765e-05,9.585689986124635e-05,9.718902583699673e-05,9.554357529850677e-05,9.547951049171388e-05,9.551422408549115e-05,9.547957597533241e-05,9.550725371809676e-05,9.543394844513386e-05,9.547881199978292e-05,9.552171832183376e-05,9.554495045449585e-05,9.544895146973431e-05,9.546793444314972e-05,9.552913252264261e-05,9.553354902891442e-05,9.550478716846555e-05,9.539876191411167e-05,9.717267676023766e-05,9.549720562063158e-05,9.572938142810017e-05,9.575035073794425e-05,9.584281360730529e-05,9.584726649336517e-05,9.582024358678609e-05,9.586846135789528e-05,9.580404730513692e-05,9.578440221957862e-05,9.556845907354727e-05,9.556203440297395e-05,9.554340795148164e-05,9.638369374442846e-05,9.600514022167772e-05,9.530880197416991e-05,9.548751404508948e-05,9.591700654709712e-05,9.533026604913175e-05,9.551721450407058e-05,9.551689436193556e-05,9.552616393193603e-05,9.583925566403195e-05,9.561383194522932e-05,9.583521750755608e-05,9.564394713379443e-05,9.566680819261819e-05,9.563550702296197e-05,9.605210652807727e-05,,9.621799108572304e-05,9.604516526451334e-05,9.617218165658414e-05,9.598130418453366e-05,9.589995897840708e-05,9.580847108736634e-05,9.576596494298428e-05,9.570499969413504e-05,9.573256102157757e-05,9.571748523740098e-05,9.572492854204029e-05,9.576724551152438e-05,9.573459101375192e-05,9.574381692800671e-05,9.577626769896597e-05,9.604672231944278e-05,9.574378054821864e-05,9.577878518030047e-05,9.577423770679161e-05,9.579044854035601e-05,9.571603732183576e-05,9.584498911863193e-05,9.575032163411379e-05,9.574293653713539e-05,9.578268509358168e-05,9.580768528394401e-05,9.576702723279595e-05,9.57769007072784e-05,9.570705879013985e-05,9.574565046932548e-05,9.564874926581979e-05,9.562518243910745e-05,9.592810238245875e-05,9.587088425178081e-05,9.590062109054998e-05,9.585377847542986e-05,9.588254761183634e-05,9.59082244662568e-05,9.587997192284092e-05,9.57435549935326e-05,9.582777420291677e-05,9.562938066665083e-05,9.578965546097606e-05,9.582654456607997e-05,9.562425839249045e-05,9.569014946464449e-05,9.568782115820795e-05,9.580805635778233e-05,9.593355935066938e-05,9.568085079081357e-05
stanford_dogs_image_categorization,9.566984954290092e-05,9.547960507916287e-05,9.550536196911708e-05,9.546345972921699e-05,9.672191663412377e-05,9.61971963988617e-05,9.600067278370261e-05,9.555491851642728e-05,0.0,9.584146755514666e-05,9.570024849381298e-05,9.556663280818611e-05,9.571302507538348e-05,9.567731467541307e-05,9.584024519426748e-05,9.579460311215371e-05,9.578728349879384e-05,9.574387513566762e-05,9.572312410455197e-05,9.565120853949338e-05,9.54810093389824e-05,9.550110553391278e-05,9.54796705627814e-05,9.54392526182346e-05,9.547077934257686e-05,9.546962974127382e-05,9.545782813802361e-05,9.620854689273983e-05,9.548180969431996e-05,9.670184226706624e-05,9.586541273165494e-05,9.719753143144771e-05,9.555208089295775e-05,9.548802336212248e-05,9.552272967994213e-05,9.548808156978339e-05,9.551575931254774e-05,9.544246131554246e-05,9.548732487019151e-05,9.553022391628474e-05,9.555346332490444e-05,9.54574643401429e-05,9.54764400376007e-05,9.553764539305121e-05,9.55420546233654e-05,9.551330003887415e-05,9.540727478452027e-05,9.718118235468864e-05,9.550571849104017e-05,9.573789429850876e-05,9.575885633239523e-05,9.585132647771388e-05,9.585577936377376e-05,9.582875645719469e-05,9.587696695234627e-05,9.581256017554551e-05,9.579291508998722e-05,9.557696466799825e-05,9.557054727338254e-05,9.555191354593262e-05,9.639220661483705e-05,9.601365309208632e-05,9.53173148445785e-05,9.549602691549808e-05,9.59255121415481e-05,9.533877891954035e-05,9.552572737447917e-05,9.552540723234415e-05,9.553467680234462e-05,9.584776125848293e-05,9.56223375396803e-05,9.584373037796468e-05,9.565245272824541e-05,9.567532106302679e-05,9.564401989337057e-05,9.606061212252825e-05,9.57226293394342e-05,9.622649668017402e-05,9.605367085896432e-05,9.618069452699274e-05,9.598981705494225e-05,9.590846457285807e-05,9.581698395777494e-05,9.577447053743526e-05,9.571350528858602e-05,9.574106661602855e-05,9.572599083185196e-05,9.573344141244888e-05,9.577575838193297e-05,9.57430966082029e-05,9.57523297984153e-05,9.578478056937456e-05,9.605522791389376e-05,9.575228614266962e-05,9.578729805070907e-05,9.578274330124259e-05,9.579895413480699e-05,9.572454291628674e-05,9.585349471308291e-05,9.575883450452238e-05,9.575144213158637e-05,9.579119796399027e-05,9.58161981543526e-05,9.577553282724693e-05,9.578540630172938e-05,9.571557166054845e-05,9.575416333973408e-05,9.565726213622838e-05,9.563368803355843e-05,9.593661525286734e-05,9.58793971221894e-05,9.590912668500096e-05,9.586228406988084e-05,9.589105320628732e-05,9.591673733666539e-05,9.58884775172919e-05,9.575206786394119e-05,9.583627979736775e-05,9.563788626110181e-05,9.579816833138466e-05,9.583505743648857e-05,9.563277126289904e-05,9.569866233505309e-05,9.569633402861655e-05,9.581656195223331e-05,9.594207222107798e-05,9.568936366122216e-05
svhn,9.594789298716933e-05,9.575764852343127e-05,9.578340541338548e-05,9.57415031734854e-05,9.699996007839218e-05,9.647523984313011e-05,9.627871622797102e-05,9.583296196069568e-05,9.584146755514666e-05,0.0,9.597829193808138e-05,9.584467625245452e-05,9.599106851965189e-05,9.595535811968148e-05,9.611828863853589e-05,9.607264655642211e-05,9.606532694306225e-05,9.602191857993603e-05,9.600116754882038e-05,9.592925198376179e-05,9.575905278325081e-05,9.577914897818118e-05,9.57577140070498e-05,9.571729606250301e-05,9.574882278684527e-05,9.574767318554223e-05,9.573587158229202e-05,9.648659033700824e-05,9.575985313858837e-05,9.697988571133465e-05,9.614345617592335e-05,9.747557487571612e-05,9.583012433722615e-05,9.576606680639088e-05,9.580077312421054e-05,9.57661250140518e-05,9.579380275681615e-05,9.572050475981086e-05,9.576536831445992e-05,9.580826736055315e-05,9.583150676917285e-05,9.573550778441131e-05,9.57544834818691e-05,9.581568883731961e-05,9.582009806763381e-05,9.579134348314255e-05,9.568531822878867e-05,9.745922579895705e-05,9.578376193530858e-05,9.601593774277717e-05,9.603689977666363e-05,9.612936992198229e-05,9.613382280804217e-05,9.610679990146309e-05,9.615501039661467e-05,9.609060361981392e-05,9.607095853425562e-05,9.585500811226666e-05,9.584859071765095e-05,9.582995699020103e-05,9.667025005910546e-05,9.629169653635472e-05,9.559535828884691e-05,9.577407035976648e-05,9.62035555858165e-05,9.561682236380875e-05,9.580377081874758e-05,9.580345067661256e-05,9.581272024661303e-05,9.612580470275134e-05,9.590038098394871e-05,9.612177382223308e-05,9.593049617251381e-05,9.595336450729519e-05,9.592206333763897e-05,9.633865556679666e-05,9.600067278370261e-05,,9.633171430323273e-05,9.645873797126114e-05,9.626786049921066e-05,9.618650801712647e-05,9.609502740204334e-05,9.605251398170367e-05,9.599154873285443e-05,9.601911006029695e-05,9.600403427612036e-05,9.601148485671729e-05,9.605380182620138e-05,9.602114005247131e-05,9.603037324268371e-05,9.606282401364297e-05,9.633327135816216e-05,9.603032958693802e-05,9.606534149497747e-05,9.6060786745511e-05,9.60769975790754e-05,9.600258636055514e-05,9.613153815735132e-05,9.603687794879079e-05,9.602948557585478e-05,9.606924140825868e-05,9.609424159862101e-05,9.605357627151534e-05,9.606344974599779e-05,9.599361510481685e-05,9.603220678400248e-05,9.593530558049679e-05,9.591173147782683e-05,9.621465869713575e-05,9.615744056645781e-05,9.618717012926936e-05,9.614032751414925e-05,9.616909665055573e-05,9.61947807809338e-05,9.616652096156031e-05,9.60301113082096e-05,9.611432324163616e-05,9.591592970537022e-05,9.607621177565306e-05,9.611310088075697e-05,9.591081470716745e-05,9.597670577932149e-05,9.597437747288495e-05,9.609460539650172e-05,9.622011566534638e-05,9.596740710549057e-05
caltech101_object_classification,9.580668120179325e-05,9.561642946209759e-05,9.56421863520518e-05,9.560028411215171e-05,9.685874101705849e-05,9.633402078179643e-05,9.613749716663733e-05,9.5691742899362e-05,9.570024849381298e-05,9.597829193808138e-05,0.0,9.570345719112083e-05,9.584985673427582e-05,9.58141463343054e-05,9.59770695772022e-05,9.593143477104604e-05,9.592410788172856e-05,9.588069951860234e-05,9.58599557634443e-05,9.578804019838572e-05,9.561784099787474e-05,9.56379299168475e-05,9.561650222167373e-05,9.557607700116932e-05,9.560760372551158e-05,9.560646140016615e-05,9.559465979691595e-05,9.634537855163217e-05,9.56186413532123e-05,9.683866665000096e-05,9.600223711458966e-05,9.733435581438243e-05,9.568891255185008e-05,9.56248477450572e-05,9.565956133883446e-05,9.562491322867572e-05,9.565259097144008e-05,9.557929297443479e-05,9.562414925312623e-05,9.566705557517707e-05,9.569029498379678e-05,9.559428872307763e-05,9.561327169649303e-05,9.567446977598593e-05,9.567888628225774e-05,9.565012442180887e-05,9.554409916745499e-05,9.731801401358098e-05,9.56425501499325e-05,9.587471868144348e-05,9.589568071532995e-05,9.59881508606486e-05,9.59926110226661e-05,9.59655808401294e-05,9.60137986112386e-05,9.594938455848023e-05,9.592974674887955e-05,9.571379632689059e-05,9.570737165631726e-05,9.568873792886734e-05,9.652903099777177e-05,9.615048475097865e-05,9.545413922751322e-05,9.56328512984328e-05,9.606234380044043e-05,9.547560330247506e-05,9.56625517574139e-05,9.566223889123648e-05,9.567150846123695e-05,9.598459291737527e-05,9.575916919857264e-05,9.59805547608994e-05,9.578927711118013e-05,9.58121454459615e-05,9.57808515522629e-05,9.619744378142059e-05,9.585946099832654e-05,9.636332106310874e-05,9.619050251785666e-05,9.631752618588507e-05,9.612664871383458e-05,9.604528895579278e-05,9.595380834070966e-05,9.591129492036998e-05,9.585033694747835e-05,9.587789827492088e-05,9.586282249074429e-05,9.58702657953836e-05,9.591258276486769e-05,9.587992099113762e-05,9.588915418135002e-05,9.592160495230928e-05,9.619205957278609e-05,9.588911780156195e-05,9.592412243364379e-05,9.591957496013492e-05,9.593578579369932e-05,9.586136729922146e-05,9.599032637197524e-05,9.58956588874571e-05,9.58882737904787e-05,9.59280296228826e-05,9.595302253728732e-05,9.591235721018165e-05,9.592223796062171e-05,9.585239604348317e-05,9.589099499862641e-05,9.579409379512072e-05,9.577051969245076e-05,9.607343963580206e-05,9.601622150512412e-05,9.604595834389329e-05,9.599911572877318e-05,9.602788486517966e-05,9.605356899555773e-05,9.602530917618424e-05,9.588889224687591e-05,9.597311145626009e-05,9.577471064403653e-05,9.593499999027699e-05,9.59718890953809e-05,9.576960292179137e-05,9.583549399394542e-05,9.583315841155127e-05,9.595339361112565e-05,9.60788966040127e-05,9.582618804415688e-05
caltech256_object_classification,9.567305824020877e-05,9.548281377647072e-05,9.550857066642493e-05,9.546666115056723e-05,9.672512533143163e-05,9.620039782021195e-05,9.600387420505285e-05,9.555811993777752e-05,9.556663280818611e-05,9.584467625245452e-05,9.570345719112083e-05,0.0,9.571623377269134e-05,9.568051609676331e-05,9.584345389157534e-05,9.579780453350395e-05,9.579048492014408e-05,9.574707655701786e-05,9.572632552590221e-05,9.565440996084362e-05,9.548421803629026e-05,9.550430695526302e-05,9.548287926008925e-05,9.544246131554246e-05,9.54739807639271e-05,9.547283843858168e-05,9.546103683533147e-05,9.621175559004769e-05,9.548501839162782e-05,9.670504368841648e-05,9.586861415300518e-05,9.720074012875557e-05,9.55552895902656e-05,9.549122478347272e-05,9.552593837724999e-05,9.549129026709124e-05,9.55189680098556e-05,9.54456627368927e-05,9.549052629154176e-05,9.55334326135926e-05,9.555666474625468e-05,9.546066576149315e-05,9.547964873490855e-05,9.554084681440145e-05,9.554526332067326e-05,9.551650146022439e-05,9.541047620587051e-05,9.71843910519965e-05,9.550891991239041e-05,9.5741095719859e-05,9.576206502970308e-05,9.585452789906412e-05,9.5858980785124e-05,9.583195787854493e-05,9.588017564965412e-05,9.581576159689575e-05,9.579611651133746e-05,9.558017336530611e-05,9.557374869473279e-05,9.555512224324048e-05,9.639540803618729e-05,9.601685451343656e-05,9.532051626592875e-05,9.549922833684832e-05,9.592872083885595e-05,9.534198034089059e-05,9.552892879582942e-05,9.552860865369439e-05,9.553787822369486e-05,9.585096995579079e-05,9.562554623698816e-05,9.584693179931492e-05,9.565566142555326e-05,9.567852248437703e-05,9.564722131472081e-05,9.606382081983611e-05,9.572583803674206e-05,9.622970537748188e-05,9.605687955627218e-05,9.618389594834298e-05,9.599301847629249e-05,9.591167327016592e-05,9.582018537912518e-05,9.577767923474312e-05,9.571671398589388e-05,9.57442753133364e-05,9.572919952915981e-05,9.573664283379912e-05,9.577895980328321e-05,9.574630530551076e-05,9.575553121976554e-05,9.57879819907248e-05,9.605843661120161e-05,9.575549483997747e-05,9.579049947205931e-05,9.578595199855044e-05,9.580216283211485e-05,9.572775161359459e-05,9.585670341039076e-05,9.576203592587262e-05,9.575465082889423e-05,9.579439938534051e-05,9.581939957570285e-05,9.577874152455479e-05,9.578861499903724e-05,9.571877308189869e-05,9.575736476108432e-05,9.566046355757862e-05,9.563689673086628e-05,9.593981667421758e-05,9.588259854353964e-05,9.591233538230881e-05,9.58654927671887e-05,9.589426190359518e-05,9.591993875801563e-05,9.589168621459976e-05,9.575526928529143e-05,9.58394884946756e-05,9.564109495840967e-05,9.58013697527349e-05,9.583825885783881e-05,9.563597268424928e-05,9.570186375640333e-05,9.569953544996679e-05,9.581977064954117e-05,9.594527364242822e-05,9.56925650825724e-05
