,lapgyn4_anatomical_structures,lapgyn4_surgical_actions,lapgyn4_instrument_count,lapgyn4_anatomical_actions,sklin2_skin_lesions,identify_nbi_infframes,laryngeal_tissues,nerthus_bowel_cleansing_quality,stanford_dogs_image_categorization,svhn,caltech101_object_classification,caltech256_object_classification,cifar10_object_classification,cifar100_object_classification,mnist_digit_classification,emnist_digit_classification,hyperkvasir_anatomical-landmarks,hyperkvasir_pathological-findings,hyperkvasir_quality-of-mucosal-views,hyperkvasir_therapeutic-interventions,cholec80_grasper_presence,cholec80_bipolar_presence,cholec80_hook_presence,cholec80_scissors_presence,cholec80_clipper_presence,cholec80_irrigator_presence,cholec80_specimenbag_presence,derm7pt_skin_lesions,idle_action_recognition,barretts_esophagus_diagnosis,brain_tumor_classification,mednode_melanoma_classification,brain_tumor_type_classification,chexpert_enlarged_cardiomediastinum,chexpert_cardiomegaly,chexpert_lung_opacity,chexpert_lung_lesion,chexpert_edema,chexpert_consolidation,chexpert_pneumonia,chexpert_atelectasis,chexpert_pneumothorax,chexpert_pleural_effusion,chexpert_pleural_other,chexpert_fracture,chexpert_support_devices,pneumonia_classification,ph2-melanocytic-lesions-classification,covid_xray_classification,isic20_melanoma_classification,deep_drid_dr_level,shenzen_chest_xray_tuberculosis,crawled_covid_ct_classification,deep_drid_quality,deep_drid_clarity,deep_drid_field,deep_drid_artifact,kvasir_capsule_anatomy,kvasir_capsule_content,kvasir_capsule_pathologies,breast_cancer_classification_v2,eye_condition_classification,mura_xr_wrist,mura_xr_shoulder,mura_xr_humerus,mura_xr_hand,mura_xr_forearm,mura_xr_finger,mura_xr_elbow,bean_plant_disease_classification,aptos19_blindness_detection,lapgyn4_anatomical_structures --shrink_train 800,lapgyn4_surgical_actions --shrink_train 800,lapgyn4_instrument_count --shrink_train 800,lapgyn4_anatomical_actions --shrink_train 800,laryngeal_tissues --shrink_train 800,nerthus_bowel_cleansing_quality --shrink_train 800,svhn --shrink_train 800,cifar10_object_classification --shrink_train 800,mnist_digit_classification --shrink_train 800,hyperkvasir_anatomical-landmarks --shrink_train 800,hyperkvasir_pathological-findings --shrink_train 800,hyperkvasir_quality-of-mucosal-views --shrink_train 800,hyperkvasir_therapeutic-interventions --shrink_train 800,cholec80_grasper_presence --shrink_train 800,cholec80_bipolar_presence --shrink_train 800,cholec80_hook_presence --shrink_train 800,cholec80_scissors_presence --shrink_train 800,cholec80_clipper_presence --shrink_train 800,cholec80_irrigator_presence --shrink_train 800,cholec80_specimenbag_presence --shrink_train 800,idle_action_recognition --shrink_train 800,brain_tumor_classification --shrink_train 800,brain_tumor_type_classification --shrink_train 800,chexpert_enlarged_cardiomediastinum --shrink_train 800,chexpert_cardiomegaly --shrink_train 800,chexpert_lung_opacity --shrink_train 800,chexpert_lung_lesion --shrink_train 800,chexpert_edema --shrink_train 800,chexpert_consolidation --shrink_train 800,chexpert_pneumonia --shrink_train 800,chexpert_atelectasis --shrink_train 800,chexpert_pneumothorax --shrink_train 800,chexpert_pleural_effusion --shrink_train 800,chexpert_pleural_other --shrink_train 800,chexpert_fracture --shrink_train 800,chexpert_support_devices --shrink_train 800,pneumonia_classification --shrink_train 800,covid_xray_classification --shrink_train 800,isic20_melanoma_classification --shrink_train 800,deep_drid_dr_level --shrink_train 800,deep_drid_quality --shrink_train 800,deep_drid_clarity --shrink_train 800,deep_drid_field --shrink_train 800,deep_drid_artifact --shrink_train 800,kvasir_capsule_anatomy --shrink_train 800,kvasir_capsule_content --shrink_train 800,kvasir_capsule_pathologies --shrink_train 800,mura_xr_wrist --shrink_train 800,mura_xr_shoulder --shrink_train 800,mura_xr_humerus --shrink_train 800,mura_xr_hand --shrink_train 800,mura_xr_forearm --shrink_train 800,mura_xr_finger --shrink_train 800,mura_xr_elbow --shrink_train 800,bean_plant_disease_classification --shrink_train 800,aptos19_blindness_detection --shrink_train 800
lapgyn4_anatomical_structures,0.0,0.04118737205862999,0.040898773819208145,0.04294290766119957,0.04797656089067459,0.048593830317258835,0.06260388344526291,0.04703071340918541,0.04631839692592621,0.058694951236248016,0.04542232304811478,0.04490291699767113,0.047566503286361694,0.047240301966667175,0.06483028084039688,0.06714337319135666,0.044118572026491165,0.04336996376514435,0.04563670605421066,0.04451042413711548,0.04234219342470169,0.04262910410761833,0.042357463389635086,0.04213058203458786,0.042473405599594116,0.042094744741916656,0.04270535707473755,0.04786878079175949,0.04734623804688454,0.04793301597237587,0.055667221546173096,0.04994723200798035,0.05394095927476883,0.04895240440964699,0.04876996949315071,0.04940999299287796,0.047949228435754776,0.04961103945970535,0.04833778738975525,0.04832976311445236,0.049300894141197205,0.04882336035370827,0.049090392887592316,0.04769706726074219,0.04875912517309189,0.05018582195043564,0.05226891487836838,0.04911470785737038,0.05205773189663887,0.05131755396723747,0.057690903544425964,0.053844187408685684,0.048551324754953384,0.05923193320631981,0.05991893261671066,0.05755087733268738,0.058020494878292084,0.05030573159456253,0.048349570482969284,0.0505143366754055,0.054923996329307556,0.0732182040810585,0.04933387041091919,0.04830347001552582,0.04909135028719902,0.05157411843538284,0.04885479062795639,0.049215592443943024,0.049480997025966644,0.05069182068109512,0.05416169762611389,,0.04126199707388878,0.041313592344522476,0.042857568711042404,0.06307323276996613,0.04704194515943527,0.06270557641983032,0.04766355827450752,0.06506910920143127,0.044142019003629684,0.04372112452983856,0.04584568366408348,0.04483652487397194,0.04232143983244896,0.04248815029859543,0.042224347591400146,0.042353712022304535,0.04258059337735176,0.042288750410079956,0.04275762289762497,0.047094836831092834,0.05390811711549759,0.05437752604484558,0.04859723150730133,0.048396896570920944,0.04953732341527939,0.04872221127152443,0.04945582151412964,0.04853124916553497,0.04835344851016998,0.049539852887392044,0.04889780655503273,0.04812057316303253,0.04801495373249054,0.04874993860721588,0.049819283187389374,0.05180095136165619,0.051946911960840225,0.049782875925302505,0.06100017577409744,0.05895112082362175,0.06059812009334564,0.05949487164616585,0.05844094604253769,0.04970017075538635,0.05064655467867851,0.04946121573448181,0.05001402273774147,0.04796320199966431,0.049756187945604324,0.050045765936374664,0.048836108297109604,0.049152158200740814,0.049737222492694855,0.05209257826209068,0.05424235016107559
lapgyn4_surgical_actions,0.04118737205862999,0.0,0.04036673903465271,0.040694065392017365,0.047679703682661057,0.04871499165892601,0.06199168413877487,0.04667253792285919,0.04529818519949913,0.05769309401512146,0.044376522302627563,0.04381629824638367,0.04644954577088356,0.04612661153078079,0.06370949745178223,0.06608998030424118,0.044792357832193375,0.044017136096954346,0.045553479343652725,0.04401475936174393,0.041914377361536026,0.04172194004058838,0.041781336069107056,0.0415041483938694,0.042074404656887054,0.041570406407117844,0.041733838617801666,0.04746179282665253,0.04594922810792923,0.04733096808195114,0.05514013022184372,0.04973365366458893,0.05288628861308098,0.047991618514060974,0.047917596995830536,0.048441626131534576,0.04702704772353172,0.04861944913864136,0.047380853444337845,0.04738866537809372,0.04827157035470009,0.04787522181868553,0.04813969135284424,0.04680542275309563,0.04778190702199936,0.04914533719420433,0.051371898502111435,0.04871362820267677,0.05099356546998024,0.051251232624053955,0.05701342597603798,0.05272635444998741,0.04734686017036438,0.05855047330260277,0.05924514681100845,0.0568537600338459,0.05729386955499649,0.04938679561018944,0.047515299171209335,0.04961474612355232,0.053990062326192856,0.07226486504077911,0.04792950302362442,0.04727044701576233,0.04812777414917946,0.050040677189826965,0.047405507415533066,0.04784258455038071,0.048087652772665024,0.0498509518802166,0.05340912938117981,0.04120037704706192,,0.04002310708165169,0.040603335946798325,0.06247346103191376,0.04654449224472046,0.06172414496541023,0.04652265086770058,0.06399742513895035,0.04470288008451462,0.04418861120939255,0.045929040759801865,0.044385943561792374,0.041472822427749634,0.041985321789979935,0.041695866733789444,0.04172571375966072,0.04180013760924339,0.04148828983306885,0.04189635440707207,0.045787595212459564,0.05337024852633476,0.053354717791080475,0.04751013591885567,0.04739860072731972,0.048530980944633484,0.04771384596824646,0.04842999950051308,0.047555841505527496,0.04734992980957031,0.04860987514257431,0.04796211048960686,0.04717779532074928,0.04711611196398735,0.04790247231721878,0.04891298711299896,0.05085289478302002,0.05100530385971069,0.049548014998435974,0.06030040234327316,0.058325912803411484,0.05989803746342659,0.05875340476632118,0.057763658463954926,0.04880490154027939,0.04971465468406677,0.04853427782654762,0.04846392944455147,0.04685988649725914,0.04870471730828285,0.048437267541885376,0.04745223745703697,0.047786593437194824,0.04829197749495506,0.051264889538288116,0.053417157381772995
lapgyn4_instrument_count,0.040898773819208145,0.04036673903465271,0.0,0.04078182578086853,0.046902988106012344,0.0481412447988987,0.061504021286964417,0.04642166569828987,0.04530167207121849,0.05758612975478172,0.044301096349954605,0.043864548206329346,0.04650837182998657,0.04617875814437866,0.06363186240196228,0.06593094766139984,0.044115714728832245,0.04338241368532181,0.045314688235521317,0.04428107291460037,0.04147111251950264,0.04171392321586609,0.04134567081928253,0.041099775582551956,0.041658081114292145,0.04122801125049591,0.041461821645498276,0.04679585620760918,0.0464584119617939,0.04731706902384758,0.05468861013650894,0.04910259321331978,0.052806731313467026,0.04812200739979744,0.047914665192365646,0.048558320850133896,0.04713684692978859,0.04874855652451515,0.04748077690601349,0.047490522265434265,0.04841328039765358,0.04801261052489281,0.04819490388035774,0.04691975191235542,0.047906529158353806,0.04930754378437996,0.05155269056558609,0.04823202267289162,0.05133175104856491,0.05053522065281868,0.05630950257182121,0.05314784497022629,0.04764451086521149,0.057796090841293335,0.05847480893135071,0.056132104247808456,0.05659282207489014,0.04900665953755379,0.047219932079315186,0.04937011003494263,0.05391472578048706,0.07170738279819489,0.048180319368839264,0.0473112016916275,0.04803566262125969,0.05063831806182861,0.047680292278528214,0.04811139777302742,0.04835817590355873,0.04997047036886215,0.05279550701379776,0.041011400520801544,0.04055492952466011,,0.04067258909344673,0.06197302043437958,0.04635505750775337,0.061610326170921326,0.046633269637823105,0.06385864317417145,0.0440506748855114,0.043578680604696274,0.04551486298441887,0.04470840469002724,0.041198018938302994,0.04178312420845032,0.04130253940820694,0.041302673518657684,0.04133238270878792,0.0413924865424633,0.04172332212328911,0.04628696292638779,0.05297601968050003,0.053277842700481415,0.04776240512728691,0.047590747475624084,0.048647671937942505,0.04792449623346329,0.04856624826788902,0.04770772159099579,0.047500964254140854,0.048684991896152496,0.04808535799384117,0.04730416089296341,0.04722808301448822,0.04794326797127724,0.04894189164042473,0.051079895347356796,0.05120884254574776,0.048864129930734634,0.05954163521528244,0.05751584470272064,0.05917394161224365,0.05804068595170975,0.05702774599194527,0.048416364938020706,0.049429770559072495,0.048372674733400345,0.04884270951151848,0.04689904302358627,0.04859137535095215,0.04903654381632805,0.047616057097911835,0.048053693026304245,0.04859188199043274,0.05134336277842522,0.05281701683998108
lapgyn4_anatomical_actions,0.04294290766119957,0.040694065392017365,0.04078182578086853,0.0,0.04863511398434639,0.04986199364066124,0.06290426850318909,0.048314712941646576,0.04606739431619644,0.05857543647289276,0.04518021270632744,0.04470318928360939,0.04735283553600311,0.047034602612257004,0.06458377838134766,0.06695766746997833,0.046462949365377426,0.04571331664919853,0.04731779545545578,0.04589013755321503,0.043216489255428314,0.04299667105078697,0.042987797409296036,0.04251185059547424,0.043492648750543594,0.04272083193063736,0.04288284853100777,0.048560675233602524,0.04719637334346771,0.04863378405570984,0.05628542974591255,0.050774816423654556,0.05395757779479027,0.04920158535242081,0.049128513783216476,0.04965849593281746,0.04821481183171272,0.0498029962182045,0.04854568839073181,0.04860689491033554,0.04950015991926193,0.049081455916166306,0.049318715929985046,0.048039510846138,0.04895826429128647,0.0503225214779377,0.0524975024163723,0.049734774976968765,0.05212995037436485,0.05237696319818497,0.057953447103500366,0.05391323193907738,0.048502273857593536,0.0594857782125473,0.06015509366989136,0.05777277052402496,0.05820337310433388,0.05053170025348663,0.04873441532254219,0.050781529396772385,0.055075302720069885,0.07306688278913498,0.04897342622280121,0.04841441661119461,0.04906395450234413,0.051229629665613174,0.048382677137851715,0.048864006996154785,0.049083855003118515,0.05094758793711662,0.054298315197229385,0.043095678091049194,0.04098450019955635,0.040278490632772446,,0.06339345872402191,0.048168279230594635,0.06261731684207916,0.04745221510529518,0.06485677510499954,0.04636811465024948,0.045850131660699844,0.04767107963562012,0.046276770532131195,0.04247991368174553,0.04330528900027275,0.042899295687675476,0.04287460818886757,0.042693641036748886,0.04282228276133537,0.04315067455172539,0.04711856693029404,0.054586730897426605,0.0544499009847641,0.04867042601108551,0.04862425476312637,0.04972001165151596,0.048910822719335556,0.049600280821323395,0.048768822103738785,0.04854312166571617,0.04978786036372185,0.049161285161972046,0.04839291051030159,0.048346396535634995,0.04910251498222351,0.0500979982316494,0.05199088528752327,0.05212019383907318,0.050649095326662064,0.06119370087981224,0.05926608666777611,0.06079660356044769,0.0596456415951252,0.058676060289144516,0.0499165803194046,0.050865620374679565,0.04978610575199127,0.04951024055480957,0.047928985208272934,0.04962622746825218,0.04964003339409828,0.0484258271753788,0.04879677668213844,0.049263644963502884,0.05229521170258522,0.054316312074661255
sklin2_skin_lesions,0.04797656089067459,0.047679703682661057,0.046902988106012344,0.04863511398434639,0.0,0.0501319020986557,0.06134249269962311,0.04886917397379875,0.04652354493737221,0.05756407976150513,0.04543806612491608,0.04505389928817749,0.04742785170674324,0.04691551253199577,0.06379197537899017,0.06584004312753677,0.04598943889141083,0.04592205584049225,0.0483722984790802,0.04749779403209686,0.0470268651843071,0.04729475453495979,0.04718718305230141,0.04661620408296585,0.046880997717380524,0.04694042354822159,0.04691699147224426,0.04308919608592987,0.0484241284430027,0.04719629883766174,0.054564520716667175,0.046864062547683716,0.05295836552977562,0.04946093633770943,0.04923497885465622,0.04994136095046997,0.04847471043467522,0.05012817308306694,0.048972684890031815,0.048808276653289795,0.04977722465991974,0.049524109810590744,0.04965762048959732,0.04822481423616409,0.0493510477244854,0.05075390636920929,0.0533633828163147,0.043304193764925,0.05304167792201042,0.0465269461274147,0.054707061499357224,0.05513593554496765,0.04845992475748062,0.05626457557082176,0.056727197021245956,0.05448165163397789,0.05501653999090195,0.04921213164925575,0.04741152375936508,0.04936275631189346,0.05357816070318222,0.07074322551488876,0.04953322187066078,0.048748861998319626,0.049487482756376266,0.05263952538371086,0.04932175204157829,0.049671173095703125,0.04979884251952171,0.05042855069041252,0.05093076080083847,0.04764774814248085,0.04743581265211105,0.047278229147195816,0.049184367060661316,0.06159934401512146,0.04877716675400734,0.06161849945783615,0.047527704387903214,0.06395138800144196,0.04569075256586075,0.04636721312999725,0.048508916050195694,0.047939665615558624,0.04735413193702698,0.047228194773197174,0.04701049253344536,0.04739849269390106,0.047352202236652374,0.04722710698843002,0.04725031554698944,0.04836590960621834,0.05313343554735184,0.05346135050058365,0.04920986667275429,0.04917038977146149,0.04995021969079971,0.049459803849458694,0.05004121735692024,0.04922100901603699,0.04892934486269951,0.05007358267903328,0.04957084357738495,0.0486350879073143,0.048570871353149414,0.049416910856962204,0.05026117339730263,0.052781883627176285,0.05293853580951691,0.04478423297405243,0.05792930722236633,0.055551737546920776,0.057455502450466156,0.05638493597507477,0.05545125529170036,0.048586405813694,0.04907277598977089,0.048457104712724686,0.05033073574304581,0.048453476279973984,0.05008598417043686,0.05102664232254028,0.049293819814920425,0.04965854808688164,0.0499524362385273,0.05151462182402611,0.05097878724336624
identify_nbi_infframes,0.048593830317258835,0.04871499165892601,0.0481412447988987,0.04986199364066124,0.0501319020986557,0.0,0.06028282269835472,0.05154825374484062,0.04826081544160843,0.057713668793439865,0.04733240231871605,0.04706708714365959,0.049264367669820786,0.048785679042339325,0.06442421674728394,0.06640778481960297,0.048316702246665955,0.04801586642861366,0.050185736268758774,0.049063339829444885,0.04837654158473015,0.04896244779229164,0.04869317635893822,0.04828105866909027,0.04820472374558449,0.0486445426940918,0.04861165210604668,0.0491156131029129,0.05021589994430542,0.04916065186262131,0.055549606680870056,0.05145848169922829,0.0556243397295475,0.05136764422059059,0.05099017545580864,0.05137011036276817,0.05048901215195656,0.051523607224226,0.050766464322805405,0.050789859145879745,0.05136672779917717,0.0511593297123909,0.05132386460900307,0.050323303788900375,0.05098080635070801,0.052144456654787064,0.054864708334207535,0.050819143652915955,0.05485709756612778,0.051710840314626694,0.05936381593346596,0.05722229927778244,0.05121227353811264,0.0607464574277401,0.06148701161146164,0.05915025994181633,0.05967239663004875,0.05379749462008476,0.051691684871912,0.05351118743419647,0.05434095859527588,0.07459840178489685,0.05111616849899292,0.05072296783328056,0.051025547087192535,0.05462651327252388,0.05109458044171333,0.05107536166906357,0.05183592438697815,0.052792541682720184,0.05632607266306877,0.04809052124619484,0.048105090856552124,0.04852361977100372,0.050387103110551834,0.06071742996573448,0.05122153088450432,0.06144749000668526,0.04943950101733208,0.06450580060482025,0.04854718968272209,0.04846604913473129,0.05023500695824623,0.04932234436273575,0.04889028146862984,0.048143912106752396,0.04835812374949455,0.0488697774708271,0.04889950901269913,0.04886127635836601,0.04883657395839691,0.04995173588395119,0.05422212928533554,0.05610870197415352,0.05112742632627487,0.050878480076789856,0.05140876770019531,0.05143610015511513,0.051423486322164536,0.05106201022863388,0.05063517764210701,0.051595769822597504,0.051200706511735916,0.05044735595583916,0.05065986514091492,0.050976309925317764,0.05152697488665581,0.05448227375745773,0.05458094924688339,0.05039874091744423,0.06249671429395676,0.06056036055088043,0.062308959662914276,0.06105275824666023,0.06001075729727745,0.05318184196949005,0.05368153378367424,0.05267573893070221,0.05219221115112305,0.050443634390830994,0.051742687821388245,0.05297807604074478,0.05093801021575928,0.05102822929620743,0.05186750367283821,0.05409519001841545,0.05620395392179489
laryngeal_tissues,0.06260388344526291,0.06199168413877487,0.061504021286964417,0.06290426850318909,0.06134249269962311,0.06028282269835472,0.0,0.06405159831047058,0.058058641850948334,0.05925263464450836,0.05705618858337402,0.05720183998346329,0.05625505372881889,0.0554744116961956,0.07098644971847534,0.07281707227230072,0.06187770143151283,0.061590515077114105,0.0632140040397644,0.06253056973218918,0.06230887398123741,0.06256259232759476,0.062425170093774796,0.06172889098525047,0.06198057159781456,0.06210435554385185,0.062094546854496,0.059793662279844284,0.06237911805510521,0.06150483340024948,0.0649576410651207,0.061958201229572296,0.0668385699391365,0.0640922486782074,0.0638778805732727,0.06413769721984863,0.06322706490755081,0.06424999982118607,0.06348646432161331,0.0635850727558136,0.06411224603652954,0.06400071829557419,0.0642053559422493,0.06319964677095413,0.0637107715010643,0.06485055387020111,0.06714671105146408,0.06245836615562439,0.06702231615781784,0.061278246343135834,0.07067333906888962,0.0697992816567421,0.06275336444377899,0.07209178060293198,0.07275478541851044,0.07040614634752274,0.07102653384208679,0.06475658714771271,0.06276024132966995,0.06454336643218994,0.06555382162332535,0.08561965078115463,0.06266780942678452,0.06299065798521042,0.06322865933179855,0.06641791760921478,0.06288117915391922,0.06280549615621567,0.0634189322590828,0.06411705911159515,0.06796081364154816,0.06215742602944374,0.0619022399187088,0.06180673837661743,0.06352086365222931,,0.06372300535440445,0.06224074587225914,0.05626779794692993,0.07085251808166504,0.06196216866374016,0.06184886395931244,0.06329573690891266,0.06287582218647003,0.06251005083322525,0.06216225400567055,0.06215405836701393,0.06264079362154007,0.06252100318670273,0.06243221461772919,0.06242135912179947,0.06236529350280762,0.06415221840143204,0.06742603331804276,0.06369151175022125,0.06365447491407394,0.06419410556554794,0.06422347575426102,0.06425000727176666,0.06389965862035751,0.06332050263881683,0.06424940377473831,0.0639820471405983,0.06325139105319977,0.06363202631473541,0.0638456791639328,0.06444425135850906,0.06674026697874069,0.06685994565486908,0.060191262513399124,0.07386691123247147,0.0718202069401741,0.07350888848304749,0.07222243398427963,0.0711628645658493,0.06423559039831161,0.06466858088970184,0.06376662105321884,0.06355582922697067,0.06276416778564453,0.0636136457324028,0.06473279744386673,0.06267111003398895,0.06275058537721634,0.06337780505418777,0.06535475701093674,0.06771884858608246
nerthus_bowel_cleansing_quality,0.04703071340918541,0.04667253792285919,0.04642166569828987,0.048314712941646576,0.04886917397379875,0.05154825374484062,0.06405159831047058,0.0,0.047752998769283295,0.059166692197322845,0.04641374573111534,0.045821256935596466,0.04833255335688591,0.04797225818037987,0.06532231718301773,0.06754765659570694,0.044303037226200104,0.04321850463747978,0.04104764759540558,0.0430726483464241,0.04532361775636673,0.04531177133321762,0.04553823918104172,0.04526710510253906,0.04516158252954483,0.04493789002299309,0.04514294117689133,0.04870430380105972,0.045939017087221146,0.04912978410720825,0.05685586854815483,0.05176185816526413,0.053488779813051224,0.04927341639995575,0.048971980810165405,0.049823272973299026,0.0483161136507988,0.049915775656700134,0.04869707673788071,0.04869304597377777,0.049578238278627396,0.049288567155599594,0.04943874850869179,0.04825492575764656,0.0493052639067173,0.0503922700881958,0.05340199917554855,0.04984482377767563,0.05292501673102379,0.05283008888363838,0.05737915635108948,0.05487250164151192,0.04799770191311836,0.05890932306647301,0.05964722856879234,0.05717504769563675,0.05771602690219879,0.047913920134305954,0.0461716465651989,0.048173777759075165,0.05575661361217499,0.07289730757474899,0.04928573966026306,0.0479540154337883,0.048726946115493774,0.05202110484242439,0.048659369349479675,0.04902556166052818,0.0491984523832798,0.052474115043878555,0.05363854765892029,0.04680485650897026,0.04688679426908493,0.046408358961343765,0.04849373549222946,0.06453299522399902,,0.06335970014333725,0.048297446221113205,0.06552565097808838,0.0437980517745018,0.04286607727408409,0.041370660066604614,0.043131839483976364,0.045887257903814316,0.04572970047593117,0.04532451182603836,0.045623552054166794,0.04565556347370148,0.04519709572196007,0.04552731290459633,0.045736316591501236,0.05507191643118858,0.053980160504579544,0.04918472096323967,0.04877397418022156,0.049725472927093506,0.049202606081962585,0.049876850098371506,0.04888710379600525,0.048880260437726974,0.049797333776950836,0.04920562729239464,0.04843293875455856,0.048363056033849716,0.049308761954307556,0.05023039132356644,0.05276165530085564,0.05296416953206062,0.05110254883766174,0.060701269656419754,0.05857494845986366,0.060284573584795,0.059212036430835724,0.05821690708398819,0.04738558456301689,0.048318613320589066,0.046992622315883636,0.05007313936948776,0.04754432290792465,0.04929739981889725,0.050266873091459274,0.04857460781931877,0.04901295155286789,0.049605198204517365,0.05396118015050888,0.05345291644334793
stanford_dogs_image_categorization,0.04631839692592621,0.04529818519949913,0.04530167207121849,0.04606739431619644,0.04652354493737221,0.04826081544160843,0.058058641850948334,0.047752998769283295,0.0,0.053931187838315964,0.04143647477030754,0.04132126271724701,0.042814720422029495,0.04290810972452164,0.06023072451353073,0.06250062584877014,0.04592956230044365,0.04558825120329857,0.04708148539066315,0.04601980000734329,0.0459006205201149,0.04595770314335823,0.04613384231925011,0.0453651137650013,0.04576397314667702,0.04561449959874153,0.04555739462375641,0.046170543879270554,0.04661094397306442,0.04572499915957451,0.052337951958179474,0.04775536432862282,0.050898246467113495,0.04774767905473709,0.04764310270547867,0.04794580489397049,0.04677918925881386,0.04818776622414589,0.0470871739089489,0.04716268554329872,0.047911636531353,0.047678519040346146,0.04790636524558067,0.04672054946422577,0.047550976276397705,0.048715654760599136,0.05074750632047653,0.04744485393166542,0.050494927912950516,0.04918929189443588,0.05505728721618652,0.052814457565546036,0.04617546126246452,0.056531455367803574,0.0571906715631485,0.05482903867959976,0.05530695617198944,0.04879486933350563,0.04688091203570366,0.048564787954092026,0.051465194672346115,0.06977706402540207,0.04660447686910629,0.0468144416809082,0.04695209488272667,0.04991184547543526,0.046366553753614426,0.04696255549788475,0.047035254538059235,0.048372894525527954,0.05185449868440628,0.046011656522750854,0.04520053043961525,0.04520568251609802,0.04680873826146126,0.058510586619377136,0.047532130032777786,0.057868339121341705,0.04320700094103813,0.060438621789216995,0.04602454975247383,0.045892927795648575,0.04731138050556183,0.04626873508095741,0.04604869335889816,0.04614805057644844,0.045768655836582184,0.04616511985659599,0.046031802892684937,0.04587218537926674,0.045928698033094406,0.046542711555957794,0.05092284828424454,0.051405955106019974,0.04731440544128418,0.04717375710606575,0.04814619570970535,0.04768669232726097,0.048107046633958817,0.04759234935045242,0.047009482979774475,0.048068705946207047,0.04764661565423012,0.04696382209658623,0.04711897298693657,0.04769371077418327,0.0484856441617012,0.050288695842027664,0.05045419931411743,0.047798581421375275,0.058220114558935165,0.05640280619263649,0.057884082198143005,0.05662715807557106,0.05563146993517876,0.04827183857560158,0.0486598014831543,0.04769153892993927,0.047243766486644745,0.046439286321401596,0.047421786934137344,0.048335086554288864,0.04626546427607536,0.04679408296942711,0.04715496674180031,0.04974125698208809,0.05172985792160034
svhn,0.058694951236248016,0.05769309401512146,0.05758612975478172,0.05857543647289276,0.05756407976150513,0.057713668793439865,0.05925263464450836,0.059166692197322845,0.053931187838315964,0.0,0.052779071033000946,0.05270491912961006,0.04949614033102989,0.048638127744197845,0.06100175157189369,0.06269185245037079,0.05748976767063141,0.05718204379081726,0.05848982557654381,0.05771256610751152,0.05780559033155441,0.05793420970439911,0.05799563601613045,0.05716048553586006,0.05749458447098732,0.05758170038461685,0.057530760765075684,0.05675516650080681,0.05770326405763626,0.05731822922825813,0.0608673021197319,0.05940670147538185,0.061979807913303375,0.059033915400505066,0.05884883925318718,0.05922370404005051,0.05818947032094002,0.059250108897686005,0.05845499783754349,0.05853704735636711,0.05916266888380051,0.058993883430957794,0.059211667627096176,0.05819020792841911,0.05870737135410309,0.05990159884095192,0.062031541019678116,0.058658476918935776,0.0618775449693203,0.05943967029452324,0.06619716435670853,0.0646982416510582,0.05745664983987808,0.06757983565330505,0.06829500198364258,0.06593751907348633,0.06649093329906464,0.060044750571250916,0.05805356428027153,0.05978978052735329,0.06216039881110191,0.080952949821949,0.05677480250597,0.057632479816675186,0.057441167533397675,0.06081618368625641,0.05702504888176918,0.05672256276011467,0.05762235075235367,0.060311462730169296,0.06328950077295303,0.05833592265844345,0.0575062595307827,0.057546500116586685,0.05929009988903999,0.06053788959980011,0.05880868807435036,,0.049640510231256485,0.060629501938819885,0.057550955563783646,0.05738289654254913,0.05861137434840202,0.0579461045563221,0.05799971893429756,0.05772252008318901,0.05750180408358574,0.058166563510894775,0.05795518681406975,0.05783769488334656,0.057702746242284775,0.05768556892871857,0.05990972742438316,0.062492724508047104,0.05869022011756897,0.05861648917198181,0.05919014662504196,0.05910305678844452,0.05932236090302467,0.05882943421602249,0.058385033160448074,0.05924006924033165,0.058923058211803436,0.058235038071870804,0.05851919949054718,0.05878983065485954,0.059516046196222305,0.06163996458053589,0.06176994368433952,0.0579846166074276,0.06934460252523422,0.06739122420549393,0.06905214488506317,0.06776817888021469,0.06672173738479614,0.059516873210668564,0.059811070561409,0.05899544060230255,0.05771132558584213,0.057297006249427795,0.05783022195100784,0.059171415865421295,0.056861843913793564,0.05664007365703583,0.057507358491420746,0.06158179044723511,0.06305540353059769
caltech101_object_classification,0.04542232304811478,0.044376522302627563,0.044301096349954605,0.04518021270632744,0.04543806612491608,0.04733240231871605,0.05705618858337402,0.04641374573111534,0.04143647477030754,0.052779071033000946,0.0,0.03982628509402275,0.04225961118936539,0.04196120798587799,0.05831112340092659,0.06070486456155777,0.044914983212947845,0.04444268345832825,0.04581337794661522,0.04487175494432449,0.04485343024134636,0.04489869251847267,0.04502369090914726,0.04422270879149437,0.044649820774793625,0.04450469836592674,0.0444859117269516,0.0449909046292305,0.045172132551670074,0.04515773802995682,0.05050920322537422,0.04707202687859535,0.049586791545152664,0.046984851360321045,0.04682024195790291,0.04727641120553017,0.04597671702504158,0.047371990978717804,0.04629984498023987,0.0463724285364151,0.04716839641332626,0.04689891263842583,0.047151658684015274,0.04594489932060242,0.046709638088941574,0.04796482250094414,0.049838852137327194,0.04651511833071709,0.049580350518226624,0.04811893403530121,0.053630780428647995,0.05205264315009117,0.04481925442814827,0.055114634335041046,0.055742550641298294,0.05339016020298004,0.053886596113443375,0.047048166394233704,0.045226629823446274,0.04701598733663559,0.05033760145306587,0.06849803030490875,0.045382171869277954,0.04558776691555977,0.04563535749912262,0.04867095127701759,0.045132748782634735,0.045418430119752884,0.04583297297358513,0.04709618538618088,0.05054396763443947,0.045118074864149094,0.044383302330970764,0.04427248239517212,0.045869164168834686,0.05738217756152153,0.04625861719250679,0.05689709261059761,0.04261822625994682,0.05855560302734375,0.04488040506839752,0.044560205191373825,0.04605467990040779,0.04518868774175644,0.04495192691683769,0.0450490266084671,0.04459598287940025,0.04509971663355827,0.04493509232997894,0.0448148287832737,0.04480524733662605,0.045120615512132645,0.04930596426129341,0.05009886249899864,0.04649922251701355,0.04643195867538452,0.04730406776070595,0.046894174069166183,0.047332730144262314,0.04670415073633194,0.0462522953748703,0.04727969691157341,0.046871136873960495,0.04611063376069069,0.04627896472811699,0.046820566058158875,0.047643985599279404,0.049366287887096405,0.04952620714902878,0.04654286056756973,0.056794747710227966,0.05488640069961548,0.056434836238622665,0.05516941845417023,0.054197441786527634,0.046481903642416,0.04713161662220955,0.04618172347545624,0.046191222965717316,0.04512631893157959,0.0459219329059124,0.04714784398674965,0.04497792199254036,0.04535792022943497,0.0459054559469223,0.048366427421569824,0.05041743442416191
caltech256_object_classification,0.04490291699767113,0.04381629824638367,0.043864548206329346,0.04470318928360939,0.04505389928817749,0.04706708714365959,0.05720183998346329,0.045821256935596466,0.04132126271724701,0.05270491912961006,0.03982628509402275,0.0,0.04213697463274002,0.04175307974219322,0.058442261070013046,0.060866501182317734,0.04443652927875519,0.04393981397151947,0.045309994369745255,0.04421660304069519,0.044255197048187256,0.04422254487872124,0.044403187930583954,0.04362485185265541,0.04405781626701355,0.04387246444821358,0.04385460168123245,0.044691357761621475,0.04458743333816528,0.044643208384513855,0.05048094689846039,0.046895693987607956,0.04920866712927818,0.046362049877643585,0.04623536765575409,0.04671124368906021,0.04537676274776459,0.046822965145111084,0.045690253376960754,0.045739781111478806,0.04658885672688484,0.046315424144268036,0.04654849320650101,0.045310117304325104,0.04614789038896561,0.04743392392992973,0.049346793442964554,0.046143848448991776,0.04902276024222374,0.04795593395829201,0.05313042923808098,0.05142891779541969,0.04420743137598038,0.05461810156702995,0.05528360605239868,0.05291758105158806,0.05340960994362831,0.04659011587500572,0.044750574976205826,0.04655482620000839,0.05015295371413231,0.06801728159189224,0.04488497972488403,0.04497518762946129,0.04514411464333534,0.048080429434776306,0.0445452556014061,0.044924139976501465,0.045246802270412445,0.046777185052633286,0.05005552992224693,0.04460848122835159,0.043838370591402054,0.043756864964962006,0.045370567589998245,0.05754625052213669,0.04568761587142944,0.05681468918919563,0.04236340895295143,0.05870736017823219,0.04436865448951721,0.044072143733501434,0.04558486118912697,0.04453301802277565,0.04432136192917824,0.044419266283512115,0.04399670660495758,0.044478997588157654,0.04433207958936691,0.044176917523145676,0.04415171965956688,0.04453235864639282,0.049173902720212936,0.04971161484718323,0.04588977247476578,0.045827466994524,0.04674571380019188,0.04624605551362038,0.046778444200754166,0.04608302563428879,0.045677535235881805,0.04673615097999573,0.04628017544746399,0.045516304671764374,0.045631472021341324,0.04625425860285759,0.04712781310081482,0.04884040355682373,0.04899616912007332,0.04636572673916817,0.056330420076847076,0.054413266479969025,0.055980052798986435,0.054733049124479294,0.053732309490442276,0.04605204984545708,0.0466189831495285,0.045672204345464706,0.045644842088222504,0.04453404247760773,0.04549339413642883,0.04653950408101082,0.0444222129881382,0.04488261416554451,0.04534600302577019,0.048112690448760986,0.049944162368774414
cifar10_object_classification,0.047566503286361694,0.04644954577088356,0.04650837182998657,0.04735283553600311,0.04742785170674324,0.049264367669820786,0.05625505372881889,0.04833255335688591,0.042814720422029495,0.04949614033102989,0.04225961118936539,0.04213697463274002,0.0,0.04002397507429123,0.05731511116027832,0.05973352491855621,0.04687941074371338,0.04647110402584076,0.04777145758271217,0.046675100922584534,0.046792469918727875,0.04675980284810066,0.046977441757917404,0.046203598380088806,0.046616725623607635,0.04646250605583191,0.04641839116811752,0.04694591835141182,0.04720284789800644,0.04681555554270744,0.05234033614397049,0.04912104457616806,0.05196981132030487,0.048642393201589584,0.04851749166846275,0.048914361745119095,0.04768732190132141,0.049075521528720856,0.04802091047167778,0.04805715009570122,0.048821091651916504,0.0485839806497097,0.04882794991135597,0.04763464629650116,0.04844922944903374,0.04965566098690033,0.05189957097172737,0.04840633273124695,0.051562920212745667,0.05041753873229027,0.05600082874298096,0.053901731967926025,0.046849630773067474,0.05746782198548317,0.05816935747861862,0.055779483169317245,0.05628293380141258,0.0493871234357357,0.047545257955789566,0.04930886626243591,0.05217024311423302,0.07078170031309128,0.04746707156300545,0.047611307352781296,0.04780958592891693,0.050675828009843826,0.04720379784703255,0.04757481813430786,0.04781215637922287,0.049548856914043427,0.05283106490969658,0.04723525419831276,0.04637064412236214,0.04636621102690697,0.04800837114453316,0.05705663934350014,0.04811495915055275,0.05321795493364334,,0.057502929121255875,0.046869222074747086,0.046687234193086624,0.04802514985203743,0.046934813261032104,0.0469052791595459,0.04699067398905754,0.04657333716750145,0.047037482261657715,0.04688166454434395,0.0467321015894413,0.04670565575361252,0.04716254025697708,0.05101315677165985,0.05244763568043709,0.048230256885290146,0.04806283488869667,0.04899577051401138,0.048592254519462585,0.04899725690484047,0.04841553419828415,0.04794984683394432,0.04897494241595268,0.04857673868536949,0.04785963520407677,0.047998737543821335,0.0485709123313427,0.04942193627357483,0.05140119418501854,0.05156293883919716,0.048842404037714005,0.05920778214931488,0.05730990320444107,0.05885954573750496,0.0575917586684227,0.0566113218665123,0.048903051763772964,0.04934580996632576,0.04839830473065376,0.04816469922661781,0.04721897095441818,0.04824154078960419,0.04906654357910156,0.047119226306676865,0.047487664967775345,0.047934528440237045,0.0509306825697422,0.05266664922237396
