,lapgyn4_anatomical_structures,lapgyn4_surgical_actions,lapgyn4_instrument_count,lapgyn4_anatomical_actions,sklin2_skin_lesions,identify_nbi_infframes,laryngeal_tissues,nerthus_bowel_cleansing_quality,stanford_dogs_image_categorization,svhn,caltech101_object_classification,caltech256_object_classification,cifar10_object_classification,cifar100_object_classification,mnist_digit_classification,emnist_digit_classification,hyperkvasir_anatomical-landmarks,hyperkvasir_pathological-findings,hyperkvasir_quality-of-mucosal-views,hyperkvasir_therapeutic-interventions,cholec80_grasper_presence,cholec80_bipolar_presence,cholec80_hook_presence,cholec80_scissors_presence,cholec80_clipper_presence,cholec80_irrigator_presence,cholec80_specimenbag_presence,derm7pt_skin_lesions,idle_action_recognition,barretts_esophagus_diagnosis,brain_tumor_classification,mednode_melanoma_classification,brain_tumor_type_classification,chexpert_enlarged_cardiomediastinum,chexpert_cardiomegaly,chexpert_lung_opacity,chexpert_lung_lesion,chexpert_edema,chexpert_consolidation,chexpert_pneumonia,chexpert_atelectasis,chexpert_pneumothorax,chexpert_pleural_effusion,chexpert_pleural_other,chexpert_fracture,chexpert_support_devices,pneumonia_classification,ph2-melanocytic-lesions-classification,covid_xray_classification,isic20_melanoma_classification,deep_drid_dr_level,shenzen_chest_xray_tuberculosis,crawled_covid_ct_classification,deep_drid_quality,deep_drid_clarity,deep_drid_field,deep_drid_artifact,kvasir_capsule_anatomy,kvasir_capsule_content,kvasir_capsule_pathologies,breast_cancer_classification_v2,eye_condition_classification,mura_xr_wrist,mura_xr_shoulder,mura_xr_humerus,mura_xr_hand,mura_xr_forearm,mura_xr_finger,mura_xr_elbow,bean_plant_disease_classification,aptos19_blindness_detection,lapgyn4_anatomical_structures --shrink_train 800,lapgyn4_surgical_actions --shrink_train 800,lapgyn4_instrument_count --shrink_train 800,lapgyn4_anatomical_actions --shrink_train 800,laryngeal_tissues --shrink_train 800,nerthus_bowel_cleansing_quality --shrink_train 800,svhn --shrink_train 800,cifar10_object_classification --shrink_train 800,mnist_digit_classification --shrink_train 800,hyperkvasir_anatomical-landmarks --shrink_train 800,hyperkvasir_pathological-findings --shrink_train 800,hyperkvasir_quality-of-mucosal-views --shrink_train 800,hyperkvasir_therapeutic-interventions --shrink_train 800,cholec80_grasper_presence --shrink_train 800,cholec80_bipolar_presence --shrink_train 800,cholec80_hook_presence --shrink_train 800,cholec80_scissors_presence --shrink_train 800,cholec80_clipper_presence --shrink_train 800,cholec80_irrigator_presence --shrink_train 800,cholec80_specimenbag_presence --shrink_train 800,idle_action_recognition --shrink_train 800,brain_tumor_classification --shrink_train 800,brain_tumor_type_classification --shrink_train 800,chexpert_enlarged_cardiomediastinum --shrink_train 800,chexpert_cardiomegaly --shrink_train 800,chexpert_lung_opacity --shrink_train 800,chexpert_lung_lesion --shrink_train 800,chexpert_edema --shrink_train 800,chexpert_consolidation --shrink_train 800,chexpert_pneumonia --shrink_train 800,chexpert_atelectasis --shrink_train 800,chexpert_pneumothorax --shrink_train 800,chexpert_pleural_effusion --shrink_train 800,chexpert_pleural_other --shrink_train 800,chexpert_fracture --shrink_train 800,chexpert_support_devices --shrink_train 800,pneumonia_classification --shrink_train 800,covid_xray_classification --shrink_train 800,isic20_melanoma_classification --shrink_train 800,deep_drid_dr_level --shrink_train 800,deep_drid_quality --shrink_train 800,deep_drid_clarity --shrink_train 800,deep_drid_field --shrink_train 800,deep_drid_artifact --shrink_train 800,kvasir_capsule_anatomy --shrink_train 800,kvasir_capsule_content --shrink_train 800,kvasir_capsule_pathologies --shrink_train 800,mura_xr_wrist --shrink_train 800,mura_xr_shoulder --shrink_train 800,mura_xr_humerus --shrink_train 800,mura_xr_hand --shrink_train 800,mura_xr_forearm --shrink_train 800,mura_xr_finger --shrink_train 800,mura_xr_elbow --shrink_train 800,bean_plant_disease_classification --shrink_train 800,aptos19_blindness_detection --shrink_train 800
lapgyn4_anatomical_structures,0.0,0.0001001188502414152,0.00010011750418925658,0.00010017216845881194,0.00010118941281689331,0.00010051211575046182,0.00010031160491053015,0.00010015217412728816,0.000100105200544931,0.00010009368997998536,0.00010013787687057629,0.00010010496771428734,0.00010013920837081969,0.00010009798279497772,0.0001000939664663747,0.00010009188554249704,0.00010019863839261234,0.00010020960326073691,0.0001002684366540052,0.00010026929521700367,0.00010011608537752181,0.00010011345148086548,0.00010011953418143094,0.00010010352707467973,0.00010011033737100661,0.0001001609634840861,0.0001001076161628589,0.00010058509360533208,0.00010013060818891972,0.00010122379171662033,0.00010014677536673844,0.00010171611211262643,0.0001001589116640389,0.00010011940321419388,0.00010011022095568478,0.00010010596452048048,0.00010013734572567046,0.00010009814286604524,0.00010011781705543399,0.00010013955761678517,0.00010011061385739595,0.00010010204277932644,0.0001001034615910612,0.00010017726162914187,0.00010015112638939172,0.00010010636469814926,0.00010015162115450948,0.00010154154006158933,0.0001002501740003936,0.00010009911784436554,0.00010028014366980642,0.00010063585068564862,0.00010045483213616535,0.00010036145977210253,0.00010035814193543047,0.00010034971637651324,0.00010033091530203819,0.00010015445877797902,0.00010011896665673703,0.0001001155178528279,0.00010067119728773832,0.00010060756176244467,0.00010011956328526139,0.00010012220445787534,0.00010063090303447098,0.00010015621955972165,0.00010021170601248741,0.00010018223838414997,0.00010014449071604759,0.00010032847058027983,0.00010023399954661727,,0.00010031407873611897,0.0001003602592390962,0.00010036640742328018,0.00010034545266535133,0.0001003607758320868,0.0001004760415526107,0.00010048443800769746,0.00010047161777038127,0.000100438337540254,0.00010038584878202528,0.00010038436448667198,0.00010041928908322006,0.00010041271161753684,0.00010041760106105357,0.00010041501082014292,0.00010041281348094344,0.00010042256326414645,0.00010041777568403631,0.0001004154109978117,0.00010041550558526069,0.0001004007353913039,0.00010037065658252686,0.00010041704081231728,0.00010041365749202669,0.00010041533096227795,0.00010041394853033125,0.00010041754285339266,0.00010041332279797643,0.00010041317727882415,0.00010041322093456984,0.00010042076610261574,0.00010041300265584141,0.00010041979840025306,0.00010031949204858392,0.00010040889901574701,0.00010040322376880795,0.00010040604684036225,0.00010030204430222511,0.00010041010682471097,0.00010040542110800743,0.00010040828783530742,0.00010041220230050385,0.00010042362555395812,0.00010041768837254494,0.00010036004823632538,0.0001004206424113363,0.00010040977213066071,0.00010041393397841603,0.00010049654520116746,0.00010041169298347086,0.00010040929191745818,0.00010040638881037012,0.00010041672794613987,0.00010038245818577707,0.00010035168088506907
lapgyn4_surgical_actions,0.0001001188502414152,0.0,9.99943440547213e-05,0.00010004900104831904,0.00010106625268235803,0.00010038894833996892,0.00010018843750003725,0.00010002900671679527,9.998204768635333e-05,9.997053712140769e-05,0.00010001471673604101,9.998180757975206e-05,0.00010001604096032679,9.997482993640006e-05,9.99707990558818e-05,9.996873268391937e-05,0.00010007547098211944,0.00010008644312620163,0.00010014527651946992,0.00010014613508246839,9.999291796702892e-05,9.99902913463302e-05,9.999636677093804e-05,9.998037421610206e-05,9.998717723647133e-05,0.00010003781062550843,9.998446330428123e-05,0.00010046192619483918,0.00010000744077842683,0.00010110063885804266,0.00010002361523220316,0.00010159295925404876,0.000100035744253546,9.999623580370098e-05,9.998706809710711e-05,9.99828043859452e-05,0.00010001418559113517,9.997499000746757e-05,9.999464964494109e-05,0.0001000164047582075,9.998746099881828e-05,9.997888992074877e-05,9.998030145652592e-05,0.00010005409421864897,0.00010002797353081405,9.998319728765637e-05,0.0001000284610199742,0.00010141837992705405,0.00010012701386585832,9.997596498578787e-05,0.00010015699081122875,0.00010051269782707095,0.00010033167200163007,0.00010023829236160964,0.00010023497452493757,0.00010022656351793557,0.00010020776244346052,0.00010003129864344373,9.999580652220175e-05,9.999236499425024e-05,0.00010054803715320304,0.00010048440162790939,9.999640315072611e-05,9.999904432334006e-05,0.00010050773562397808,0.00010003306670114398,0.00010008855315390974,0.0001000590855255723,0.0001000213305815123,0.00010020531772170216,0.0001001108466880396,0.00010023817594628781,,0.00010023709910456091,0.00010024325456470251,0.00010022229253081605,0.00010023761569755152,0.0001003528741421178,0.0001003612851491198,0.00010034845035988837,0.0001003151701297611,0.00010026268137153238,0.0001002612043521367,0.00010029612167272717,0.00010028955875895917,0.00010029444092651829,0.00010029184340965003,0.00010028966062236577,0.00010029940312961116,0.00010029460827354342,0.00010029225086327642,0.00010029233817476779,0.00010027758253272623,0.0001002475037239492,0.000100293880677782,0.00010029050463344902,0.00010029217810370028,0.00010029078111983836,0.00010029437544289976,0.00010029015538748354,0.00010029002442024648,0.00010029006807599217,0.00010029760596808046,0.00010028983524534851,0.00010029663098976016,0.00010019633919000626,0.00010028573160525411,0.00010028007091023028,0.00010028289398178458,0.00010017889144364744,0.00010028693941421807,0.00010028226097347215,0.00010028513497672975,0.00010028904216596857,0.00010030047269538045,0.00010029453551396728,0.00010023688082583249,0.0001002974750008434,0.00010028660472016782,0.00010029076656792313,0.00010037337779067457,0.00010028852557297796,0.00010028612450696528,0.00010028322867583483,0.0001002935750875622,0.00010025929077528417,0.0001002285280264914
lapgyn4_instrument_count,0.00010011750418925658,9.99943440547213e-05,0.0,0.00010004766227211803,0.0001010649066301994,0.00010038760956376791,0.00010018709872383624,0.00010002766794059426,9.998069435823709e-05,9.996918379329145e-05,0.00010001337068388239,9.998046152759343e-05,0.00010001470218412578,9.997347660828382e-05,9.996946027968079e-05,9.996737935580313e-05,0.00010007413220591843,0.000100085097074043,0.00010014393046731129,0.00010014478903030977,9.99915791908279e-05,9.998894529417157e-05,9.999502799473703e-05,9.997902088798583e-05,9.99858311843127e-05,0.00010003645729739219,9.9983109976165e-05,0.00010046058741863817,0.00010000610200222582,0.00010109928552992642,0.00010002226918004453,0.00010159160592593253,0.00010003440547734499,9.999489702749997e-05,9.998571476899087e-05,9.998145833378658e-05,0.00010001283953897655,9.997363667935133e-05,9.999331086874008e-05,0.00010001505143009126,9.998610767070204e-05,9.997753659263253e-05,9.99789554043673e-05,0.00010005275544244796,0.00010002662020269781,9.998185851145536e-05,0.00010002711496781558,0.00010141703387489542,0.00010012566781369969,9.997461165767163e-05,0.00010015563748311251,0.00010051134449895471,0.00010033032594947144,0.00010023695358540863,0.00010023363574873656,0.00010022521018981934,0.00010020640911534429,0.00010002995259128511,9.999446047004312e-05,9.9991011666134e-05,0.00010054669110104442,0.00010048305557575077,9.999505709856749e-05,9.999769827118143e-05,0.00010050639684777707,0.00010003171337302774,0.0001000871998257935,0.00010005773219745606,0.00010001998452935368,0.00010020396439358592,0.00010010949335992336,0.0001002368371700868,0.00010018957254942507,,0.00010024190123658627,0.00010022094647865742,0.0001002362696453929,0.00010035153536591679,0.00010035993182100356,0.00010034711158368737,0.00010031383135356009,0.00010026134259533137,0.00010025985829997808,0.00010029478289652616,0.00010028820543084294,0.00010029309487435967,0.00010029050463344902,0.00010028830729424953,0.00010029805707745254,0.00010029326949734241,0.0001002909048111178,0.00010029099939856678,0.00010027622920460999,0.00010024615039583296,0.00010029253462562338,0.00010028915130533278,0.00010029082477558404,0.00010028944234363735,0.00010029303666669875,0.00010028881661128253,0.00010028867109213024,0.00010028871474787593,0.00010029625991592184,0.0001002884964691475,0.00010029529221355915,0.00010019498586189002,0.0001002843928290531,0.00010027871758211404,0.00010028154065366834,0.0001001775381155312,0.00010028560063801706,0.00010028091492131352,0.00010028378164861351,0.00010028769611380994,0.00010029911936726421,0.00010029318218585104,0.00010023554204963148,0.0001002961362246424,0.0001002852659439668,0.00010028942779172212,0.00010037203901447356,0.00010028718679677695,0.00010028478573076427,0.00010028188262367621,0.00010029222175944597,0.00010025795199908316,0.00010022717469837517
lapgyn4_anatomical_actions,0.00010017216845881194,0.00010004900104831904,0.00010004766227211803,0.0,0.00010111957089975476,0.00010044226655736566,0.00010024175571743399,0.000100082324934192,0.00010003535862779245,0.00010002384806284681,0.00010006803495343775,0.00010003511852119118,0.00010006935917772353,0.00010002814087783918,0.00010002411727327853,0.00010002204362535849,0.00010012878919951618,0.00010013976134359837,0.00010019859473686665,0.00010019945329986513,0.00010004623618442565,0.00010004360228776932,0.00010004968498833477,0.00010003368515754119,0.00010004048817791045,0.00010009112156694755,0.00010003777424572036,0.00010051524441223592,0.00010006075899582356,0.00010115394979948178,0.00010007692617364228,0.00010164627019548789,0.00010008906247094274,0.00010004955402109772,0.00010004037903854623,0.00010003612260334194,0.0001000674965325743,0.00010002830094890669,0.00010004796786233783,0.00010006971569964662,0.0001000407719402574,0.00010003220086218789,0.00010003361967392266,0.0001001074124360457,0.00010008128447225317,0.0001000365155050531,0.00010008177196141332,0.00010147169814445078,0.00010018033208325505,0.00010002927592722699,0.00010021030175266787,0.00010056600876851007,0.0001003849902190268,0.00010029161057900637,0.0001002882927423343,0.0001002798744593747,0.00010026107338489965,0.00010008460958488286,0.00010004911746364087,0.00010004567593568936,0.00010060134809464216,0.00010053771256934851,0.00010004971409216523,0.0001000523625407368,0.00010056105384137481,0.0001000863776425831,0.00010014186409534886,0.00010011239646701142,0.00010007464152295142,0.00010025862866314128,0.00010016415762947872,0.00010029149416368455,0.00010024422954302281,0.00010029041732195765,,0.00010027560347225517,0.00010029092663899064,0.00010040619235951453,0.00010041459609055892,0.00010040176857728511,0.00010036848834715784,0.00010031599958892912,0.00010031451529357582,0.0001003494398901239,0.0001003428697003983,0.00010034775186795741,0.00010034516162704676,0.0001003429715638049,0.00010035271407105029,0.00010034792649094015,0.00010034556908067316,0.00010034565639216453,0.00010033089347416535,0.00010030081466538832,0.00010034719889517874,0.00010034381557488814,0.0001003454890451394,0.00010034409933723509,0.0001003476936602965,0.00010034347360488027,0.0001003433353616856,0.00010034337901743129,0.0001003509241854772,0.00010034315346274525,0.0001003499492071569,0.00010024965013144538,0.00010033904982265085,0.0001003333818516694,0.0001003362049232237,0.00010023220238508657,0.0001003402576316148,0.00010033557191491127,0.00010033844591816887,0.00010034235310740769,0.00010035378363681957,0.0001003478464554064,0.00010029019904322922,0.00010035079321824014,0.00010033992293756455,0.00010034408478531986,0.0001004266960080713,0.0001003418437903747,0.00010033944272436202,0.00010033654689323157,0.00010034688602900133,0.00010031260899268091,0.00010028183896793053
sklin2_skin_lesions,0.00010118941281689331,0.00010106625268235803,0.0001010649066301994,0.00010111957089975476,0.0,0.00010145951819140464,0.00010125900735147297,0.00010109957656823099,0.00010105260298587382,0.00010104109242092818,0.00010108527931151912,0.00010105237015523016,0.00010108661081176251,0.00010104538523592055,0.00010104136890731752,0.00010103928798343986,0.00010114604083355516,0.00010115700570167974,0.00010121583909494802,0.0001012166976579465,0.00010106348781846464,0.0001010608539218083,0.00010106693662237376,0.00010105092951562256,0.00010105773981194943,0.00010110836592502892,0.00010105501860380173,0.0001015324960462749,0.00010107801062986255,0.00010217119415756315,0.00010109417780768126,0.00010266351455356926,0.00010110631410498172,0.0001010668056551367,0.0001010576233966276,0.00010105336696142331,0.00010108474816661328,0.00010104554530698806,0.00010106521949637681,0.00010108696005772799,0.00010105801629833877,0.00010104944522026926,0.00010105086403200403,0.00010112466407008469,0.00010109852883033454,0.00010105376713909209,0.00010109902359545231,0.00010248894250253215,0.00010119757644133642,0.00010104652028530836,0.00010122754611074924,0.00010158325312659144,0.00010140223457710817,0.00010130886221304536,0.00010130554437637329,0.00010129711881745607,0.00010127831774298102,0.00010110186121892184,0.00010106636909767985,0.00010106292029377073,0.00010161859972868115,0.0001015549642033875,0.00010106696572620422,0.00010106960689881817,0.0001015783054754138,0.00010110362200066447,0.00010115910845343024,0.00010112964082509279,0.00010109189315699041,0.00010127587302122265,0.0001011814019875601,0.00010130874579772353,0.0001012614811770618,0.00010130766168003902,0.000101313809864223,0.00010129285510629416,0.00010130817827302963,0.00010142344399355352,0.00010143184044864029,0.0001014190202113241,0.00010138573998119682,0.0001013332512229681,0.00010133176692761481,0.00010136669152416289,0.00010136011405847967,0.0001013650035019964,0.00010136241326108575,0.00010136021592188627,0.00010136996570508927,0.00010136517812497914,0.00010136281343875453,0.00010136290802620351,0.00010134813783224672,0.00010131805902346969,0.0001013644432532601,0.00010136105993296951,0.00010136273340322077,0.00010136135097127408,0.00010136494529433548,0.00010136072523891926,0.00010136057971976697,0.00010136062337551266,0.00010136816854355857,0.00010136040509678423,0.00010136720084119588,0.00010126689448952675,0.00010135630145668983,0.00010135062620975077,0.00010135344928130507,0.00010124944674316794,0.00010135750926565379,0.00010135282354895025,0.00010135569027625024,0.00010135960474144667,0.00010137102799490094,0.00010136509081348777,0.00010130745067726821,0.00010136804485227913,0.00010135717457160354,0.00010136133641935885,0.00010144394764211029,0.00010135909542441368,0.000101356694358401,0.00010135379125131294,0.0001013641303870827,0.00010132986062671989,0.0001012990833260119
identify_nbi_infframes,0.00010051211575046182,0.00010038894833996892,0.00010038760956376791,0.00010044226655736566,0.00010145951819140464,0.0,0.00010058170300908387,0.00010042227222584188,0.00010037530591944233,0.00010036379535449669,0.00010040798224508762,0.00010037506581284106,0.0001004093064693734,0.00010036808816948906,0.00010036406456492841,0.00010036199091700837,0.00010046873649116606,0.00010047970863524824,0.00010053854202851653,0.000100539400591515,0.00010038618347607553,0.0001003835495794192,0.00010038963227998465,0.00010037363244919106,0.00010038043546956033,0.00010043106885859743,0.00010037772153737023,0.0001008551917038858,0.00010040070628747344,0.00010149389709113166,0.00010041687346529216,0.00010198621748713776,0.00010042900976259261,0.0001003895013127476,0.00010038032633019611,0.00010037606989499182,0.00010040744382422417,0.00010036824824055657,0.0001003879151539877,0.0001004096629912965,0.00010038071923190728,0.00010037214815383777,0.00010037356696557254,0.00010044735972769558,0.00010042123176390305,0.00010037646279670298,0.0001004217192530632,0.00010181164543610066,0.00010052027937490493,0.00010036922321887687,0.00010055024904431775,0.00010090595606015995,0.00010072493751067668,0.00010063155787065625,0.00010062824003398418,0.00010061982175102457,0.00010060102067654952,0.00010042455687653273,0.00010038906475529075,0.00010038562322733924,0.00010094129538629204,0.00010087765986099839,0.00010038966138381511,0.00010039230983238667,0.00010090100113302469,0.00010042632493423298,0.00010048181138699874,0.0001004523437586613,0.0001004145888146013,0.00010059857595479116,0.0001005041049211286,0.00010063144145533442,0.00010058417683467269,0.00010063036461360753,0.00010063651279779151,0.00010061555076390505,0.00010063087393064052,0.00010074613965116441,0.0001007545433822088,0.00010074171586893499,0.00010070843563880771,0.000100655946880579,0.0001006544625852257,0.00010068938718177378,0.00010068281699204817,0.00010068769915960729,0.00010068510891869664,0.00010068291885545477,0.00010069266136270016,0.00010068787378259003,0.00010068551637232304,0.0001006856036838144,0.00010067084076581523,0.0001006407619570382,0.00010068714618682861,0.00010068376286653802,0.00010068543633678928,0.00010068404662888497,0.00010068764095194638,0.00010068342089653015,0.00010068328265333548,0.00010068332630908117,0.00010069087147712708,0.00010068310075439513,0.00010068989649880677,0.00010058959742309526,0.00010067899711430073,0.00010067332914331928,0.00010067615221487358,0.00010057214967673644,0.00010068020492326468,0.00010067551920656115,0.00010067839320981875,0.00010068230039905757,0.00010069373092846945,0.00010068779374705628,0.0001006301463348791,0.00010069074050989002,0.00010067987022921443,0.00010068403207696974,0.00010076664329972118,0.00010068179108202457,0.0001006793900160119,0.00010067649418488145,0.0001006868333206512,0.00010065255628433079,0.0001006217862595804
laryngeal_tissues,0.00010031160491053015,0.00010018843750003725,0.00010018709872383624,0.00010024175571743399,0.00010125900735147297,0.00010058170300908387,0.0,0.00010022176138591021,0.00010017479507951066,0.00010016328451456502,0.00010020747140515596,0.00010017455497290939,0.00010020879562944174,0.00010016757732955739,0.00010016355372499675,0.0001001614800770767,0.00010026822565123439,0.00010027919779531658,0.00010033803118858486,0.00010033888975158334,0.00010018567263614386,0.00010018303873948753,0.00010018912144005299,0.0001001731216092594,0.00010017992462962866,0.00010023055801866576,0.00010017721069743857,0.00010065468086395413,0.00010020019544754177,0.00010129338625119999,0.00010021636262536049,0.0001017857066472061,0.00010022849892266095,0.00010018899047281593,0.00010017981549026445,0.00010017555905506015,0.00010020693298429251,0.0001001677374006249,0.00010018740431405604,0.00010020915215136483,0.00010018020839197561,0.0001001716373139061,0.00010017305612564087,0.00010024684888776392,0.00010022072092397138,0.00010017595195677131,0.00010022120841313154,0.000101611134596169,0.00010031976853497326,0.0001001687123789452,0.00010034973820438609,0.00010070544522022828,0.00010052442667074502,0.00010043104703072459,0.00010042772919405252,0.00010041931091109291,0.00010040050983661786,0.00010022404603660107,0.00010018855391535908,0.00010018511238740757,0.00010074078454636037,0.00010067714902106673,0.00010018915054388344,0.000100191798992455,0.00010070049029309303,0.00010022581409430131,0.00010028130054706708,0.00010025183291872963,0.00010021407797466964,0.00010039806511485949,0.00010030359408119693,0.00010043093061540276,0.00010038366599474102,0.00010042985377367586,0.00010043600195785984,,0.00010043036309070885,0.00010054562881123275,0.00010055403254227713,0.00010054120502900332,0.00010050792479887605,0.00010045543604064733,0.00010045395174529403,0.00010048887634184211,0.00010048230615211651,0.00010048718831967562,0.00010048459807876498,0.0001004824080155231,0.0001004921505227685,0.00010048736294265836,0.00010048500553239137,0.00010048509284388274,0.00010047032992588356,0.00010044025111710653,0.00010048663534689695,0.00010048325202660635,0.00010048492549685761,0.0001004835357889533,0.00010048713011201471,0.00010048291005659848,0.00010048277181340382,0.0001004828154691495,0.00010049036063719541,0.00010048258991446346,0.00010048938565887511,0.00010038908658316359,0.00010047848627436906,0.00010047281830338761,0.00010047564137494192,0.00010037163883680478,0.00010047969408333302,0.00010047500836662948,0.00010047788236988708,0.0001004817895591259,0.00010049322008853778,0.00010048728290712461,0.00010042963549494743,0.00010049022966995835,0.00010047935938928276,0.00010048352123703808,0.00010056613245978951,0.00010048128024209291,0.00010047887917608023,0.00010047598334494978,0.00010048632248071954,0.00010045204544439912,0.00010042127541964874
nerthus_bowel_cleansing_quality,0.00010015217412728816,0.00010002900671679527,0.00010002766794059426,0.000100082324934192,0.00010109957656823099,0.00010042227222584188,0.00010022176138591021,0.0,0.00010001536429626867,0.00010000385373132303,0.00010004804062191397,0.0001000151241896674,0.00010004936484619975,0.0001000081465463154,0.00010000412294175476,0.00010000204929383472,0.0001001087948679924,0.00010011976701207459,0.00010017860040534288,0.00010017945896834135,0.00010002624185290188,0.00010002360795624554,0.000100029690656811,0.00010001369082601741,0.00010002049384638667,0.00010007112723542377,0.00010001777991419658,0.00010049525008071214,0.00010004076466429979,0.000101133955467958,0.0001000569318421185,0.00010162627586396411,0.00010006906813941896,0.00010002955968957394,0.00010002038470702246,0.00010001612827181816,0.00010004750220105052,0.00010000830661738291,0.00010002797353081405,0.00010004972136812285,0.00010002077760873362,0.00010001220653066412,0.00010001362534239888,0.00010008741810452193,0.0001000612901407294,0.00010001652117352933,0.00010006177762988955,0.00010145170381292701,0.00010016033775173128,0.00010000928159570321,0.0001001903074211441,0.0001005460144369863,0.00010036499588750303,0.0001002716162474826,0.00010026829841081053,0.00010025988012785092,0.00010024107905337587,0.00010006461525335908,0.00010002912313211709,0.00010002568160416558,0.00010058135376311839,0.00010051771823782474,0.00010002971976064146,0.00010003236820921302,0.00010054105950985104,0.00010006638331105933,0.00010012186976382509,0.00010009240213548765,0.00010005464719142765,0.0001002386343316175,0.00010014416329795495,0.00010027149983216077,0.00010022423521149904,0.00010027042299043387,0.00010027657117461786,0.0001002556091407314,,0.00010038619802799076,0.00010039460175903514,0.00010038177424576133,0.00010034849401563406,0.00010029600525740534,0.00010029452096205205,0.00010032944555860013,0.00010032287536887452,0.00010032775753643364,0.00010032516729552299,0.00010032297723228112,0.00010033271973952651,0.00010032793215941638,0.00010032557474914938,0.00010032566206064075,0.00010031089914264157,0.00010028082033386454,0.00010032720456365496,0.00010032382124336436,0.00010032549471361563,0.00010032410500571132,0.00010032769932877272,0.0001003234792733565,0.00010032334103016183,0.00010032338468590751,0.00010033092985395342,0.00010032315913122147,0.00010032995487563312,0.0001002296557999216,0.00010031905549112707,0.00010031338752014562,0.00010031621059169993,0.00010021220805356279,0.00010032026330009103,0.0001003155775833875,0.0001003184515866451,0.00010032235877588391,0.0001003337893052958,0.00010032785212388262,0.00010027020471170545,0.00010033079888671637,0.00010031992860604078,0.00010032409045379609,0.00010040670167654753,0.00010032184945885092,0.00010031944839283824,0.0001003165525617078,0.00010032689169747755,0.00010029261466115713,0.00010026184463640675
stanford_dogs_image_categorization,0.000100105200544931,9.998204768635333e-05,9.998069435823709e-05,0.00010003535862779245,0.00010105260298587382,0.00010037530591944233,0.00010017479507951066,0.00010001536429626867,0.0,9.995688742492348e-05,0.0001000010670395568,9.996816515922546e-05,0.0001000023985398002,9.996118023991585e-05,9.99571566353552e-05,9.995508298743516e-05,0.00010006182856159285,0.00010007279342971742,0.00010013162682298571,0.00010013248538598418,9.997927554650232e-05,9.99766489258036e-05,9.998272435041144e-05,9.996672451961786e-05,9.997353481594473e-05,0.00010002416092902422,9.997081360779703e-05,0.00010044828377431259,9.999379835790023e-05,0.00010108698916155845,0.00010000997281167656,0.00010157930955756456,0.0001000221018330194,9.998259338317439e-05,9.99734184006229e-05,9.996915468946099e-05,0.00010000054317060858,9.996134031098336e-05,9.99810072244145e-05,0.00010000275506172329,9.997381130233407e-05,9.996524022426456e-05,9.996665176004171e-05,0.00010004045179812238,0.00010001432383432984,9.996955486712977e-05,0.00010001481859944761,0.00010140473023056984,0.00010011336416937411,9.996231528930366e-05,0.00010014334111474454,0.00010049904813058674,0.00010031802230514586,0.00010022464994108304,0.00010022133210441098,0.00010021291382145137,0.00010019411274697632,0.00010001765622291714,9.998216410167515e-05,9.997871529776603e-05,0.00010053439473267645,0.0001004707592073828,9.998276073019952e-05,9.998539462685585e-05,0.00010049409320345148,0.00010001941700465977,0.00010007490345742553,0.00010004543582908809,0.00010000768816098571,0.00010019166802521795,0.00010009719699155539,0.00010022453352576122,0.00010017726890509948,0.0001002234494080767,0.0001002296048682183,0.00010020865011028945,0.00010022397327702492,0.0001003392317215912,0.00010034763545263559,0.00010033480793936178,0.0001003015277092345,0.00010024903895100579,0.00010024756193161011,0.00010028247925220057,0.00010027590906247497,0.0001002807985059917,0.00010027820098912343,0.00010027601092588156,0.00010028576070908457,0.00010028096585301682,0.00010027860116679221,0.0001002786957542412,0.00010026393283624202,0.00010023385402746499,0.00010028023098129779,0.00010027685493696481,0.00010027852840721607,0.00010027713869931176,0.00010028073302237317,0.00010027651296695694,0.00010027637472376227,0.00010027641837950796,0.00010028395627159625,0.00010027619282482192,0.00010028298856923357,0.00010018268949352205,0.00010027208918472752,0.00010026642121374607,0.00010026924428530037,0.00010016524174716324,0.00010027329699369147,0.00010026861855294555,0.00010027148528024554,0.00010027539974544197,0.00010028682299889624,0.00010028088581748307,0.00010022323840530589,0.00010028383258031681,0.00010027296229964122,0.00010027712414739653,0.00010035973537014797,0.00010027488315245137,0.00010027248208643869,0.00010026957897935063,0.000100279925391078,0.00010024564835475758,0.0001002148783300072
svhn,0.00010009368997998536,9.997053712140769e-05,9.996918379329145e-05,0.00010002384806284681,0.00010104109242092818,0.00010036379535449669,0.00010016328451456502,0.00010000385373132303,9.995688742492348e-05,0.0,9.998955647461116e-05,9.995665459427983e-05,9.999088797485456e-05,9.994966967497021e-05,9.994564607040957e-05,9.994357242248952e-05,0.00010005031799664721,0.00010006128286477178,0.00010012011625804007,0.00010012097482103854,9.996776498155668e-05,9.996513836085796e-05,9.99712137854658e-05,9.995521395467222e-05,9.996202425099909e-05,0.00010001265036407858,9.995930304285139e-05,0.00010043677320936695,9.99822877929546e-05,0.00010107547859661281,9.999846224673092e-05,0.00010156779899261892,0.00010001059126807377,9.997108281822875e-05,9.996190783567727e-05,9.995764412451535e-05,9.998903260566294e-05,9.994982974603772e-05,9.996949665946886e-05,9.999124449677765e-05,9.996230073738843e-05,9.995372965931892e-05,9.995514119509608e-05,0.00010002894123317674,0.0001000028132693842,9.995804430218413e-05,0.00010000330803450197,0.0001013932196656242,0.00010010185360442847,9.995080472435802e-05,0.0001001318305497989,0.0001004875375656411,0.00010030651174020022,0.0001002131393761374,0.00010020982153946534,0.00010020140325650573,0.00010018260218203068,0.0001000061456579715,9.997065353672951e-05,9.996720473282039e-05,0.00010052288416773081,0.00010045924864243716,9.997125016525388e-05,9.997388406191021e-05,0.00010048258263850585,0.00010000790643971413,0.0001000633928924799,0.00010003392526414245,9.999617759604007e-05,0.00010018015746027231,0.00010008568642660975,0.00010021302296081558,0.00010016575834015384,0.00010021193884313107,0.00010021809430327266,0.00010019713954534382,0.00010021246271207929,,0.00010033612488768995,0.00010032329737441614,0.00010029001714428887,0.00010023752838606015,0.00010023605136666447,0.00010027096868725494,0.00010026439849752933,0.00010026928794104606,0.0001002666904241778,0.00010026450036093593,0.00010027425014413893,0.00010026945528807119,0.00010026709060184658,0.00010026718518929556,0.00010025242227129638,0.00010022234346251935,0.00010026872041635215,0.00010026534437201917,0.00010026701784227043,0.00010026562813436612,0.00010026922245742753,0.0001002650024020113,0.00010026486415881664,0.00010026490781456232,0.00010027244570665061,0.00010026468225987628,0.00010027147800428793,0.00010017117892857641,0.00010026057861978188,0.00010025491064880043,0.00010025773372035474,0.0001001537311822176,0.00010026178642874584,0.00010025710798799992,0.0001002599747152999,0.00010026388918049634,0.0001002753124339506,0.00010026937525253743,0.00010021172784036025,0.00010027232201537117,0.00010026145173469558,0.0001002656135824509,0.00010034822480520234,0.00010026337258750573,0.00010026097152149305,0.00010025806841440499,0.00010026841482613236,0.00010023413778981194,0.00010020336776506156
caltech101_object_classification,0.00010013787687057629,0.00010001471673604101,0.00010001337068388239,0.00010006803495343775,0.00010108527931151912,0.00010040798224508762,0.00010020747140515596,0.00010004804062191397,0.0001000010670395568,9.998955647461116e-05,0.0,0.00010000083420891315,0.0001000350748654455,9.999384928960353e-05,9.99898329610005e-05,9.998775203712285e-05,0.00010009450488723814,0.00010010546975536272,0.000100164303148631,0.00010016516171162948,0.00010001195187214762,0.00010000931797549129,0.00010001540067605674,9.999939356930554e-05,0.00010000620386563241,0.0001000568299787119,0.00010000348265748471,0.00010048096009995788,0.00010002647468354553,0.00010111965821124613,0.00010004264186136425,0.00010161197860725224,0.0001000547781586647,0.00010001526970881969,0.00010000608745031059,0.00010000183101510629,0.00010003321222029626,9.999400936067104e-05,0.0001000136835500598,0.00010003542411141098,0.00010000648035202175,9.999790927395225e-05,9.999932808568701e-05,0.00010007312812376767,0.00010004699288401753,0.00010000223119277507,0.00010004748764913529,0.00010143740655621514,0.0001001460404950194,9.999498433899134e-05,0.00010017601016443223,0.00010053171718027443,0.00010035069863079116,0.00010025732626672834,0.00010025400843005627,0.00010024558287113905,0.000100226781796664,0.00010005032527260482,0.00010001483315136284,0.00010001138434745371,0.00010056706378236413,0.00010050342825707048,0.0001000154297798872,0.00010001807095250115,0.00010052676952909678,0.00010005208605434746,0.00010010757250711322,0.00010007810487877578,0.00010004035721067339,0.00010022433707490563,0.00010012986604124308,0.00010025720985140651,0.00010020994523074478,0.000100256125733722,0.00010026227391790599,0.00010024131915997714,0.00010025664232671261,0.0001003719080472365,0.00010038030450232327,0.00010036748426500708,0.0001003342040348798,0.00010028171527665108,0.00010028023098129779,0.00010031515557784587,0.00010030857811216265,0.00010031346755567938,0.00010031087731476873,0.00010030867997556925,0.00010031842975877225,0.00010031364217866212,0.00010031127749243751,0.0001003113720798865,0.0001002966018859297,0.00010026652307715267,0.00010031290730694309,0.0001003095239866525,0.00010031119745690376,0.00010030981502495706,0.00010031340934801847,0.00010030918929260224,0.00010030904377344996,0.00010030908742919564,0.00010031663259724155,0.00010030886915046722,0.00010031566489487886,0.00010021535854320973,0.00010030476551037282,0.00010029909026343375,0.00010030191333498806,0.00010019791079685092,0.00010030597331933677,0.00010030128760263324,0.00010030415432993323,0.00010030806879512966,0.00010031949204858392,0.00010031355486717075,0.00010025591473095119,0.00010031650890596211,0.00010030563862528652,0.00010030980047304183,0.00010039241169579327,0.00010030755947809666,0.00010030515841208398,0.00010030225530499592,0.00010031259444076568,0.00010027832468040287,0.00010024754737969488
caltech256_object_classification,0.00010010496771428734,9.998180757975206e-05,9.998046152759343e-05,0.00010003511852119118,0.00010105237015523016,0.00010037506581284106,0.00010017455497290939,0.0001000151241896674,9.996816515922546e-05,9.995665459427983e-05,0.00010000083420891315,0.0,0.00010000215843319893,9.99609474092722e-05,9.995691652875394e-05,9.995485015679151e-05,0.00010006158845499158,0.00010007256059907377,0.00010013139399234205,0.00010013225255534053,9.997903543990105e-05,9.997640881920233e-05,9.998248424381018e-05,9.99664916889742e-05,9.997329470934346e-05,0.00010002392809838057,9.997058077715337e-05,0.00010044804366771132,9.999355825129896e-05,0.0001010867563309148,0.0001000097327050753,0.0001015790767269209,0.00010002186172641814,9.998235327657312e-05,9.997318556997925e-05,9.996892185881734e-05,0.00010000030306400731,9.99611074803397e-05,9.998076711781323e-05,0.00010000252223107964,9.997357847169042e-05,9.996500739362091e-05,9.996641892939806e-05,0.00010004021169152111,0.00010001409100368619,9.99693147605285e-05,0.00010001457849284634,0.00010140449739992619,0.00010011313133873045,9.996208245866e-05,0.00010014310828410089,0.00010049881529994309,0.0001003177894745022,0.00010022440983448178,0.00010022109199780971,0.00010021268099080771,0.00010019387991633266,0.00010001741611631587,9.998192399507388e-05,9.997848246712238e-05,0.00010053415462607518,0.00010047051910078153,9.998252062359825e-05,9.99851617962122e-05,0.00010049385309685022,0.00010001918417401612,0.00010007467062678188,0.00010004520299844444,0.00010000744805438444,0.0001001914351945743,0.00010009696416091174,0.00010022429341915995,0.00010017702879849821,0.00010022321657743305,0.00010022937203757465,0.00010020841000368819,0.00010022373317042366,0.00010033899161498994,0.00010034740262199193,0.00010033456783276051,0.00010030128760263324,0.00010024879884440452,0.00010024732182500884,0.0001002822391455993,0.00010027567623183131,0.00010028055839939043,0.00010027796088252217,0.00010027577809523791,0.0001002855206024833,0.00010028072574641556,0.00010027836833614856,0.00010027845564763993,0.00010026370000559837,0.00010023362119682133,0.00010027999815065414,0.00010027662210632116,0.00010027829557657242,0.0001002768985927105,0.0001002804929157719,0.00010027627286035568,0.00010027614189311862,0.0001002761855488643,0.0001002837234409526,0.00010027595271822065,0.0001002827484626323,0.0001001824566628784,0.00010027184907812625,0.00010026618838310242,0.00010026901145465672,0.00010016500891651958,0.0001002730568870902,0.00010026837844634429,0.00010027125244960189,0.0001002751596388407,0.00010028659016825259,0.00010028065298683941,0.00010022299829870462,0.00010028359247371554,0.00010027272219303995,0.00010027688404079527,0.0001003594952635467,0.0001002746430458501,0.00010027224197983742,0.00010026934614870697,0.00010027969256043434,0.00010024540824815631,0.00010021464549936354
