,lapgyn4_anatomical_structures,lapgyn4_surgical_actions,lapgyn4_instrument_count,lapgyn4_anatomical_actions,sklin2_skin_lesions,identify_nbi_infframes,laryngeal_tissues,nerthus_bowel_cleansing_quality,stanford_dogs_image_categorization,svhn,caltech101_object_classification,caltech256_object_classification,cifar10_object_classification,cifar100_object_classification,mnist_digit_classification,emnist_digit_classification,hyperkvasir_anatomical-landmarks,hyperkvasir_pathological-findings,hyperkvasir_quality-of-mucosal-views,hyperkvasir_therapeutic-interventions,cholec80_grasper_presence,cholec80_bipolar_presence,cholec80_hook_presence,cholec80_scissors_presence,cholec80_clipper_presence,cholec80_irrigator_presence,cholec80_specimenbag_presence,derm7pt_skin_lesions,idle_action_recognition,barretts_esophagus_diagnosis,brain_tumor_classification,mednode_melanoma_classification,brain_tumor_type_classification,chexpert_enlarged_cardiomediastinum,chexpert_cardiomegaly,chexpert_lung_opacity,chexpert_lung_lesion,chexpert_edema,chexpert_consolidation,chexpert_pneumonia,chexpert_atelectasis,chexpert_pneumothorax,chexpert_pleural_effusion,chexpert_pleural_other,chexpert_fracture,chexpert_support_devices,pneumonia_classification,ph2-melanocytic-lesions-classification,covid_xray_classification,isic20_melanoma_classification,deep_drid_dr_level,shenzen_chest_xray_tuberculosis,crawled_covid_ct_classification,deep_drid_quality,deep_drid_clarity,deep_drid_field,deep_drid_artifact,kvasir_capsule_anatomy,kvasir_capsule_content,kvasir_capsule_pathologies,breast_cancer_classification_v2,eye_condition_classification,mura_xr_wrist,mura_xr_shoulder,mura_xr_humerus,mura_xr_hand,mura_xr_forearm,mura_xr_finger,mura_xr_elbow,bean_plant_disease_classification,aptos19_blindness_detection,lapgyn4_anatomical_structures --shrink_train 800,lapgyn4_surgical_actions --shrink_train 800,lapgyn4_instrument_count --shrink_train 800,lapgyn4_anatomical_actions --shrink_train 800,laryngeal_tissues --shrink_train 800,nerthus_bowel_cleansing_quality --shrink_train 800,svhn --shrink_train 800,cifar10_object_classification --shrink_train 800,mnist_digit_classification --shrink_train 800,hyperkvasir_anatomical-landmarks --shrink_train 800,hyperkvasir_pathological-findings --shrink_train 800,hyperkvasir_quality-of-mucosal-views --shrink_train 800,hyperkvasir_therapeutic-interventions --shrink_train 800,cholec80_grasper_presence --shrink_train 800,cholec80_bipolar_presence --shrink_train 800,cholec80_hook_presence --shrink_train 800,cholec80_scissors_presence --shrink_train 800,cholec80_clipper_presence --shrink_train 800,cholec80_irrigator_presence --shrink_train 800,cholec80_specimenbag_presence --shrink_train 800,idle_action_recognition --shrink_train 800,brain_tumor_classification --shrink_train 800,brain_tumor_type_classification --shrink_train 800,chexpert_enlarged_cardiomediastinum --shrink_train 800,chexpert_cardiomegaly --shrink_train 800,chexpert_lung_opacity --shrink_train 800,chexpert_lung_lesion --shrink_train 800,chexpert_edema --shrink_train 800,chexpert_consolidation --shrink_train 800,chexpert_pneumonia --shrink_train 800,chexpert_atelectasis --shrink_train 800,chexpert_pneumothorax --shrink_train 800,chexpert_pleural_effusion --shrink_train 800,chexpert_pleural_other --shrink_train 800,chexpert_fracture --shrink_train 800,chexpert_support_devices --shrink_train 800,pneumonia_classification --shrink_train 800,covid_xray_classification --shrink_train 800,isic20_melanoma_classification --shrink_train 800,deep_drid_dr_level --shrink_train 800,deep_drid_quality --shrink_train 800,deep_drid_clarity --shrink_train 800,deep_drid_field --shrink_train 800,deep_drid_artifact --shrink_train 800,kvasir_capsule_anatomy --shrink_train 800,kvasir_capsule_content --shrink_train 800,kvasir_capsule_pathologies --shrink_train 800,mura_xr_wrist --shrink_train 800,mura_xr_shoulder --shrink_train 800,mura_xr_humerus --shrink_train 800,mura_xr_hand --shrink_train 800,mura_xr_forearm --shrink_train 800,mura_xr_finger --shrink_train 800,mura_xr_elbow --shrink_train 800,bean_plant_disease_classification --shrink_train 800,aptos19_blindness_detection --shrink_train 800
lapgyn4_anatomical_structures,0.0,0.00010014176950789988,0.00010014145664172247,0.00010020009358413517,0.00010121953528141603,0.00010077297338284552,0.00010042847134172916,0.00010017262684414163,0.00010014596045948565,0.00010012851271312684,0.00010016916348831728,0.00010013837891165167,0.00010016946907853708,0.00010012937127612531,0.00010012846905738115,0.00010012771235778928,0.0001002218050416559,0.00010023203503806144,0.0001002917269943282,0.00010029190161731094,0.00010014109284384176,0.0001001349082798697,0.00010014195868279785,0.00010013046266976744,0.00010013215069193393,0.00010018980538006872,0.00010013148130383343,0.00010061847569886595,0.0001001597338472493,0.0001012581487884745,0.00010017891327152029,0.00010175761417485774,0.00010019686305895448,0.00010014192957896739,0.00010013214341597632,0.00010013108112616464,0.00010016141459345818,0.00010012913116952404,0.00010014152940129861,0.00010016196756623685,0.00010013225255534053,0.00010013009159592912,0.00010013045539380983,0.00010020139598054811,0.00010017988097388297,0.00010013119026552886,0.00010018747707363218,0.00010157008364330977,0.00010027959797298536,0.00010013699647970498,0.00010031748388428241,0.00010066098911920562,0.00010048080730484799,0.00010039801418315619,0.00010039123299065977,0.0001003875004244037,0.00010036747698904946,0.00010018072498496622,0.00010014185681939125,0.00010014099098043516,0.00010070002463180572,0.00010064688831334934,0.00010015693260356784,0.00010015146835939959,0.00010094551544170827,0.00010018858301918954,0.00010024000221164897,0.00010021425259765238,0.0001001707132672891,0.00010035927698481828,0.00010026812378782779,,0.00010034059232566506,0.00010038963955594227,0.0001003911456791684,0.00010047636897070333,0.00010038978507509455,0.00010059693886432797,0.00010051194112747908,0.00010052265133708715,0.00010046173701994121,0.0001004110963549465,0.00010041070345323533,0.00010044189548352733,0.00010044024384114891,0.00010044179362012073,0.00010044106602435932,0.0001004402874968946,0.00010044270311482251,0.00010044159716926515,0.00010044092050520703,0.00010044169175671414,0.00010043752263300121,0.00010040729830507189,0.00010044134251074865,0.00010044050577562302,0.00010044092778116465,0.00010044054943136871,0.00010044148802990094,0.00010044040391221642,0.00010044037480838597,0.00010044040391221642,0.00010044228110928088,0.00010044034570455551,0.00010044201917480677,0.00010034196748165414,0.0001004393125185743,0.00010043787187896669,0.00010043856309494004,0.00010033775470219553,0.00010044749797089025,0.00010043868678621948,0.00010044716327684,0.0001004479854600504,0.00010045828821603209,0.00010044153168564662,0.00010038962500402704,0.00010044977534562349,0.00010043948714155704,0.00010045248927781358,0.0001006016755127348,0.00010043995280284435,0.00010043940710602328,0.00010043867951026186,0.00010044127702713013,0.00010041027417173609,0.00010038753680419177
lapgyn4_surgical_actions,0.00010014176950789988,0.0,0.00010001311602536589,0.0001000717529677786,0.00010109119466505945,0.00010064462549053133,0.00010030012344941497,0.00010004428622778505,0.00010001761256717145,0.00010000016482081264,0.0001000408228719607,0.00010001003101933748,0.0001000411284621805,0.00010000103065976873,0.00010000012116506696,9.999936446547508e-05,0.0001000934571493417,0.00010010369442170486,0.000100163379102014,0.00010016355372499675,0.00010001275222748518,0.00010000656766351312,0.00010001361079048365,0.00010000211477745324,0.00010000380279961973,0.00010006146476371214,0.00010000313341151923,0.00010049012780655175,0.00010003139323089272,0.0001011298008961603,0.0001000505726551637,0.00010162926628254354,0.00010006851516664028,0.0001000135816866532,0.00010000380279961973,0.00010000274050980806,0.00010003306670114398,0.00010000079055316746,0.00010001318878494203,0.00010003361967392266,0.00010000390466302633,0.00010000175097957253,0.00010000211477745324,0.00010007305536419153,0.00010005153308156878,0.00010000284237321466,0.00010005912918131799,0.00010144174302695319,0.00010015125735662878,0.00010000864858739078,0.00010018914326792583,0.00010053264850284904,0.0001003524666884914,0.00010026967356679961,0.00010026289237430319,0.00010025915980804712,0.00010023913637269288,0.00010005237709265202,0.00010001350892707705,0.00010001265036407858,0.00010057167673949152,0.00010051854769699275,0.00010002859198721126,0.000100023127743043,0.00010081716754939407,0.00010006024240283296,0.00010011166159529239,0.00010008590470533818,0.0001000423653749749,0.00010023092909250408,0.0001001397758955136,0.00010025411029346287,,0.00010026129893958569,0.00010026279778685421,0.00010034802835434675,0.00010026144445873797,0.00010046859097201377,0.00010038359323516488,0.00010039430344477296,0.00010033338912762702,0.00010028275573858991,0.00010028235556092113,0.00010031355486717075,0.00010031190322479233,0.00010031345300376415,0.00010031272540800273,0.0001003119396045804,0.00010031436249846593,0.00010031324927695096,0.00010031257988885045,0.00010031335114035755,0.00010030917474068701,0.0001002789504127577,0.00010031300189439207,0.00010031215788330883,0.00010031257988885045,0.00010031220881501213,0.00010031314741354436,0.00010031205601990223,0.00010031202691607177,0.00010031205601990223,0.00010031393321696669,0.00010031199781224132,0.00010031367128249258,0.00010021362686529756,0.00010031097190221772,0.0001003095239866525,0.00010031022247858346,0.00010020941408583894,0.00010031915735453367,0.0001003103461698629,0.00010031882266048342,0.00010031963756773621,0.00010032994032371789,0.00010031319106929004,0.00010026128438767046,0.0001003214274533093,0.00010031113924924284,0.000100324148661457,0.00010047333489637822,0.00010031161218648776,0.0001003110664896667,0.00010031033889390528,0.00010031292913481593,0.00010028193355537951,0.00010025918891187757
lapgyn4_instrument_count,0.00010014145664172247,0.00010001311602536589,0.0,0.00010007144010160118,0.00010109087452292442,0.00010064431262435392,0.00010029981058323756,0.00010004396608565003,0.00010001729242503643,9.999985195463523e-05,0.00010004050272982568,0.00010000971815316007,0.00010004080832004547,0.00010000071779359132,9.999980829888955e-05,9.999905159929767e-05,0.00010009314428316429,0.00010010338155552745,0.00010016305895987898,0.00010016323358286172,0.00010001243208535016,0.0001000062475213781,0.00010001329064834863,0.00010000180191127583,0.00010000348993344232,0.00010006115189753473,0.00010000282054534182,0.00010048981494037434,0.0001000310730887577,0.0001011294880299829,0.00010005025251302868,0.00010162894614040852,0.00010006819502450526,0.00010001326882047579,0.00010000348265748471,0.00010000242036767304,0.00010003275383496657,0.00010000047041103244,0.00010001286864280701,0.00010003330680774525,0.00010000359179684892,0.00010000143083743751,0.00010000179463531822,0.00010007273522205651,0.00010005122021539137,0.00010000252950703725,0.00010005880903918296,0.00010144143016077578,0.00010015093721449375,0.00010000833572121337,0.00010018883040174842,0.00010053232836071402,0.00010035214654635638,0.0001002693607006222,0.00010026257950812578,0.00010025883966591209,0.00010023881623055786,0.00010005206422647461,0.00010001318878494203,0.00010001233022194356,0.00010057136387331411,0.00010051822755485773,0.00010002827912103385,0.00010002280760090798,0.00010081684740725905,0.00010005992953665555,0.00010011134145315737,0.00010008558456320316,0.0001000420525087975,0.00010023061622632667,0.00010013946302933618,0.00010025379015132785,0.00010021193156717345,,0.0001002624849206768,0.00010034770821221173,0.00010026112431660295,0.00010046827082987875,0.00010038328036898747,0.00010039399057859555,0.0001003330762614496,0.0001002824428724125,0.00010028204269474372,0.00010031323472503573,0.00010031159035861492,0.00010031313286162913,0.00010031240526586771,0.00010031162673840299,0.00010031404963228852,0.00010031293641077355,0.00010031225974671543,0.00010031303099822253,0.00010030885459855199,0.00010027863754658028,0.00010031268175225705,0.0001003118377411738,0.00010031226702267304,0.00010031189594883472,0.00010031282727140933,0.00010031174315372482,0.00010031171404989436,0.00010031174315372482,0.00010031361307483166,0.00010031167767010629,0.00010031335841631517,0.00010021330672316253,0.0001003106590360403,0.00010030921112047508,0.00010030990233644843,0.00010020910121966153,0.00010031883721239865,0.00010031003330368549,0.0001003185025183484,0.00010031931742560118,0.00010032962018158287,0.00010031287092715502,0.00010026096424553543,0.00010032111458713189,0.00010031082638306543,0.00010032382851932198,0.0001004730147542432,0.00010031129932031035,0.00010031074634753168,0.00010031001875177026,0.00010031261626863852,0.00010028161341324449,0.00010025887604570016
lapgyn4_anatomical_actions,0.00010020009358413517,0.0001000717529677786,0.00010007144010160118,0.0,0.00010114951874129474,0.00010070294956676662,0.00010035844752565026,0.00010010261030402035,0.00010007593664340675,0.00010005848889704794,0.000100099146948196,0.00010006835509557277,0.00010009945253841579,0.00010005935473600402,0.00010005844524130225,0.00010005768854171038,0.000100151781225577,0.00010016201849794015,0.0001002217031782493,0.00010022187780123204,0.00010007107630372047,0.00010006489173974842,0.00010007193486671895,0.00010006043885368854,0.00010006212687585503,0.00010011978883994743,0.00010006145748775452,0.00010054845188278705,0.00010008971730712801,0.0001011881249723956,0.000100108896731399,0.00010168759035877883,0.00010012683924287558,0.00010007190576288849,0.00010006212687585503,0.00010006106458604336,0.00010009139077737927,0.00010005911462940276,0.00010007151286117733,0.00010009194375015795,0.00010006222873926163,0.00010006007505580783,0.00010006043885368854,0.00010013137944042683,0.00010010985715780407,0.00010006116644944996,0.00010011745325755328,0.00010150006710318848,0.00010020958143286407,0.00010006697266362607,0.00010024746734416112,0.00010059097257908434,0.0001004107907647267,0.0001003279976430349,0.00010032121645053849,0.00010031748388428241,0.00010029746044892818,0.00010011070116888732,0.00010007183300331235,0.00010007097444031388,0.00010063000081572682,0.00010057687177322805,0.00010008691606344655,0.0001000814518192783,0.00010087549162562937,0.00010011856647906825,0.00010016998567152768,0.00010014422878157347,0.0001001006894512102,0.00010028925316873938,0.00010019809997174889,0.00010031243436969817,0.00010027056850958616,0.00010031962301582098,,0.00010040635243058205,0.00010031976853497326,0.00010052691504824907,0.00010044191731140018,0.00010045262752100825,0.00010039171320386231,0.00010034107981482521,0.00010034067963715643,0.00010037187894340605,0.00010037022730102763,0.00010037177707999945,0.00010037104948423803,0.0001003702636808157,0.00010037268657470122,0.00010037157335318625,0.00010037090396508574,0.00010037167521659285,0.00010036749881692231,0.00010033727448899299,0.00010037132597062737,0.00010037048195954412,0.00010037090396508574,0.00010037053289124742,0.00010037147148977965,0.00010037038009613752,0.00010037035099230707,0.00010037038009613752,0.00010037225729320198,0.00010037032188847661,0.00010037199535872787,0.00010027195094153285,0.00010036929597845301,0.00010036784806288779,0.00010036854655481875,0.00010026773816207424,0.00010037748143076897,0.00010036867024609819,0.00010037714673671871,0.0001003779616439715,0.00010038826439995319,0.00010037151514552534,0.00010031960846390575,0.00010037975152954459,0.00010036946332547814,0.0001003824727376923,0.00010053165897261351,0.00010036993626272306,0.000100369390565902,0.00010036866297014058,0.00010037125321105123,0.0001003402576316148,0.00010031751298811287
sklin2_skin_lesions,0.00010121953528141603,0.00010109119466505945,0.00010109087452292442,0.00010114951874129474,0.0,0.00010172239126404747,0.00010137788922293112,0.00010112204472534359,0.00010109537106472999,0.00010107793059432879,0.00010111858136951923,0.00010108779679285362,0.00010111888695973903,0.00010107879643328488,0.0001010778869385831,0.00010107713023899123,0.00010117122292285785,0.00010118146019522101,0.00010124113759957254,0.00010124131222255528,0.00010109051072504371,0.00010108432616107166,0.00010109136928804219,0.00010107988055096939,0.00010108156857313588,0.00010113923053722829,0.00010108089918503538,0.0001015678935800679,0.00010110915172845125,0.00010220756666967645,0.00010112833115272224,0.00010270702478010207,0.00010114627366419882,0.00010109134746016935,0.00010108156129717827,0.0001010804990073666,0.00010111083247466013,0.000101078549050726,0.00010109094728250057,0.0001011113854474388,0.00010108167043654248,0.00010107950947713107,0.00010107987327501178,0.00010115081386175007,0.00010112929885508493,0.00010108060814673081,0.00010113688767887652,0.00010251950880046934,0.00010122901585418731,0.00010108641436090693,0.00010126690904144198,0.00010161040700040758,0.00010143022518604994,0.00010134743934031576,0.00010134065814781934,0.00010133691830560565,0.00010131689487025142,0.00010113014286616817,0.00010109126742463559,0.00010109040886163712,0.00010164944251300767,0.00010159630619455129,0.0001011063577607274,0.00010110088624060154,0.0001018949260469526,0.0001011380081763491,0.00010118942009285092,0.00010116366320289671,0.00010112013114849105,0.00010130869486602023,0.00010121754166902974,0.0001013318687910214,0.00010129001020686701,0.00010133905743714422,0.00010134056356037036,0.00010142578685190529,0.0001013392029562965,0.0001015463494695723,0.00010146135900868103,0.00010147206921828911,0.00010141115490114316,0.00010136052151210606,0.00010136012133443728,0.00010139131336472929,0.00010138966899830848,0.00010139121150132269,0.00010139048390556127,0.00010138970537809655,0.00010139212827198207,0.0001013910150504671,0.00010139033838640898,0.00010139110963791609,0.00010138693323824555,0.00010135671618627384,0.00010139076039195061,0.00010138991638086736,0.0001013903456623666,0.00010138997458852828,0.00010139090591110289,0.00010138982179341838,0.00010138979268958792,0.00010138982179341838,0.00010139169171452522,0.00010138975630979985,0.00010139143705600873,0.00010129138536285609,0.00010138873767573386,0.00010138728976016864,0.00010138798097614199,0.00010128717985935509,0.0001013969158520922,0.00010138811194337904,0.00010139658115804195,0.00010139739606529474,0.00010140769882127643,0.00010139094956684858,0.00010133904288522899,0.00010139919322682545,0.00010138890502275899,0.00010140190715901554,0.00010155109339393675,0.00010138937796000391,0.00010138882498722523,0.00010138809739146382,0.00010139069490833208,0.00010135969205293804,0.00010133695468539372
identify_nbi_infframes,0.00010077297338284552,0.00010064462549053133,0.00010064431262435392,0.00010070294956676662,0.00010172239126404747,0.0,0.00010093132732436061,0.00010067548282677308,0.0001006488164421171,0.00010063136869575828,0.00010067201947094873,0.00010064123489428312,0.00010067232506116852,0.00010063222725875676,0.0001006313250400126,0.00010063056834042072,0.00010072466102428734,0.00010073489102069288,0.00010079458297695965,0.00010079475759994239,0.0001006439488264732,0.00010063776426250115,0.0001006448146654293,0.00010063331865239888,0.00010063500667456537,0.00010069266136270016,0.00010063433728646487,0.0001011213316814974,0.00010066258982988074,0.00010176100477110595,0.00010068176925415173,0.00010226047015748918,0.00010069971904158592,0.00010064478556159884,0.00010063499939860776,0.00010063393710879609,0.00010066427057608962,0.00010063198715215549,0.00010064438538393006,0.0001006648235488683,0.00010063510853797197,0.00010063294757856056,0.00010063331137644127,0.00010070425196317956,0.00010068273695651442,0.0001006340462481603,0.00010069033305626363,0.00010207293962594122,0.0001007824539556168,0.00010063985246233642,0.00010082033986691386,0.00010116384510183707,0.00010098366328747943,0.00010090087016578764,0.00010089408897329122,0.00010089035640703514,0.00010087033297168091,0.00010068358096759766,0.0001006447128020227,0.00010064384696306661,0.00010120288061443716,0.00010114974429598078,0.00010065978858619928,0.00010065432434203103,0.00010144837142433971,0.00010069143900182098,0.00010074285819428042,0.00010071710858028382,0.00010067356924992055,0.00010086213296744972,0.00010077097977045923,0.0001008853068924509,0.0001008434483082965,0.00010089249553857371,0.00010089400166179985,0.00010097922495333478,0.000100892641057726,0.00010109979484695941,0.00010101479711011052,0.0001010255073197186,0.00010096459300257266,0.00010091395233757794,0.00010091355943586677,0.00010094475146615878,0.00010094309982378036,0.00010094464960275218,0.00010094392200699076,0.00010094314347952604,0.00010094555909745395,0.0001009444531518966,0.00010094377648783848,0.00010094454773934558,0.00010094037861563265,0.00010091015428770334,0.0001009441984933801,0.00010094336175825447,0.00010094378376379609,0.00010094340541400015,0.00010094434401253238,0.00010094325989484787,0.00010094323079101741,0.00010094325989484787,0.00010094513709191233,0.00010094320168718696,0.00010094487515743822,0.00010084482346428558,0.00010094216850120574,0.00010094072786159813,0.00010094141907757148,0.00010084061068482697,0.0001009503539535217,0.00010094154276885092,0.00010095001925947145,0.00010095084144268185,0.00010096114419866353,0.00010094438766827807,0.00010089248098665848,0.00010095263132825494,0.00010094234312418848,0.00010095534526044503,0.00010110453149536625,0.00010094280878547579,0.00010094226308865473,0.00010094153549289331,0.00010094413300976157,0.00010091313015436754,0.00010089039278682321
laryngeal_tissues,0.00010042847134172916,0.00010030012344941497,0.00010029981058323756,0.00010035844752565026,0.00010137788922293112,0.00010093132732436061,0.0,0.00010033098078565672,0.00010030431440100074,0.00010028686665464193,0.00010032751742983237,0.00010029673285316676,0.00010032782302005216,0.0001002877252176404,0.00010028682299889624,0.00010028606629930437,0.00010038015898317099,0.00010039038897957653,0.00010045008093584329,0.00010045025555882603,0.00010029944678535685,0.0001002932622213848,0.00010030031262431294,0.00010028881661128253,0.00010029050463344902,0.00010034815932158381,0.00010028983524534851,0.00010077682964038104,0.00010031808778876439,0.00010141650272998959,0.00010033726721303537,0.00010191596811637282,0.00010035521700046957,0.00010030028352048248,0.0001002904973574914,0.00010028943506767973,0.00010031976853497326,0.00010028748511103913,0.0001002998833428137,0.00010032032150775194,0.00010029060649685562,0.0001002884455374442,0.00010028880933532491,0.0001003597499220632,0.00010033823491539806,0.00010028954420704395,0.00010034583101514727,0.00010172843758482486,0.00010043795191450045,0.00010029535042122006,0.0001004758378257975,0.00010081934306072071,0.00010063916124636307,0.00010055636812467128,0.00010054958693217486,0.00010054585436591879,0.00010052583093056455,0.0001003390789264813,0.00010030021076090634,0.00010029934492195025,0.0001008583785733208,0.00010080524225486442,0.00010031528654508293,0.00010030982230091467,0.00010110386938322335,0.00010034693696070462,0.00010039835615316406,0.00010037260653916746,0.00010032906720880419,0.00010051763092633337,0.00010042647772934288,0.00010054080485133454,0.00010049894626718014,0.00010054799349745736,0.00010054949962068349,,0.00010054813901660964,0.00010075529280584306,0.00010067029506899416,0.00010068100527860224,0.0001006200909614563,0.00010056945029646158,0.00010056905739475042,0.00010060024942504242,0.000100598597782664,0.00010060014756163582,0.0001005994199658744,0.00010059864143840969,0.0001006010570563376,0.00010059995111078024,0.00010059927444672212,0.00010060004569822922,0.0001005958765745163,0.00010056565224658698,0.00010059969645226374,0.00010059885971713811,0.00010059928172267973,0.0001005989033728838,0.00010059984197141603,0.00010059875785373151,0.00010059872874990106,0.00010059875785373151,0.00010060063505079597,0.0001005986996460706,0.00010060037311632186,0.00010050032142316923,0.00010059766646008939,0.00010059622582048178,0.00010059691703645512,0.00010049610864371061,0.00010060585191240534,0.00010059704072773457,0.00010060551721835509,0.00010060633940156549,0.00010061664215754718,0.00010059988562716171,0.00010054797894554213,0.00010060812928713858,0.00010059784108307213,0.00010061084321932867,0.00010076002945424989,0.00010059830674435943,0.00010059776104753837,0.00010059703345177695,0.00010059963096864522,0.00010056862811325118,0.00010054589074570686
nerthus_bowel_cleansing_quality,0.00010017262684414163,0.00010004428622778505,0.00010004396608565003,0.00010010261030402035,0.00010112204472534359,0.00010067548282677308,0.00010033098078565672,0.0,0.00010004846262745559,0.0001000310221570544,0.00010007167293224484,0.00010004088835557923,0.00010007197852246463,0.00010003188799601048,0.00010003097850130871,0.00010003022180171683,0.00010012431448558345,0.00010013455175794661,0.00010019422916229814,0.00010019440378528088,0.00010004360228776932,0.00010003741772379726,0.00010004446085076779,0.000100032972113695,0.00010003466013586149,0.00010009232209995389,0.00010003399074776098,0.0001005209851427935,0.00010006224329117686,0.00010116065823240206,0.00010008142271544784,0.00010166011634282768,0.00010009936522692442,0.00010004443902289495,0.00010003465285990387,0.0001000335905700922,0.00010006392403738573,0.0001000316406134516,0.00010004403884522617,0.00010006447701016441,0.00010003476199926808,0.00010003260103985667,0.00010003296483773738,0.00010010390542447567,0.00010008239041781053,0.00010003369970945641,0.00010008997924160212,0.00010147260036319494,0.00010018210741691291,0.00010003950592363253,0.00010022000060416758,0.00010056349856313318,0.00010038331674877554,0.00010030053090304136,0.00010029374971054494,0.00010029000986833125,0.00010026998643297702,0.00010008323442889377,0.00010004435898736119,0.00010004350042436272,0.00010060253407573327,0.00010054939775727689,0.00010005944932345301,0.00010005397780332714,0.00010084801760967821,0.00010009109973907471,0.00010014251165557653,0.00010011675476562232,0.00010007322271121666,0.00010026178642874584,0.00010017063323175535,0.00010028496035374701,0.00010024310176959261,0.00010029214899986982,0.00010029365512309596,0.00010037887841463089,,0.00010049944103229791,0.00010041445057140663,0.00010042516078101471,0.00010036424646386877,0.00010031361307483166,0.00010031321289716288,0.00010034440492745489,0.00010034276056103408,0.00010034430306404829,0.00010034357546828687,0.00010034279694082215,0.00010034521983470768,0.00010034410661319271,0.00010034342994913459,0.00010034420120064169,0.00010034002480097115,0.00010030980774899945,0.00010034385195467621,0.00010034300794359297,0.0001003434372250922,0.00010034306615125388,0.0001003439974738285,0.00010034291335614398,0.00010034288425231352,0.00010034291335614398,0.00010034478327725083,0.00010034284787252545,0.00010034452861873433,0.0001002444769255817,0.00010034182923845947,0.00010034038132289425,0.00010034107253886759,0.0001002402714220807,0.00010035000741481781,0.00010034120350610465,0.00010034967272076756,0.00010035048762802035,0.00010036079038400203,0.00010034404112957418,0.0001002921344479546,0.00010035228478955105,0.0001003419965854846,0.00010035499872174114,0.00010050418495666236,0.00010034246952272952,0.00010034191654995084,0.00010034118895418942,0.00010034378647105768,0.00010031278361566365,0.00010029004624811932
stanford_dogs_image_categorization,0.00010014596045948565,0.00010001761256717145,0.00010001729242503643,0.00010007593664340675,0.00010109537106472999,0.0001006488164421171,0.00010030431440100074,0.00010004846262745559,0.0,0.00010000435577239841,0.00010004499927163124,0.00010001422197092324,0.00010004530486185104,0.00010000521433539689,0.00010000431211665273,0.00010000355541706085,0.00010009764810092747,0.00010010787809733301,0.00010016756277764216,0.0001001677374006249,0.00010001692862715572,0.00010001074406318367,0.00010001779446611181,0.00010000630572903901,0.0001000079937512055,0.0001000656484393403,0.000100007324363105,0.00010049431875813752,0.00010003556963056326,0.00010113399184774607,0.00010005474905483425,0.0001016334499581717,0.00010007269884226844,0.00010001777263823897,0.00010000797919929028,0.0001000069169094786,0.00010003725765272975,0.000100004966952838,0.00010001736518461257,0.00010003781062550843,0.0001000080956146121,0.00010000592737924308,0.00010000629117712379,0.00010007723176386207,0.00010005572403315455,0.00010000703332480043,0.00010006331285694614,0.00010144592670258135,0.00010015543375629932,0.00010001283953897655,0.00010019332694355398,0.00010053682490251958,0.00010035664308816195,0.00010027385724242777,0.00010026707604993135,0.00010026333620771766,0.00010024331277236342,0.00010005656804423779,0.00010001769260270521,0.00010001682676374912,0.00010057586769107729,0.0001005227240966633,0.00010003277566283941,0.00010002730414271355,0.00010082135122502223,0.00010006442607846111,0.00010011583799496293,0.00010009008838096634,0.00010004655632656068,0.00010023512004408985,0.00010014396684709936,0.00010025828669313341,0.00010021643538493663,0.00010026547533925623,0.00010026698873843998,0.0001003522047540173,0.00010026562085840851,0.00010047277464764193,0.00010038778418675065,0.00010039849439635873,0.00010033758007921278,0.00010028693941421807,0.0001002865465125069,0.00010031773126684129,0.00010031608690042049,0.0001003176294034347,0.00010031690180767328,0.00010031613055616617,0.00010031854617409408,0.00010031744022853673,0.00010031675628852099,0.0001003175275400281,0.00010031335841631517,0.00010028314136434346,0.00010031717829406261,0.00010031634155893698,0.00010031677084043622,0.00010031639249064028,0.0001003173238132149,0.000100316246971488,0.00010031621786765754,0.000100316246971488,0.00010031811689259484,0.00010031618148786947,0.00010031786223407835,0.0001002178032649681,0.00010031515557784587,0.00010031371493823826,0.000100314398878254,0.0001002135977614671,0.00010032333375420421,0.00010031452984549105,0.00010032299906015396,0.00010032382124336436,0.00010033412399934605,0.00010031736746896058,0.000100265460787341,0.00010032561840489507,0.00010031533020082861,0.00010032832506112754,0.00010047751129604876,0.00010031579586211592,0.00010031524288933724,0.00010031451529357582,0.0001003171200864017,0.00010028610995505005,0.00010026337986346334
svhn,0.00010012851271312684,0.00010000016482081264,9.999985195463523e-05,0.00010005848889704794,0.00010107793059432879,0.00010063136869575828,0.00010028686665464193,0.0001000310221570544,0.00010000435577239841,0.0,0.00010002755880123004,9.999677422456443e-05,0.00010002786439144984,9.998776658903807e-05,9.998686437029392e-05,9.998610767070204e-05,0.00010008020035456866,0.0001000904303509742,0.00010015012230724096,0.0001001502969302237,9.999948815675452e-05,9.999330359278247e-05,0.00010000035399571061,9.99888579826802e-05,9.999054600484669e-05,0.00010004820069298148,9.998987661674619e-05,0.00010047687101177871,0.00010001812916016206,0.00010111654410138726,0.00010003730858443305,0.0001016160094877705,0.00010005525837186724,0.00010000032489188015,9.999053872888908e-05,9.998947643907741e-05,0.00010001980990637094,9.99875264824368e-05,9.999992471421137e-05,0.00010002036287914962,9.999064786825329e-05,9.998848690884188e-05,9.998885070672259e-05,0.00010005979129346088,0.00010003827628679574,9.998958557844162e-05,0.00010004587238654494,0.00010142847895622253,0.00010013799328589812,9.999539179261774e-05,0.00010017587919719517,0.00010051938443211839,0.00010033920261776075,0.00010025640949606895,0.00010024962830357254,0.00010024589573731646,0.00010022587230196223,0.00010003912029787898,0.00010000025213230401,9.999938629334792e-05,0.00010055841994471848,0.0001005052836262621,0.0001000153279164806,0.00010000986367231235,0.00010080391075462103,0.0001000469783321023,0.00010009839752456173,0.00010007264791056514,0.00010002910858020186,0.00010021767229773104,0.00010012651910074055,0.00010024084622273222,0.00010019898763857782,0.00010024803486885503,0.00010024954099208117,0.0001003347642836161,0.00010024818038800731,,0.00010037033644039184,0.00010038104664999992,0.00010032013233285397,0.00010026949166785926,0.00010026909876614809,0.0001003002907964401,0.00010029863915406168,0.0001003001889330335,0.00010029946133727208,0.00010029868280980736,0.00010030109842773527,0.00010029999248217791,0.0001002993158181198,0.0001003000870696269,0.00010029591794591397,0.00010026569361798465,0.00010029973782366142,0.00010029890108853579,0.00010029932309407741,0.00010029894474428147,0.0001002998833428137,0.00010029879922512919,0.00010029877012129873,0.00010029879922512919,0.00010030067642219365,0.00010029874101746827,0.00010030041448771954,0.0001002003627945669,0.00010029770783148706,0.00010029626719187945,0.0001002969584078528,0.00010019615001510829,0.00010030589328380302,0.00010029708209913224,0.00010030555858975276,0.00010030638077296317,0.00010031668352894485,0.00010029992699855939,0.0001002480203169398,0.00010030817065853626,0.0001002978824544698,0.00010031088459072635,0.00010046007082564756,0.00010029834811575711,0.00010029780241893604,0.00010029707482317463,0.00010029967234004289,0.00010026866948464885,0.00010024593211710453
caltech101_object_classification,0.00010016916348831728,0.0001000408228719607,0.00010004050272982568,0.000100099146948196,0.00010111858136951923,0.00010067201947094873,0.00010032751742983237,0.00010007167293224484,0.00010004499927163124,0.00010002755880123004,0.0,0.00010003742499975488,0.00010006851516664028,0.00010002842464018613,0.00010002751514548436,0.00010002675844589248,0.0001001208511297591,0.00010013108840212226,0.00010019076580647379,0.00010019094042945653,0.00010004013893194497,0.00010003395436797291,0.00010004099749494344,0.00010002950875787064,0.00010003119678003713,0.00010008885874412954,0.00010003052739193663,0.00010051752178696916,0.0001000587799353525,0.0001011571948765777,0.00010007795935962349,0.00010165665298700333,0.00010009590187110007,0.0001000409756670706,0.00010003118950407952,0.00010003012721426785,0.00010006046068156138,0.00010002817725762725,0.00010004057548940182,0.00010006101365434006,0.00010003129864344373,0.00010002913768403232,0.00010002950148191303,0.00010010044206865132,0.00010007892706198618,0.00010003023635363206,0.00010008651588577777,0.00010146913700737059,0.00010017864406108856,0.00010003604256780818,0.00010021653724834323,0.00010056003520730883,0.00010037985339295119,0.00010029706754721701,0.00010029028635472059,0.0001002865465125069,0.00010026652307715267,0.00010007977107306942,0.00010004089563153684,0.00010004003706853837,0.00010059907071990892,0.00010054593440145254,0.00010005598596762866,0.00010005051444750279,0.00010084455425385386,0.00010008763638325036,0.00010013904829975218,0.00010011329140979797,0.00010006975935539231,0.00010025832307292148,0.000100167169875931,0.00010028149699792266,0.00010023963841376826,0.00010028868564404547,0.00010029019176727161,0.00010037541505880654,0.00010028883116319776,0.00010049597767647356,0.00010041098721558228,0.00010042169742519036,0.00010036078310804442,0.00010031014971900731,0.00010030974954133853,0.00010034094157163054,0.00010033929720520973,0.00010034083970822394,0.00010034011211246252,0.0001003393335849978,0.00010034175647888333,0.00010034064325736836,0.00010033996659331024,0.00010034073784481734,0.0001003365614451468,0.0001003063443931751,0.00010034038859885186,0.00010033954458776861,0.00010033997386926785,0.00010033960279542953,0.00010034053411800414,0.00010033945000031963,0.00010033942089648917,0.00010033945000031963,0.00010034131992142648,0.0001003393845167011,0.00010034106526290998,0.00010024101356975734,0.00010033836588263512,0.0001003369179670699,0.00010033760918304324,0.00010023680806625634,0.00010034654405899346,0.0001003377401502803,0.0001003462093649432,0.000100347024272196,0.00010035732702817768,0.00010034057777374983,0.00010028867109213024,0.0001003488214337267,0.00010033853322966024,0.00010035153536591679,0.000100500721600838,0.00010033900616690516,0.00010033845319412649,0.00010033772559836507,0.00010034032311523333,0.0001003093202598393,0.00010028658289229497
caltech256_object_classification,0.00010013837891165167,0.00010001003101933748,0.00010000971815316007,0.00010006835509557277,0.00010108779679285362,0.00010064123489428312,0.00010029673285316676,0.00010004088835557923,0.00010001422197092324,9.999677422456443e-05,0.00010003742499975488,0.0,0.00010003773058997467,9.99976327875629e-05,9.999673056881875e-05,9.999597386922687e-05,0.00010009006655309349,0.00010010029654949903,0.0001001599885057658,0.00010016016312874854,0.00010000935435527936,0.0001000031697913073,0.00010001022019423544,9.999872418120503e-05,0.00010000041220337152,0.00010005806689150631,9.999974281527102e-05,0.00010048673721030354,0.0001000279953586869,0.0001011264102999121,0.00010004717478295788,0.00010162587568629533,0.00010006512457039207,0.00010001019109040499,0.00010000040492741391,9.999934263760224e-05,0.00010002967610489577,9.999739268096164e-05,0.00010000979091273621,0.00010003022907767445,0.00010000051406677812,9.999835310736671e-05,9.999871690524742e-05,0.00010006965749198571,0.00010004814248532057,9.999945177696645e-05,0.00010005573858506978,0.00010143834515474737,0.00010014785948442295,0.00010000525799114257,0.00010018574539572,0.00010052925063064322,0.00010034906881628558,0.00010026627569459379,0.00010025949450209737,0.00010025576193584129,0.00010023573850048706,0.00010004898649640381,0.00010001011833082885,0.00010000925249187276,0.00010056828614324331,0.00010051514982478693,0.00010002519411500543,0.00010001972987083718,0.00010081377695314586,0.00010005684453062713,0.00010010826372308657,0.00010008251410908997,0.0001000389747787267,0.00010022753849625587,0.00010013638529926538,0.00010025071242125705,0.00010020885383710265,0.00010025790106737986,0.000100259407190606,0.00010034463048214093,0.00010025804658653215,0.00010046520037576556,0.00010038020263891667,0.00010039091284852475,0.0001003299985313788,0.00010027935786638409,0.00010027896496467292,0.00010031015699496493,0.00010030850535258651,0.00010031005513155833,0.00010030932753579691,0.00010030854900833219,0.0001003109646262601,0.00010030985868070275,0.00010030918201664463,0.00010030995326815173,0.0001003057841444388,0.00010027555981650949,0.00010030960402218625,0.00010030876728706062,0.00010030918929260224,0.0001003088109428063,0.00010030974954133853,0.00010030866542365402,0.00010030863631982356,0.00010030866542365402,0.00010031054262071848,0.0001003086072159931,0.00010031028068624437,0.00010021022899309173,0.00010030757403001189,0.00010030613339040428,0.00010030682460637763,0.00010020601621363312,0.00010031575948232785,0.00010030694829765707,0.0001003154247882776,0.000100316246971488,0.00010032654972746968,0.00010030979319708422,0.00010025788651546463,0.00010031803685706109,0.00010030774865299463,0.00010032075078925118,0.0001004699370241724,0.00010030821431428194,0.00010030766861746088,0.00010030694102169946,0.00010030953853856772,0.00010027853568317369,0.00010025579831562936
