,lapgyn4_anatomical_structures,lapgyn4_surgical_actions,lapgyn4_instrument_count,lapgyn4_anatomical_actions,sklin2_skin_lesions,identify_nbi_infframes,laryngeal_tissues,nerthus_bowel_cleansing_quality,stanford_dogs_image_categorization,svhn,caltech101_object_classification,caltech256_object_classification,cifar10_object_classification,cifar100_object_classification,mnist_digit_classification,emnist_digit_classification,hyperkvasir_anatomical-landmarks,hyperkvasir_pathological-findings,hyperkvasir_quality-of-mucosal-views,hyperkvasir_therapeutic-interventions,cholec80_grasper_presence,cholec80_bipolar_presence,cholec80_hook_presence,cholec80_scissors_presence,cholec80_clipper_presence,cholec80_irrigator_presence,cholec80_specimenbag_presence,derm7pt_skin_lesions,idle_action_recognition,barretts_esophagus_diagnosis,brain_tumor_classification,mednode_melanoma_classification,brain_tumor_type_classification,chexpert_enlarged_cardiomediastinum,chexpert_cardiomegaly,chexpert_lung_opacity,chexpert_lung_lesion,chexpert_edema,chexpert_consolidation,chexpert_pneumonia,chexpert_atelectasis,chexpert_pneumothorax,chexpert_pleural_effusion,chexpert_pleural_other,chexpert_fracture,chexpert_support_devices,pneumonia_classification,ph2-melanocytic-lesions-classification,covid_xray_classification,isic20_melanoma_classification,deep_drid_dr_level,shenzen_chest_xray_tuberculosis,crawled_covid_ct_classification,deep_drid_quality,deep_drid_clarity,deep_drid_field,deep_drid_artifact,kvasir_capsule_anatomy,kvasir_capsule_content,kvasir_capsule_pathologies,breast_cancer_classification_v2,eye_condition_classification,mura_xr_wrist,mura_xr_shoulder,mura_xr_humerus,mura_xr_hand,mura_xr_forearm,mura_xr_finger,mura_xr_elbow,bean_plant_disease_classification,aptos19_blindness_detection,lapgyn4_anatomical_structures --shrink_train 800,lapgyn4_surgical_actions --shrink_train 800,lapgyn4_instrument_count --shrink_train 800,lapgyn4_anatomical_actions --shrink_train 800,laryngeal_tissues --shrink_train 800,nerthus_bowel_cleansing_quality --shrink_train 800,svhn --shrink_train 800,cifar10_object_classification --shrink_train 800,mnist_digit_classification --shrink_train 800,hyperkvasir_anatomical-landmarks --shrink_train 800,hyperkvasir_pathological-findings --shrink_train 800,hyperkvasir_quality-of-mucosal-views --shrink_train 800,hyperkvasir_therapeutic-interventions --shrink_train 800,cholec80_grasper_presence --shrink_train 800,cholec80_bipolar_presence --shrink_train 800,cholec80_hook_presence --shrink_train 800,cholec80_scissors_presence --shrink_train 800,cholec80_clipper_presence --shrink_train 800,cholec80_irrigator_presence --shrink_train 800,cholec80_specimenbag_presence --shrink_train 800,idle_action_recognition --shrink_train 800,brain_tumor_classification --shrink_train 800,brain_tumor_type_classification --shrink_train 800,chexpert_enlarged_cardiomediastinum --shrink_train 800,chexpert_cardiomegaly --shrink_train 800,chexpert_lung_opacity --shrink_train 800,chexpert_lung_lesion --shrink_train 800,chexpert_edema --shrink_train 800,chexpert_consolidation --shrink_train 800,chexpert_pneumonia --shrink_train 800,chexpert_atelectasis --shrink_train 800,chexpert_pneumothorax --shrink_train 800,chexpert_pleural_effusion --shrink_train 800,chexpert_pleural_other --shrink_train 800,chexpert_fracture --shrink_train 800,chexpert_support_devices --shrink_train 800,pneumonia_classification --shrink_train 800,covid_xray_classification --shrink_train 800,isic20_melanoma_classification --shrink_train 800,deep_drid_dr_level --shrink_train 800,deep_drid_quality --shrink_train 800,deep_drid_clarity --shrink_train 800,deep_drid_field --shrink_train 800,deep_drid_artifact --shrink_train 800,kvasir_capsule_anatomy --shrink_train 800,kvasir_capsule_content --shrink_train 800,kvasir_capsule_pathologies --shrink_train 800,mura_xr_wrist --shrink_train 800,mura_xr_shoulder --shrink_train 800,mura_xr_humerus --shrink_train 800,mura_xr_hand --shrink_train 800,mura_xr_forearm --shrink_train 800,mura_xr_finger --shrink_train 800,mura_xr_elbow --shrink_train 800,bean_plant_disease_classification --shrink_train 800,aptos19_blindness_detection --shrink_train 800
lapgyn4_anatomical_structures,0.0,0.41510677337646484,0.41251707077026367,0.6108794212341309,1.5480537414550781,1.449997901916504,2.635664463043213,1.3179206848144531,1.7794857025146484,2.936222553253174,1.3506817817687988,1.2995243072509766,2.024846076965332,1.861790657043457,2.986844062805176,3.0478172302246094,0.7073526382446289,0.7418675422668457,1.007739543914795,0.9390935897827148,0.6568045616149902,0.6452407836914062,0.5739097595214844,0.5884480476379395,0.6084423065185547,0.6593923568725586,0.5511789321899414,1.6166810989379883,1.5311574935913086,1.7174625396728516,2.198826313018799,1.9308562278747559,2.4423904418945312,1.6872262954711914,1.7467284202575684,1.7677345275878906,1.6366357803344727,1.9179248809814453,1.6851978302001953,1.8046388626098633,1.8144803047180176,1.8042545318603516,1.8248882293701172,1.724257469177246,1.7386565208435059,1.8826217651367188,2.060314655303955,1.6613874435424805,2.109874725341797,1.7490730285644531,2.654751777648926,2.2294464111328125,1.9479913711547852,2.6669445037841797,2.6313157081604004,2.657313346862793,2.7183361053466797,1.9943981170654297,1.996016502380371,1.9797930717468262,2.4533791542053223,3.361274480819702,2.1613430976867676,1.6747589111328125,1.925619125366211,2.020096778869629,1.9641876220703125,1.9403228759765625,2.0185718536376953,2.093855381011963,2.3524727821350098,,0.41701650619506836,0.36942481994628906,0.5864930152893066,2.6759848594665527,1.354949951171875,2.9426584243774414,1.9987592697143555,3.037386178970337,0.7154965400695801,0.6697711944580078,1.0437679290771484,0.9698500633239746,0.6033926010131836,0.5803871154785156,0.6361017227172852,0.6463427543640137,0.5601892471313477,0.6164379119873047,0.5654020309448242,1.533738136291504,2.102552890777588,2.5781893730163574,1.6651501655578613,1.7236557006835938,1.7914104461669922,1.6797280311584473,1.8007192611694336,1.6886897087097168,1.6668543815612793,1.8097496032714844,1.7173900604248047,1.6786584854125977,1.6781163215637207,1.6901874542236328,1.8257536888122559,2.1265668869018555,2.130788803100586,1.8179244995117188,2.5968103408813477,2.743317127227783,2.668429374694824,2.6735172271728516,2.722830295562744,2.04886531829834,1.985039234161377,2.0177135467529297,2.296682834625244,1.6748533248901367,1.988725185394287,1.9806427955627441,2.0126442909240723,1.9057445526123047,2.0674753189086914,1.999058723449707,2.4637250900268555
lapgyn4_surgical_actions,0.41510677337646484,0.0,0.2197589874267578,0.22352981567382812,1.7578654289245605,1.5803098678588867,2.8076634407043457,1.4458823204040527,1.8878240585327148,2.9921841621398926,1.330263614654541,1.306760311126709,2.0517802238464355,1.9127497673034668,2.9781832695007324,3.043883800506592,0.9643173217773438,0.9905500411987305,1.118812084197998,1.007340431213379,0.5320525169372559,0.5146961212158203,0.4137091636657715,0.5246434211730957,0.5599336624145508,0.4842367172241211,0.46740150451660156,1.7283682823181152,1.389969825744629,1.8836488723754883,2.4238662719726562,2.210160255432129,2.461263656616211,1.7688450813293457,1.7767882347106934,1.8114347457885742,1.6675806045532227,1.9426217079162598,1.7071771621704102,1.827652931213379,1.8357009887695312,1.8317861557006836,1.8505120277404785,1.7582836151123047,1.7827067375183105,1.9146857261657715,2.1165409088134766,1.8507308959960938,2.1623687744140625,2.0101633071899414,2.7947134971618652,2.2357006072998047,1.8876447677612305,2.8040170669555664,2.784428119659424,2.8144278526306152,2.8589673042297363,1.9938526153564453,2.071528911590576,2.0480356216430664,2.4610557556152344,3.4485368728637695,1.960099220275879,1.6266579627990723,1.9029803276062012,1.8464808464050293,1.8393678665161133,1.8083152770996094,1.9114818572998047,2.1653594970703125,2.4710683822631836,0.3919200897216797,,0.2014913558959961,0.1892247200012207,2.8585128784179688,1.4751310348510742,2.998861789703369,2.020486831665039,3.0083608627319336,0.9578824043273926,0.8969964981079102,1.1773533821105957,0.9669656753540039,0.48956871032714844,0.5141792297363281,0.47385692596435547,0.4704408645629883,0.44399309158325195,0.5013542175292969,0.4500718116760254,1.3696470260620117,2.324176788330078,2.6032376289367676,1.745157241821289,1.7474756240844727,1.789362907409668,1.7316303253173828,1.8313922882080078,1.7434263229370117,1.7064366340637207,1.8202991485595703,1.7693495750427246,1.7416582107543945,1.6850638389587402,1.7357115745544434,1.8345847129821777,2.195056915283203,2.1993799209594727,2.061755657196045,2.75783109664917,2.8938803672790527,2.8068556785583496,2.811613082885742,2.8784093856811523,2.065274715423584,2.0541939735412598,2.0955300331115723,2.128263473510742,1.6404047012329102,1.9754009246826172,1.7964329719543457,1.9196786880493164,1.7867422103881836,1.944298267364502,2.069300651550293,2.5634522438049316
lapgyn4_instrument_count,0.41251707077026367,0.2197589874267578,0.0,0.1734018325805664,1.5801687240600586,1.532301425933838,2.642585277557373,1.3853702545166016,1.6957573890686035,2.8510985374450684,1.197850227355957,1.1663188934326172,1.8995237350463867,1.7697391510009766,2.848282814025879,2.8993430137634277,0.931403636932373,0.9698076248168945,1.105565071105957,1.0971264839172363,0.5079512596130371,0.46944522857666016,0.359100341796875,0.49161529541015625,0.48717355728149414,0.44402599334716797,0.40661048889160156,1.632739543914795,1.5055108070373535,1.838719367980957,2.254537582397461,2.0601115226745605,2.4375,1.7709741592407227,1.7980027198791504,1.8414721488952637,1.6925110816955566,1.9713621139526367,1.7338323593139648,1.8505315780639648,1.8791093826293945,1.8611984252929688,1.8596782684326172,1.7593088150024414,1.8008513450622559,1.9466724395751953,2.1092729568481445,1.7623686790466309,2.1593995094299316,1.9073143005371094,2.628920078277588,2.274728298187256,1.9002866744995117,2.6332364082336426,2.6180896759033203,2.644552230834961,2.6923365592956543,1.808021068572998,1.8960990905761719,1.8757362365722656,2.41337251663208,3.2809715270996094,1.9293217658996582,1.5894031524658203,1.7794551849365234,1.8774642944335938,1.7490425109863281,1.7597551345825195,1.8323235511779785,2.1274142265319824,2.3289103507995605,0.40530824661254883,0.2499532699584961,,0.21651935577392578,2.6876745223999023,1.404883861541748,2.852905750274658,1.8852992057800293,2.8733811378479004,0.9322576522827148,0.8206238746643066,1.2000527381896973,1.073225975036621,0.4513225555419922,0.4627685546875,0.4712839126586914,0.4313478469848633,0.40527915954589844,0.4382972717285156,0.3995380401611328,1.4995503425598145,2.161717414855957,2.574428081512451,1.7403969764709473,1.7742729187011719,1.8353118896484375,1.7406158447265625,1.848818302154541,1.7715754508972168,1.7163505554199219,1.8653802871704102,1.7856836318969727,1.7607321739196777,1.6915154457092285,1.7592840194702148,1.8718962669372559,2.190463066101074,2.1910529136657715,1.9748058319091797,2.5830516815185547,2.7270355224609375,2.6422829627990723,2.651981830596924,2.6999711990356445,1.8665566444396973,1.8765859603881836,1.941422462463379,2.0789899826049805,1.609349250793457,1.8498382568359375,1.82293701171875,1.8342013359069824,1.74603271484375,1.8807172775268555,2.035454750061035,2.412407398223877
lapgyn4_anatomical_actions,0.6108794212341309,0.22352981567382812,0.1734018325805664,0.0,1.8286585807800293,1.7040514945983887,2.84464168548584,1.6571063995361328,1.916196346282959,3.0471396446228027,1.3795480728149414,1.356825828552246,2.115938663482666,1.97636079788208,3.021589756011963,3.075988292694092,1.1994199752807617,1.2233924865722656,1.335437297821045,1.3179025650024414,0.6761775016784668,0.6381816864013672,0.5064845085144043,0.6604323387145996,0.6793198585510254,0.6013832092285156,0.5827460289001465,1.8293371200561523,1.6054158210754395,2.134296417236328,2.55837345123291,2.2736597061157227,2.639523983001709,2.0314106941223145,2.0329670906066895,2.074357032775879,1.9503865242004395,2.2031164169311523,1.9638805389404297,2.0884366035461426,2.1029677391052246,2.093400001525879,2.094442367553711,2.0087780952453613,2.053727149963379,2.161677360534668,2.3479561805725098,1.9308834075927734,2.3959693908691406,2.12069034576416,2.895651340484619,2.4816770553588867,2.1248092651367188,2.8942837715148926,2.8826494216918945,2.912870407104492,2.9515132904052734,2.0745787620544434,2.1828880310058594,2.151557445526123,2.6340060234069824,3.5164031982421875,2.131251811981201,1.8230466842651367,2.0043282508850098,2.0763888359069824,1.9508795738220215,1.9405755996704102,2.0391550064086914,2.284055709838867,2.5822677612304688,0.6058249473571777,0.2804222106933594,0.21319198608398438,,2.8992433547973633,1.6853947639465332,3.053940773010254,2.09749698638916,3.0403647422790527,1.1830406188964844,1.0780000686645508,1.4327220916748047,1.30515718460083,0.6191096305847168,0.6554079055786133,0.6158204078674316,0.5754356384277344,0.5760698318481445,0.6100678443908691,0.5653548240661621,1.5860142707824707,2.4725475311279297,2.7754902839660645,2.0086421966552734,2.0200982093811035,2.0462288856506348,1.996760368347168,2.0857701301574707,2.005908966064453,1.9755778312683105,2.0933785438537598,2.0323405265808105,1.9978575706481934,1.9413890838623047,2.001739978790283,2.09244966506958,2.4267964363098145,2.448615074157715,2.1787943840026855,2.855992317199707,2.994114398956299,2.904693603515625,2.912649154663086,2.9646196365356445,2.143782615661621,2.165372371673584,2.2226028442382812,2.2871499061584473,1.8429646492004395,2.0770788192749023,2.0215673446655273,2.0445241928100586,1.9251227378845215,2.0826473236083984,2.1907243728637695,2.6659975051879883
sklin2_skin_lesions,1.5480537414550781,1.7578654289245605,1.5801687240600586,1.8286585807800293,0.0,1.3477368354797363,2.1378540992736816,1.551711082458496,1.6149201393127441,2.3857412338256836,1.1420164108276367,1.0778484344482422,1.7612638473510742,1.5949287414550781,2.446040630340576,2.4240550994873047,1.0178251266479492,1.196845531463623,1.3974862098693848,1.5898571014404297,1.4091691970825195,1.3743782043457031,1.441976547241211,1.4383807182312012,1.4053535461425781,1.4334163665771484,1.3501276969909668,0.6038341522216797,1.720865249633789,1.329838752746582,1.8336572647094727,1.005061149597168,2.0049033164978027,1.8306632041931152,1.8842434883117676,1.905106544494629,1.7903399467468262,2.0144152641296387,1.796987533569336,1.943863868713379,1.9778075218200684,1.946807861328125,1.942331314086914,1.8144159317016602,1.9028830528259277,1.9458212852478027,2.2484240531921387,0.5273323059082031,2.3063273429870605,0.7233405113220215,1.7139134407043457,2.504425525665283,1.752182960510254,1.701805591583252,1.7215557098388672,1.7079992294311523,1.7973766326904297,1.502880573272705,1.4525976181030273,1.435478687286377,1.9666824340820312,2.4187774658203125,2.1430420875549316,1.68104887008667,1.7924418449401855,2.2002835273742676,1.918215274810791,1.8914294242858887,1.8535470962524414,1.7579326629638672,1.39009428024292,1.45247220993042,1.6366548538208008,1.5670762062072754,1.9618616104125977,2.1329026222229004,1.6437382698059082,2.3870277404785156,1.7423243522644043,2.481226921081543,1.078721046447754,1.083195686340332,1.4989519119262695,1.6585845947265625,1.422109603881836,1.386462688446045,1.5425667762756348,1.4275097846984863,1.4535903930664062,1.395214557647705,1.4015331268310547,1.7423696517944336,1.7867584228515625,2.072554588317871,1.7971148490905762,1.8344449996948242,1.9203033447265625,1.7872252464294434,1.874840259552002,1.8040332794189453,1.807502269744873,1.955030918121338,1.8361420631408691,1.788351058959961,1.7515716552734375,1.8632893562316895,1.9274797439575195,2.3215527534484863,2.3138747215270996,0.7358994483947754,1.6694769859313965,1.7994961738586426,1.7354412078857422,1.718221664428711,1.756485939025879,1.4892382621765137,1.4174232482910156,1.515249252319336,2.2085928916931152,1.6419405937194824,1.924262523651123,2.160999298095703,1.9233026504516602,1.9156575202941895,1.9276819229125977,1.678544044494629,1.435333251953125
identify_nbi_infframes,1.449997901916504,1.5803098678588867,1.532301425933838,1.7040514945983887,1.3477368354797363,0.0,1.2669486999511719,1.7018709182739258,1.3258867263793945,1.712982177734375,1.0175695419311523,0.9480500221252441,1.4817233085632324,1.2948899269104004,1.9782323837280273,1.9514875411987305,1.208707332611084,1.2475595474243164,1.461266040802002,1.5577583312988281,1.4211931228637695,1.360713005065918,1.4614486694335938,1.4695978164672852,1.435356616973877,1.4957947731018066,1.3867125511169434,1.1335830688476562,1.532914638519287,1.1933603286743164,1.5714097023010254,1.5699553489685059,2.0455384254455566,1.7504749298095703,1.7175335884094238,1.6959362030029297,1.7646713256835938,1.7819499969482422,1.7186579704284668,1.7761883735656738,1.765970230102539,1.7682337760925293,1.7434310913085938,1.7910857200622559,1.7461414337158203,1.7361221313476562,2.0823535919189453,1.2272419929504395,2.1601967811584473,1.160308837890625,2.146904468536377,2.534416675567627,1.873971939086914,2.1302309036254883,2.1178879737854004,2.15008544921875,2.1881208419799805,2.1060447692871094,2.039529800415039,1.9832897186279297,1.428030014038086,2.695219039916992,2.0436906814575195,1.6492118835449219,1.6041741371154785,2.1635231971740723,1.7056665420532227,1.705881118774414,1.783625602722168,1.7404308319091797,1.9887566566467285,1.3674249649047852,1.4157047271728516,1.4554038047790527,1.822908878326416,1.3652448654174805,1.7926836013793945,1.7249932289123535,1.486741542816162,2.0107836723327637,1.2054533958435059,1.219306468963623,1.582017421722412,1.5827345848083496,1.4237689971923828,1.3705387115478516,1.5693230628967285,1.4324522018432617,1.491847038269043,1.4418811798095703,1.3764333724975586,1.5975327491760254,1.468101978302002,2.1427316665649414,1.716163158416748,1.7767353057861328,1.7180242538452148,1.7566699981689453,1.685347557067871,1.6508989334106445,1.758824348449707,1.7949504852294922,1.7370643615722656,1.5959539413452148,1.7322540283203125,1.7067532539367676,1.699570655822754,2.0966358184814453,2.155151844024658,1.1830005645751953,2.074596405029297,2.2225589752197266,2.1453757286071777,2.175495147705078,2.1757049560546875,2.075106143951416,1.9883971214294434,2.0581159591674805,2.0483360290527344,1.5609612464904785,1.8133234977722168,2.088632583618164,1.7181305885314941,1.7158012390136719,1.8911690711975098,1.69342041015625,2.0871047973632812
laryngeal_tissues,2.635664463043213,2.8076634407043457,2.642585277557373,2.84464168548584,2.1378540992736816,1.2669486999511719,0.0,2.7858023643493652,1.7728214263916016,1.0932347774505615,1.4229702949523926,1.510584831237793,1.3011927604675293,1.1189050674438477,1.9117035865783691,1.867964267730713,2.4201645851135254,2.4650254249572754,2.5430068969726562,2.8553943634033203,2.7357587814331055,2.6515092849731445,2.7401657104492188,2.813845157623291,2.7714152336120605,2.784274101257324,2.6528186798095703,1.8259186744689941,2.652383804321289,2.1304941177368164,2.0773885250091553,2.260819435119629,2.8839406967163086,2.9357900619506836,2.884161949157715,2.8678793907165527,2.9621195793151855,2.936710834503174,2.877985954284668,2.941882610321045,2.916327476501465,2.9251785278320312,2.8870882987976074,2.9442296028137207,2.8762006759643555,2.8640546798706055,3.1419882774353027,2.0437393188476562,3.2311439514160156,1.6713180541992188,3.0259156227111816,3.6852946281433105,2.8199806213378906,3.0237231254577637,3.0034847259521484,3.0593249797821045,3.0907082557678223,2.853100299835205,2.7580418586730957,2.7170228958129883,2.2978391647338867,3.528806209564209,2.922576427459717,2.7119827270507812,2.6460800170898438,3.1154236793518066,2.7101879119873047,2.603480815887451,2.6963648796081543,2.5344221591949463,2.9808244705200195,2.546555519104004,2.717561721801758,2.5846781730651855,3.00150203704834,,2.8934946060180664,1.126927375793457,1.2704129219055176,1.9322786331176758,2.467287540435791,2.387936592102051,2.72293758392334,2.894545078277588,2.745760917663574,2.705392837524414,2.9083967208862305,2.730523109436035,2.7887206077575684,2.726579189300537,2.6727161407470703,2.706066131591797,1.9926822185516357,2.958864450454712,2.8911008834838867,2.9746546745300293,2.873849868774414,2.9216761589050293,2.87398624420166,2.8267416954040527,2.950882911682129,2.9684600830078125,2.892728805541992,2.7853517532348633,2.879800796508789,2.8491244316101074,2.852391242980957,3.178971767425537,3.2378835678100586,1.694990634918213,2.9512906074523926,3.1110167503356934,3.037259101867676,3.0519051551818848,3.0635690689086914,2.804546356201172,2.7166337966918945,2.806918144226074,2.8654375076293945,2.647345542907715,2.8486790657043457,3.0846376419067383,2.6634349822998047,2.5996103286743164,2.789041042327881,2.5032148361206055,3.0540482997894287
nerthus_bowel_cleansing_quality,1.3179206848144531,1.4458823204040527,1.3853702545166016,1.6571063995361328,1.551711082458496,1.7018709182739258,2.7858023643493652,0.0,2.0271811485290527,2.701045036315918,1.3315815925598145,1.2662134170532227,1.9654264450073242,1.789792537689209,2.76369047164917,2.8418726921081543,0.6128034591674805,0.48343896865844727,0.26854372024536133,0.5072574615478516,0.9274415969848633,0.9282550811767578,0.9973058700561523,0.9692220687866211,0.9418725967407227,1.0166301727294922,0.9322257041931152,1.5675177574157715,0.917351245880127,1.8966474533081055,2.352097511291504,2.1858901977539062,2.0826821327209473,1.7225475311279297,1.6644649505615234,1.698080062866211,1.6085286140441895,1.8260383605957031,1.6858820915222168,1.7729787826538086,1.7822365760803223,1.7998270988464355,1.7243132591247559,1.7621164321899414,1.719937801361084,1.8285975456237793,2.2031850814819336,1.676377296447754,2.2297449111938477,1.8328161239624023,2.2240023612976074,2.3512964248657227,1.5706548690795898,2.2236108779907227,2.2281007766723633,2.256422996520996,2.3212227821350098,1.2099714279174805,1.2110347747802734,1.1986160278320312,2.4006881713867188,2.9168097972869873,1.9434771537780762,1.325103759765625,1.5136876106262207,1.9162302017211914,1.6929612159729004,1.637557029724121,1.6168575286865234,2.4111151695251465,1.8730864524841309,1.1539554595947266,1.4605317115783691,1.342237949371338,1.6207280158996582,2.7788639068603516,,2.702986717224121,1.9273405075073242,2.84504771232605,0.6495299339294434,0.5013217926025391,0.2666916847229004,0.5764012336730957,0.9673385620117188,0.9141941070556641,1.0595006942749023,1.006678581237793,0.9882068634033203,0.9521393775939941,1.0019235610961914,0.9621057510375977,2.250650405883789,2.187641143798828,1.6905016899108887,1.628056526184082,1.6996331214904785,1.6761183738708496,1.715926170349121,1.662055492401123,1.5858464241027832,1.6834077835083008,1.705796241760254,1.6165995597839355,1.6058564186096191,1.6970462799072266,1.6904735565185547,2.256196975708008,2.2523679733276367,1.8919706344604492,2.1875810623168945,2.3002262115478516,2.228659152984619,2.278585433959961,2.334871292114258,1.2578277587890625,1.2003555297851562,1.2053337097167969,2.093642234802246,1.3329100608825684,1.5276527404785156,1.8798670768737793,1.7448844909667969,1.6105961799621582,1.683183193206787,2.3216586112976074,1.9689831733703613
stanford_dogs_image_categorization,1.7794857025146484,1.8878240585327148,1.6957573890686035,1.916196346282959,1.6149201393127441,1.3258867263793945,1.7728214263916016,2.0271811485290527,0.0,1.9664020538330078,0.6642637252807617,0.6572360992431641,0.9993147850036621,0.9688930511474609,2.05238676071167,2.103950023651123,1.657620906829834,1.7478551864624023,1.7627134323120117,1.9574384689331055,1.8690977096557617,1.8149027824401855,1.851181983947754,1.9546728134155273,1.9137482643127441,1.887230396270752,1.7870454788208008,1.4860467910766602,2.0753226280212402,1.4867639541625977,1.8174142837524414,1.806889533996582,2.1094446182250977,2.165684700012207,2.1504626274108887,2.137998104095459,2.154543876647949,2.2342758178710938,2.133183479309082,2.182584762573242,2.1677823066711426,2.198126792907715,2.169896125793457,2.1935081481933594,2.13961124420166,2.211178779602051,2.348970413208008,1.5621023178100586,2.409170627593994,1.6652235984802246,2.3700428009033203,2.7195305824279785,1.8787031173706055,2.357102394104004,2.3259449005126953,2.3662471771240234,2.389662265777588,2.1282272338867188,2.0352978706359863,1.9886245727539062,1.9211053848266602,2.8289947509765625,2.0494251251220703,1.8739237785339355,1.8382015228271484,2.259993553161621,1.8022775650024414,1.8531804084777832,1.8472189903259277,1.85115385055542,2.2426061630249023,1.695974349975586,1.8070964813232422,1.7569198608398438,2.0677719116210938,1.8322482109069824,2.0991597175598145,1.9896960258483887,1.0738439559936523,2.1136322021484375,1.6225781440734863,1.6140027046203613,1.9260263442993164,1.9682626724243164,1.869041919708252,1.826127052307129,2.0041933059692383,1.8590998649597168,1.9058704376220703,1.8455753326416016,1.8103828430175781,2.0921998023986816,1.7316503524780273,2.1877880096435547,2.1271238327026367,2.219007968902588,2.1359128952026367,2.182218551635742,2.1821117401123047,2.150022506713867,2.126528739929199,2.2172036170959473,2.13576602935791,2.0720763206481934,2.1108245849609375,2.082374095916748,2.127333164215088,2.4110207557678223,2.4815196990966797,1.7200603485107422,2.3043789863586426,2.42775821685791,2.383039951324463,2.3756566047668457,2.386655807495117,2.0908398628234863,2.0116419792175293,2.0644445419311523,2.0883359909057617,1.8778634071350098,1.9437685012817383,2.2361044883728027,1.7995667457580566,1.8016610145568848,1.9516968727111816,1.7880916595458984,2.263425350189209
svhn,2.936222553253174,2.9921841621398926,2.8510985374450684,3.0471396446228027,2.3857412338256836,1.712982177734375,1.0932347774505615,2.701045036315918,1.9664020538330078,0.0,1.46836519241333,1.5376477241516113,0.8659915924072266,0.7217674255371094,1.2087059020996094,1.2493336200714111,2.533820629119873,2.550518035888672,2.5170340538024902,2.792654037475586,2.749507427215576,2.686176300048828,2.8150076866149902,2.8943986892700195,2.846076011657715,2.823110580444336,2.7313637733459473,2.17588472366333,2.666928291320801,2.304110050201416,2.1977219581604004,2.789093017578125,2.8365156650543213,2.8709611892700195,2.797628879547119,2.7941055297851562,2.867929458618164,2.866701126098633,2.812760353088379,2.8579635620117188,2.842806339263916,2.859851837158203,2.8001809120178223,2.8753461837768555,2.8151040077209473,2.8213090896606445,3.0245585441589355,2.376209259033203,3.0899887084960938,2.2163233757019043,3.137542247772217,3.5622003078460693,2.636747360229492,3.1316192150115967,3.1082191467285156,3.1568856239318848,3.182504653930664,2.855557918548584,2.760828971862793,2.7040185928344727,2.5597848892211914,3.615612745285034,2.5809993743896484,2.518421173095703,2.3816137313842773,2.8478217124938965,2.413581371307373,2.234872817993164,2.379310131072998,2.8772635459899902,3.0473225116729736,2.832247734069824,2.8616318702697754,2.8446292877197266,3.1823248863220215,1.1519596576690674,2.7954211235046387,,0.8181667327880859,1.3140652179718018,2.5422472953796387,2.501152992248535,2.6981348991394043,2.8130860328674316,2.8065381050109863,2.757298469543457,2.963672637939453,2.7695770263671875,2.885316848754883,2.787156581878662,2.7432503700256348,2.7070870399475098,2.118525981903076,2.9076623916625977,2.8187341690063477,2.8688697814941406,2.7987022399902344,2.862947940826416,2.812839984893799,2.759652614593506,2.826097011566162,2.8688573837280273,2.8161144256591797,2.7253546714782715,2.7737679481506348,2.775859832763672,2.774078369140625,3.06787109375,3.1144754886627197,2.2572970390319824,3.0582165718078613,3.2099151611328125,3.139296054840088,3.1729238033294678,3.176347255706787,2.7846884727478027,2.6873412132263184,2.7881345748901367,2.5787181854248047,2.48323392868042,2.542041778564453,2.8267970085144043,2.367457866668701,2.216197967529297,2.488008975982666,2.8441734313964844,3.1039905548095703
caltech101_object_classification,1.3506817817687988,1.330263614654541,1.197850227355957,1.3795480728149414,1.1420164108276367,1.0175695419311523,1.4229702949523926,1.3315815925598145,0.6642637252807617,1.46836519241333,0.0,0.150909423828125,0.6907672882080078,0.6205339431762695,1.4636306762695312,1.4983453750610352,1.124063491821289,1.1229133605957031,1.1343483924865723,1.2925333976745605,1.2079920768737793,1.1603202819824219,1.2112154960632324,1.3156442642211914,1.2941384315490723,1.2183184623718262,1.1612329483032227,1.0485339164733887,1.280935287475586,1.2221131324768066,1.3205680847167969,1.5309457778930664,1.5121269226074219,1.5867919921875,1.5638408660888672,1.576481819152832,1.5368270874023438,1.667527198791504,1.529613971710205,1.6049680709838867,1.6021394729614258,1.6312451362609863,1.580789566040039,1.5896797180175781,1.5735883712768555,1.6394400596618652,1.776414394378662,1.2040104866027832,1.824106216430664,1.231348991394043,1.773632526397705,2.0922250747680664,1.1782360076904297,1.7688627243041992,1.7452869415283203,1.7832841873168945,1.8086605072021484,1.2924842834472656,1.2659778594970703,1.21474027633667,1.5198817253112793,2.2574462890625,1.3224964141845703,1.1657123565673828,1.1485624313354492,1.4614605903625488,1.1137151718139648,1.0707521438598633,1.1187849044799805,1.4608407020568848,1.5987577438354492,1.2492775917053223,1.3146858215332031,1.2315583229064941,1.4952378273010254,1.454698085784912,1.4076533317565918,1.468867301940918,0.7181100845336914,1.4997377395629883,1.1214642524719238,1.0124521255493164,1.2782073020935059,1.2861599922180176,1.2248024940490723,1.1958160400390625,1.3495235443115234,1.2009377479553223,1.2492523193359375,1.2031683921813965,1.182520866394043,1.30299711227417,1.2576298713684082,1.5964369773864746,1.5542407035827637,1.591705322265625,1.577906608581543,1.5847344398498535,1.6094064712524414,1.5483384132385254,1.5308775901794434,1.6319327354431152,1.5589041709899902,1.5035409927368164,1.4829487800598145,1.5318288803100586,1.5640149116516113,1.8468079566955566,1.8879947662353516,1.264418125152588,1.715522289276123,1.841590404510498,1.7777233123779297,1.789900302886963,1.8151121139526367,1.2688140869140625,1.2357254028320312,1.2973690032958984,1.397895336151123,1.1740918159484863,1.2229986190795898,1.4535126686096191,1.1215853691101074,1.0285019874572754,1.220503807067871,1.374730110168457,1.6454997062683105
caltech256_object_classification,1.2995243072509766,1.306760311126709,1.1663188934326172,1.356825828552246,1.0778484344482422,0.9480500221252441,1.510584831237793,1.2662134170532227,0.6572360992431641,1.5376477241516113,0.150909423828125,0.0,0.7711124420166016,0.6903281211853027,1.5157198905944824,1.5519404411315918,1.0586938858032227,1.0591545104980469,1.094252109527588,1.2360968589782715,1.116236686706543,1.0770645141601562,1.1474900245666504,1.23248291015625,1.2112212181091309,1.1370410919189453,1.088170051574707,0.9928126335144043,1.2170062065124512,1.1922640800476074,1.2980904579162598,1.4950923919677734,1.4522080421447754,1.5191521644592285,1.5231294631958008,1.5349864959716797,1.4807047843933105,1.6216468811035156,1.483898639678955,1.5593271255493164,1.5628142356872559,1.5823473930358887,1.5320849418640137,1.537590503692627,1.52691650390625,1.596573829650879,1.700775146484375,1.142387866973877,1.7429494857788086,1.191455364227295,1.6460742950439453,2.0647530555725098,1.1507453918457031,1.6394753456115723,1.6195497512817383,1.6529216766357422,1.6768360137939453,1.2735228538513184,1.2424592971801758,1.1961522102355957,1.4687886238098145,2.142035484313965,1.2860875129699707,1.0860214233398438,1.0826573371887207,1.4413580894470215,1.055671215057373,1.0221047401428223,1.0759592056274414,1.3942675590515137,1.509056568145752,1.2044568061828613,1.2571711540222168,1.189220905303955,1.4712553024291992,1.5330462455749512,1.343409538269043,1.5408658981323242,0.8028483390808105,1.5559344291687012,1.051652431488037,0.9537105560302734,1.2343244552612305,1.2284812927246094,1.145082950592041,1.1058611869812012,1.272089958190918,1.123450756072998,1.173192024230957,1.1198296546936035,1.1094083786010742,1.2414274215698242,1.2396430969238281,1.5414080619812012,1.4935288429260254,1.5311126708984375,1.5375876426696777,1.5335898399353027,1.553433895111084,1.4939918518066406,1.4707221984863281,1.583475112915039,1.5015449523925781,1.4555559158325195,1.4360895156860352,1.4842824935913086,1.5284299850463867,1.7648372650146484,1.8118925094604492,1.2299561500549316,1.5855708122253418,1.7200217247009277,1.6493306159973145,1.6671271324157715,1.6916165351867676,1.2382726669311523,1.2112760543823242,1.2895393371582031,1.371006965637207,1.1076874732971191,1.1628456115722656,1.4268388748168945,1.0684199333190918,0.9910907745361328,1.1871862411499023,1.3129229545593262,1.553816795349121
cifar10_object_classification,2.024846076965332,2.0517802238464355,1.8995237350463867,2.115938663482666,1.7612638473510742,1.4817233085632324,1.3011927604675293,1.9654264450073242,0.9993147850036621,0.8659915924072266,0.6907672882080078,0.7711124420166016,0.0,0.15978527069091797,1.3514714241027832,1.404808521270752,1.749509334564209,1.7869739532470703,1.7704191207885742,1.9205312728881836,1.8679938316345215,1.8318300247192383,1.8735027313232422,1.9880051612854004,1.961683750152588,1.8850970268249512,1.8332319259643555,1.6275396347045898,1.991621971130371,1.7030982971191406,1.7823944091796875,2.1293420791625977,2.2876434326171875,2.190854549407959,2.163759708404541,2.1622352600097656,2.150172710418701,2.2438039779663086,2.1461033821105957,2.196763038635254,2.20621395111084,2.2213878631591797,2.182035446166992,2.2088265419006348,2.1419057846069336,2.238638401031494,2.4593443870544434,1.757117748260498,2.5126914978027344,1.8693962097167969,2.4953484535217285,2.7966713905334473,1.8592009544372559,2.486330032348633,2.4713501930236816,2.499882698059082,2.532280445098877,2.054025173187256,2.037810802459717,1.9896693229675293,1.961524486541748,2.9841055870056152,2.0851187705993652,1.8927044868469238,1.9189691543579102,2.2287192344665527,1.8803114891052246,1.839953899383545,1.87982177734375,2.0662708282470703,2.3449392318725586,1.9071693420410156,1.976956844329834,1.9443631172180176,2.210270881652832,1.3535676002502441,2.0333476066589355,0.8696050643920898,,1.4257392883300781,1.7465777397155762,1.6819639205932617,1.9361481666564941,1.9266700744628906,1.896827220916748,1.85929536819458,2.022712230682373,1.8822579383850098,1.9271183013916016,1.8787527084350586,1.853775978088379,2.0155396461486816,1.7130608558654785,2.3778457641601562,2.150062084197998,2.192734718322754,2.1678032875061035,2.1814332008361816,2.196503162384033,2.152679920196533,2.1266489028930664,2.210329055786133,2.1535720825195312,2.1065750122070312,2.0936784744262695,2.103447437286377,2.15933895111084,2.524056911468506,2.5636096000671387,1.9298338890075684,2.4368667602539062,2.567546844482422,2.5043587684631348,2.520890235900879,2.546325206756592,2.038442611694336,1.9968795776367188,2.0748605728149414,2.1876044273376465,1.8957443237304688,1.9956350326538086,2.201569080352783,1.9034080505371094,1.7923736572265625,1.98360013961792,1.995009422302246,2.391643524169922
cifar100_object_classification,1.861790657043457,1.9127497673034668,1.7697391510009766,1.97636079788208,1.5949287414550781,1.2948899269104004,1.1189050674438477,1.789792537689209,0.9688930511474609,0.7217674255371094,0.6205339431762695,0.6903281211853027,0.15978527069091797,0.0,1.2110953330993652,1.259718894958496,1.5803155899047852,1.6057581901550293,1.592951774597168,1.7472944259643555,1.7195911407470703,1.6730680465698242,1.732344150543213,1.8317370414733887,1.7981081008911133,1.7517399787902832,1.689058780670166,1.43400239944458,1.8207616806030273,1.5652332305908203,1.5665888786315918,1.9154620170593262,2.0782318115234375,2.0444159507751465,2.033672332763672,2.030764102935791,2.0140161514282227,2.1134467124938965,2.005199909210205,2.0635437965393066,2.0757455825805664,2.087286949157715,2.0481772422790527,2.0657567977905273,2.0119247436523438,2.0959901809692383,2.279419422149658,1.5781564712524414,2.326580047607422,1.6704463958740234,2.3088088035583496,2.67160701751709,1.7385339736938477,2.3007330894470215,2.2837772369384766,2.3155651092529297,2.3497352600097656,1.9099578857421875,1.891589641571045,1.8444361686706543,1.8703784942626953,2.8196983337402344,1.9420361518859863,1.7651901245117188,1.789207935333252,2.0772294998168945,1.7690377235412598,1.692246913909912,1.7613110542297363,1.9258360862731934,2.159989833831787,1.7476558685302734,1.8368444442749023,1.7955341339111328,2.0850024223327637,1.164339542388916,1.85746431350708,0.7313337326049805,0.1619706153869629,1.2833929061889648,1.5783329010009766,1.5109891891479492,1.746880054473877,1.7540764808654785,1.7430763244628906,1.7012953758239746,1.880251407623291,1.7391109466552734,1.7881379127502441,1.7254815101623535,1.7060928344726562,1.845137119293213,1.502823829650879,2.166844367980957,2.007892608642578,2.0545225143432617,2.035727024078369,2.0458455085754395,2.0557355880737305,2.004978656768799,1.9978141784667969,2.077455997467041,2.01922607421875,1.9612889289855957,1.9592280387878418,1.9747414588928223,2.027986526489258,2.3443775177001953,2.382052421569824,1.7274808883666992,2.246424674987793,2.380551338195801,2.316251754760742,2.339056968688965,2.3584342002868652,1.8927555084228516,1.8547210693359375,1.9303064346313477,2.0221290588378906,1.7562246322631836,1.8858981132507324,2.052165985107422,1.7735867500305176,1.6483173370361328,1.8598394393920898,1.864835262298584,2.210749626159668
mnist_digit_classification,2.986844062805176,2.9781832695007324,2.848282814025879,3.021589756011963,2.446040630340576,1.9782323837280273,1.9117035865783691,2.76369047164917,2.05238676071167,1.2087059020996094,1.4636306762695312,1.5157198905944824,1.3514714241027832,1.2110953330993652,0.0,0.22323894500732422,2.504692554473877,2.560513496398926,2.5580368041992188,2.9010109901428223,2.7367758750915527,2.6743416786193848,2.7758960723876953,2.8575406074523926,2.807577610015869,2.792259693145752,2.7012534141540527,2.2455592155456543,2.7444238662719727,2.437774181365967,1.8676328659057617,2.777920722961426,2.620880126953125,3.0512142181396484,3.0020785331726074,3.0027947425842285,3.0338640213012695,3.088408946990967,2.9876203536987305,3.0569663047790527,3.0325746536254883,3.072225570678711,3.013401985168457,3.0575509071350098,3.0231447219848633,3.0550155639648438,3.1894874572753906,2.4406890869140625,3.2484707832336426,2.385639190673828,2.9953718185424805,3.5947675704956055,2.4131875038146973,2.982900619506836,2.95221209526062,3.005044937133789,3.0253560543060303,2.8915109634399414,2.8151321411132812,2.7534027099609375,2.751478672027588,3.4382219314575195,2.606672763824463,2.5426793098449707,2.266500473022461,2.732154369354248,2.264150619506836,2.180983066558838,2.3347206115722656,2.9647374153137207,2.9677276611328125,2.8911027908325195,2.8648734092712402,2.8618202209472656,3.183279037475586,1.9016780853271484,2.847899913787842,1.197934627532959,1.3258967399597168,,2.510009765625,2.492335319519043,2.7134265899658203,2.9088134765625,2.7996692657470703,2.734433174133301,2.922095775604248,2.7182559967041016,2.8641324043273926,2.749314785003662,2.7136011123657227,2.7750864028930664,1.844435691833496,2.6960601806640625,2.981266498565674,3.0594863891601562,2.995307445526123,3.048539638519287,3.0282654762268066,2.9831838607788086,2.9956088066101074,3.0718026161193848,3.019775867462158,2.9131622314453125,2.963663101196289,2.9707961082458496,2.988245964050293,3.250166893005371,3.2881460189819336,2.411390781402588,2.9234485626220703,3.057905912399292,2.9880006313323975,3.016541004180908,3.011758804321289,2.8480634689331055,2.7392354011535645,2.8291845321655273,2.6142497062683105,2.5140976905822754,2.449162006378174,2.673543930053711,2.2906785011291504,2.1866087913513184,2.451047897338867,2.912425994873047,3.012880325317383
