,lapgyn4_anatomical_structures,lapgyn4_surgical_actions,lapgyn4_instrument_count,lapgyn4_anatomical_actions,sklin2_skin_lesions,identify_nbi_infframes,laryngeal_tissues,nerthus_bowel_cleansing_quality,stanford_dogs_image_categorization,svhn,caltech101_object_classification,caltech256_object_classification,cifar10_object_classification,cifar100_object_classification,mnist_digit_classification,emnist_digit_classification,hyperkvasir_anatomical-landmarks,hyperkvasir_pathological-findings,hyperkvasir_quality-of-mucosal-views,hyperkvasir_therapeutic-interventions,cholec80_grasper_presence,cholec80_bipolar_presence,cholec80_hook_presence,cholec80_scissors_presence,cholec80_clipper_presence,cholec80_irrigator_presence,cholec80_specimenbag_presence,derm7pt_skin_lesions,idle_action_recognition,barretts_esophagus_diagnosis,brain_tumor_classification,mednode_melanoma_classification,brain_tumor_type_classification,chexpert_enlarged_cardiomediastinum,chexpert_cardiomegaly,chexpert_lung_opacity,chexpert_lung_lesion,chexpert_edema,chexpert_consolidation,chexpert_pneumonia,chexpert_atelectasis,chexpert_pneumothorax,chexpert_pleural_effusion,chexpert_pleural_other,chexpert_fracture,chexpert_support_devices,pneumonia_classification,ph2-melanocytic-lesions-classification,covid_xray_classification,isic20_melanoma_classification,deep_drid_dr_level,shenzen_chest_xray_tuberculosis,crawled_covid_ct_classification,deep_drid_quality,deep_drid_clarity,deep_drid_field,deep_drid_artifact,kvasir_capsule_anatomy,kvasir_capsule_content,kvasir_capsule_pathologies,breast_cancer_classification_v2,eye_condition_classification,mura_xr_wrist,mura_xr_shoulder,mura_xr_humerus,mura_xr_hand,mura_xr_forearm,mura_xr_finger,mura_xr_elbow,bean_plant_disease_classification,aptos19_blindness_detection,lapgyn4_anatomical_structures --shrink_train 800,lapgyn4_surgical_actions --shrink_train 800,lapgyn4_instrument_count --shrink_train 800,lapgyn4_anatomical_actions --shrink_train 800,laryngeal_tissues --shrink_train 800,nerthus_bowel_cleansing_quality --shrink_train 800,svhn --shrink_train 800,cifar10_object_classification --shrink_train 800,mnist_digit_classification --shrink_train 800,hyperkvasir_anatomical-landmarks --shrink_train 800,hyperkvasir_pathological-findings --shrink_train 800,hyperkvasir_quality-of-mucosal-views --shrink_train 800,hyperkvasir_therapeutic-interventions --shrink_train 800,cholec80_grasper_presence --shrink_train 800,cholec80_bipolar_presence --shrink_train 800,cholec80_hook_presence --shrink_train 800,cholec80_scissors_presence --shrink_train 800,cholec80_clipper_presence --shrink_train 800,cholec80_irrigator_presence --shrink_train 800,cholec80_specimenbag_presence --shrink_train 800,idle_action_recognition --shrink_train 800,brain_tumor_classification --shrink_train 800,brain_tumor_type_classification --shrink_train 800,chexpert_enlarged_cardiomediastinum --shrink_train 800,chexpert_cardiomegaly --shrink_train 800,chexpert_lung_opacity --shrink_train 800,chexpert_lung_lesion --shrink_train 800,chexpert_edema --shrink_train 800,chexpert_consolidation --shrink_train 800,chexpert_pneumonia --shrink_train 800,chexpert_atelectasis --shrink_train 800,chexpert_pneumothorax --shrink_train 800,chexpert_pleural_effusion --shrink_train 800,chexpert_pleural_other --shrink_train 800,chexpert_fracture --shrink_train 800,chexpert_support_devices --shrink_train 800,pneumonia_classification --shrink_train 800,covid_xray_classification --shrink_train 800,isic20_melanoma_classification --shrink_train 800,deep_drid_dr_level --shrink_train 800,deep_drid_quality --shrink_train 800,deep_drid_clarity --shrink_train 800,deep_drid_field --shrink_train 800,deep_drid_artifact --shrink_train 800,kvasir_capsule_anatomy --shrink_train 800,kvasir_capsule_content --shrink_train 800,kvasir_capsule_pathologies --shrink_train 800,mura_xr_wrist --shrink_train 800,mura_xr_shoulder --shrink_train 800,mura_xr_humerus --shrink_train 800,mura_xr_hand --shrink_train 800,mura_xr_forearm --shrink_train 800,mura_xr_finger --shrink_train 800,mura_xr_elbow --shrink_train 800,bean_plant_disease_classification --shrink_train 800,aptos19_blindness_detection --shrink_train 800
lapgyn4_anatomical_structures,0.0,0.0018098510336130857,0.0018209997797384858,0.001809594570659101,0.0018186118686571717,0.0018253386951982975,0.0018429872579872608,0.001815789844840765,0.0018270548898726702,0.001849013613536954,0.001826486666686833,0.001822611317038536,0.0018260552315041423,0.0018149324459955096,0.0018377649830654263,0.0018485711188986897,0.0018296417547389865,0.0018264860846102238,0.0018193869618698955,0.0018344246782362461,0.0018270857399329543,0.0018056791741400957,0.0018199477344751358,0.0018161539919674397,0.001813432783819735,0.0018216187600046396,0.0018146764487028122,0.0018344562267884612,0.0018267803825438023,0.0018381783738732338,0.0018366390140727162,0.0018188576214015484,0.0018279170617461205,0.0018414019141346216,0.0018121307948604226,0.0018295878544449806,0.0018238822231069207,0.0018033299129456282,0.0018180147744715214,0.0018219228368252516,0.0018129318486899137,0.0018278654897585511,0.0018183602951467037,0.0018344635609537363,0.0018249090062454343,0.001828339067287743,0.0018369200406596065,0.001823244383558631,0.0018088262295350432,0.001830671215429902,0.0018185629742220044,0.001807203865610063,0.0018295268528163433,0.0018122666515409946,0.001823205966502428,0.0018275745678693056,0.001824566745199263,0.0018232353031635284,0.0018252895679324865,0.0018356414511799812,0.0018260955112054944,0.0018001439748331904,0.0018173936987295747,0.0018183273496106267,0.001835098722949624,0.0018201314378529787,0.0018034172244369984,0.0018234833842143416,0.0018307622522115707,0.0018158231396228075,0.0018222912913188338,,0.0017976895906031132,0.001812634989619255,0.0018162121996283531,0.0018495472613722086,0.0018143444322049618,0.001836177660152316,0.0018206862732768059,0.0018300688825547695,0.0018196445889770985,0.001826615072786808,0.001818816876038909,0.0018194812582805753,0.0018142511835321784,0.001815670751966536,0.0018291405867785215,0.0018271277658641338,0.0018191046547144651,0.0018353855703026056,0.0018102407921105623,0.0018142322078347206,0.0018248503329232335,0.0018333576153963804,0.0018102937610819936,0.001824724953621626,0.001809604000300169,0.0018232444999739528,0.0018200405174866319,0.0018261729273945093,0.0018203171202912927,0.001831304281949997,0.001827104133553803,0.0018265006365254521,0.0018211455317214131,0.0018267366103827953,0.0018310570158064365,0.0018145219655707479,0.0018182281637564301,0.0018276580376550555,0.0018088553333655,0.0018265345133841038,0.0018262622179463506,0.0018023018492385745,0.0018109538359567523,0.0018245166866108775,0.0018204268999397755,0.0018174772849306464,0.0018348912708461285,0.0018136242870241404,0.0018279531504958868,0.0018175725126639009,0.0018251750152558088,0.0018238755874335766,0.0018342548282817006,0.0018335888162255287,0.001811143127270043
lapgyn4_surgical_actions,0.0018098510336130857,0.0,0.001808417378924787,0.0017970121698454022,0.001806029467843473,0.0018127562943845987,0.001830404857173562,0.0018032074440270662,0.0018144724890589714,0.0018364312127232552,0.0018139042658731341,0.0018100289162248373,0.0018134728306904435,0.0018023500451818109,0.0018251825822517276,0.001835988718084991,0.0018170593539252877,0.001813903683796525,0.0018068045610561967,0.0018218422774225473,0.0018145033391192555,0.001793096773326397,0.001807365333661437,0.0018035715911537409,0.0018008503830060363,0.0018090363591909409,0.0018020940478891134,0.0018218738259747624,0.0018141979817301035,0.001825595973059535,0.0018240566132590175,0.0018062752205878496,0.0018153346609324217,0.0018288195133209229,0.0017995483940467238,0.0018170054536312819,0.001811299822293222,0.0017907475121319294,0.0018054323736578226,0.0018093404360115528,0.001800349447876215,0.0018152830889448524,0.001805777894333005,0.0018218811601400375,0.0018123266054317355,0.0018157566664740443,0.0018243376398459077,0.0018106619827449322,0.0017962438287213445,0.0018180888146162033,0.0018059805734083056,0.0017946214647963643,0.0018169444520026445,0.0017996842507272959,0.0018106235656887293,0.0018149921670556068,0.0018119843443855643,0.0018106529023498297,0.0018127071671187878,0.0018230590503662825,0.0018135131103917956,0.0017875615740194917,0.001804811297915876,0.001805744948796928,0.0018225163221359253,0.00180754903703928,0.0017908348236232996,0.0018109009834006429,0.001818179851397872,0.0018032407388091087,0.001809708890505135,0.0018104473128914833,,0.0018000525888055563,0.0018036297988146544,0.0018369648605585098,0.001801762031391263,0.0018235952593386173,0.0018081038724631071,0.0018174864817410707,0.0018070621881633997,0.0018140326719731092,0.0018062344752252102,0.0018068988574668765,0.0018016687827184796,0.0018030883511528373,0.0018165581859648228,0.001814545365050435,0.0018065222539007664,0.0018228031694889069,0.0017976583912968636,0.0018016498070210218,0.0018122679321095347,0.0018207752145826817,0.0017977113602682948,0.0018121425528079271,0.0017970215994864702,0.001810662099160254,0.001807458116672933,0.0018135905265808105,0.001807734719477594,0.0018187218811362982,0.0018145217327401042,0.0018139182357117534,0.0018085631309077144,0.0018141542095690966,0.0018184746149927378,0.001801939564757049,0.0018056457629427314,0.0018150756368413568,0.0017962729325518012,0.001813952112570405,0.0018136798171326518,0.0017897194484248757,0.0017983714351430535,0.0018119342857971787,0.0018078444991260767,0.0018048948841169477,0.0018223088700324297,0.0018010418862104416,0.001815370749682188,0.001804990111850202,0.00181259261444211,0.0018112931866198778,0.0018216724274680018,0.00182100641541183,0.0017985607264563441
lapgyn4_instrument_count,0.0018209997797384858,0.001808417378924787,0.0,0.0018081609159708023,0.001817178213968873,0.0018239050405099988,0.0018415534868836403,0.0018143560737371445,0.0018256213515996933,0.0018475799588486552,0.0018250530119985342,0.0018211776623502374,0.0018246215768158436,0.001813498791307211,0.0018363313283771276,0.001847137464210391,0.0018282081000506878,0.001825052546337247,0.0018179533071815968,0.0018329910235479474,0.0018256520852446556,0.0018042456358671188,0.001818514079786837,0.001814720337279141,0.0018119991291314363,0.001820184988901019,0.0018132427940145135,0.0018330225721001625,0.0018253466114401817,0.001836744719184935,0.0018352053593844175,0.0018174238502979279,0.0018264835234731436,0.001839968259446323,0.001810697140172124,0.0018281543161720037,0.001822448568418622,0.0018018962582573295,0.0018165811197832227,0.001820489065721631,0.001811498194001615,0.0018264318350702524,0.001816926640458405,0.0018330297898501158,0.0018234753515571356,0.0018269054125994444,0.0018354863859713078,0.001821810845285654,0.0018073925748467445,0.0018292375607416034,0.0018171293195337057,0.0018057702109217644,0.0018280931981280446,0.001810832996852696,0.0018217723118141294,0.001826140913181007,0.0018231330905109644,0.0018218016484752297,0.0018238559132441878,0.0018342077964916825,0.0018246618565171957,0.0017987103201448917,0.001815960044041276,0.001816893694922328,0.0018336651846766472,0.0018186978995800018,0.0018019835697486997,0.001822049729526043,0.001829328597523272,0.0018143896013498306,0.0018208576366305351,0.0018215960590168834,0.0017962558194994926,,0.0018147785449400544,0.00184811360668391,0.001812910777516663,0.0018347438890486956,0.0018192526185885072,0.0018286352278664708,0.0018182109342887998,0.0018251814180985093,0.0018173832213506103,0.0018180476035922766,0.0018128175288438797,0.0018142370972782373,0.0018277069320902228,0.0018256939947605133,0.0018176708836108446,0.0018339520320296288,0.0018088070210069418,0.0018127984367311,0.0018234166782349348,0.0018319239607080817,0.0018088601063936949,0.0018232912989333272,0.0018081704620271921,0.001821810845285654,0.0018186068627983332,0.0018247392727062106,0.001818883465602994,0.0018298705108463764,0.0018256704788655043,0.0018250669818371534,0.0018197118770331144,0.0018253029556944966,0.001829623244702816,0.0018130883108824492,0.0018167945090681314,0.0018262243829667568,0.0018074216786772013,0.0018251007422804832,0.0018248285632580519,0.0018008681945502758,0.0018095201812684536,0.0018230830319225788,0.0018189933616667986,0.0018160436302423477,0.0018334577325731516,0.0018121907487511635,0.001826519495807588,0.0018161388579756021,0.0018237413605675101,0.001822441816329956,0.001832821173593402,0.0018321550451219082,0.0018097094725817442
lapgyn4_anatomical_actions,0.001809594570659101,0.0017970121698454022,0.0018081609159708023,0.0,0.0018057730048894882,0.001812499831430614,0.0018301482778042555,0.0018029508646577597,0.0018142161425203085,0.0018361747497692704,0.0018136478029191494,0.0018097724532708526,0.0018132163677364588,0.0018020935822278261,0.0018249261192977428,0.0018357322551310062,0.001816802890971303,0.001813647337257862,0.001806548098102212,0.0018215858144685626,0.0018142468761652708,0.001792840426787734,0.0018071088707074523,0.0018033151281997561,0.0018005939200520515,0.0018087797798216343,0.0018018375849351287,0.0018216173630207777,0.001813941402360797,0.0018253395101055503,0.0018238001503050327,0.001806018641218543,0.0018150783143937588,0.0018285630503669381,0.001799291931092739,0.001816749107092619,0.0018110433593392372,0.0017904910491779447,0.0018051759107038379,0.0018090838566422462,0.0018000929849222302,0.0018150266259908676,0.0018055214313790202,0.001821624580770731,0.0018120701424777508,0.0018155002035200596,0.001824081176891923,0.0018104056362062693,0.0017959873657673597,0.0018178323516622186,0.001805724110454321,0.0017943650018423796,0.0018166879890486598,0.0017994277877733111,0.0018103671027347445,0.001814735704101622,0.0018117278814315796,0.001810396439395845,0.001812450704164803,0.0018228025874122977,0.001813256647437811,0.001787305111065507,0.0018045548349618912,0.0018054884858429432,0.0018222599755972624,0.001807292690500617,0.0017905783606693149,0.0018106445204466581,0.0018179233884438872,0.0018029843922704458,0.0018094524275511503,0.0018101908499374986,0.0017848506104201078,0.0017997961258515716,,0.001836708397604525,0.0018015055684372783,0.0018233386799693108,0.0018078474095091224,0.001817230018787086,0.001806805725209415,0.0018137762090191245,0.0018059780122712255,0.0018066423945128918,0.001801412319764495,0.0018028318881988525,0.001816301723010838,0.0018142887856811285,0.0018062656745314598,0.001822546822950244,0.001797401811927557,0.0018013932276517153,0.00181201146915555,0.001820518751628697,0.00179745489731431,0.0018118860898539424,0.0017967652529478073,0.0018104056362062693,0.0018072016537189484,0.0018133340636268258,0.0018074782565236092,0.0018184653017669916,0.0018142652697861195,0.0018136617727577686,0.0018083066679537296,0.0018138977466151118,0.0018182180356234312,0.0018016831018030643,0.0018053892999887466,0.001814819173887372,0.0017960164695978165,0.0018136955332010984,0.001813423354178667,0.001789462985470891,0.0017981149721890688,0.001811677822843194,0.0018075881525874138,0.001804638421162963,0.0018220525234937668,0.0018007855396717787,0.0018151142867282033,0.0018047336488962173,0.0018123361514881253,0.0018110366072505713,0.001821415964514017,0.0018207498360425234,0.0017983042635023594
sklin2_skin_lesions,0.0018186118686571717,0.001806029467843473,0.001817178213968873,0.0018057730048894882,0.0,0.0018215171294286847,0.0018391655758023262,0.0018119681626558304,0.0018232334405183792,0.0018451920477673411,0.0018226651009172201,0.0018187897512689233,0.0018222336657345295,0.0018111108802258968,0.0018339434172958136,0.001844749553129077,0.0018258201889693737,0.0018226646352559328,0.0018155653961002827,0.0018306031124666333,0.0018232641741633415,0.0018018577247858047,0.001816126168705523,0.0018123324261978269,0.0018096112180501223,0.001817797077819705,0.0018108548829331994,0.0018306346610188484,0.0018229587003588676,0.001834356808103621,0.0018328174483031034,0.0018150359392166138,0.0018240956123918295,0.0018375803483650088,0.0018083092290908098,0.0018257664050906897,0.001820060657337308,0.0017995083471760154,0.0018141932087019086,0.001818101154640317,0.001809110282920301,0.0018240439239889383,0.001814538729377091,0.0018306418787688017,0.0018210874404758215,0.0018245175015181303,0.0018330984748899937,0.00181942293420434,0.0018050046637654305,0.0018268496496602893,0.0018147414084523916,0.0018033822998404503,0.0018257052870467305,0.0018084450857713819,0.0018193844007328153,0.0018237530020996928,0.0018207451794296503,0.0018194137373939157,0.0018214680021628737,0.0018318198854103684,0.0018222739454358816,0.0017963224090635777,0.0018135721329599619,0.001814505783841014,0.001831277273595333,0.0018163099884986877,0.0017995956586673856,0.0018196618184447289,0.001826940686441958,0.0018120016902685165,0.001818469725549221,0.0018192081479355693,0.0017938679084181786,0.0018088134238496423,0.0018123906338587403,0.0018457256956025958,0.001810522866435349,0.0018323559779673815,0.001816864707507193,0.0018262473167851567,0.0018158230232074857,0.0018227935070171952,0.0018149953102692962,0.0018156596925109625,0.0018104296177625656,0.0018118491861969233,0.0018253190210089087,0.0018233060836791992,0.0018152829725295305,0.0018315641209483147,0.0018064191099256277,0.001810410525649786,0.0018210287671536207,0.0018295360496267676,0.0018064721953123808,0.0018209033878520131,0.001805782550945878,0.00181942293420434,0.001816218951717019,0.0018223513616248965,0.0018164955545216799,0.0018274825997650623,0.0018232825677841902,0.0018226790707558393,0.0018173239659518003,0.0018229150446131825,0.001827235333621502,0.001810700399801135,0.0018144065979868174,0.0018238364718854427,0.0018050337675958872,0.0018227128311991692,0.0018224406521767378,0.0017984802834689617,0.0018071322701871395,0.0018206951208412647,0.0018166054505854845,0.0018136557191610336,0.0018310698214918375,0.0018098028376698494,0.001824131584726274,0.001813750946894288,0.001821353449486196,0.001820053905248642,0.0018304332625120878,0.001829767134040594,0.00180732156150043
identify_nbi_infframes,0.0018253386951982975,0.0018127562943845987,0.0018239050405099988,0.001812499831430614,0.0018215171294286847,0.0,0.0018458925187587738,0.001818695105612278,0.0018299601506441832,0.001851918874308467,0.0018293919274583459,0.001825516577810049,0.0018289604922756553,0.0018178377067670226,0.0018406702438369393,0.0018514763796702027,0.0018325470155104995,0.0018293913453817368,0.0018222922226414084,0.001837329939007759,0.0018299910007044673,0.0018085844349116087,0.0018228529952466488,0.0018190592527389526,0.001816338044591248,0.0018245240207761526,0.0018175817094743252,0.0018373614875599742,0.0018296856433153152,0.0018410836346447468,0.0018395442748442292,0.0018217628821730614,0.0018308223225176334,0.0018443071749061346,0.0018150360556319356,0.0018324931152164936,0.0018267874838784337,0.0018062351737171412,0.0018209200352430344,0.0018248280975967646,0.0018158371094614267,0.001830770750530064,0.0018212655559182167,0.0018373688217252493,0.0018278142670169473,0.001831244328059256,0.0018398253014311194,0.001826149644330144,0.0018117314903065562,0.001833576476201415,0.0018214682349935174,0.001810109126381576,0.0018324321135878563,0.0018151719123125076,0.001826111227273941,0.0018304798286408186,0.001827472005970776,0.0018261405639350414,0.0018281948287039995,0.0018385467119514942,0.0018290007719770074,0.0018030492356047034,0.0018202989595010877,0.0018212326103821397,0.001838003983721137,0.0018230366986244917,0.0018063224852085114,0.0018263886449858546,0.0018336675129830837,0.0018187284003943205,0.0018251965520903468,0.001825934974476695,0.0018005948513746262,0.001815540250390768,0.001819117460399866,0.0018524525221437216,0.0018172496929764748,0.001839082920923829,0.0018235915340483189,0.0018329741433262825,0.0018225498497486115,0.001829520333558321,0.001821722136810422,0.0018223865190520883,0.0018171564443036914,0.001818576012738049,0.0018320458475500345,0.0018300330266356468,0.0018220099154859781,0.0018382908310741186,0.0018131460528820753,0.0018171374686062336,0.0018277555936947465,0.0018362628761678934,0.0018131990218535066,0.0018276302143931389,0.001812509261071682,0.0018261497607454658,0.0018229457782581449,0.0018290781881660223,0.0018232223810628057,0.00183420954272151,0.001830009394325316,0.0018294058972969651,0.0018240507924929261,0.0018296418711543083,0.0018339622765779495,0.0018174272263422608,0.0018211334245279431,0.0018305632984265685,0.001811760594137013,0.0018294397741556168,0.0018291674787178636,0.0018052071100100875,0.0018138590967282653,0.0018274219473823905,0.0018233321607112885,0.0018203825457021594,0.0018377965316176414,0.0018165295477956533,0.0018308584112673998,0.0018204777734354138,0.0018280802760273218,0.0018267808482050896,0.0018371600890532136,0.0018364940769970417,0.0018140483880415559
laryngeal_tissues,0.0018429872579872608,0.001830404857173562,0.0018415534868836403,0.0018301482778042555,0.0018391655758023262,0.0018458925187587738,0.0,0.0018363435519859195,0.0018476087134331465,0.0018695674370974302,0.0018470403738319874,0.0018431651405990124,0.0018466089386492968,0.001835486153140664,0.0018583186902105808,0.0018691248260438442,0.001850195461884141,0.0018470399081707,0.00183994066901505,0.0018549785017967224,0.0018476394470781088,0.001826232997700572,0.001840501558035612,0.001836707815527916,0.0018339864909648895,0.001842172467149794,0.0018352302722632885,0.0018550099339336157,0.0018473340896889567,0.00185873219743371,0.0018571927212178707,0.0018394113285467029,0.0018484708853065968,0.001861955737695098,0.001832684502005577,0.001850141678005457,0.0018444359302520752,0.0018238837365061045,0.0018385685980319977,0.001842476543970406,0.00183348567225039,0.0018484191969037056,0.00183891411870718,0.0018550172680988908,0.0018454627133905888,0.0018488927744328976,0.001857473747804761,0.0018437982071191072,0.0018293799366801977,0.0018512250389903784,0.0018391166813671589,0.0018277575727552176,0.0018500806763768196,0.001832820475101471,0.0018437597900629044,0.001848128391429782,0.0018451204523444176,0.0018437891267240047,0.0018458433914929628,0.0018561952747404575,0.0018466492183506489,0.001820697681978345,0.0018379474058747292,0.0018388810567557812,0.0018556525465101004,0.001840685261413455,0.0018239710479974747,0.0018440370913594961,0.001851316075772047,0.0018363769631832838,0.0018428449984639883,0.0018435835372656584,0.0018182432977482677,0.0018331888131797314,0.0018367660231888294,,0.001834898255765438,0.0018567313672974706,0.0018412400968372822,0.0018506227061152458,0.0018401984125375748,0.0018471688963472843,0.0018393706995993853,0.0018400349654257298,0.0018348048906773329,0.0018362244591116905,0.0018496944103389978,0.0018476814730092883,0.0018396583618596196,0.001855939393863082,0.0018307944992557168,0.001834785914979875,0.001845404040068388,0.0018539114389568567,0.001830847468227148,0.0018452787771821022,0.0018301578238606453,0.0018437982071191072,0.0018405942246317863,0.0018467267509549856,0.0018408708274364471,0.0018518579890951514,0.0018476578406989574,0.0018470543436706066,0.0018416992388665676,0.0018472904339432716,0.001851610722951591,0.0018350756727159023,0.0018387818709015846,0.00184821174480021,0.0018294090405106544,0.0018470882205292583,0.001846815925091505,0.001822855556383729,0.0018315075431019068,0.001845070393756032,0.0018409807235002518,0.001838030992075801,0.0018554450944066048,0.0018341781105846167,0.001848506974056363,0.0018381262198090553,0.0018457288388162851,0.001844429294578731,0.001854808535426855,0.0018541425233706832,0.0018316968344151974
nerthus_bowel_cleansing_quality,0.001815789844840765,0.0018032074440270662,0.0018143560737371445,0.0018029508646577597,0.0018119681626558304,0.001818695105612278,0.0018363435519859195,0.0,0.0018204113002866507,0.0018423700239509344,0.0018198429606854916,0.0018159677274525166,0.001819411525502801,0.0018082887399941683,0.001831121277064085,0.0018419274128973484,0.0018229980487376451,0.0018198424950242043,0.0018127432558685541,0.0018277810886502266,0.001820442033931613,0.0017990355845540762,0.0018133041448891163,0.0018095104023814201,0.0018067890778183937,0.0018149750540032983,0.0018080328591167927,0.0018278125207871199,0.001820136676542461,0.0018315347842872143,0.001829995308071375,0.001812213915400207,0.001821273472160101,0.001834758324548602,0.0018054870888590813,0.001822944264858961,0.0018172385171055794,0.0017966863233596087,0.0018113711848855019,0.0018152791308239102,0.0018062882591038942,0.0018212217837572098,0.0018117167055606842,0.001827819854952395,0.001818265300244093,0.0018216953612864017,0.0018302763346582651,0.0018166007939726114,0.001802182523533702,0.0018240276258438826,0.001811919268220663,0.0018005601596087217,0.0018228832632303238,0.0018056230619549751,0.0018165623769164085,0.001820930978283286,0.0018179230391979218,0.001816591713577509,0.001818645978346467,0.0018289978615939617,0.001819451805204153,0.001793500268831849,0.0018107499927282333,0.0018116836436092854,0.0018284551333636045,0.0018134878482669592,0.0017967736348509789,0.0018168396782130003,0.0018241186626255512,0.001809179550036788,0.0018156475853174925,0.0018163861241191626,0.0017910458846017718,0.0018059914000332355,0.0018095686100423336,0.001842903671786189,,0.0018295339541509748,0.0018140426836907864,0.00182342529296875,0.001813000999391079,0.0018199714832007885,0.0018121732864528894,0.001812837552279234,0.001807607477530837,0.0018090270459651947,0.001822496997192502,0.0018204840598627925,0.0018124609487131238,0.0018287419807165861,0.001803597086109221,0.0018075885018333793,0.0018182066269218922,0.001826714025810361,0.0018036500550806522,0.0018180813640356064,0.0018029604107141495,0.0018166007939726114,0.0018133968114852905,0.0018195293378084898,0.0018136734142899513,0.0018246605759486556,0.0018204604275524616,0.0018198569305241108,0.0018145018257200718,0.0018200930207967758,0.0018244133098050952,0.0018078782595694065,0.0018115844577550888,0.0018210143316537142,0.0018022116273641586,0.0018198908073827624,0.0018196185119450092,0.0017956581432372332,0.001804310129955411,0.0018178729806095362,0.001813783310353756,0.001810833578929305,0.001828247681260109,0.0018069806974381208,0.0018213095609098673,0.0018109288066625595,0.0018185314256697893,0.0018172318814322352,0.0018276111222803593,0.0018269451102241874,0.0018044994212687016
stanford_dogs_image_categorization,0.0018270548898726702,0.0018144724890589714,0.0018256213515996933,0.0018142161425203085,0.0018232334405183792,0.0018299601506441832,0.0018476087134331465,0.0018204113002866507,0.0,0.0018536350689828396,0.0018311082385480404,0.0018272327724844217,0.0018306768033653498,0.0018195540178567171,0.0018423865549266338,0.0018531926907598972,0.001834263326600194,0.0018311076564714313,0.001824008533731103,0.0018390461336821318,0.0018317073117941618,0.0018103007460013032,0.0018245691899210215,0.0018207754474133253,0.0018180543556809425,0.0018262402154505253,0.0018192979041486979,0.0018390777986496687,0.001831401837989688,0.0018427998293191195,0.0018412605859339237,0.001823479076847434,0.001832538633607328,0.0018460233695805073,0.00181675236672163,0.001834209426306188,0.0018285037949681282,0.0018079513683915138,0.001822636229917407,0.0018265442922711372,0.0018175533041357994,0.0018324870616197586,0.0018229817505925894,0.001839085016399622,0.0018295305781066418,0.0018329606391489506,0.001841541612520814,0.0018278659554198384,0.0018134478013962507,0.0018352926708757877,0.001823184546083212,0.0018118254374712706,0.001834148308262229,0.0018168881069868803,0.0018278274219483137,0.0018321960233151913,0.0018291883170604706,0.001827856758609414,0.0018299110233783722,0.0018402629066258669,0.0018307170830667019,0.001804765546694398,0.0018220152705907822,0.0018229489214718342,0.0018397202948108315,0.0018247530097141862,0.001808038679882884,0.0018281049560755491,0.0018353837076574564,0.001820444711484015,0.0018269128631800413,0.0018276511691510677,0.0018023110460489988,0.0018172564450651407,0.0018208336550742388,0.0018541687168180943,0.0018189658876508474,0.0018407991155982018,0.0018253077287226915,0.0018346903380006552,0.0018242660444229841,0.0018312365282326937,0.0018234383314847946,0.0018241028301417828,0.0018188727553933859,0.0018202923238277435,0.0018337620422244072,0.0018317492213100195,0.0018237261101603508,0.0018400071421638131,0.001814862247556448,0.0018188536632806063,0.001829471904784441,0.001837979070842266,0.001814915332943201,0.0018293464090675116,0.0018142255721613765,0.0018278660718351603,0.0018246620893478394,0.001830794382840395,0.0018249386921525002,0.0018359257373958826,0.0018317257054150105,0.0018311222083866596,0.0018257671035826206,0.001831358065828681,0.0018356784712523222,0.0018191435374319553,0.0018228497356176376,0.001832279609516263,0.0018134769052267075,0.0018311559688299894,0.001830883789807558,0.001806923421099782,0.0018155754078179598,0.001829138258472085,0.001825048471800983,0.001822098856791854,0.001839512842707336,0.0018182458588853478,0.0018325746059417725,0.0018221940845251083,0.0018297964707016945,0.0018284970428794622,0.001838876400142908,0.0018382102716714144,0.0018157646991312504
svhn,0.001849013613536954,0.0018364312127232552,0.0018475799588486552,0.0018361747497692704,0.0018451920477673411,0.001851918874308467,0.0018695674370974302,0.0018423700239509344,0.0018536350689828396,0.0,0.0018530668457970023,0.0018491914961487055,0.0018526354106143117,0.001841512625105679,0.0018643451621755958,0.0018751512980088592,0.001856221933849156,0.0018530662637203932,0.0018459671409800649,0.0018610048573464155,0.0018536659190431237,0.0018322593532502651,0.0018465279135853052,0.001842734171077609,0.0018400129629299045,0.001848198939114809,0.0018412566278129816,0.0018610364058986306,0.0018533605616539717,0.0018647585529834032,0.0018632191931828856,0.0018454378005117178,0.0018544972408562899,0.001867982093244791,0.001838710973970592,0.00185616803355515,0.0018504624022170901,0.0018299100920557976,0.0018445949535816908,0.001848503015935421,0.0018395120278000832,0.0018544456688687205,0.0018449404742568731,0.0018610437400639057,0.0018514891853556037,0.0018549192463979125,0.0018635002197697759,0.0018498245626688004,0.0018354064086452127,0.0018572513945400715,0.0018451431533321738,0.0018337840447202325,0.0018561070319265127,0.001838846830651164,0.0018497861456125975,0.001854154746979475,0.0018511469243094325,0.0018498154822736979,0.001851869747042656,0.0018622216302901506,0.0018526756903156638,0.0018267241539433599,0.001843973877839744,0.001844907528720796,0.0018616789020597935,0.0018467116169631481,0.0018299974035471678,0.001850063563324511,0.0018573424313217402,0.001842403318732977,0.0018488714704290032,0.0018496098928153515,0.0018242697697132826,0.0018392151687294245,0.0018427923787385225,0.001876127440482378,0.0018409246113151312,,0.0018472664523869753,0.001856649061664939,0.0018462247680872679,0.0018531952518969774,0.0018453970551490784,0.0018460614373907447,0.0018408313626423478,0.0018422509310767055,0.001855720765888691,0.0018537079449743032,0.0018456848338246346,0.001861965749412775,0.0018368209712207317,0.00184081238694489,0.001851430512033403,0.0018599377945065498,0.001836873940192163,0.0018513051327317953,0.0018361841794103384,0.0018498246790841222,0.0018466206965968013,0.0018527531065046787,0.001846897299401462,0.0018578844610601664,0.0018536843126639724,0.0018530808156356215,0.0018477257108315825,0.0018533167894929647,0.001857637194916606,0.0018411021446809173,0.0018448083428665996,0.001854238216765225,0.0018354355124756694,0.0018531146924942732,0.00185284239705652,0.001828882028348744,0.0018375340150669217,0.001851096865721047,0.0018470070790499449,0.0018440574640408158,0.0018614714499562979,0.0018402044661343098,0.0018545333296060562,0.0018441526917740703,0.0018517551943659782,0.001850455766543746,0.00186083500739187,0.0018601689953356981,0.0018377233063802123
caltech101_object_classification,0.001826486666686833,0.0018139042658731341,0.0018250530119985342,0.0018136478029191494,0.0018226651009172201,0.0018293919274583459,0.0018470403738319874,0.0018198429606854916,0.0018311082385480404,0.0018530668457970023,0.0,0.0018266645492985845,0.0018301084637641907,0.001818985678255558,0.0018418182153254747,0.0018526243511587381,0.0018336949869990349,0.001830539433285594,0.0018234401941299438,0.0018384779104962945,0.0018311389721930027,0.001809732522815466,0.0018240009667351842,0.001820207224227488,0.0018174860160797834,0.0018256718758493662,0.0018187296809628606,0.0018385094590485096,0.0018308334983885288,0.0018422316061332822,0.0018406922463327646,0.001822910737246275,0.0018319704104214907,0.00184545514639467,0.001816184027120471,0.0018336412031203508,0.0018279354553669691,0.0018073831452056766,0.0018220680067315698,0.0018259759526699781,0.0018169850809499621,0.0018319187220185995,0.0018224135274067521,0.0018385166767984629,0.0018289622385054827,0.0018323922995477915,0.0018409732729196548,0.0018272977322340012,0.0018128794617950916,0.0018347244476899505,0.0018226162064820528,0.0018112570978701115,0.0018335800850763917,0.001816319883801043,0.0018272591987624764,0.001831627800129354,0.0018286199774593115,0.0018272885354235768,0.001829342800192535,0.0018396946834400296,0.0018301487434655428,0.0018041972070932388,0.001821446930989623,0.001822380581870675,0.0018391520716249943,0.001824184786528349,0.0018074704566970468,0.00182753661647439,0.0018348154844716191,0.0018198764882981777,0.0018263445235788822,0.0018270829459652305,0.0018017427064478397,0.0018166882218793035,0.0018202654318884015,0.001853600493632257,0.0018183976644650102,0.0018402307759970427,0.0018247395055368543,0.001834122114814818,0.0018236978212371469,0.0018306683050468564,0.0018228701082989573,0.0018235344905406237,0.0018183044157922268,0.0018197239842265844,0.00183319381903857,0.0018311808817088604,0.0018231577705591917,0.0018394389189779758,0.0018142939079552889,0.0018182853236794472,0.001828903565183282,0.0018374108476564288,0.001814346993342042,0.0018287781858816743,0.0018136573489755392,0.0018272977322340012,0.0018240937497466803,0.0018302261596545577,0.001824370352551341,0.0018353573977947235,0.0018311573658138514,0.0018305538687855005,0.0018251987639814615,0.0018307898426428437,0.001835110131651163,0.0018185751978307962,0.0018222813960164785,0.001831711269915104,0.0018129085656255484,0.0018305876292288303,0.001830315450206399,0.001806355081498623,0.0018150070682168007,0.001828569918870926,0.0018244802486151457,0.0018215305171906948,0.0018389446195214987,0.0018176776356995106,0.0018320063827559352,0.0018216257449239492,0.0018292282475158572,0.0018279287032783031,0.001838308060541749,0.0018376419320702553,0.0018151963595300913
caltech256_object_classification,0.001822611317038536,0.0018100289162248373,0.0018211776623502374,0.0018097724532708526,0.0018187897512689233,0.001825516577810049,0.0018431651405990124,0.0018159677274525166,0.0018272327724844217,0.0018491914961487055,0.0018266645492985845,0.0,0.0018262331141158938,0.0018151103286072612,0.001837942865677178,0.0018487490015104413,0.001829819637350738,0.0018266639672219753,0.001819564844481647,0.0018346025608479977,0.0018272636225447059,0.0018058570567518473,0.0018201256170868874,0.0018163318745791912,0.0018136106664314866,0.0018217966426163912,0.0018148543313145638,0.0018346341094002128,0.0018269582651555538,0.0018383562564849854,0.0018368168966844678,0.0018190355040133,0.001828094944357872,0.0018415797967463732,0.0018123086774721742,0.0018297657370567322,0.0018240601057186723,0.0018035077955573797,0.001818192657083273,0.0018221007194370031,0.0018131097313016653,0.0018280433723703027,0.0018185381777584553,0.0018346414435654879,0.0018250868888571858,0.0018285169498994946,0.001837097923271358,0.0018234222661703825,0.0018090041121467948,0.0018308490980416536,0.001818740856833756,0.0018073817482218146,0.0018297047354280949,0.0018124445341527462,0.0018233838491141796,0.0018277524504810572,0.0018247446278110147,0.00182341318577528,0.001825467450544238,0.0018358193337917328,0.001826273393817246,0.001800321857444942,0.0018175715813413262,0.0018185052322223783,0.0018352766055613756,0.0018203093204647303,0.00180359510704875,0.0018236612668260932,0.0018309401348233223,0.001816001022234559,0.0018224691739305854,0.0018232075963169336,0.0017978674732148647,0.0018128128722310066,0.0018163900822401047,0.0018497251439839602,0.0018145223148167133,0.0018363555427640676,0.0018208641558885574,0.001830246765166521,0.00181982247158885,0.0018267929553985596,0.0018189947586506605,0.0018196591408923268,0.00181442906614393,0.0018158486345782876,0.001829318469390273,0.0018273056484758854,0.0018192825373262167,0.0018355634529143572,0.0018104186747223139,0.0018144100904464722,0.001825028215534985,0.001833535498008132,0.0018104716436937451,0.0018249028362333775,0.0018097818829119205,0.0018234223825857043,0.0018202184000983834,0.0018263508100062609,0.0018204950029030442,0.0018314821645617485,0.0018272820161655545,0.0018266785191372037,0.0018213234143331647,0.0018269144929945469,0.001831234898418188,0.0018146998481824994,0.0018184060463681817,0.001827835920266807,0.0018090332159772515,0.0018267123959958553,0.0018264401005581021,0.001802479731850326,0.0018111317185685039,0.001824694569222629,0.001820604782551527,0.001817655167542398,0.00183506915345788,0.001813802169635892,0.0018281310331076384,0.0018177503952756524,0.0018253528978675604,0.0018240534700453281,0.0018344327108934522,0.0018337666988372803,0.0018113210098817945
