,lapgyn4_anatomical_structures,lapgyn4_surgical_actions,lapgyn4_instrument_count,lapgyn4_anatomical_actions,sklin2_skin_lesions,identify_nbi_infframes,laryngeal_tissues,nerthus_bowel_cleansing_quality,stanford_dogs_image_categorization,svhn,caltech101_object_classification,caltech256_object_classification,cifar10_object_classification,cifar100_object_classification,mnist_digit_classification,emnist_digit_classification,hyperkvasir_anatomical-landmarks,hyperkvasir_pathological-findings,hyperkvasir_quality-of-mucosal-views,hyperkvasir_therapeutic-interventions,cholec80_grasper_presence,cholec80_bipolar_presence,cholec80_hook_presence,cholec80_scissors_presence,cholec80_clipper_presence,cholec80_irrigator_presence,cholec80_specimenbag_presence,derm7pt_skin_lesions,idle_action_recognition,barretts_esophagus_diagnosis,brain_tumor_classification,mednode_melanoma_classification,brain_tumor_type_classification,chexpert_enlarged_cardiomediastinum,chexpert_cardiomegaly,chexpert_lung_opacity,chexpert_lung_lesion,chexpert_edema,chexpert_consolidation,chexpert_pneumonia,chexpert_atelectasis,chexpert_pneumothorax,chexpert_pleural_effusion,chexpert_pleural_other,chexpert_fracture,chexpert_support_devices,pneumonia_classification,ph2-melanocytic-lesions-classification,covid_xray_classification,isic20_melanoma_classification,deep_drid_dr_level,shenzen_chest_xray_tuberculosis,crawled_covid_ct_classification,deep_drid_quality,deep_drid_clarity,deep_drid_field,deep_drid_artifact,kvasir_capsule_anatomy,kvasir_capsule_content,kvasir_capsule_pathologies,breast_cancer_classification_v2,eye_condition_classification,mura_xr_wrist,mura_xr_shoulder,mura_xr_humerus,mura_xr_hand,mura_xr_forearm,mura_xr_finger,mura_xr_elbow,bean_plant_disease_classification,aptos19_blindness_detection,lapgyn4_anatomical_structures --shrink_train 800,lapgyn4_surgical_actions --shrink_train 800,lapgyn4_instrument_count --shrink_train 800,lapgyn4_anatomical_actions --shrink_train 800,laryngeal_tissues --shrink_train 800,nerthus_bowel_cleansing_quality --shrink_train 800,svhn --shrink_train 800,cifar10_object_classification --shrink_train 800,mnist_digit_classification --shrink_train 800,hyperkvasir_anatomical-landmarks --shrink_train 800,hyperkvasir_pathological-findings --shrink_train 800,hyperkvasir_quality-of-mucosal-views --shrink_train 800,hyperkvasir_therapeutic-interventions --shrink_train 800,cholec80_grasper_presence --shrink_train 800,cholec80_bipolar_presence --shrink_train 800,cholec80_hook_presence --shrink_train 800,cholec80_scissors_presence --shrink_train 800,cholec80_clipper_presence --shrink_train 800,cholec80_irrigator_presence --shrink_train 800,cholec80_specimenbag_presence --shrink_train 800,idle_action_recognition --shrink_train 800,brain_tumor_classification --shrink_train 800,brain_tumor_type_classification --shrink_train 800,chexpert_enlarged_cardiomediastinum --shrink_train 800,chexpert_cardiomegaly --shrink_train 800,chexpert_lung_opacity --shrink_train 800,chexpert_lung_lesion --shrink_train 800,chexpert_edema --shrink_train 800,chexpert_consolidation --shrink_train 800,chexpert_pneumonia --shrink_train 800,chexpert_atelectasis --shrink_train 800,chexpert_pneumothorax --shrink_train 800,chexpert_pleural_effusion --shrink_train 800,chexpert_pleural_other --shrink_train 800,chexpert_fracture --shrink_train 800,chexpert_support_devices --shrink_train 800,pneumonia_classification --shrink_train 800,covid_xray_classification --shrink_train 800,isic20_melanoma_classification --shrink_train 800,deep_drid_dr_level --shrink_train 800,deep_drid_quality --shrink_train 800,deep_drid_clarity --shrink_train 800,deep_drid_field --shrink_train 800,deep_drid_artifact --shrink_train 800,kvasir_capsule_anatomy --shrink_train 800,kvasir_capsule_content --shrink_train 800,kvasir_capsule_pathologies --shrink_train 800,mura_xr_wrist --shrink_train 800,mura_xr_shoulder --shrink_train 800,mura_xr_humerus --shrink_train 800,mura_xr_hand --shrink_train 800,mura_xr_forearm --shrink_train 800,mura_xr_finger --shrink_train 800,mura_xr_elbow --shrink_train 800,bean_plant_disease_classification --shrink_train 800,aptos19_blindness_detection --shrink_train 800
lapgyn4_anatomical_structures,0.0,0.002135303569957614,0.0024496205151081085,0.004252354148775339,0.010487229563295841,0.013912547379732132,0.026246115565299988,0.00922446884214878,0.008295229636132717,0.02292191982269287,0.007481168024241924,0.006967820692807436,0.009862697683274746,0.009433099068701267,0.03160914033651352,0.03168347850441933,0.005479937419295311,0.00505105359479785,0.007774855010211468,0.006132782902568579,0.003846274921670556,0.003910267259925604,0.0038754348643124104,0.0038669737987220287,0.0038429799024015665,0.003861154429614544,0.0038428192492574453,0.01025752630084753,0.009361236356198788,0.01035419199615717,0.018068745732307434,0.013288600370287895,0.018376221880316734,0.010710537433624268,0.010866555385291576,0.011481319554150105,0.010636795312166214,0.011627656407654285,0.010535778477787971,0.010498392395675182,0.011752715334296227,0.011376328766345978,0.011100766249001026,0.010454445146024227,0.010949796997010708,0.011958743445575237,0.01502390205860138,0.011657877825200558,0.015010712668299675,0.0130961574614048,0.02354184165596962,0.015955407172441483,0.01178539078682661,0.02362506464123726,0.023611625656485558,0.02364921197295189,0.023773815482854843,0.012859797105193138,0.012341720052063465,0.012411297298967838,0.01953377202153206,0.03745219111442566,0.01295904628932476,0.010459791868925095,0.011989403516054153,0.013206826522946358,0.011146005243062973,0.011461050249636173,0.012160254642367363,0.01505705714225769,0.018887987360358238,,0.0026839294005185366,0.0024405925069004297,0.004349648952484131,0.026093019172549248,0.0092359883710742,0.022619077935814857,0.00998526718467474,0.03175849840044975,0.0054644625633955,0.005021071061491966,0.00781696755439043,0.006118457298725843,0.003909394610673189,0.003907541744410992,0.003946724347770214,0.0040094186551868916,0.003985405899584293,0.003816781798377633,0.004006751347333193,0.009486392140388489,0.018062196671962738,0.018320351839065552,0.01092967763543129,0.010908112861216068,0.01146429032087326,0.010758275166153908,0.011617962270975113,0.010626856237649918,0.010452455841004848,0.01156263705343008,0.0115458182990551,0.011240662075579166,0.010418740101158619,0.010939562693238258,0.01202419213950634,0.015095067210495472,0.01506758388131857,0.013194245286285877,0.023619893938302994,0.023691704496741295,0.023690825328230858,0.02357926405966282,0.023746222257614136,0.01276186853647232,0.012444098480045795,0.01239797007292509,0.013087879866361618,0.010317813605070114,0.011979416012763977,0.013213228434324265,0.01115616224706173,0.011603235267102718,0.012096799910068512,0.015111771412193775,0.01858329027891159
lapgyn4_surgical_actions,0.002135303569957614,0.0,0.0008505587466061115,0.0014322212664410472,0.010263324715197086,0.01386753749102354,0.02576027438044548,0.008647994138300419,0.007309373933821917,0.021985795348882675,0.006407583132386208,0.005789272487163544,0.008752268739044666,0.008412839844822884,0.03058229573071003,0.030673014000058174,0.005903132259845734,0.005508142989128828,0.007543281186372042,0.0055505274794995785,0.002669532550498843,0.002715357579290867,0.002677318174391985,0.00268176244571805,0.002658258192241192,0.0026785905938595533,0.002656533382833004,0.009786983020603657,0.007966149598360062,0.009870977140963078,0.017821744084358215,0.01325899362564087,0.01738465391099453,0.009809155948460102,0.009933702647686005,0.010507246479392052,0.009754562750458717,0.010654210112988949,0.009632233530282974,0.009605464525520802,0.010804904624819756,0.010417059063911438,0.010149290785193443,0.009564399719238281,0.010080019012093544,0.010966927744448185,0.014171915128827095,0.011324805207550526,0.014123490080237389,0.013094769790768623,0.022908281534910202,0.014837962575256824,0.010522644966840744,0.02298818901181221,0.02297120913863182,0.022999761626124382,0.023129485547542572,0.011742009781301022,0.011362539604306221,0.01146565843373537,0.018570130690932274,0.036520425230264664,0.011421152390539646,0.009324763901531696,0.010855273343622684,0.0117113646119833,0.009672869928181171,0.010067897848784924,0.010777614079415798,0.014309982769191265,0.018108217045664787,0.002188189886510372,,0.0008348510600626469,0.0014705832581967115,0.025604039430618286,0.008671503514051437,0.021676594391465187,0.008878154680132866,0.030730070546269417,0.005948825739324093,0.0054544988088309765,0.0075606307946145535,0.0055695222690701485,0.002725685713812709,0.0027261353097856045,0.002735824091359973,0.002806872595101595,0.002719022799283266,0.002651926828548312,0.002810037462040782,0.008052055723965168,0.017801808193325996,0.017334751784801483,0.010011041536927223,0.009964045137166977,0.010485322214663029,0.009860017336905003,0.010660713538527489,0.009725654497742653,0.00957892369478941,0.010604714043438435,0.010571570135653019,0.010293964296579361,0.009528996422886848,0.010042552836239338,0.011028300039470196,0.014225037768483162,0.014189132489264011,0.013212551362812519,0.022983970120549202,0.023055478930473328,0.02305006794631481,0.02293268032371998,0.0231094378978014,0.011646381579339504,0.011454764753580093,0.011440092697739601,0.011552170850336552,0.009174218401312828,0.010817280039191246,0.0117272287607193,0.009698514826595783,0.010222909972071648,0.010732457041740417,0.014361769892275333,0.01779799535870552
lapgyn4_instrument_count,0.0024496205151081085,0.0008505587466061115,0.0,0.0010661045089364052,0.009655587375164032,0.013628722168505192,0.02526748925447464,0.008485267870128155,0.00696507329121232,0.021547216922044754,0.006051761098206043,0.005450324155390263,0.008436232805252075,0.008082730695605278,0.03007338009774685,0.030155781656503677,0.005633901339024305,0.005202651023864746,0.007563052233308554,0.0058524287305772305,0.002170776017010212,0.0022282327990978956,0.002183046657592058,0.0021849225740879774,0.0021707257255911827,0.002185763092711568,0.0021580345928668976,0.009412241168320179,0.00818024855107069,0.009818056598305702,0.017263729125261307,0.012704850174486637,0.01717223785817623,0.00975716020911932,0.009933119639754295,0.01053607277572155,0.00969921238720417,0.010686229914426804,0.009589087218046188,0.009557709097862244,0.010823999531567097,0.010428077541291714,0.010148384608328342,0.009495791047811508,0.010047472082078457,0.011006910353899002,0.014016951434314251,0.010969292372465134,0.013996169902384281,0.012750749476253986,0.022224029526114464,0.014877592213451862,0.01041395589709282,0.02230251394212246,0.022287517786026,0.02231976017355919,0.022445369511842728,0.011267869733273983,0.01096439827233553,0.011073365807533264,0.018445182591676712,0.03591384366154671,0.01116830576211214,0.00906079076230526,0.010398629121482372,0.011624897830188274,0.009327538311481476,0.009800921194255352,0.01043729204684496,0.014102339744567871,0.017505306750535965,0.0024886198807507753,0.001108284224756062,,0.0011556365061551332,0.025110634043812752,0.008515089750289917,0.021242579445242882,0.008558906614780426,0.030217774212360382,0.005676096770912409,0.005141688510775566,0.007581037003546953,0.005870862863957882,0.0022424643393605947,0.0022367697674781084,0.0022680892143398523,0.002295698504894972,0.0022276428062468767,0.00214579445309937,0.0022903098724782467,0.00828490499407053,0.017245659604668617,0.017123226076364517,0.009976408444344997,0.00996857788413763,0.010507634840905666,0.009814904071390629,0.010679884813725948,0.00968444999307394,0.009526269510388374,0.010624350048601627,0.010601245798170567,0.010296547785401344,0.00945496466010809,0.010024926625192165,0.011069432832300663,0.014083189889788628,0.014061191119253635,0.012870347127318382,0.022300295531749725,0.02237030304968357,0.02236701175570488,0.02225250005722046,0.02242436446249485,0.011180227622389793,0.011047481559216976,0.011055052280426025,0.011297428980469704,0.008905456401407719,0.0103639867156744,0.011640752665698528,0.00934833288192749,0.009946621023118496,0.01038658618927002,0.01415396761149168,0.017202090471982956
lapgyn4_anatomical_actions,0.004252354148775339,0.0014322212664410472,0.0010661045089364052,0.0,0.011607544496655464,0.015481404960155487,0.026913028210401535,0.010530170053243637,0.008315886370837688,0.02305511012673378,0.007422403898090124,0.006794221233576536,0.009831241331994534,0.009523788467049599,0.0315648689866066,0.031669288873672485,0.007991570979356766,0.007528592366725206,0.009592072106897831,0.007713286206126213,0.003951168153434992,0.0040108272805809975,0.003949865698814392,0.003962412476539612,0.003945627249777317,0.003966028802096844,0.003931070677936077,0.011215902864933014,0.00952207762748003,0.011530403979122639,0.019222144037485123,0.014602035284042358,0.018750596791505814,0.011377908289432526,0.011534946039319038,0.01209565531462431,0.011346135288476944,0.012243475764989853,0.011213947087526321,0.011205554939806461,0.012395082041621208,0.011989567428827286,0.011731823906302452,0.011150422506034374,0.011652120389044285,0.012535191141068935,0.015582747757434845,0.01279604621231556,0.015548117458820343,0.014665672555565834,0.024161912500858307,0.016262054443359375,0.011974465101957321,0.024242645129561424,0.024224495515227318,0.024249190464615822,0.02438204549252987,0.013097471557557583,0.012815074995160103,0.012940892018377781,0.020010486245155334,0.037643808871507645,0.012579213827848434,0.010740580037236214,0.012034008279442787,0.01299015711992979,0.010777364484965801,0.011192192323505878,0.011961296200752258,0.015588682144880295,0.01935599185526371,0.004296618979424238,0.001748770009726286,0.0010844473727047443,,0.02675539441406727,0.010560247115790844,0.022751400247216225,0.009958043694496155,0.031707100570201874,0.008046525530517101,0.007468533702194691,0.009600282646715641,0.007742532528936863,0.004033526871353388,0.004020280204713345,0.004049678798764944,0.00409271102398634,0.003953104838728905,0.003937154542654753,0.004076640587300062,0.009610223583877087,0.019199403002858162,0.018711011856794357,0.011581256985664368,0.01156690251082182,0.01207062229514122,0.01145353727042675,0.01224517822265625,0.011310329660773277,0.011178212240338326,0.012194904498755932,0.012141747400164604,0.011877897195518017,0.011120932176709175,0.0116119384765625,0.012599654495716095,0.015642525628209114,0.015612400136888027,0.014796514995396137,0.024234654381871223,0.02431114949285984,0.024304362013936043,0.024182084947824478,0.024362700060009956,0.013005529530346394,0.012899682857096195,0.012910787016153336,0.012708132155239582,0.010575716383755207,0.011987353675067425,0.013009440153837204,0.010809458792209625,0.011344050988554955,0.0119160832837224,0.01563854329288006,0.019051987677812576
sklin2_skin_lesions,0.010487229563295841,0.010263324715197086,0.009655587375164032,0.011607544496655464,0.0,0.014950270764529705,0.024697622284293175,0.011359489522874355,0.008339130319654942,0.021663082763552666,0.007449683733284473,0.006919103674590588,0.009684661403298378,0.009125025942921638,0.03022191673517227,0.03016646020114422,0.007853886112570763,0.008026519790291786,0.010986494831740856,0.00993580836802721,0.009288114495575428,0.009322267025709152,0.00932244025170803,0.00930428970605135,0.00929602887481451,0.009321519173681736,0.00929977372288704,0.004728402942419052,0.011057212017476559,0.009264139458537102,0.016854945570230484,0.009091371670365334,0.017283162102103233,0.011716547422111034,0.011936547234654427,0.012537597678601742,0.011631911620497704,0.0126912547275424,0.011535362340509892,0.011455345898866653,0.012835018336772919,0.012506518512964249,0.012111357413232327,0.011297142133116722,0.012090589851140976,0.013015278615057468,0.016382193192839622,0.005185491405427456,0.016408421099185944,0.007602546829730272,0.019932780414819717,0.017590466886758804,0.011712496168911457,0.020029885694384575,0.020016584545373917,0.02005770057439804,0.020181119441986084,0.011450273916125298,0.010731897316873074,0.01086072251200676,0.017997365444898605,0.03445122390985489,0.013327473774552345,0.011070328764617443,0.012282284907996655,0.014393569901585579,0.011583189480006695,0.012074397876858711,0.01221533864736557,0.014386369846761227,0.015009238384664059,0.010508205741643906,0.010328558273613453,0.009848550893366337,0.011632680892944336,0.024547934532165527,0.011359119787812233,0.02136986516416073,0.009804082103073597,0.030375046655535698,0.007941844873130322,0.007915682159364223,0.010975711978971958,0.010013770312070847,0.009243650361895561,0.009389090351760387,0.009478671476244926,0.009389998391270638,0.009492302313446999,0.009306591004133224,0.0092450687661767,0.01126219891011715,0.016857685521245003,0.017223380506038666,0.011988026089966297,0.012024893425405025,0.01249733380973339,0.011768084019422531,0.012621117755770683,0.011604704894125462,0.011399759911000729,0.012638485059142113,0.012681815773248672,0.012270919978618622,0.011256302706897259,0.012133562006056309,0.013102345168590546,0.016462447121739388,0.01646305061876774,0.007741780485957861,0.020017176866531372,0.020067479461431503,0.02012176811695099,0.019983859732747078,0.02013820968568325,0.011351600289344788,0.010788509622216225,0.010858275927603245,0.013455497100949287,0.01091514341533184,0.012290694750845432,0.014404743909835815,0.01158213708549738,0.012193411588668823,0.012125467881560326,0.014415557496249676,0.01471294742077589
identify_nbi_infframes,0.013912547379732132,0.01386753749102354,0.013628722168505192,0.015481404960155487,0.014950270764529705,0.0,0.024360619485378265,0.016664329916238785,0.01247534528374672,0.02312406525015831,0.011729403398931026,0.011280135251581669,0.013757229782640934,0.013056217692792416,0.032404784113168716,0.0322277806699276,0.013029157184064388,0.01300986111164093,0.0156839769333601,0.014110909774899483,0.013520993292331696,0.01359822228550911,0.01355202216655016,0.013530540280044079,0.013547206297516823,0.013560919091105461,0.01359652355313301,0.013611866161227226,0.014866889454424381,0.013570267707109451,0.01965017430484295,0.017125051468610764,0.022310229018330574,0.01603868417441845,0.015886522829532623,0.016355160623788834,0.016006646677851677,0.016422489657998085,0.015828527510166168,0.015795549377799034,0.016559479758143425,0.016459811478853226,0.016071150079369545,0.015786467120051384,0.016055403277277946,0.01670108735561371,0.020359879359602928,0.014978201128542423,0.02048296108841896,0.015312619507312775,0.02694147825241089,0.022288475185632706,0.016970442607998848,0.027005670592188835,0.027009105309844017,0.02704283408820629,0.02717495709657669,0.01865958794951439,0.01802150346338749,0.018120577558875084,0.020168302580714226,0.04061409458518028,0.017449015751481056,0.015437938272953033,0.01615653745830059,0.018890971317887306,0.015583107247948647,0.015879523009061813,0.016583774238824844,0.01934969797730446,0.022970052435994148,0.013926479034125805,0.013775886036455631,0.013757474720478058,0.015576418489217758,0.024193810299038887,0.016641292721033096,0.022968145087361336,0.013867522589862347,0.03253057971596718,0.013038386590778828,0.012885097414255142,0.01570228300988674,0.014161497354507446,0.013505394570529461,0.01353477779775858,0.013742493465542793,0.013710315339267254,0.013733715750277042,0.013583781197667122,0.013481806963682175,0.01508102472871542,0.01972367987036705,0.022249527275562286,0.01622668281197548,0.01598956435918808,0.016359427943825722,0.01621992141008377,0.01632971316576004,0.01586318202316761,0.01573527418076992,0.016399063169956207,0.01659509912133217,0.01619786024093628,0.015816953033208847,0.016089195385575294,0.01681588776409626,0.02045789174735546,0.020531609654426575,0.015431446023285389,0.027006810531020164,0.027094772085547447,0.027064209803938866,0.026969950646162033,0.027153149247169495,0.01859128847718239,0.018080558627843857,0.018097544088959694,0.017577320337295532,0.01531313732266426,0.016204891726374626,0.01888122223317623,0.015599502250552177,0.01594202220439911,0.01649944670498371,0.019396724179387093,0.02268538810312748
laryngeal_tissues,0.026246115565299988,0.02576027438044548,0.02526748925447464,0.026913028210401535,0.024697622284293175,0.024360619485378265,0.0,0.027687931433320045,0.020826801657676697,0.022054055705666542,0.019694993272423744,0.01973993144929409,0.01875232718884945,0.017633408308029175,0.03670337051153183,0.036605510860681534,0.025246955454349518,0.025025194510817528,0.027098579332232475,0.026075372472405434,0.02577110566198826,0.025839678943157196,0.02579938806593418,0.025777310132980347,0.025783110409975052,0.025808259844779968,0.02582279033958912,0.022892430424690247,0.025982504710555077,0.024488145485520363,0.028218567371368408,0.02629026025533676,0.03211851045489311,0.027485359460115433,0.027454016730189323,0.0278392992913723,0.027506303042173386,0.027924321591854095,0.027320493012666702,0.027308953925967216,0.028065655380487442,0.02792414464056492,0.02756604738533497,0.02732660435140133,0.027526794001460075,0.028153395280241966,0.03121373988687992,0.025366494432091713,0.03133893385529518,0.023709028959274292,0.03709258884191513,0.0333644263446331,0.02726048417389393,0.037170350551605225,0.037160858511924744,0.037187278270721436,0.037328146398067474,0.028256725519895554,0.027568751946091652,0.027708670124411583,0.030229635536670685,0.050475869327783585,0.027398785576224327,0.026414891704916954,0.026967965066432953,0.029259124770760536,0.02599947899580002,0.026154952123761177,0.02678101323544979,0.02921980433166027,0.033335130661726,0.02626842074096203,0.026058848947286606,0.025440920144319534,0.026938214898109436,,0.027678919956088066,0.022146014496684074,0.01877579279243946,0.0367981381714344,0.025300253182649612,0.024958552792668343,0.027100786566734314,0.026150139048695564,0.025718096643686295,0.025849895551800728,0.02597649022936821,0.025938110426068306,0.02597426436841488,0.025816109031438828,0.02572520449757576,0.026242900639772415,0.02823517471551895,0.03208059072494507,0.027693483978509903,0.02754950523376465,0.02783023566007614,0.027706485241651535,0.02785053476691246,0.027378445491194725,0.027265172451734543,0.02790788933634758,0.028047120198607445,0.027688264846801758,0.027356263250112534,0.027535071596503258,0.028290454298257828,0.03131334111094475,0.031379036605358124,0.023885134607553482,0.03716281056404114,0.03725065663456917,0.03721959888935089,0.0371079184114933,0.03730590268969536,0.02817925438284874,0.02762637287378311,0.02770519070327282,0.02752210758626461,0.0262745451182127,0.026983829215168953,0.029262354597449303,0.026005184277892113,0.026262912899255753,0.026717809960246086,0.029265310615301132,0.03305639326572418
nerthus_bowel_cleansing_quality,0.00922446884214878,0.008647994138300419,0.008485267870128155,0.010530170053243637,0.011359489522874355,0.016664329916238785,0.027687931433320045,0.0,0.009692206978797913,0.023132629692554474,0.008196595124900341,0.007591992616653442,0.010440140031278133,0.00998660083860159,0.031718943268060684,0.031781699508428574,0.005265914369374514,0.004179141949862242,0.0021228943951427937,0.004235792439430952,0.0069096824154257774,0.006890538148581982,0.006899701897054911,0.006925341207534075,0.0069130416959524155,0.00691501097753644,0.006914524361491203,0.010999360121786594,0.007563274819403887,0.011857107281684875,0.019339490681886673,0.015348932705819607,0.01770016923546791,0.011264287866652012,0.011172015219926834,0.011757399886846542,0.011136078275740147,0.011849509552121162,0.011014404706656933,0.010921429842710495,0.012034570798277855,0.011810962110757828,0.011403251439332962,0.01089694257825613,0.01155080646276474,0.01221951749175787,0.016233747825026512,0.012456952594220638,0.016176598146557808,0.014635502360761166,0.022894468158483505,0.017007768154144287,0.01085575483739376,0.022957805544137955,0.02294127643108368,0.022989429533481598,0.023099519312381744,0.009793213568627834,0.00934607069939375,0.009334259666502476,0.020308487117290497,0.036848150193691254,0.012834027409553528,0.009627305902540684,0.011002490296959877,0.01330262515693903,0.010731919668614864,0.010886640287935734,0.011324843391776085,0.017147300764918327,0.017865652218461037,0.009269438683986664,0.009071219712495804,0.008566196076571941,0.010508701205253601,0.027531825006008148,,0.022795530036091805,0.010542682372033596,0.03188425675034523,0.0053167822770774364,0.004352444317191839,0.0021377806551754475,0.004243156407028437,0.00687434384599328,0.00701152766123414,0.007027903106063604,0.006988227367401123,0.007036483846604824,0.006947162561118603,0.006910592317581177,0.007643087301403284,0.019336989149451256,0.017640026286244392,0.011506631970405579,0.011236496269702911,0.01172954123467207,0.011279025115072727,0.011823800392448902,0.011087125167250633,0.010893797501921654,0.011835582554340363,0.01200050488114357,0.011562954634428024,0.01085711270570755,0.011534212157130241,0.012296205386519432,0.016273820772767067,0.016246914863586426,0.014770152047276497,0.02297929674386978,0.023015784099698067,0.02300863154232502,0.022922994568943977,0.023072492331266403,0.009721393696963787,0.00945049338042736,0.009295069612562656,0.012973889708518982,0.009465708397328854,0.010997342877089977,0.013317745178937912,0.01072926539927721,0.011020807549357414,0.011251548305153847,0.01720072515308857,0.017536040395498276
stanford_dogs_image_categorization,0.008295229636132717,0.007309373933821917,0.00696507329121232,0.008315886370837688,0.008339130319654942,0.01247534528374672,0.020826801657676697,0.009692206978797913,0.0,0.01714804396033287,0.0022721332497894764,0.0019191246246919036,0.004042688757181168,0.004118168260902166,0.025928502902388573,0.026007214561104774,0.007501267362385988,0.007341885007917881,0.009196935221552849,0.007614816073328257,0.007495966274291277,0.007536064833402634,0.00751391751691699,0.007500141393393278,0.007491766940802336,0.007527605164796114,0.007518908474594355,0.007766705006361008,0.008608868345618248,0.007339406292885542,0.014385178685188293,0.01063588261604309,0.014462915249168873,0.009306671097874641,0.009353862144052982,0.009827698580920696,0.009306775406002998,0.00994508620351553,0.009157645516097546,0.009120210073888302,0.010082620196044445,0.009817712008953094,0.009527275338768959,0.009159648790955544,0.0094993207603693,0.01021700818091631,0.013060832396149635,0.009266739711165428,0.013098732568323612,0.010661926120519638,0.019914701581001282,0.014453432522714138,0.008753867819905281,0.01998812146484852,0.019979652017354965,0.01999557390809059,0.02013266645371914,0.010557868517935276,0.009824973531067371,0.009963341057300568,0.015219277702271938,0.032996661961078644,0.009435444138944149,0.008334905840456486,0.008927048183977604,0.011006779968738556,0.00775397103279829,0.008387680165469646,0.008791808970272541,0.011917890049517155,0.01552984956651926,0.008311685174703598,0.007472029887139797,0.007096782326698303,0.00831038411706686,0.02065686695277691,0.009711847640573978,0.016863802447915077,0.0041819289326667786,0.02608185075223446,0.0075739179737865925,0.007298952899873257,0.009171238169074059,0.007677749264985323,0.00746886944398284,0.007612491026520729,0.0076749674044549465,0.007611771114170551,0.007665381301194429,0.00754921231418848,0.007467767223715782,0.008761497214436531,0.014364022761583328,0.014441195875406265,0.00951634906232357,0.009415089152753353,0.009833668358623981,0.009468906559050083,0.009916313923895359,0.009252551943063736,0.00909349974244833,0.00989495124667883,0.009960222989320755,0.009652890264987946,0.009157138876616955,0.009460840374231339,0.010328560136258602,0.013136152178049088,0.013149294070899487,0.010851357132196426,0.019980723038315773,0.020070869475603104,0.020046815276145935,0.01992090605199337,0.020110320299863815,0.010468808934092522,0.009913578629493713,0.009942930191755295,0.00956296268850565,0.00816146470606327,0.0089072585105896,0.01102333515882492,0.00776688614860177,0.00851262267678976,0.008723070845007896,0.011953952722251415,0.01523630227893591
svhn,0.02292191982269287,0.021985795348882675,0.021547216922044754,0.02305511012673378,0.021663082763552666,0.02312406525015831,0.022054055705666542,0.023132629692554474,0.01714804396033287,0.0,0.015820307657122612,0.015538947656750679,0.01192986499518156,0.010744847357273102,0.02708207443356514,0.026973731815814972,0.021336011588573456,0.021113520488142967,0.022770658135414124,0.021472739055752754,0.021584639325737953,0.021638819947838783,0.021604079753160477,0.021590959280729294,0.021599503234028816,0.02162235975265503,0.021633155643939972,0.020718276500701904,0.021698830649256706,0.020936785265803337,0.02481098473072052,0.024577219039201736,0.027732286602258682,0.022775446996092796,0.022747455164790154,0.0231698676943779,0.022782864049077034,0.02325592003762722,0.022617250680923462,0.022597597911953926,0.023378415033221245,0.02320430427789688,0.022875308990478516,0.02260785549879074,0.022816365584731102,0.023490749299526215,0.026467999443411827,0.022511599585413933,0.026559842750430107,0.022974109277129173,0.03320665657520294,0.028540996834635735,0.02216026932001114,0.03327824920415878,0.0332716703414917,0.033294033259153366,0.03342974931001663,0.023938868194818497,0.023180769756436348,0.023326149210333824,0.027653124183416367,0.04644173011183739,0.021997949108481407,0.02142798714339733,0.021720392629504204,0.024031734094023705,0.020638126879930496,0.02044648304581642,0.02139545977115631,0.02614496648311615,0.02917063981294632,0.02296462468802929,0.0220375657081604,0.02169552445411682,0.023051397874951363,0.0220443457365036,0.023123694583773613,,0.011864084750413895,0.027227655053138733,0.02140446938574314,0.021059634163975716,0.02274780161678791,0.021559225395321846,0.021539505571126938,0.02166331559419632,0.02178218401968479,0.02173219993710518,0.021768799051642418,0.0216537956148386,0.02152588963508606,0.021923108026385307,0.024794908240437508,0.027701329439878464,0.022980574518442154,0.02283065766096115,0.023145511746406555,0.022974932566285133,0.02318447455763817,0.022679319605231285,0.02255445532500744,0.02321789227426052,0.02333519421517849,0.023010089993476868,0.022642698138952255,0.022814370691776276,0.023616230115294456,0.026561928912997246,0.026601234450936317,0.023161407560110092,0.033272113651037216,0.03335864096879959,0.033326297998428345,0.03321565315127373,0.03340838477015495,0.023853400722146034,0.023230932652950287,0.02332104928791523,0.02213086001574993,0.021292515099048615,0.0217222198843956,0.024040058255195618,0.0206510741263628,0.020537134259939194,0.021348165348172188,0.02618393488228321,0.02888372913002968
caltech101_object_classification,0.007481168024241924,0.006407583132386208,0.006051761098206043,0.007422403898090124,0.007449683733284473,0.011729403398931026,0.019694993272423744,0.008196595124900341,0.0022721332497894764,0.015820307657122612,0.0,0.0005553174414671957,0.0034382250159978867,0.003154539270326495,0.023751894012093544,0.024001585319638252,0.006466216407716274,0.00608723983168602,0.007823568768799305,0.006328504532575607,0.006355783902108669,0.006390574853867292,0.0063694436103105545,0.006358761340379715,0.006354561075568199,0.0063889906741678715,0.006376301869750023,0.006825308781117201,0.007017625495791435,0.006943185813724995,0.012739352881908417,0.010241740383207798,0.01310617197304964,0.008416813798248768,0.00849593710154295,0.00898301973938942,0.00841560959815979,0.009097474627196789,0.008266768418252468,0.00824038591235876,0.00923200324177742,0.008945569396018982,0.008648984134197235,0.00824475847184658,0.008621221408247948,0.009357749484479427,0.01220355648547411,0.008562995120882988,0.01222188863903284,0.009663793258368969,0.01851959526538849,0.01356285996735096,0.007248531095683575,0.018600430339574814,0.018584882840514183,0.018605219200253487,0.01874391920864582,0.008768872357904911,0.00814127642661333,0.008278998546302319,0.014356035739183426,0.0317305363714695,0.008070080541074276,0.006979718804359436,0.00744758453220129,0.009431319311261177,0.0062840585596859455,0.006642824504524469,0.007260971236974001,0.010960790328681469,0.014251703396439552,0.007505259942263365,0.0066784583032131195,0.006195760797709227,0.007410197984427214,0.019527466967701912,0.008213004097342491,0.015514368191361427,0.0035708537325263023,0.023901421576738358,0.0065414863638579845,0.00605813879519701,0.007802415173500776,0.006399246398359537,0.006331924814730883,0.0064668431878089905,0.0065408372320234776,0.006477197632193565,0.006509323604404926,0.006410041358321905,0.0063202292658388615,0.007181467488408089,0.012728975154459476,0.013081369921565056,0.008629819378256798,0.008563119918107986,0.008966054767370224,0.008571941405534744,0.00906615611165762,0.00835809763520956,0.00821177288889885,0.009052371606230736,0.009089220315217972,0.008785479702055454,0.008245405741035938,0.008590195327997208,0.009462142363190651,0.012274175882339478,0.012276487424969673,0.009840385057032108,0.01858980394899845,0.018672455102205276,0.01864861510694027,0.01853666640818119,0.018719017505645752,0.008682915940880775,0.008224893361330032,0.008260974660515785,0.008198035880923271,0.006797393783926964,0.007420303300023079,0.009442116133868694,0.0063025495037436485,0.00677666487172246,0.007191999349743128,0.011000828817486763,0.013970639556646347
caltech256_object_classification,0.006967820692807436,0.005789272487163544,0.005450324155390263,0.006794221233576536,0.006919103674590588,0.011280135251581669,0.01973993144929409,0.007591992616653442,0.0019191246246919036,0.015538947656750679,0.0005553174414671957,0.0,0.0031376671977341175,0.002827376127243042,0.023670656606554985,0.02388385310769081,0.005870374850928783,0.005532390438020229,0.007283040788024664,0.0056614018976688385,0.005643714219331741,0.00567661551758647,0.005655926652252674,0.0056465864181518555,0.005642592441290617,0.005675080697983503,0.005665029864758253,0.006377529818564653,0.006355526391416788,0.006458052434027195,0.012595774605870247,0.009806736372411251,0.012506301514804363,0.007673633750528097,0.007768711075186729,0.008270842023193836,0.007676700595766306,0.008389563299715519,0.007529248483479023,0.0075028566643595695,0.00852372869849205,0.008223113603889942,0.007929925806820393,0.007507881615310907,0.007911247201263905,0.00865386612713337,0.011466452851891518,0.008038245141506195,0.011480133980512619,0.009295702911913395,0.0178173016756773,0.012824339792132378,0.0066251507960259914,0.017895374447107315,0.017880627885460854,0.01790001057088375,0.018038948997855186,0.008213119581341743,0.007589178625494242,0.007734527345746756,0.013881877064704895,0.030966872349381447,0.007287397049367428,0.006211888510733843,0.006684856954962015,0.008750278502702713,0.00547546474263072,0.0058814785443246365,0.0064821187406778336,0.010508510284125805,0.013541941531002522,0.007001168560236692,0.005975641310214996,0.005590428598225117,0.006771127227693796,0.01957104355096817,0.007611833047121763,0.015232007019221783,0.0032602844294160604,0.02382274903357029,0.00595646258443594,0.005501307547092438,0.007255274802446365,0.005735450424253941,0.005614112596958876,0.005754078272730112,0.005818385165184736,0.005763643886893988,0.005797072313725948,0.005705727264285088,0.005603888537734747,0.00651854882016778,0.01258267741650343,0.012476969510316849,0.007890055887401104,0.007834057323634624,0.008251560851931572,0.00782791431993246,0.008360287174582481,0.007619949523359537,0.007476026192307472,0.008341733366250992,0.008368554525077343,0.008067728951573372,0.007505138870328665,0.007878052070736885,0.008758137002587318,0.011536827310919762,0.011533278971910477,0.009475726634263992,0.017890198156237602,0.017970239743590355,0.017942141741514206,0.017832092940807343,0.018016114830970764,0.008123445324599743,0.00767045421525836,0.007717525586485863,0.007418554741889238,0.006029297597706318,0.006654012948274612,0.008764965459704399,0.005493067670613527,0.006017341744154692,0.006416077259927988,0.010548599995672703,0.013259092345833778
cifar10_object_classification,0.009862697683274746,0.008752268739044666,0.008436232805252075,0.009831241331994534,0.009684661403298378,0.013757229782640934,0.01875232718884945,0.010440140031278133,0.004042688757181168,0.01192986499518156,0.0034382250159978867,0.0031376671977341175,0.0,0.0006199082708917558,0.02281724475324154,0.022970417514443398,0.008731260895729065,0.008462520316243172,0.010141590610146523,0.008509663864970207,0.008584344759583473,0.008621769025921822,0.008600258268415928,0.008595149964094162,0.008584845811128616,0.008615121245384216,0.008610077202320099,0.009010330773890018,0.009426070377230644,0.00871204398572445,0.014742270112037659,0.01245490275323391,0.016013408079743385,0.01042065117508173,0.010458762757480145,0.010948792099952698,0.010410213842988014,0.011057173833251,0.010263346135616302,0.010224618948996067,0.011203817091882229,0.010942942462861538,0.010640920139849186,0.01025207620114088,0.01061256229877472,0.011347027495503426,0.014476648531854153,0.010623821057379246,0.014485550113022327,0.012180287390947342,0.021300392225384712,0.015782024711370468,0.009647256694734097,0.021377108991146088,0.021359883248806,0.021381519734859467,0.021518515422940254,0.011458294466137886,0.010798288509249687,0.010949130170047283,0.016133543103933334,0.034470610320568085,0.010635802522301674,0.009445744566619396,0.010170099325478077,0.011927705258131027,0.0089708361774683,0.009320578537881374,0.009904353879392147,0.013520977459847927,0.016915597021579742,0.009892772883176804,0.008900772780179977,0.008565849624574184,0.009808942675590515,0.01863528974354267,0.010451729409396648,0.011635182425379753,,0.02297043986618519,0.008810963481664658,0.00842764601111412,0.010114755481481552,0.00858290959149599,0.008550296537578106,0.008693520911037922,0.008758127689361572,0.008693186566233635,0.008747167885303497,0.008652613498270512,0.008548462763428688,0.009585913270711899,0.014708198606967926,0.015986744314432144,0.010626372881233692,0.010520437732338905,0.01093913521617651,0.010565685108304024,0.011027898639440536,0.010351710952818394,0.010205823928117752,0.011018611490726471,0.011087652295827866,0.010777915827929974,0.010246064513921738,0.010571376420557499,0.011455327272415161,0.014545542187988758,0.014538374729454517,0.012353165075182915,0.021371712908148766,0.021453704684972763,0.021426890045404434,0.02130846492946148,0.021502025425434113,0.011365063488483429,0.010868292301893234,0.010940922424197197,0.010768838226795197,0.009273640811443329,0.01014341413974762,0.011944936588406563,0.008989566005766392,0.009450496174395084,0.009849091060459614,0.013559797778725624,0.016617784276604652
