,lapgyn4_anatomical_structures,lapgyn4_surgical_actions,lapgyn4_instrument_count,lapgyn4_anatomical_actions,sklin2_skin_lesions,identify_nbi_infframes,laryngeal_tissues,nerthus_bowel_cleansing_quality,stanford_dogs_image_categorization,svhn,caltech101_object_classification,caltech256_object_classification,cifar10_object_classification,cifar100_object_classification,mnist_digit_classification,emnist_digit_classification,hyperkvasir_anatomical-landmarks,hyperkvasir_pathological-findings,hyperkvasir_quality-of-mucosal-views,hyperkvasir_therapeutic-interventions,cholec80_grasper_presence,cholec80_bipolar_presence,cholec80_hook_presence,cholec80_scissors_presence,cholec80_clipper_presence,cholec80_irrigator_presence,cholec80_specimenbag_presence,derm7pt_skin_lesions,idle_action_recognition,barretts_esophagus_diagnosis,brain_tumor_classification,mednode_melanoma_classification,brain_tumor_type_classification,chexpert_enlarged_cardiomediastinum,chexpert_cardiomegaly,chexpert_lung_opacity,chexpert_lung_lesion,chexpert_edema,chexpert_consolidation,chexpert_pneumonia,chexpert_atelectasis,chexpert_pneumothorax,chexpert_pleural_effusion,chexpert_pleural_other,chexpert_fracture,chexpert_support_devices,pneumonia_classification,ph2-melanocytic-lesions-classification,covid_xray_classification,isic20_melanoma_classification,deep_drid_dr_level,shenzen_chest_xray_tuberculosis,crawled_covid_ct_classification,deep_drid_quality,deep_drid_clarity,deep_drid_field,deep_drid_artifact,kvasir_capsule_anatomy,kvasir_capsule_content,kvasir_capsule_pathologies,breast_cancer_classification_v2,eye_condition_classification,mura_xr_wrist,mura_xr_shoulder,mura_xr_humerus,mura_xr_hand,mura_xr_forearm,mura_xr_finger,mura_xr_elbow,bean_plant_disease_classification,aptos19_blindness_detection,lapgyn4_anatomical_structures --shrink_train 800,lapgyn4_surgical_actions --shrink_train 800,lapgyn4_instrument_count --shrink_train 800,lapgyn4_anatomical_actions --shrink_train 800,laryngeal_tissues --shrink_train 800,nerthus_bowel_cleansing_quality --shrink_train 800,svhn --shrink_train 800,cifar10_object_classification --shrink_train 800,mnist_digit_classification --shrink_train 800,hyperkvasir_anatomical-landmarks --shrink_train 800,hyperkvasir_pathological-findings --shrink_train 800,hyperkvasir_quality-of-mucosal-views --shrink_train 800,hyperkvasir_therapeutic-interventions --shrink_train 800,cholec80_grasper_presence --shrink_train 800,cholec80_bipolar_presence --shrink_train 800,cholec80_hook_presence --shrink_train 800,cholec80_scissors_presence --shrink_train 800,cholec80_clipper_presence --shrink_train 800,cholec80_irrigator_presence --shrink_train 800,cholec80_specimenbag_presence --shrink_train 800,idle_action_recognition --shrink_train 800,brain_tumor_classification --shrink_train 800,brain_tumor_type_classification --shrink_train 800,chexpert_enlarged_cardiomediastinum --shrink_train 800,chexpert_cardiomegaly --shrink_train 800,chexpert_lung_opacity --shrink_train 800,chexpert_lung_lesion --shrink_train 800,chexpert_edema --shrink_train 800,chexpert_consolidation --shrink_train 800,chexpert_pneumonia --shrink_train 800,chexpert_atelectasis --shrink_train 800,chexpert_pneumothorax --shrink_train 800,chexpert_pleural_effusion --shrink_train 800,chexpert_pleural_other --shrink_train 800,chexpert_fracture --shrink_train 800,chexpert_support_devices --shrink_train 800,pneumonia_classification --shrink_train 800,covid_xray_classification --shrink_train 800,isic20_melanoma_classification --shrink_train 800,deep_drid_dr_level --shrink_train 800,deep_drid_quality --shrink_train 800,deep_drid_clarity --shrink_train 800,deep_drid_field --shrink_train 800,deep_drid_artifact --shrink_train 800,kvasir_capsule_anatomy --shrink_train 800,kvasir_capsule_content --shrink_train 800,kvasir_capsule_pathologies --shrink_train 800,mura_xr_wrist --shrink_train 800,mura_xr_shoulder --shrink_train 800,mura_xr_humerus --shrink_train 800,mura_xr_hand --shrink_train 800,mura_xr_forearm --shrink_train 800,mura_xr_finger --shrink_train 800,mura_xr_elbow --shrink_train 800,bean_plant_disease_classification --shrink_train 800,aptos19_blindness_detection --shrink_train 800
lapgyn4_anatomical_structures,0.0,0.001232230570167303,0.0013529231073334813,0.0019736241083592176,0.00413122633472085,0.005456662271171808,0.009578959085047245,0.003638452384620905,0.003325351746752858,0.008310684002935886,0.0030559792649000883,0.002872945973649621,0.003856293624266982,0.0036932781804353,0.011290372349321842,0.011388823390007019,0.0023890866432338953,0.002248126082122326,0.003187531139701605,0.0026005611289292574,0.0018134732963517308,0.0018375226063653827,0.001839896896854043,0.0018159187166020274,0.001818847842514515,0.001824239152483642,0.0018219954799860716,0.004001695662736893,0.0036952306982129812,0.004035162273794413,0.0067097642458975315,0.005090175196528435,0.006748293526470661,0.004137243609875441,0.004198647569864988,0.004400320816785097,0.004104338586330414,0.004470787476748228,0.004099903628230095,0.004065841902047396,0.004523642361164093,0.004347746726125479,0.004254874773323536,0.004072172567248344,0.00421986123546958,0.004551983904093504,0.005613352637737989,0.004478998016566038,0.005626887548714876,0.004981562960892916,0.008569523692131042,0.005909171421080828,0.004500037990510464,0.008637097664177418,0.008566238917410374,0.008624057285487652,0.008697636425495148,0.0048414189368486404,0.00470178434625268,0.004706834442913532,0.007245650049299002,0.013365727849304676,0.004885512869805098,0.004060662351548672,0.004585484974086285,0.004994448274374008,0.0042715673334896564,0.004397563170641661,0.004642085637897253,0.005616356153041124,0.006848715711385012,,0.0014137527905404568,0.0013420565519481897,0.0019998885691165924,0.009481439366936684,0.0036426084116101265,0.0082695372402668,0.003907944541424513,0.01145006250590086,0.002381041180342436,0.0022319406270980835,0.0031933633144944906,0.0026188513729721308,0.0018409362528473139,0.0018416346283629537,0.0018353010527789593,0.0018662804504856467,0.0018660040805116296,0.0017915198113769293,0.0018768287263810635,0.0037325506564229727,0.006690585520118475,0.006720887031406164,0.0042350152507424355,0.0042030299082398415,0.004413224756717682,0.00415133498609066,0.004460465628653765,0.004137723706662655,0.0040702372789382935,0.00445592449977994,0.004407791420817375,0.004336003214120865,0.004042680375277996,0.00422425102442503,0.0045574503019452095,0.005638835020363331,0.005659761372953653,0.005014891270548105,0.008559693582355976,0.008597174659371376,0.00858012493699789,0.008570668287575245,0.008629610762000084,0.004830379970371723,0.004753805696964264,0.004725262522697449,0.004930098541080952,0.004019114188849926,0.0045791869051754475,0.004997984040528536,0.004302612971514463,0.004446748178452253,0.004614367615431547,0.005639881361275911,0.006880826782435179
lapgyn4_surgical_actions,0.001232230570167303,0.0,0.0008143051527440548,0.0010261752177029848,0.0040473355911672115,0.005432845093309879,0.009402559138834476,0.003428733441978693,0.0029869249556213617,0.007988584227859974,0.002685194369405508,0.0024717568885535,0.003473806194961071,0.0033420859836041927,0.01093870960175991,0.011042449623346329,0.002519498346373439,0.002406967571005225,0.0031017200089991093,0.0024009367916733027,0.0014372862642630935,0.001444174675270915,0.0014399668434634805,0.001424369402229786,0.0014336012536659837,0.0014400248182937503,0.0014170646900311112,0.003832833142951131,0.0032279067672789097,0.003859491553157568,0.006617655977606773,0.0050604380667209625,0.00640525296330452,0.003826273139566183,0.003876626258715987,0.004067682661116123,0.003798656864091754,0.00413111736997962,0.0037858416326344013,0.003756075631827116,0.004197223577648401,0.004016782622784376,0.0039234887808561325,0.0037680277600884438,0.003917836118489504,0.004212186671793461,0.005320215597748756,0.0043543362990021706,0.005321720149368048,0.004964285064488649,0.008345961570739746,0.005523217376321554,0.004074410069733858,0.008412495255470276,0.008343043737113476,0.008394920267164707,0.008472380228340626,0.004457494243979454,0.004366493783891201,0.004379033576697111,0.0069101001136004925,0.013043047860264778,0.004362848587334156,0.003673319239169359,0.004201030358672142,0.004488425329327583,0.0037696813233196735,0.003926568664610386,0.004168073646724224,0.005352059379220009,0.00657600536942482,0.0012704780092462897,,0.0008108826586976647,0.0010324185714125633,0.009304449893534184,0.0034392999950796366,0.007946597412228584,0.0035257942508906126,0.011098142713308334,0.0025397578720003366,0.0023745044600218534,0.003092122497037053,0.0024213131982833147,0.0014582627918571234,0.0014525693841278553,0.001445650588721037,0.00147356151137501,0.001452573691494763,0.001406144700013101,0.0014774140436202288,0.0032469506841152906,0.006593579426407814,0.00638021482154727,0.003918236121535301,0.0038802637718617916,0.0040741669945418835,0.00384048861451447,0.0041285911574959755,0.0038235820829868317,0.0037679215893149376,0.004124779719859362,0.004072324372828007,0.004006491973996162,0.0037359707057476044,0.003914589527994394,0.004215293098241091,0.005340413190424442,0.005355889443308115,0.005007379222661257,0.008334959857165813,0.008373655378818512,0.008355324156582355,0.008343645371496677,0.008404990658164024,0.004451767075806856,0.0044135237112641335,0.004390794318169355,0.0044084154069423676,0.0036297638434916735,0.004181566182523966,0.0044907256960868835,0.0038085668347775936,0.003976637031883001,0.0041509391739964485,0.0053748637437820435,0.0066084349527955055
lapgyn4_instrument_count,0.0013529231073334813,0.0008143051527440548,0.0,0.0008969551417976618,0.0038561318069696426,0.005367301870137453,0.009251011535525322,0.0033876709640026093,0.0028853730764240026,0.007855555973947048,0.00257771834731102,0.002370688831433654,0.0033811924513429403,0.0032434999011456966,0.010780560784041882,0.010881450027227402,0.002442000899463892,0.002314887475222349,0.0031218405347317457,0.0025156817864626646,0.0012699898798018694,0.0012810967164114118,0.0012818657560274005,0.001262267236597836,0.0012727848952636123,0.0012754438212141395,0.001249476452358067,0.0037221424281597137,0.0033037965185940266,0.003857918083667755,0.006441771984100342,0.004885443486273289,0.006348948925733566,0.003822851227596402,0.003891067113727331,0.004090421833097935,0.0037945746444165707,0.004157511051744223,0.0037870374508202076,0.0037566334940493107,0.004218811634927988,0.004034630488604307,0.003938369452953339,0.0037580919452011585,0.003921987023204565,0.00423929700627923,0.005280843935906887,0.004250267054885626,0.00529197184368968,0.004865006078034639,0.008131084032356739,0.005552651360630989,0.004043616820126772,0.008197369053959846,0.008128706365823746,0.008181479759514332,0.008257227949798107,0.00430856179445982,0.004242201801389456,0.004260591696947813,0.006883431226015091,0.012854214757680893,0.004290134180337191,0.0035983894485980272,0.004061729647219181,0.004470425192266703,0.0036691075656563044,0.003850390203297138,0.004068063572049141,0.005289007909595966,0.006388416048139334,0.0013870799448341131,0.0009090217645280063,,0.0009252669406123459,0.009153606370091438,0.003401888068765402,0.007814973592758179,0.003430305514484644,0.010939279571175575,0.002458730712532997,0.002278343541547656,0.003114251187071204,0.0025347121991217136,0.0012994389981031418,0.0012901307782158256,0.0012929809745401144,0.0013028328539803624,0.0012875630054622889,0.0012401551939547062,0.0013012614799663424,0.0033343948889523745,0.006419522687792778,0.006325563881546259,0.003919708542525768,0.00389475142583251,0.004097483120858669,0.0038409095723181963,0.00415062764659524,0.0038232221268117428,0.0037650568410754204,0.004147070460021496,0.004096193239092827,0.004023388493806124,0.0037249703891575336,0.003924518823623657,0.004243719857186079,0.0053042760118842125,0.00532493507489562,0.004907529801130295,0.008121069520711899,0.008158746175467968,0.008140668272972107,0.008130369707942009,0.008190302178263664,0.004303989466279745,0.004286144394427538,0.004274057224392891,0.004334237892180681,0.0035529902670532465,0.004045550711452961,0.004473235458135605,0.0037047455552965403,0.0038974343333393335,0.00404974352568388,0.005311728920787573,0.006421762052923441
lapgyn4_anatomical_actions,0.0019736241083592176,0.0010261752177029848,0.0008969551417976618,0.0,0.004531488753855228,0.006008991040289402,0.009817758575081825,0.004094048868864775,0.0033506397157907486,0.008374499157071114,0.00305027118884027,0.002837520092725754,0.003863921156153083,0.0037423099856823683,0.01129478495568037,0.01140248216688633,0.003256593830883503,0.0031265646684914827,0.0038283362518996,0.0031685237772762775,0.0019009512616321445,0.0019075426971539855,0.0019038825994357467,0.0018847326282411814,0.0019034030847251415,0.0019064272055402398,0.0018677141051739454,0.004346067551523447,0.003783745691180229,0.004450876731425524,0.007116822525858879,0.005537741351872683,0.0068918620236217976,0.004389278125017881,0.004451049957424402,0.004638243932276964,0.004367999732494354,0.004700034856796265,0.004353554453700781,0.004330653231590986,0.004767878912389278,0.004580894485116005,0.004491065628826618,0.0043373992666602135,0.004482883494347334,0.004775741137564182,0.005825801286846399,0.004881799221038818,0.005832168273627758,0.005526153836399317,0.00879404041916132,0.006037099286913872,0.0045892647467553616,0.008861015550792217,0.008791987784206867,0.008841863833367825,0.008919639512896538,0.004943829961121082,0.004885134752839804,0.004907134920358658,0.007426113821566105,0.013447191566228867,0.00477913673967123,0.004179494921118021,0.004625341389328241,0.004947853274643421,0.004169865045696497,0.0043348451144993305,0.004594740457832813,0.005814851727336645,0.007025992497801781,0.0020101999398320913,0.0011488351738080382,0.0009025922045111656,,0.009720190428197384,0.004109857603907585,0.008334886282682419,0.0039141541346907616,0.011452889069914818,0.003279489930719137,0.0030853699427098036,0.003815652569755912,0.003188509028404951,0.0019351191585883498,0.001918035326525569,0.0019202048424631357,0.0019388787914067507,0.0018982815090566874,0.0018627708777785301,0.0019293242366984487,0.003805088810622692,0.0070928060449659824,0.006871736142784357,0.004480208270251751,0.004456454887986183,0.004644182976335287,0.004412869457155466,0.004697663243860006,0.0043898639269173145,0.004341600462794304,0.004695373121649027,0.004636372439563274,0.004574317019432783,0.004308652598410845,0.0044793314300477505,0.004780945368111134,0.005847298540174961,0.005864549428224564,0.005572596099227667,0.008782921358942986,0.008823519572615623,0.008804515935480595,0.008791026659309864,0.008852844126522541,0.004939092323184013,0.004930454771965742,0.0049156807363033295,0.004824386443942785,0.004131551366299391,0.004602295812219381,0.004948566667735577,0.004209021106362343,0.004382285289466381,0.0045794155448675156,0.005837948527187109,0.0070589398965239525
sklin2_skin_lesions,0.00413122633472085,0.0040473355911672115,0.0038561318069696426,0.004531488753855228,0.0,0.005844678729772568,0.009095249697566032,0.004401165060698986,0.0033922833390533924,0.007944335229694843,0.0030996911227703094,0.0029071930330246687,0.0038500125519931316,0.003640600014477968,0.010879317298531532,0.01093930471688509,0.0032410628627985716,0.0033147979993373156,0.004308243747800589,0.003954549785703421,0.003709083655849099,0.003739907406270504,0.0037402997259050608,0.0037290630862116814,0.0037277669180184603,0.003724281908944249,0.003724901005625725,0.002175426809117198,0.004307457245886326,0.0037057737354189157,0.006347426678985357,0.0037108901888132095,0.00643068877980113,0.004526406992226839,0.004618521314114332,0.004809493198990822,0.0044910358265042305,0.00488088047131896,0.0044919755309820175,0.004448750056326389,0.004946068860590458,0.0047750817611813545,0.00464974669739604,0.0044091674499213696,0.004662605468183756,0.0049596489407122135,0.0061318217776715755,0.002320311265066266,0.006158297415822744,0.003159998217597604,0.00739801861345768,0.006509538274258375,0.004533043596893549,0.007479523774236441,0.007406827062368393,0.007463529240339994,0.007538878824561834,0.004435576498508453,0.004216991830617189,0.0042542219161987305,0.006777437869459391,0.012409744784235954,0.005070007871836424,0.004328533541411161,0.004738613497465849,0.00545465387403965,0.004486583173274994,0.004663313273340464,0.004721865989267826,0.005440148059278727,0.0056014773435890675,0.004143066238611937,0.0040818010456860065,0.0039031209889799356,0.004539562854915857,0.009007886983454227,0.004423612263053656,0.007905090227723122,0.003895194036886096,0.011043078266084194,0.003262454643845558,0.0032726433128118515,0.004305710084736347,0.003996795974671841,0.0036948625929653645,0.003754913806915283,0.003765375353395939,0.0037609925493597984,0.0037851498927921057,0.0037040074821561575,0.0037260856479406357,0.004400571342557669,0.006338135804980993,0.006406003143638372,0.004639505408704281,0.004629180766642094,0.0048182266764342785,0.004547827877104282,0.004855761304497719,0.004517627879977226,0.004449956119060516,0.004877294413745403,0.004840230103582144,0.004734382499009371,0.004378985613584518,0.004679745528846979,0.004975809250026941,0.0061532738618552685,0.006186349783092737,0.0031919036991894245,0.007393985986709595,0.0074298195540905,0.007426280993968248,0.007406857330352068,0.0074701267294585705,0.0044183069840073586,0.004254315048456192,0.004264772403985262,0.00511501869186759,0.00427714828401804,0.004747502040117979,0.005458562634885311,0.0045045833103358746,0.004701466765254736,0.004687731619924307,0.0054535469971597195,0.005631417967379093
identify_nbi_infframes,0.005456662271171808,0.005432845093309879,0.005367301870137453,0.006008991040289402,0.005844678729772568,0.0,0.009108472615480423,0.0063385250978171825,0.004940959624946117,0.008577600121498108,0.00469599012285471,0.004530051723122597,0.0053779431618750095,0.005122175440192223,0.01175335980951786,0.011769677512347698,0.005166660062968731,0.005151576828211546,0.006050127558410168,0.005518273916095495,0.00530741224065423,0.005348151084035635,0.005336074158549309,0.005313095171004534,0.005319683812558651,0.005316765047609806,0.005351201165467501,0.005345063749700785,0.00573973311111331,0.0053243860602378845,0.0074394685216248035,0.006573900580406189,0.008281778544187546,0.006141254212707281,0.006112593226134777,0.006257651373744011,0.006119473837316036,0.0062996819615364075,0.006092912517488003,0.006070986390113831,0.006354889832437038,0.0062750861980021,0.006148645654320717,0.0060809701681137085,0.00615948811173439,0.006361772306263447,0.007629891391843557,0.005803378764539957,0.007693407591432333,0.0059183137491345406,0.00991500448435545,0.008254005573689938,0.006459904834628105,0.009976084344089031,0.009918027557432652,0.009968835860490799,0.010041669011116028,0.007014203816652298,0.006825410760939121,0.006849984172731638,0.007651675026863813,0.014631733298301697,0.00661258352920413,0.005963333882391453,0.006199671421200037,0.007123271003365517,0.0059939161874353886,0.006093828938901424,0.006353572942316532,0.007268334273248911,0.008432296104729176,0.005479144398123026,0.005409498233348131,0.005403486080467701,0.006039021071046591,0.00901133380830288,0.006363425403833389,0.008563574403524399,0.005418412387371063,0.011912095360457897,0.005145607981830835,0.005113321356475353,0.006067698821425438,0.005558869801461697,0.005299600772559643,0.005319902673363686,0.005360472481697798,0.00537962606176734,0.005382424220442772,0.005312702618539333,0.005328523926436901,0.005839938297867775,0.007448635995388031,0.0082530677318573,0.006224535405635834,0.00612411554902792,0.006277876906096935,0.006208340171724558,0.00626860186457634,0.006112415809184313,0.006072608754038811,0.0063024344854056835,0.006327074486762285,0.006220701150596142,0.006074064411222935,0.006165384780615568,0.006391006056219339,0.00765762384980917,0.0077207013964653015,0.0059672389179468155,0.009908859618008137,0.009946062229573727,0.009917161427438259,0.009912638925015926,0.00997504498809576,0.007006938569247723,0.006861571222543716,0.006864093244075775,0.006656281184405088,0.0059135425835847855,0.0062255049124360085,0.007128902245312929,0.006012822035700083,0.006112796254456043,0.0063201189041137695,0.007292934227734804,0.008467028848826885
laryngeal_tissues,0.009578959085047245,0.009402559138834476,0.009251011535525322,0.009817758575081825,0.009095249697566032,0.009108472615480423,0.0,0.01002802699804306,0.0077335224486887455,0.008225636556744576,0.007362013682723045,0.007362302392721176,0.007051488850265741,0.006671278737485409,0.01318063959479332,0.013224984519183636,0.00924726389348507,0.009184976108372211,0.00987627450376749,0.009528452530503273,0.009408373385667801,0.009442725218832493,0.00942868459969759,0.009415261447429657,0.009420779533684254,0.0094192149117589,0.009431139566004276,0.008448556996881962,0.009467534720897675,0.00898183137178421,0.010305684059858322,0.009625263512134552,0.011562730185687542,0.009975608438253403,0.009988535195589066,0.010108978487551212,0.009967975318431854,0.010148165747523308,0.00994328036904335,0.009925886988639832,0.010212351568043232,0.01011255569756031,0.009998121298849583,0.009949339553713799,0.010005482472479343,0.010203737765550613,0.011266982182860374,0.00928348209708929,0.011326192878186703,0.008719353936612606,0.013314769603312016,0.011963801458477974,0.009901762008666992,0.013382578268647194,0.013320716097950935,0.013371525332331657,0.013444139622151852,0.010231179185211658,0.010020258836448193,0.010062229819595814,0.011023280210793018,0.01793541945517063,0.009941395372152328,0.009637091308832169,0.009815842844545841,0.01059703528881073,0.009479815140366554,0.009538382291793823,0.009760882705450058,0.010575348511338234,0.011911317706108093,0.009598108939826488,0.009512369520962238,0.009299988858401775,0.009834998287260532,,0.010060382075607777,0.008232579566538334,0.007062191143631935,0.013335084542632103,0.00924768391996622,0.009147515520453453,0.00988223496824503,0.009570135734975338,0.00938122346997261,0.009438692592084408,0.009454598650336266,0.009471924975514412,0.009476904757320881,0.009398180060088634,0.009419482201337814,0.009580330923199654,0.010298467241227627,0.011540410108864307,0.010066627524793148,0.010002896189689636,0.010120723396539688,0.01005723886191845,0.010127292014658451,0.009967566467821598,0.00993786659091711,0.010158072225749493,0.01016561221331358,0.010068319737911224,0.009944144636392593,0.010002288967370987,0.010236593894660473,0.011288867332041264,0.011349772103130817,0.008777538314461708,0.013309932313859463,0.013352460227906704,0.013325350359082222,0.013313114643096924,0.013377505354583263,0.010217593982815742,0.010058113373816013,0.01007906161248684,0.009988929145038128,0.00958370789885521,0.009833474643528461,0.0105998320505023,0.009493563324213028,0.009566999040544033,0.00974323134869337,0.010596182197332382,0.011942117474973202
nerthus_bowel_cleansing_quality,0.003638452384620905,0.003428733441978693,0.0033876709640026093,0.004094048868864775,0.004401165060698986,0.0063385250978171825,0.01002802699804306,0.0,0.003768766298890114,0.008351953700184822,0.0032654288224875927,0.0030568495858460665,0.00402453076094389,0.003855704329907894,0.011296735145151615,0.011391028761863708,0.0022922486532479525,0.0019440014148131013,0.0012407999020069838,0.001956051914021373,0.002845664042979479,0.0028422100003808737,0.0028329757042229176,0.0028566992841660976,0.002858078805729747,0.0028374644462019205,0.002849307842552662,0.004230698570609093,0.0030659863259643316,0.0045137773267924786,0.007112729828804731,0.005741813685745001,0.0064907255582511425,0.004297975450754166,0.004274848848581314,0.004468941129744053,0.004244849551469088,0.004517505876719952,0.00423264317214489,0.004186933860182762,0.0045954142697155476,0.0044656237587332726,0.0043246992863714695,0.004203924909234047,0.004390720743685961,0.004608488176018,0.005993355065584183,0.004715923219919205,0.005993004888296127,0.0054593151435256,0.008321000263094902,0.006238341797143221,0.004173417575657368,0.008384288288652897,0.00831353198736906,0.008369643241167068,0.008448057807981968,0.0037909564562141895,0.0036673545837402344,0.0036488755140453577,0.007475845981389284,0.013128173537552357,0.0048273829743266106,0.003758421167731285,0.004220102448016405,0.005007225554436445,0.004112692549824715,0.004173646215349436,0.004336933605372906,0.006290620192885399,0.006471710745245218,0.003662379924207926,0.003577237483114004,0.003395266132429242,0.004080228041857481,0.009928402490913868,,0.008300243876874447,0.004068362060934305,0.011457054875791073,0.002334436634555459,0.001985450042411685,0.0012458490673452616,0.0019381350139155984,0.002832430647686124,0.002882246859371662,0.0028729650657624006,0.0028847521170973778,0.0028843958862125874,0.0028538836631923914,0.002872129436582327,0.0030889464542269707,0.0070923673920333385,0.006463542580604553,0.004407841712236404,0.004287051968276501,0.004474796820431948,0.00430468050763011,0.004494757391512394,0.004265491385012865,0.004199601244181395,0.004524047952145338,0.004536248743534088,0.004414791706949472,0.004163883626461029,0.004396858625113964,0.004623134154826403,0.006007685791701078,0.006029285024851561,0.005507300142198801,0.008312555961310863,0.008337767794728279,0.008321511559188366,0.008318504318594933,0.008370715193450451,0.003789044450968504,0.003711287397891283,0.003656060667708516,0.004863270558416843,0.0037060442846268415,0.004216392990201712,0.00501535227522254,0.004142641089856625,0.004222625866532326,0.0042984201572835445,0.0063111730851233006,0.006501136813312769
stanford_dogs_image_categorization,0.003325351746752858,0.0029869249556213617,0.0028853730764240026,0.0033506397157907486,0.0033922833390533924,0.004940959624946117,0.0077335224486887455,0.003768766298890114,0.0,0.006362854968756437,0.001297162496484816,0.0011713642161339521,0.0018964615883305669,0.0019001393811777234,0.00937098078429699,0.009470075368881226,0.0030615143477916718,0.003029953222721815,0.0036513505037873983,0.0031060681212693453,0.0030569140799343586,0.0030724143143743277,0.0030630924738943577,0.003061993047595024,0.0030600186437368393,0.0030667074024677277,0.0030620985198765993,0.0031563006341457367,0.003425281262025237,0.003010706277564168,0.005455186124891043,0.004155862610787153,0.005418590735644102,0.0036607449874281883,0.003688700497150421,0.0038442707154899836,0.0036460096016526222,0.003892779117450118,0.0036319917999207973,0.0036003668792545795,0.00395622244104743,0.00382191757671535,0.0037160131614655256,0.003637421876192093,0.003730461932718754,0.003960317000746727,0.00495265144854784,0.003663234645500779,0.004982759244740009,0.00414550444111228,0.007332999724894762,0.005400734953582287,0.003473760327324271,0.00739901140332222,0.007333829998970032,0.007380835711956024,0.0074559226632118225,0.004062531981617212,0.003846321254968643,0.0038769349921494722,0.005781757645308971,0.01185089536011219,0.0036952216178178787,0.0033452152274549007,0.003550194902345538,0.004255309235304594,0.0031353721860796213,0.003362836316227913,0.0035107056610286236,0.0045572808012366295,0.005714430473744869,0.003340683411806822,0.003048691898584366,0.002914321143180132,0.0033605732023715973,0.0076386830769479275,0.003802396124228835,0.006325863767415285,0.0019400243181735277,0.009532376192510128,0.003077323315665126,0.002997521311044693,0.0036397245712578297,0.003144047688692808,0.0030379474628716707,0.003094202373176813,0.003102678107097745,0.003102079266682267,0.003110457444563508,0.0030471752397716045,0.0030650703702121973,0.0034920002799481153,0.005434551741927862,0.005406523589044809,0.0037525182124227285,0.0037009925581514835,0.0038593311328440905,0.0037167267873883247,0.003884365549311042,0.003666412550956011,0.0036110321525484324,0.0038913246244192123,0.003877179929986596,0.0037949606776237488,0.003618177492171526,0.003717627841979265,0.003986292518675327,0.0049711898900568485,0.005007579457014799,0.004205179866403341,0.007325081154704094,0.007366714999079704,0.0073427073657512665,0.007325995713472366,0.007386063691228628,0.004055273253470659,0.003895183326676488,0.0038887246046215296,0.003744723042473197,0.003289991756901145,0.0035458647180348635,0.004259723238646984,0.0031621200032532215,0.0033986512571573257,0.0034849587827920914,0.004573104903101921,0.005739312618970871
svhn,0.008310684002935886,0.007988584227859974,0.007855555973947048,0.008374499157071114,0.007944335229694843,0.008577600121498108,0.008225636556744576,0.008351953700184822,0.006362854968756437,0.0,0.0059185512363910675,0.005819213576614857,0.004613796714693308,0.0042245956137776375,0.009827845729887486,0.009838827885687351,0.007788065355271101,0.00772864418104291,0.008276356384158134,0.007839898578822613,0.007862892001867294,0.007886876352131367,0.007871853187680244,0.007867739535868168,0.007871504873037338,0.00787028856575489,0.0078772883862257,0.0075847492553293705,0.007888322696089745,0.007648696191608906,0.00903509370982647,0.008915168233215809,0.009953605942428112,0.008249427191913128,0.008260324597358704,0.008397618308663368,0.008238023146986961,0.008435288444161415,0.008218297734856606,0.008198123425245285,0.008494279347360134,0.008384683169424534,0.008276006206870079,0.008219923824071884,0.008273467421531677,0.008491435088217258,0.009523599408566952,0.008185144513845444,0.009573773480951786,0.008351399563252926,0.011875312775373459,0.010198291391134262,0.008050755597651005,0.01194053329527378,0.011878831312060356,0.011925862170755863,0.012001165188848972,0.00864086952060461,0.00840633362531662,0.008446178399026394,0.01002754457294941,0.016444530338048935,0.00798857118934393,0.007821504026651382,0.007918452844023705,0.008699756115674973,0.007540930062532425,0.007483616005629301,0.007813574746251106,0.009406044147908688,0.01037371251732111,0.008340772241353989,0.008013730868697166,0.007891083136200905,0.008383868262171745,0.00819458533078432,0.008385837078094482,,0.0046074725687503815,0.009958350099623203,0.007797446101903915,0.007696962915360928,0.008273478597402573,0.007880352437496185,0.007837122306227684,0.007889708504080772,0.007905751466751099,0.007920438423752785,0.007915633730590343,0.007858537137508392,0.007863924838602543,0.007988117635250092,0.00901003833860159,0.00993459951132536,0.008339310064911842,0.00827317126095295,0.008404014632105827,0.008322430774569511,0.008414246141910553,0.008242212235927582,0.008209390565752983,0.008437318727374077,0.008438225835561752,0.008354795165359974,0.008215131238102913,0.008272443898022175,0.008523315191268921,0.009546086192131042,0.00959507841616869,0.008413325995206833,0.01186856534332037,0.011909112334251404,0.011882571503520012,0.011869862675666809,0.011931546963751316,0.008626427501440048,0.008440251462161541,0.00846112985163927,0.008038336411118507,0.007767148781567812,0.007927162572741508,0.008703537285327911,0.007557825185358524,0.00750585924834013,0.007801321800798178,0.009425388649106026,0.010402032174170017
caltech101_object_classification,0.0030559792649000883,0.002685194369405508,0.00257771834731102,0.00305027118884027,0.0030996911227703094,0.00469599012285471,0.007362013682723045,0.0032654288224875927,0.001297162496484816,0.0059185512363910675,0.0,0.0007207718444988132,0.0016955999890342355,0.001573486253619194,0.008633848279714584,0.00879510398954153,0.0027162786573171616,0.002613339340314269,0.003188039641827345,0.0026781668420881033,0.0026733861304819584,0.002688641892746091,0.002679745201021433,0.0026764417998492718,0.0026793840806931257,0.002683682832866907,0.0026777496095746756,0.0028456468135118484,0.002890963340178132,0.0028857181314378977,0.004910133313387632,0.004026429262012243,0.0049688322469592094,0.0033609357196837664,0.00339788431301713,0.003559596836566925,0.0033449092879891396,0.003607533173635602,0.003330386243760586,0.0033036600798368454,0.00367133691906929,0.0035233558155596256,0.0034220258239656687,0.0033292158041149378,0.0034348827321082354,0.0036724256351590157,0.004663944710046053,0.003429194912314415,0.00468786945566535,0.0038147347513586283,0.006867754738777876,0.005097925662994385,0.002969086170196533,0.006934494245797396,0.006869505159556866,0.006917252670973539,0.006992711685597897,0.0034648722503334284,0.0032780638430267572,0.003312709042802453,0.005495202261954546,0.011428965255618095,0.003235569456592202,0.0028884578496217728,0.0030449884943664074,0.003724405076354742,0.0026375281158834696,0.0027719512581825256,0.0029890930745750666,0.004238368943333626,0.0052875676192343235,0.0030746287666261196,0.0027840568218380213,0.002612706506624818,0.0030559005681425333,0.00726443063467741,0.0032995969522744417,0.005874792579561472,0.0017365975072607398,0.008796842768788338,0.002734496956691146,0.0025818191934376955,0.0031796605326235294,0.002715430920943618,0.0026575899682939053,0.0027108672074973583,0.0027189799584448338,0.0027226244565099478,0.00271980999968946,0.0026650174986571074,0.0026775423903018236,0.0029624244198203087,0.004891985561698675,0.004952834919095039,0.0034530425909906626,0.0034121305216103792,0.0035682369489222765,0.0034171806182712317,0.003597704693675041,0.003363531781360507,0.003314000554382801,0.003607418155297637,0.003580691758543253,0.003503300715237856,0.003311267588287592,0.0034249259624630213,0.003694893792271614,0.004680057056248188,0.004713436122983694,0.0038698026910424232,0.006859704852104187,0.006900195498019457,0.006877262610942125,0.006865410134196281,0.006922747474163771,0.0034553012810647488,0.0033270828425884247,0.0033255568705499172,0.003283240832388401,0.0028296043165028095,0.0030388617888092995,0.003727084957063198,0.002663922496140003,0.002811151323840022,0.0029651157092303038,0.004254174884408712,0.005316725000739098
caltech256_object_classification,0.002872945973649621,0.0024717568885535,0.002370688831433654,0.002837520092725754,0.0029071930330246687,0.004530051723122597,0.007362302392721176,0.0030568495858460665,0.0011713642161339521,0.005819213576614857,0.0007207718444988132,0.0,0.001588008482940495,0.0014592414954677224,0.008607149124145508,0.008754128590226173,0.002507551806047559,0.002417172770947218,0.0030011471826583147,0.0024471553042531013,0.0024296112824231386,0.0024447746109217405,0.002434320282191038,0.0024316541384905577,0.002434605499729514,0.0024390448816120625,0.0024328758008778095,0.0026806944515556097,0.002664984669536352,0.0027019144035875797,0.0048451051115989685,0.0038726807106286287,0.00475804740563035,0.0031029265373945236,0.003145823488011956,0.0033130047377198935,0.0030881972052156925,0.0033610581886023283,0.0030747430864721537,0.00304764648899436,0.0034260638058185577,0.0032730831298977137,0.0031718930695205927,0.0030725605320185423,0.0031872724648565054,0.003428102470934391,0.0044080838561058044,0.0032390637788921595,0.004430423025041819,0.0036769299767911434,0.0066224923357367516,0.004843339789658785,0.0027551252860575914,0.006688309833407402,0.0066240206360816956,0.006670577917248011,0.006747502367943525,0.0032785399816930294,0.0030919136479496956,0.003126582596451044,0.005320481024682522,0.01116632204502821,0.0029730708338320255,0.0026228735223412514,0.0027883045841008425,0.0034915755968540907,0.0023659931030124426,0.0025161472149193287,0.0027262382209300995,0.004066525027155876,0.005040944553911686,0.0028944218065589666,0.002542694564908743,0.002403249964118004,0.0028403233736753464,0.007263967301696539,0.003091686638072133,0.005775999743491411,0.001626388169825077,0.008770172484219074,0.0025289044715464115,0.00238634436391294,0.0029888406861573458,0.0024838470853865147,0.0024107934441417456,0.0024664185475558043,0.0024722302332520485,0.002478040521964431,0.0024751550517976284,0.0024234356824308634,0.0024314175825566053,0.002735122572630644,0.004825328942388296,0.0047409869730472565,0.0031963700894266367,0.0031591306906193495,0.0033196185249835253,0.0031583637464791536,0.0033524041064083576,0.003106885589659214,0.003059012582525611,0.003361303126439452,0.003330841427668929,0.0032541672699153423,0.003053155494853854,0.003178158774971962,0.003451285185292363,0.00442501250654459,0.004455429967492819,0.0037349488120526075,0.00661457609385252,0.006654717959463596,0.006630701012909412,0.006619284860789776,0.006677632685750723,0.0032675303518772125,0.0031401212327182293,0.0031398767605423927,0.00302137341350317,0.002564117545261979,0.0027803124394267797,0.0034945278894156218,0.002392916940152645,0.0025550180580466986,0.002703223843127489,0.004083279054611921,0.005069826263934374
cifar10_object_classification,0.003856293624266982,0.003473806194961071,0.0033811924513429403,0.003863921156153083,0.0038500125519931316,0.0053779431618750095,0.007051488850265741,0.00402453076094389,0.0018964615883305669,0.004613796714693308,0.0016955999890342355,0.001588008482940495,0.0,0.0007341865566559136,0.008332420140504837,0.008444534614682198,0.003479369916021824,0.0034120664931833744,0.003970752935856581,0.003409898839890957,0.0034253294579684734,0.0034404462203383446,0.003428858704864979,0.003432548139244318,0.00343215255998075,0.0034333199728280306,0.003429718781262636,0.003581476164981723,0.003704089904204011,0.003476895624771714,0.005587918683886528,0.004777542781084776,0.00594893516972661,0.004038372542709112,0.004064877983182669,0.004226198885589838,0.0040209018625319,0.004269835539162159,0.0040071080438792706,0.003974621184170246,0.00433976948261261,0.0042019616812467575,0.004096075426787138,0.00400655809789896,0.004107006825506687,0.004345187917351723,0.0054309475235641,0.004122831858694553,0.005451195407658815,0.004662376828491688,0.0078102825209498405,0.005848832428455353,0.0037781447172164917,0.007876729592680931,0.007810597307980061,0.007857397198677063,0.007935947738587856,0.004374029580503702,0.004181344993412495,0.004215206019580364,0.006094865035265684,0.012357586994767189,0.004105965606868267,0.0037239862140268087,0.003973665181547403,0.004568384028971195,0.0035480475053191185,0.0036811577156186104,0.003885736921802163,0.005094887223094702,0.006186357233673334,0.003875955007970333,0.003533020382747054,0.0034083311911672354,0.0038674569223076105,0.0069717164151370525,0.004053876735270023,0.0045602754689753056,,0.008482804521918297,0.003500751918181777,0.0033820488024502993,0.003958700690418482,0.0034478192683309317,0.0034042338375002146,0.0034624699037522078,0.0034683512058109045,0.003470042487606406,0.003475637175142765,0.003421575529500842,0.0034294375218451023,0.003772180527448654,0.005560079123824835,0.005933486390858889,0.004129504319280386,0.004074849188327789,0.0042348564602434635,0.004089108668267727,0.004262506030499935,0.0040379660204052925,0.003991187550127506,0.004274947568774223,0.00425959937274456,0.004177006892859936,0.003986361436545849,0.00409659743309021,0.004370600916445255,0.005449097603559494,0.005477937404066324,0.0047188326716423035,0.007801407482475042,0.007842451333999634,0.007818174548447132,0.007803955115377903,0.007866672240197659,0.004364149644970894,0.004223027266561985,0.004228899255394936,0.004155395552515984,0.003668784396722913,0.0039668697863817215,0.004571591038256884,0.003578595817089081,0.0037195493932813406,0.0038670736830681562,0.00511300889775157,0.006214324850589037
