,lapgyn4_anatomical_structures,lapgyn4_surgical_actions,lapgyn4_instrument_count,lapgyn4_anatomical_actions,sklin2_skin_lesions,identify_nbi_infframes,laryngeal_tissues,nerthus_bowel_cleansing_quality,stanford_dogs_image_categorization,svhn,caltech101_object_classification,caltech256_object_classification,cifar10_object_classification,cifar100_object_classification,mnist_digit_classification,emnist_digit_classification,hyperkvasir_anatomical-landmarks,hyperkvasir_pathological-findings,hyperkvasir_quality-of-mucosal-views,hyperkvasir_therapeutic-interventions,cholec80_grasper_presence,cholec80_bipolar_presence,cholec80_hook_presence,cholec80_scissors_presence,cholec80_clipper_presence,cholec80_irrigator_presence,cholec80_specimenbag_presence,derm7pt_skin_lesions,idle_action_recognition,barretts_esophagus_diagnosis,brain_tumor_classification,mednode_melanoma_classification,brain_tumor_type_classification,chexpert_enlarged_cardiomediastinum,chexpert_cardiomegaly,chexpert_lung_opacity,chexpert_lung_lesion,chexpert_edema,chexpert_consolidation,chexpert_pneumonia,chexpert_atelectasis,chexpert_pneumothorax,chexpert_pleural_effusion,chexpert_pleural_other,chexpert_fracture,chexpert_support_devices,pneumonia_classification,ph2-melanocytic-lesions-classification,covid_xray_classification,isic20_melanoma_classification,deep_drid_dr_level,shenzen_chest_xray_tuberculosis,crawled_covid_ct_classification,deep_drid_quality,deep_drid_clarity,deep_drid_field,deep_drid_artifact,kvasir_capsule_anatomy,kvasir_capsule_content,kvasir_capsule_pathologies,breast_cancer_classification_v2,eye_condition_classification,mura_xr_wrist,mura_xr_shoulder,mura_xr_humerus,mura_xr_hand,mura_xr_forearm,mura_xr_finger,mura_xr_elbow,bean_plant_disease_classification,aptos19_blindness_detection,lapgyn4_anatomical_structures --shrink_train 800,lapgyn4_surgical_actions --shrink_train 800,lapgyn4_instrument_count --shrink_train 800,lapgyn4_anatomical_actions --shrink_train 800,laryngeal_tissues --shrink_train 800,nerthus_bowel_cleansing_quality --shrink_train 800,svhn --shrink_train 800,cifar10_object_classification --shrink_train 800,mnist_digit_classification --shrink_train 800,hyperkvasir_anatomical-landmarks --shrink_train 800,hyperkvasir_pathological-findings --shrink_train 800,hyperkvasir_quality-of-mucosal-views --shrink_train 800,hyperkvasir_therapeutic-interventions --shrink_train 800,cholec80_grasper_presence --shrink_train 800,cholec80_bipolar_presence --shrink_train 800,cholec80_hook_presence --shrink_train 800,cholec80_scissors_presence --shrink_train 800,cholec80_clipper_presence --shrink_train 800,cholec80_irrigator_presence --shrink_train 800,cholec80_specimenbag_presence --shrink_train 800,idle_action_recognition --shrink_train 800,brain_tumor_classification --shrink_train 800,brain_tumor_type_classification --shrink_train 800,chexpert_enlarged_cardiomediastinum --shrink_train 800,chexpert_cardiomegaly --shrink_train 800,chexpert_lung_opacity --shrink_train 800,chexpert_lung_lesion --shrink_train 800,chexpert_edema --shrink_train 800,chexpert_consolidation --shrink_train 800,chexpert_pneumonia --shrink_train 800,chexpert_atelectasis --shrink_train 800,chexpert_pneumothorax --shrink_train 800,chexpert_pleural_effusion --shrink_train 800,chexpert_pleural_other --shrink_train 800,chexpert_fracture --shrink_train 800,chexpert_support_devices --shrink_train 800,pneumonia_classification --shrink_train 800,covid_xray_classification --shrink_train 800,isic20_melanoma_classification --shrink_train 800,deep_drid_dr_level --shrink_train 800,deep_drid_quality --shrink_train 800,deep_drid_clarity --shrink_train 800,deep_drid_field --shrink_train 800,deep_drid_artifact --shrink_train 800,kvasir_capsule_anatomy --shrink_train 800,kvasir_capsule_content --shrink_train 800,kvasir_capsule_pathologies --shrink_train 800,mura_xr_wrist --shrink_train 800,mura_xr_shoulder --shrink_train 800,mura_xr_humerus --shrink_train 800,mura_xr_hand --shrink_train 800,mura_xr_forearm --shrink_train 800,mura_xr_finger --shrink_train 800,mura_xr_elbow --shrink_train 800,bean_plant_disease_classification --shrink_train 800,aptos19_blindness_detection --shrink_train 800
lapgyn4_anatomical_structures,0.0,0.0009245972614735365,0.0009740915847942233,0.0012665163958445191,0.00235605682246387,0.003007692750543356,0.0051100230775773525,0.002122216857969761,0.0019648619927465916,0.004510797094553709,0.0018343452829867601,0.0017443065298721194,0.0022351345978677273,0.002159032505005598,0.00600389065220952,0.00608039228245616,0.0014891265891492367,0.0014326847158372402,0.0018881225259974599,0.0016071045538410544,0.0012132581323385239,0.0012344388524070382,0.0012264575343579054,0.0012132707051932812,0.0012153482530266047,0.0012262933887541294,0.0012184501392766833,0.0023113375063985586,0.0021614287979900837,0.002328900620341301,0.003639492206275463,0.0028487856034189463,0.003694564336910844,0.0023743456695228815,0.002411096589639783,0.0025113963056355715,0.002376177813857794,0.002541640540584922,0.002342201303690672,0.0023422634694725275,0.0025613114703446627,0.0024984863121062517,0.002454964676871896,0.0023387172259390354,0.002417928073555231,0.0025946488603949547,0.003116488689556718,0.0025446941144764423,0.0031110853888094425,0.002804481191560626,0.004589728079736233,0.003269720356911421,0.0025594064500182867,0.004586235154420137,0.004603491630405188,0.004606247413903475,0.004660543520003557,0.002738986862823367,0.002660914557054639,0.0026785319205373526,0.0039288997650146484,0.007074698805809021,0.002744284924119711,0.0023300580214709044,0.002595803700387478,0.0028152356389909983,0.00244512059725821,0.0025113378651440144,0.002628650516271591,0.003122028661891818,0.003792235627770424,,0.0010202942648902535,0.0009790679905563593,0.0012923035537824035,0.005057132337242365,0.0021418866235762835,0.004482053220272064,0.002255146624520421,0.0060493783093988895,0.001499472069554031,0.001422468456439674,0.0018927118508145213,0.0016066791722550988,0.0012283007381483912,0.0012316389475017786,0.0012364250142127275,0.001251090900041163,0.0012449657078832388,0.0012124876957386732,0.001252660877071321,0.0021738559007644653,0.003639485687017441,0.003687315620481968,0.0024166987277567387,0.002417996758595109,0.0025212359614670277,0.00238671712577343,0.00252479687333107,0.0023630328942090273,0.0023309083189815283,0.002527127740904689,0.002515170257538557,0.002459209877997637,0.002324803499504924,0.002405711915344,0.0025942265056073666,0.003125459887087345,0.0031329111661762,0.002806580625474453,0.004607100505381823,0.004604736343026161,0.004645758308470249,0.00456486688926816,0.004641335923224688,0.002740569645538926,0.002681358717381954,0.0026736187282949686,0.0027702017687261105,0.0023084073327481747,0.0025915545411407948,0.002802336821332574,0.0024525774642825127,0.0025384908076375723,0.0026075015775859356,0.0031413668766617775,0.00371910841204226
lapgyn4_surgical_actions,0.0009245972614735365,0.0,0.0007063811062835157,0.0007992656319402158,0.002317774575203657,0.003000478493049741,0.005029759835451841,0.0020207951311022043,0.00180174526758492,0.004356008023023605,0.0016555124893784523,0.0015491537051275373,0.002050959039479494,0.001989929471164942,0.005833239760249853,0.005912352353334427,0.0015546244103461504,0.0015006344765424728,0.001845459803007543,0.001504383166320622,0.0010131095768883824,0.0010238343384116888,0.0010164408013224602,0.0010137555655092,0.0010085937101393938,0.0010212799534201622,0.001012828084640205,0.0022340202704072,0.0019223359413444996,0.002251832513138652,0.0035987498704344034,0.0028447743970900774,0.0035289237275719643,0.002226524753496051,0.002257423009723425,0.0023523150011897087,0.002231754595413804,0.0023802397772669792,0.0021942327730357647,0.0021955142728984356,0.0024056255351752043,0.002339083468541503,0.002297755563631654,0.002192986663430929,0.002272083191201091,0.0024325742851942778,0.0029744780622422695,0.002488402184098959,0.002963598119094968,0.002804098417982459,0.0044838301837444305,0.003086503129452467,0.0023473661858588457,0.004479964263737202,0.004496441222727299,0.004497305490076542,0.004552793223410845,0.0025493083521723747,0.0024955947883427143,0.0025188575964421034,0.0037700599059462547,0.006919114384800196,0.0024880862329155207,0.0021401632111519575,0.002407223219051957,0.0025673864874988794,0.002199087757617235,0.002279828302562237,0.0023990070912986994,0.0029942868277430534,0.0036617168225347996,0.000928536697756499,,0.0007071140571497381,0.000811397738289088,0.004975365474820137,0.0020444130059331656,0.004325545392930508,0.002072226954624057,0.005878705997020006,0.0015784237766638398,0.0014938897220417857,0.0018453793600201607,0.0015125996433198452,0.0010246561141684651,0.0010265634628012776,0.0010219017276540399,0.0010396557627245784,0.001020714407786727,0.0010085422545671463,0.0010421136394143105,0.0019295734819024801,0.00359622435644269,0.003523035906255245,0.0022666696459054947,0.0022610672749578953,0.002357655204832554,0.002238164423033595,0.0023674904368817806,0.0022157765924930573,0.0021877626422792673,0.002370008733123541,0.002355508040636778,0.0023032173048704863,0.0021780941169708967,0.0022578202188014984,0.0024305337574332952,0.002980788704007864,0.0029870017897337675,0.002812422579154372,0.004502140451222658,0.004497588146477938,0.004538521636277437,0.004456478636711836,0.004535331856459379,0.0025506028905510902,0.002512444742023945,0.0025115497410297394,0.0025154214818030596,0.002118719508871436,0.002398150274530053,0.0025554902385920286,0.0022105027455836535,0.002308403141796589,0.002379925921559334,0.00301439524628222,0.0035874356981366873
lapgyn4_instrument_count,0.0009740915847942233,0.0007063811062835157,0.0,0.0007398696034215391,0.0021986868232488632,0.0029480690136551857,0.004929397255182266,0.001977409003302455,0.0017270849784836173,0.0042647491209208965,0.0015784301795065403,0.0014737901510670781,0.001979570835828781,0.001916069071739912,0.005728103220462799,0.0058067128993570805,0.0014957711100578308,0.0014356623869389296,0.0018338270019739866,0.0015399424592033029,0.0009182898211292922,0.0009334511705674231,0.0009263098472729325,0.0009205181268043816,0.000916309654712677,0.0009296226780861616,0.0009202957735396922,0.00215424713678658,0.0019431787077337503,0.0022249615285545588,0.003487279871478677,0.002735149348154664,0.0034737687092274427,0.0022019208408892155,0.0022413763217628,0.002340135630220175,0.002206063363701105,0.002369339345023036,0.002170494757592678,0.0021720225922763348,0.0023922291584312916,0.0023254002444446087,0.0022816783748567104,0.002165191574022174,0.002251748461276293,0.002423216588795185,0.002932497998699546,0.0024116900749504566,0.0029259538277983665,0.0027277986519038677,0.00434828270226717,0.003076831577345729,0.0023118876852095127,0.004344036336988211,0.004360875580459833,0.004362373147159815,0.004416970070451498,0.0024554524570703506,0.002413547597825527,0.002437202725559473,0.0037317946553230286,0.006796781439334154,0.002428175648674369,0.0020786134991794825,0.0023122569546103477,0.002535061212256551,0.0021224033553153276,0.00221686321310699,0.002323050517588854,0.002945210551843047,0.003540381556376815,0.0009794305078685284,0.0007534255273640156,,0.0007579058292321861,0.004875122103840113,0.0020008753053843975,0.004234760999679565,0.002000411506742239,0.005772734992206097,0.0015184589428827167,0.0014268334489315748,0.0018343994161114097,0.0015480550937354565,0.0009332757908850908,0.0009337167721241713,0.0009369570179842412,0.0009455489926040173,0.0009317115764133632,0.0009164816583506763,0.0009468011558055878,0.001954294042661786,0.003485635621473193,0.0034678394440561533,0.0022452911362051964,0.0022453784476965666,0.002346415538340807,0.002214971464127302,0.0023539813701063395,0.0021917351987212896,0.002162627875804901,0.0023562966380268335,0.0023434972390532494,0.002286713570356369,0.002149254083633423,0.0022387488279491663,0.002421646611765027,0.002940775826573372,0.0029495207127183676,0.0027362778782844543,0.004365934990346432,0.004362304229289293,0.004402696155011654,0.004321695771068335,0.004399340134114027,0.0024572385009378195,0.002428806619718671,0.0024305686820298433,0.002454476896673441,0.002056192373856902,0.0023032319732010365,0.002522799652069807,0.0021329261362552643,0.002243206836283207,0.002302757930010557,0.0029652866069227457,0.0034669546876102686
lapgyn4_anatomical_actions,0.0012665163958445191,0.0007992656319402158,0.0007398696034215391,0.0,0.002526566619053483,0.00325947068631649,0.005206873174756765,0.0023210898507386446,0.001953407423570752,0.004520067945122719,0.001809536712244153,0.0017009790753945708,0.0022143658716231585,0.0021583798807114363,0.005982023663818836,0.006064107641577721,0.0018895056564360857,0.001825785613618791,0.002173938788473606,0.0018528772052377462,0.001219367259182036,0.0012319384841248393,0.001223348081111908,0.0012199556222185493,0.0012127998052164912,0.0012298988876864314,0.0012179040350019932,0.0024580650497227907,0.002172525506466627,0.002512287814170122,0.0038170702755451202,0.0030510572250932455,0.0037400485016405582,0.0024743617977946997,0.002510220045223832,0.0026030195876955986,0.002483435207977891,0.002630462870001793,0.0024439406115561724,0.002449045656248927,0.0026559499092400074,0.0025870664976537228,0.002548033371567726,0.0024434749502688646,0.0025192671455442905,0.002680571749806404,0.003195597790181637,0.0027176919393241405,0.003186457557603717,0.0030491843353956938,0.004677987657487392,0.003308869432657957,0.002576143015176058,0.004674508236348629,0.004690652247518301,0.00469024246558547,0.004746860358864069,0.0027641914784908295,0.002725596772506833,0.00275231315754354,0.003995807375758886,0.007091078907251358,0.0026681008748710155,0.002362190978601575,0.0025885370559990406,0.002767491154372692,0.0023685686755925417,0.002453675726428628,0.002582486718893051,0.0031911912374198437,0.003854990005493164,0.0012731950264424086,0.0008571990765631199,0.0007408561650663614,,0.005152484402060509,0.0023464160040020943,0.004490049555897713,0.002236103406175971,0.00602666474878788,0.0019149590516462922,0.0018187875393778086,0.0021731180604547262,0.001863876823335886,0.0012339684180915356,0.0012335438514128327,0.0012327099684625864,0.001248606713488698,0.0012186105595901608,0.0012166004162281752,0.0012473278911784291,0.002181342802941799,0.003814384341239929,0.003736026119440794,0.0025154801551252604,0.0025131679140031338,0.002607626374810934,0.002489621751010418,0.0026171947829425335,0.0024659286718815565,0.0024406590964645147,0.0026197456754744053,0.002603156492114067,0.0025525002274662256,0.0024290475994348526,0.0025052838027477264,0.002679084427654743,0.0032032050658017397,0.0032107920851558447,0.003059997456148267,0.004695912357419729,0.0046923160552978516,0.004731706343591213,0.0046498822048306465,0.0047296443954110146,0.002765886252745986,0.0027410746552050114,0.0027438143733888865,0.0026949900202453136,0.0023384836968034506,0.0025781237054616213,0.002755503635853529,0.002382026519626379,0.002480729715898633,0.002562538720667362,0.0032115615904331207,0.0037822125013917685
sklin2_skin_lesions,0.00235605682246387,0.002317774575203657,0.0021986868232488632,0.002526566619053483,0.0,0.0031995067838579416,0.004853860475122929,0.0024931542575359344,0.0019812744576483965,0.004304734990000725,0.0018373497296124697,0.0017460843082517385,0.0022129747085273266,0.00211341748945415,0.0057745324447751045,0.0058285887353122234,0.001900548697449267,0.0019306496251374483,0.0024399622343480587,0.0022574032191187143,0.002146561164408922,0.002150588668882847,0.0021678258199244738,0.002149917185306549,0.002146251266822219,0.0021562024485319853,0.002147288993000984,0.0013755608815699816,0.002454546745866537,0.0021529009100049734,0.003439983120188117,0.002142049139365554,0.003519220044836402,0.0025566888507455587,0.002602596767246723,0.0026985355652868748,0.002554302103817463,0.0027308983262628317,0.002522180089727044,0.0025159677024930716,0.0027529753278940916,0.0027020168490707874,0.0026384899392724037,0.0024914660025388002,0.002623351290822029,0.0027846319135278463,0.003356549423187971,0.0014674186240881681,0.0033561571035534143,0.001879084506072104,0.0039881751872599125,0.0035585931036621332,0.002556184306740761,0.003981695044785738,0.0040037245489656925,0.0040090037509799,0.004060056526213884,0.002509507816284895,0.0024011952336877584,0.0024283064994961023,0.003675823798403144,0.006575774867087603,0.0028161194641143084,0.0024465660098940134,0.0026577941607683897,0.0030285068787634373,0.0025285212323069572,0.002623313805088401,0.002649404341354966,0.0030181945767253637,0.0031441552564501762,0.0023500598035752773,0.0023294761776924133,0.0022457740269601345,0.002542816800996661,0.004804132040590048,0.0025046966038644314,0.004278885666280985,0.002232213970273733,0.005820777267217636,0.0019219830865040421,0.0019184472039341927,0.002431696280837059,0.0022778031416237354,0.0021439779084175825,0.002171681262552738,0.002180914394557476,0.0021733024623245,0.0021832259371876717,0.0021466694306582212,0.0021394011564552784,0.002487268764525652,0.0034447868820279837,0.003507564077153802,0.0026089639868587255,0.00261635216884315,0.002709831576794386,0.002570411190390587,0.0027055651880800724,0.0025350970681756735,0.0025005866773426533,0.0027210027910768986,0.002715401817113161,0.002641358645632863,0.0024743820540606976,0.0026171267963945866,0.002791899722069502,0.003365895012393594,0.003378465538844466,0.0018895999528467655,0.004003170877695084,0.004000277258455753,0.004044398665428162,0.003961849492043257,0.004033906385302544,0.0025089578703045845,0.002409778768196702,0.002420879201963544,0.0028421690221875906,0.0024207644164562225,0.0026541845872998238,0.0030133137479424477,0.0025333932135254145,0.0026468050200492144,0.0026224462781101465,0.0030330277513712645,0.0030726760160177946
identify_nbi_infframes,0.003007692750543356,0.003000478493049741,0.0029480690136551857,0.00325947068631649,0.0031995067838579416,0.0,0.004900040570646524,0.003472097683697939,0.0027697167824953794,0.00464265514165163,0.0026502059772610664,0.0025678134988993406,0.0029926036950200796,0.002864623675122857,0.006234841421246529,0.0062707941979169846,0.0028582580853253603,0.002855640836060047,0.003317164955660701,0.0030389749445021152,0.002933355513960123,0.0029509481973946095,0.002953632501885295,0.002939873840659857,0.0029430047143250704,0.0029512650799006224,0.002952747279778123,0.0029697015415877104,0.0031818957068026066,0.0029693380929529667,0.0040069823153316975,0.0035903381649404764,0.004454799462109804,0.003371350932866335,0.0033472725190222263,0.0034227983560413122,0.003373104380443692,0.0034406327176839113,0.0033298018388450146,0.0033291075378656387,0.0034623618703335524,0.0034497114829719067,0.0033893175423145294,0.0033298905473202467,0.0033687155228108168,0.0034890996757894754,0.004110329318791628,0.0031994374003261328,0.004126621410250664,0.003272112226113677,0.005258854944258928,0.004430416040122509,0.0035282340832054615,0.005253418814390898,0.005273140035569668,0.0052731893956661224,0.005329046864062548,0.003814066294580698,0.0037141130305826664,0.0037378210108727217,0.004133985377848148,0.007706767413765192,0.003599045565351844,0.0032688300125300884,0.0033959646243602037,0.0038701121229678392,0.0032919980585575104,0.0033527493942528963,0.0034717072267085314,0.003941523376852274,0.0045768325217068195,0.003000592580065131,0.0029879030771553516,0.002985295606777072,0.0032858806662261486,0.004847867414355278,0.003481111256405711,0.004637464880943298,0.0030084075406193733,0.006275771651417017,0.002863120287656784,0.0028363894671201706,0.0033080533612519503,0.0030555645935237408,0.0029467681888490915,0.0029410223942250013,0.002980374963954091,0.002978750504553318,0.002985637402161956,0.0029561705887317657,0.0029281238093972206,0.003217405639588833,0.004023758228868246,0.004444994498044252,0.003405048744753003,0.0033649574033915997,0.003444430883973837,0.003405336756259203,0.003415397135540843,0.003336998401209712,0.0033122843597084284,0.003434709971770644,0.0034593045711517334,0.0033864127472043037,0.003325587371364236,0.003367977449670434,0.003502607112750411,0.0041230288334190845,0.00414730329066515,0.0032777206506580114,0.005271813832223415,0.005280239973217249,0.005309815052896738,0.005235644523054361,0.0053109945729374886,0.003821863792836666,0.0037274383939802647,0.0037283783312886953,0.003623064374551177,0.003242860548198223,0.0033981199376285076,0.0038522209506481886,0.003295609960332513,0.003365268697962165,0.003445018082857132,0.0039609270170331,0.004505035001784563
laryngeal_tissues,0.0051100230775773525,0.005029759835451841,0.004929397255182266,0.005206873174756765,0.004853860475122929,0.004900040570646524,0.0,0.005348016042262316,0.004188775084912777,0.0044317180290818214,0.004005902446806431,0.00400405703112483,0.003845682367682457,0.0036394575145095587,0.006964921951293945,0.007014459930360317,0.004937123507261276,0.004902118816971779,0.0052592880092561245,0.005074762273579836,0.0050208489410579205,0.005033951252698898,0.00504036620259285,0.005025625228881836,0.005022970028221607,0.005037639755755663,0.005032929126173258,0.004543871618807316,0.005072356201708317,0.00482643349096179,0.0054631163366138935,0.0051445020362734795,0.0061248899437487125,0.0053194924257695675,0.005317497532814741,0.005380786024034023,0.00533233443275094,0.005400556139647961,0.005289248190820217,0.0052917636930942535,0.005423117429018021,0.005402492359280586,0.005349889863282442,0.005297217983752489,0.005321446806192398,0.005440548527985811,0.005960356444120407,0.004961736965924501,0.005975188687443733,0.004693685099482536,0.006985640153288841,0.006316767539829016,0.005276521202176809,0.006982223596423864,0.006997730582952499,0.006999429315328598,0.007056019734591246,0.005447569768875837,0.005339570809155703,0.005370297934859991,0.005837301257997751,0.009382888674736023,0.005295177921652794,0.005139168351888657,0.005240697879344225,0.005637011025100946,0.005065646953880787,0.005103896372020245,0.005208399146795273,0.005614509340375662,0.006338011939078569,0.005102635361254215,0.005080730188637972,0.0049745007418096066,0.005222385749220848,,0.005360836628824472,0.004485647659748793,0.0038451484870165586,0.0070009538903832436,0.004947816953063011,0.004895735997706652,0.005250546615570784,0.005097733810544014,0.005025961436331272,0.005041684024035931,0.00506014795973897,0.005060270428657532,0.005063008517026901,0.005033670458942652,0.005011397879570723,0.005117185413837433,0.0054678237065672874,0.006118166260421276,0.005359163507819176,0.005333965178579092,0.005397032015025616,0.0053604585118591785,0.005379063542932272,0.005299795418977737,0.00527880247682333,0.005394468549638987,0.005412152968347073,0.005343246273696423,0.005291230510920286,0.005318427458405495,0.005459262989461422,0.005973526742309332,0.005996449384838343,0.004709854256361723,0.0069982800632715225,0.007005708757787943,0.0070344689302146435,0.006958187557756901,0.0070356042124331,0.005452691111713648,0.00535230478271842,0.005364717449992895,0.005318644922226667,0.00511143309995532,0.00523472111672163,0.005620025098323822,0.005071344785392284,0.005125540774315596,0.005185385700315237,0.005635907407850027,0.00626763142645359
nerthus_bowel_cleansing_quality,0.002122216857969761,0.0020207951311022043,0.001977409003302455,0.0023210898507386446,0.0024931542575359344,0.003472097683697939,0.005348016042262316,0.0,0.002192557090893388,0.004543054383248091,0.0019440031610429287,0.001845171907916665,0.0023230777587741613,0.0022462457418441772,0.006017282605171204,0.006090490147471428,0.0014458615332841873,0.0012700724182650447,0.0009229918941855431,0.0012723068939521909,0.001729642041027546,0.0017164468299597502,0.0017306290101259947,0.0017313071293756366,0.0017246011411771178,0.001726354705169797,0.0017221381422132254,0.002433294430375099,0.0018549823435023427,0.0025737062096595764,0.003844405058771372,0.003186069428920746,0.0035712444223463535,0.0024623721837997437,0.0024595933500677347,0.002553030848503113,0.002448641462251544,0.002569650998339057,0.0024174614809453487,0.0024056853726506233,0.0026048680301755667,0.002563042799010873,0.002500409260392189,0.002406934043392539,0.0025113930460065603,0.0026349013205617666,0.0033099292777478695,0.0026758480817079544,0.0033004600554704666,0.003053197404369712,0.004471031948924065,0.0034390236251056194,0.002394444774836302,0.00446343794465065,0.004480295814573765,0.004487169906497002,0.0045366124249994755,0.0022185491397976875,0.0021511383820325136,0.0021556303836405277,0.004056047648191452,0.006963424384593964,0.00271598226390779,0.0021842855494469404,0.002428553532809019,0.002824729075655341,0.0023683446925133467,0.0024054793175309896,0.0024813483469188213,0.0034632880706340075,0.00361269130371511,0.0021144652273505926,0.0020856009796261787,0.0020030317828059196,0.002329791896045208,0.005292118526995182,,0.004507805686444044,0.002340273465961218,0.006065529305487871,0.0014626920456066728,0.0013083495432510972,0.00092409981880337,0.0012821286218240857,0.0017192915547639132,0.001754504512064159,0.0017427074490115047,0.0017428782302886248,0.0017444284167140722,0.0017261896282434464,0.0017237068386748433,0.0018596285954117775,0.0038459105417132378,0.0035620646085590124,0.0025089720729738474,0.002462343778461218,0.002558681648224592,0.0024678301997482777,0.0025559691712260246,0.0024311423767358065,0.002400017576292157,0.0025716926902532578,0.0025852147955447435,0.002508952282369137,0.002391258254647255,0.002497479785233736,0.0026373944710940123,0.003314950503408909,0.003321971744298935,0.0030678599141538143,0.004489918239414692,0.004480141680687666,0.00452203955501318,0.0044446466490626335,0.004517835099250078,0.0022188108414411545,0.002170796971768141,0.002146161627024412,0.0027406327426433563,0.002160350326448679,0.0024192582350224257,0.0028124048840254545,0.002371112583205104,0.0024336683563888073,0.00245711300522089,0.0034819780848920345,0.003532231552526355
stanford_dogs_image_categorization,0.0019648619927465916,0.00180174526758492,0.0017270849784836173,0.001953407423570752,0.0019812744576483965,0.0027697167824953794,0.004188775084912777,0.002192557090893388,0.0,0.0035296096466481686,0.0009570923284627497,0.000883113534655422,0.0012509062653407454,0.0012543912744149566,0.005038910079747438,0.005116432439535856,0.0018241454381495714,0.0018008393235504627,0.0021220529451966286,0.0018451428040862083,0.001825524726882577,0.0018264062236994505,0.001839380944147706,0.0018260837532579899,0.0018188365502282977,0.001835256814956665,0.0018286468693986535,0.0018801885889843106,0.0020220542792230844,0.0018197487806901336,0.003012662520632148,0.002392319729551673,0.0030258111655712128,0.0021307123824954033,0.0021472382359206676,0.0022246018052101135,0.002144003752619028,0.0022481949999928474,0.002103683538734913,0.00210363301448524,0.002271426608785987,0.0022263757418841124,0.0021864534355700016,0.002115491311997175,0.0021587898954749107,0.0022941911593079567,0.0027751969173550606,0.0021311077289283276,0.0027772330213338137,0.002378894714638591,0.0039701019413769245,0.003006875282153487,0.002038043225184083,0.003966299816966057,0.00398191437125206,0.003979968838393688,0.004037825390696526,0.002341322833672166,0.0022289168555289507,0.0022571312729269266,0.003194447373971343,0.006314944941550493,0.0021398868411779404,0.001964399591088295,0.002073426265269518,0.002438143827021122,0.0018650839338079095,0.0019860563334077597,0.0020522086415439844,0.0025839735753834248,0.003218291327357292,0.0019580095540732145,0.0018274300964549184,0.001761161838658154,0.001966018695384264,0.004135617986321449,0.0022140468936413527,0.003503654384985566,0.0012693593744188547,0.005084590520709753,0.001840941607952118,0.0018019875278696418,0.0021089769434183836,0.0018650067504495382,0.0018226004904136062,0.0018520301673561335,0.001852821558713913,0.001849351217970252,0.0018489761278033257,0.001830936293117702,0.0018180685583502054,0.002048252848908305,0.0030081875156611204,0.003024824894964695,0.0021715930197387934,0.0021557542495429516,0.002238593762740493,0.002160760574042797,0.002231992082670331,0.0021247905679047108,0.002095428528264165,0.0022341464646160603,0.0022416645660996437,0.0021817174274474382,0.0021038854029029608,0.0021495206747204065,0.0023046894930303097,0.0027864074800163507,0.0028014315757900476,0.0024042825680226088,0.003985260147601366,0.003986971452832222,0.004019351676106453,0.003940624184906483,0.004020180553197861,0.0023448450956493616,0.0022451423574239016,0.0022501039784401655,0.0021664088126271963,0.001938055269420147,0.0020643966272473335,0.002423054538667202,0.0018726596608757973,0.0020086378790438175,0.002027857815846801,0.0026044233236461878,0.003146044909954071
svhn,0.004510797094553709,0.004356008023023605,0.0042647491209208965,0.004520067945122719,0.004304734990000725,0.00464265514165163,0.0044317180290818214,0.004543054383248091,0.0035296096466481686,0.0,0.003311815904453397,0.0032616143580526114,0.00264541432261467,0.002436213195323944,0.00530060101300478,0.00533855939283967,0.004238889552652836,0.0042032403871417046,0.004493126645684242,0.004260989371687174,0.0042807008139789104,0.004286506213247776,0.004294421058148146,0.004284200258553028,0.004279268905520439,0.00429302966222167,0.00429019657894969,0.004140240605920553,0.004311330616474152,0.004182235337793827,0.004842763766646385,0.004819974768906832,0.005347250495105982,0.004484853241592646,0.00448530912399292,0.004554381128400564,0.0044963243417441845,0.004571202676743269,0.004456464201211929,0.004457108210772276,0.004592380486428738,0.004564947914332151,0.0045174541883170605,0.004461700562387705,0.004486436024308205,0.0046136449091136456,0.005120714660733938,0.004443409387022257,0.00513141555711627,0.0045314691960811615,0.006290220655500889,0.005465878639370203,0.0043786438181996346,0.006286068819463253,0.006302686873823404,0.006302459165453911,0.006359004881232977,0.004682851955294609,0.004561861976981163,0.004593764431774616,0.005361292511224747,0.008663006126880646,0.0043516517616808414,0.004260765388607979,0.004320833832025528,0.004720275290310383,0.004127758555114269,0.004107097163796425,0.004267671145498753,0.005059385672211647,0.00559765612706542,0.004506933502852917,0.0043644169345498085,0.004304321948438883,0.004532751627266407,0.004394421353936195,0.004556373693048954,,0.002633305499330163,0.005341224372386932,0.004253376740962267,0.004201153758913279,0.004478889517486095,0.004287265706807375,0.004281329456716776,0.004298837389796972,0.004313685465604067,0.004313049837946892,0.004313469864428043,0.004294809885323048,0.004265219438821077,0.004350172355771065,0.004843400791287422,0.005342793185263872,0.004525147378444672,0.00449674017727375,0.004565184470266104,0.004521763883531094,0.004550515208393335,0.0044678328558802605,0.004445590078830719,0.004562503658235073,0.004576883278787136,0.004514345433562994,0.004457379225641489,0.004481821786612272,0.00462972791865468,0.005133232567459345,0.005152044352144003,0.004553773906081915,0.006303560454398394,0.00630918936803937,0.006338830105960369,0.0062623838894069195,0.006340264808386564,0.004685902968049049,0.004574056714773178,0.004587783012539148,0.004375666379928589,0.004236099775880575,0.004312459845095873,0.0047049326822161674,0.0041354564018547535,0.004127403721213341,0.004246176686137915,0.005079877097159624,0.005525553598999977
caltech101_object_classification,0.0018343452829867601,0.0016555124893784523,0.0015784301795065403,0.001809536712244153,0.0018373497296124697,0.0026502059772610664,0.004005902446806431,0.0019440031610429287,0.0009570923284627497,0.003311815904453397,0.0,0.0006599467014893889,0.0011487280717119575,0.0010942795779556036,0.004671697970479727,0.0047783683985471725,0.0016548290150240064,0.001595325767993927,0.001892642816528678,0.001632214174605906,0.0016380012966692448,0.0016379124717786908,0.0016512105939909816,0.001639877213165164,0.0016313450178131461,0.0016477936878800392,0.0016399984015151858,0.0017278296872973442,0.0017564009176567197,0.0017559784464538097,0.00273761129938066,0.0023338687606155872,0.0028022846672683954,0.001983825583010912,0.002005890943109989,0.002086130902171135,0.0019976727198809385,0.002107858657836914,0.001957928529009223,0.0019585026893764734,0.0021305796690285206,0.0020825807005167007,0.0020403675734996796,0.001963738352060318,0.00201584305614233,0.002153174951672554,0.0026364570949226618,0.0020200794097036123,0.002635762793943286,0.0022188161965459585,0.003739875042811036,0.0028597016353160143,0.0017865715781226754,0.003737260354682803,0.0037516243755817413,0.0037515589501708746,0.0038079468067735434,0.0020447091665118933,0.00194744358304888,0.0019765205215662718,0.0030558868311345577,0.00610762182623148,0.0019134575268253684,0.0017395730828866363,0.0018281134543940425,0.0021738579962402582,0.001619447022676468,0.0016926209209486842,0.001796300639398396,0.0024279027711600065,0.003006904385983944,0.0018285465193912387,0.0016984200337901711,0.0016154390759766102,0.0018203218933194876,0.003950857557356358,0.00196403288282454,0.003279762575402856,0.001171486685052514,0.004715729970484972,0.0016719774575904012,0.001598224975168705,0.0018814612412825227,0.001653745654039085,0.0016367684584110975,0.001662653754465282,0.0016667471500113606,0.0016637032385915518,0.0016584674594923854,0.0016449737595394254,0.0016274240333586931,0.0017840982181951404,0.002736134687438607,0.002799948677420616,0.002027316950261593,0.0020141408313065767,0.002094840630888939,0.0020130511838942766,0.0020920129027217627,0.001975840888917446,0.0019510820275172591,0.002097843214869499,0.002097466727718711,0.0020390735007822514,0.001953421626240015,0.0020052355248481035,0.002162705408409238,0.0026462243404239416,0.002659217221662402,0.002240425208583474,0.0037553426809608936,0.0037561431527137756,0.003789658658206463,0.003712506266310811,0.0037900120951235294,0.0020475792698562145,0.0019627155270427465,0.0019689311739057302,0.0019379229051992297,0.00171015621162951,0.0018162049818783998,0.0021583163179457188,0.001628485624678433,0.001718992367386818,0.0017708925297483802,0.002448568819090724,0.0029373588040471077
caltech256_object_classification,0.0017443065298721194,0.0015491537051275373,0.0014737901510670781,0.0017009790753945708,0.0017460843082517385,0.0025678134988993406,0.00400405703112483,0.001845171907916665,0.000883113534655422,0.0032616143580526114,0.0006599467014893889,0.0,0.001091889338567853,0.0010353809921070933,0.0046592457219958305,0.004757676273584366,0.0015548041556030512,0.0015014071250334382,0.001804779632948339,0.0015218359185382724,0.0015194801380857825,0.0015181134222075343,0.0015313532203435898,0.001520893070846796,0.0015120231546461582,0.0015282590175047517,0.0015213331207633018,0.0016498182667419314,0.0016494975425302982,0.0016695616068318486,0.0027121836319565773,0.0022533396258950233,0.002699905540794134,0.0018616383895277977,0.0018862193683162332,0.001968927448615432,0.0018760842503979802,0.0019910677801817656,0.0018365680007264018,0.0018375801155343652,0.002013985300436616,0.001963333459571004,0.0019215975189581513,0.001842689816839993,0.0018985809292644262,0.0020373209845274687,0.002512214472517371,0.0019292590441182256,0.002511132275685668,0.0021517358254641294,0.0036194156855344772,0.002739379880949855,0.0016862800111994147,0.0036163656041026115,0.0036310022696852684,0.003630678169429302,0.0036871011834591627,0.0019557734485715628,0.0018602671334519982,0.0018907852936536074,0.0029697006102651358,0.005975927691906691,0.0017830852884799242,0.0016145730623975396,0.0017036979552358389,0.002062845043838024,0.0014860681258141994,0.0015672213630750775,0.0016693753423169255,0.0023474954068660736,0.0028864138294011354,0.0017402140656486154,0.0015772993210703135,0.0015102779725566506,0.0017104831058532,0.003947949502617121,0.0018664193339645863,0.0032292355317622423,0.0011125231394544244,0.004703639540821314,0.00157418183516711,0.0015049681533128023,0.0017922292463481426,0.0015433556400239468,0.0015164471697062254,0.001543630613014102,0.0015452955849468708,0.001544044935144484,0.0015386583982035518,0.001527031185105443,0.0015074536204338074,0.0016773621318861842,0.0027105375193059444,0.002697092480957508,0.0019056600285694003,0.0018937953282147646,0.0019771282095462084,0.0018908637575805187,0.0019753938540816307,0.0018545014318078756,0.001830143155530095,0.0019809140358120203,0.0019783880561590195,0.0019207344157621264,0.0018315068446099758,0.0018880824791267514,0.002046373439952731,0.002522307215258479,0.0025345038156956434,0.002174949273467064,0.0036353871691972017,0.003635678207501769,0.0036689862608909607,0.003591732820495963,0.00366976554505527,0.0019581345841288567,0.0018751671304926276,0.001883656601421535,0.0018085818737745285,0.0015862358268350363,0.0016915565356612206,0.0020478107035160065,0.001495232805609703,0.001593441586010158,0.0016442349879071116,0.002367901848629117,0.002816511783748865
cifar10_object_classification,0.0022351345978677273,0.002050959039479494,0.001979570835828781,0.0022143658716231585,0.0022129747085273266,0.0029926036950200796,0.003845682367682457,0.0023230777587741613,0.0012509062653407454,0.00264541432261467,0.0011487280717119575,0.001091889338567853,0.0,0.0006705435225740075,0.004512778948992491,0.0046003698371350765,0.0020363552030175924,0.001993770943954587,0.0022852097172290087,0.0020001251250505447,0.0020150092896074057,0.002014831406995654,0.002026286209002137,0.002017233520746231,0.002008789451792836,0.0020236452110111713,0.002017049118876457,0.002095411531627178,0.0021631543058902025,0.002057641511783004,0.0030746706761419773,0.0027033891528844833,0.0032876150216907263,0.00232674740254879,0.002341547515243292,0.0024218528997153044,0.0023373349104076624,0.0024434453807771206,0.0022984673269093037,0.0022968596313148737,0.0024689496494829655,0.002423684112727642,0.0023807422257959843,0.002306629903614521,0.00235488498583436,0.00249268114566803,0.0030201771296560764,0.0023662992753088474,0.003017572220414877,0.00263998587615788,0.004205268807709217,0.0032377825118601322,0.0021904774475842714,0.004201231990009546,0.004216304514557123,0.004216227680444717,0.004272577352821827,0.0024955994449555874,0.0023944114800542593,0.0024260422214865685,0.003353346837684512,0.006564932409673929,0.0023476562928408384,0.0021564497146755457,0.002286882372573018,0.002597242593765259,0.0020732691045850515,0.002144062425941229,0.0022434969432651997,0.002857815008610487,0.0034538311883807182,0.0022293170914053917,0.0020725568756461143,0.0020146018359810114,0.0022248169407248497,0.003799490397796035,0.0023424418177455664,0.0026192890945822,,0.004557159263640642,0.002055714139714837,0.001996940467506647,0.0022711066994816065,0.0020233672112226486,0.002010580850765109,0.0020401007495820522,0.002039749640971422,0.0020372350700199604,0.002035812009125948,0.0020224505569785833,0.002004005713388324,0.0021901840809732676,0.0030681081116199493,0.0032850406132638454,0.002367268083617091,0.002349055837839842,0.0024333663750439882,0.0023542309645563364,0.0024273847229778767,0.002316928468644619,0.0022904330398887396,0.0024336015339940786,0.002438850700855255,0.00237999833188951,0.0022948577534407377,0.0023439181968569756,0.0025031985715031624,0.0030295478645712137,0.0030410841573029757,0.002662429353222251,0.004221645183861256,0.004220839124172926,0.004254716448485851,0.004175414331257343,0.004256028216332197,0.002496287925168872,0.0024075815454125404,0.002420647069811821,0.002374649280682206,0.0021307338029146194,0.0022754159290343523,0.0025834974367171526,0.0020828137639909983,0.0021700221113860607,0.0022207037545740604,0.0028780424036085606,0.003380715614184737
