,lapgyn4_anatomical_structures,lapgyn4_surgical_actions,lapgyn4_instrument_count,lapgyn4_anatomical_actions,sklin2_skin_lesions,identify_nbi_infframes,laryngeal_tissues,nerthus_bowel_cleansing_quality,stanford_dogs_image_categorization,svhn,caltech101_object_classification,caltech256_object_classification,cifar10_object_classification,cifar100_object_classification,mnist_digit_classification,emnist_digit_classification,hyperkvasir_anatomical-landmarks,hyperkvasir_pathological-findings,hyperkvasir_quality-of-mucosal-views,hyperkvasir_therapeutic-interventions,cholec80_grasper_presence,cholec80_bipolar_presence,cholec80_hook_presence,cholec80_scissors_presence,cholec80_clipper_presence,cholec80_irrigator_presence,cholec80_specimenbag_presence,derm7pt_skin_lesions,idle_action_recognition,barretts_esophagus_diagnosis,brain_tumor_classification,mednode_melanoma_classification,brain_tumor_type_classification,chexpert_enlarged_cardiomediastinum,chexpert_cardiomegaly,chexpert_lung_opacity,chexpert_lung_lesion,chexpert_edema,chexpert_consolidation,chexpert_pneumonia,chexpert_atelectasis,chexpert_pneumothorax,chexpert_pleural_effusion,chexpert_pleural_other,chexpert_fracture,chexpert_support_devices,pneumonia_classification,ph2-melanocytic-lesions-classification,covid_xray_classification,isic20_melanoma_classification,deep_drid_dr_level,shenzen_chest_xray_tuberculosis,crawled_covid_ct_classification,deep_drid_quality,deep_drid_clarity,deep_drid_field,deep_drid_artifact,kvasir_capsule_anatomy,kvasir_capsule_content,kvasir_capsule_pathologies,breast_cancer_classification_v2,eye_condition_classification,mura_xr_wrist,mura_xr_shoulder,mura_xr_humerus,mura_xr_hand,mura_xr_forearm,mura_xr_finger,mura_xr_elbow,bean_plant_disease_classification,aptos19_blindness_detection,lapgyn4_anatomical_structures --shrink_train 800,lapgyn4_surgical_actions --shrink_train 800,lapgyn4_instrument_count --shrink_train 800,lapgyn4_anatomical_actions --shrink_train 800,laryngeal_tissues --shrink_train 800,nerthus_bowel_cleansing_quality --shrink_train 800,svhn --shrink_train 800,cifar10_object_classification --shrink_train 800,mnist_digit_classification --shrink_train 800,hyperkvasir_anatomical-landmarks --shrink_train 800,hyperkvasir_pathological-findings --shrink_train 800,hyperkvasir_quality-of-mucosal-views --shrink_train 800,hyperkvasir_therapeutic-interventions --shrink_train 800,cholec80_grasper_presence --shrink_train 800,cholec80_bipolar_presence --shrink_train 800,cholec80_hook_presence --shrink_train 800,cholec80_scissors_presence --shrink_train 800,cholec80_clipper_presence --shrink_train 800,cholec80_irrigator_presence --shrink_train 800,cholec80_specimenbag_presence --shrink_train 800,idle_action_recognition --shrink_train 800,brain_tumor_classification --shrink_train 800,brain_tumor_type_classification --shrink_train 800,chexpert_enlarged_cardiomediastinum --shrink_train 800,chexpert_cardiomegaly --shrink_train 800,chexpert_lung_opacity --shrink_train 800,chexpert_lung_lesion --shrink_train 800,chexpert_edema --shrink_train 800,chexpert_consolidation --shrink_train 800,chexpert_pneumonia --shrink_train 800,chexpert_atelectasis --shrink_train 800,chexpert_pneumothorax --shrink_train 800,chexpert_pleural_effusion --shrink_train 800,chexpert_pleural_other --shrink_train 800,chexpert_fracture --shrink_train 800,chexpert_support_devices --shrink_train 800,pneumonia_classification --shrink_train 800,covid_xray_classification --shrink_train 800,isic20_melanoma_classification --shrink_train 800,deep_drid_dr_level --shrink_train 800,deep_drid_quality --shrink_train 800,deep_drid_clarity --shrink_train 800,deep_drid_field --shrink_train 800,deep_drid_artifact --shrink_train 800,kvasir_capsule_anatomy --shrink_train 800,kvasir_capsule_content --shrink_train 800,kvasir_capsule_pathologies --shrink_train 800,mura_xr_wrist --shrink_train 800,mura_xr_shoulder --shrink_train 800,mura_xr_humerus --shrink_train 800,mura_xr_hand --shrink_train 800,mura_xr_forearm --shrink_train 800,mura_xr_finger --shrink_train 800,mura_xr_elbow --shrink_train 800,bean_plant_disease_classification --shrink_train 800,aptos19_blindness_detection --shrink_train 800
lapgyn4_anatomical_structures,0.0,9.898011921904981e-05,9.899081487674266e-05,9.902424062602222e-05,0.00010093677701661363,0.00012988608796149492,0.00010955895413644612,9.903886530082673e-05,9.906215564114973e-05,9.946893260348588e-05,9.920245793182403e-05,9.90338739939034e-05,9.90752741927281e-05,9.904330363497138e-05,0.00010123773972736672,0.00010173447662964463,9.914133261190727e-05,9.914003749145195e-05,9.918883733917028e-05,9.914413385558873e-05,9.89805776043795e-05,9.898313146550208e-05,9.898041753331199e-05,9.896284609567374e-05,9.897073323372751e-05,9.901518933475018e-05,9.896767733152956e-05,9.993537969421595e-05,9.904211037792265e-05,0.00010070492862723768,9.946907084668055e-05,0.00010616256622597575,9.921375021804124e-05,9.898325515678152e-05,9.898492135107517e-05,9.89758555078879e-05,9.900728764478117e-05,9.896398114506155e-05,9.898279677145183e-05,9.901071462081745e-05,9.899349242914468e-05,9.896760457195342e-05,9.897268319036812e-05,9.904471517074853e-05,9.902825695462525e-05,9.89832915365696e-05,9.901146404445171e-05,0.00010130254668183625,9.910932567436248e-05,9.91374981822446e-05,0.00010051707795355469,9.949103696271777e-05,9.936513379216194e-05,0.00010060174099635333,0.00010060725617222488,0.00010059794294647872,0.00010057241888716817,9.904673061100766e-05,9.900976147037e-05,9.90056578302756e-05,0.00010011268022935838,0.0001043072115862742,9.896300616674125e-05,9.90156113402918e-05,9.98795876512304e-05,9.900891018332914e-05,9.913822577800602e-05,9.908409265335649e-05,9.905196202453226e-05,9.952113032341003e-05,9.928368672262877e-05,,9.919380681822076e-05,9.926788334269077e-05,9.92275308817625e-05,0.0001108395226765424,9.927002975018695e-05,0.00010218238458037376,9.98224422801286e-05,0.00010542687959969044,9.942582255462185e-05,9.93483918136917e-05,9.931605018209666e-05,9.929738007485867e-05,9.930707892635837e-05,9.931791282724589e-05,9.933960245689377e-05,9.930264786817133e-05,9.931188833434135e-05,9.931865497492254e-05,9.931300883181393e-05,9.941823373083025e-05,0.00010021014895755798,9.962843614630401e-05,9.929931547958404e-05,9.929648513207212e-05,9.93014982668683e-05,9.928215149557218e-05,9.93167341221124e-05,9.929339285008609e-05,9.929121006280184e-05,9.930013038683683e-05,9.930602391250432e-05,9.929691441357136e-05,9.930988744599745e-05,9.920823504216969e-05,9.928982763085514e-05,9.930557280313224e-05,9.929441148415208e-05,0.00010017263412009925,0.00010085277608595788,0.00010083676897920668,0.00010085238318424672,0.00010088694398291409,0.00010086067777592689,9.934770059771836e-05,9.926973143592477e-05,9.933543333318084e-05,9.935194975696504e-05,9.938915900420398e-05,9.95927257463336e-05,9.935414709616452e-05,9.940339077729732e-05,9.938649600371718e-05,9.946344653144479e-05,9.963563934434205e-05,9.962105832528323e-05
lapgyn4_surgical_actions,9.898011921904981e-05,0.0,9.881956066237763e-05,9.885290637612343e-05,0.00010076546459458768,0.00012971210526302457,0.00010938763443846256,9.886754560284317e-05,9.889084321912378e-05,9.929762018145993e-05,9.903114550979808e-05,9.886255429591984e-05,9.890396177070215e-05,9.887198393698782e-05,0.00010106642730534077,0.00010156315693166107,9.897002018988132e-05,9.896873234538361e-05,9.901751764118671e-05,9.897282143356279e-05,9.880927245831117e-05,9.881181904347613e-05,9.880911238724366e-05,9.87915409496054e-05,9.879942081170157e-05,9.884388418868184e-05,9.879637218546122e-05,9.976405999623239e-05,9.887079067993909e-05,0.00010053360892925411,9.92977584246546e-05,0.00010599124652799219,9.904243779601529e-05,9.881194273475558e-05,9.881360892904922e-05,9.880453580990434e-05,9.883597522275522e-05,9.879266144707799e-05,9.881147707346827e-05,9.88394021987915e-05,9.882218000711873e-05,9.879628487396985e-05,9.880137076834217e-05,9.887339547276497e-05,9.885693725664169e-05,9.881197183858603e-05,9.884015162242576e-05,0.0001011312342598103,9.893800597637892e-05,9.896618576021865e-05,0.00010034576553152874,9.931971726473421e-05,9.919382137013599e-05,0.00010043042857432738,0.00010043593647424132,0.00010042662324849516,0.0001004010991891846,9.887541818898171e-05,9.883844177238643e-05,9.883434540824965e-05,9.994136053137481e-05,0.00010413589188829064,9.879168646875769e-05,9.884429891826585e-05,9.970826795324683e-05,9.883759776130319e-05,9.896690608002245e-05,9.891278023133054e-05,9.888064960250631e-05,9.934981062542647e-05,9.911237430060282e-05,9.914540714817122e-05,,9.909664368024096e-05,9.905619663186371e-05,0.00011066820297855884,9.9098717328161e-05,0.0001020110648823902,9.965112258214504e-05,0.00010525555990170687,9.92545101325959e-05,9.917707939166576e-05,9.91447304841131e-05,9.91260603768751e-05,9.913577378029004e-05,9.914660768117756e-05,9.916829731082544e-05,9.913133544614539e-05,9.914058318827301e-05,9.914734255289659e-05,9.914169640978798e-05,9.92469213088043e-05,0.00010003883653553203,9.945712372427806e-05,9.912800305755809e-05,9.912517271004617e-05,9.913017856888473e-05,9.911083907354623e-05,9.914541442412883e-05,9.912207315210253e-05,9.911989036481827e-05,9.912881068885326e-05,9.913471149047837e-05,9.91255947155878e-05,9.91385750239715e-05,9.903691534418613e-05,9.911850793287158e-05,9.913425310514867e-05,9.912309178616852e-05,0.0001000013216980733,0.00010068145638797432,0.00010066544928122312,0.00010068106348626316,0.00010071562428493053,0.00010068936535390094,9.917638817569241e-05,9.90984117379412e-05,9.91641209111549e-05,9.918063733493909e-05,9.921783930622041e-05,9.942141332430765e-05,9.918283467413858e-05,9.923207107931376e-05,9.921517630573362e-05,9.929212683346123e-05,9.94643269223161e-05,9.944974590325728e-05
lapgyn4_instrument_count,9.899081487674266e-05,9.881956066237763e-05,0.0,9.886351472232491e-05,0.0001007761966320686,0.00012972614786121994,0.00010939837375190109,9.88782849162817e-05,9.89015752566047e-05,9.930835221894085e-05,9.9041877547279e-05,9.887329360935837e-05,9.891469380818307e-05,9.888272325042635e-05,0.00010107715934282169,0.0001015738962450996,9.898075222736225e-05,9.897945710690692e-05,9.902825695462525e-05,9.89835534710437e-05,9.881996811600402e-05,9.88225219771266e-05,9.881980804493651e-05,9.880222933134064e-05,9.881011646939442e-05,9.885457984637469e-05,9.880706056719646e-05,9.977479930967093e-05,9.888152999337763e-05,0.00010054434824269265,9.930849046213552e-05,0.00010600198584143072,9.905316983349621e-05,9.88226747722365e-05,9.882434096653014e-05,9.881527512334287e-05,9.884670726023614e-05,9.880340076051652e-05,9.88222163869068e-05,9.885013423627242e-05,9.883291204459965e-05,9.880702418740839e-05,9.881210280582309e-05,9.88841347862035e-05,9.886767657008022e-05,9.882271115202457e-05,9.885088365990669e-05,0.00010114196629729122,9.894874528981745e-05,9.897691052174196e-05,0.00010035649756900966,9.933045657817274e-05,9.920455340761691e-05,0.0001004411606118083,0.00010044667578767985,0.0001004373625619337,0.00010041183850262314,9.888615022646263e-05,9.884918108582497e-05,9.884507744573057e-05,9.995209984481335e-05,0.00010414663120172918,9.880242578219622e-05,9.885503095574677e-05,9.971900726668537e-05,9.884832979878411e-05,9.897764539346099e-05,9.892351226881146e-05,9.889138163998723e-05,9.9360549938865e-05,9.912310633808374e-05,9.915611008182168e-05,9.903323370963335e-05,,9.906681952998042e-05,0.00011067894229199737,9.910944936564192e-05,0.00010202180419582874,9.966186189558357e-05,0.00010526629921514541,9.926524217007682e-05,9.918781142914668e-05,9.915546979755163e-05,9.913679969031364e-05,9.91464767139405e-05,9.91573033388704e-05,9.917898569256067e-05,9.914203837979585e-05,9.915127884596586e-05,9.915800183080137e-05,9.91523775155656e-05,9.925765334628522e-05,0.00010004956857301295,9.946785576175898e-05,9.913873509503901e-05,9.913590474752709e-05,9.914091788232327e-05,9.912157111102715e-05,9.915615373756737e-05,9.913281246554106e-05,9.913062967825681e-05,9.91395500022918e-05,9.914544352795929e-05,9.913633402902633e-05,9.914930706145242e-05,9.904765465762466e-05,9.912924724631011e-05,9.914499241858721e-05,9.913383109960705e-05,0.0001000120464595966,0.00010069219570141286,0.00010067618859466165,0.00010069180279970169,0.00010072636359836906,0.00010070009739138186,9.918712021317333e-05,9.910915105137974e-05,9.917485294863582e-05,9.919136937242001e-05,9.922857861965895e-05,9.943214536178857e-05,9.91935667116195e-05,9.924281039275229e-05,9.922591561917216e-05,9.930286614689976e-05,9.947505895979702e-05,9.94604779407382e-05
lapgyn4_anatomical_actions,9.902424062602222e-05,9.885290637612343e-05,9.886351472232491e-05,0.0,0.00010080951324198395,0.00012975948629900813,0.00010943168308585882,9.891160152619705e-05,9.893489186652005e-05,9.934167610481381e-05,9.907520143315196e-05,9.890661021927372e-05,9.894801769405603e-05,9.891603258438408e-05,0.00010111047595273703,0.00010160720557905734,9.90140761132352e-05,9.90127882687375e-05,9.906156628858298e-05,9.901687735691667e-05,9.885332110570744e-05,9.885587496683002e-05,9.885316103463992e-05,9.883559687295929e-05,9.884347673505545e-05,9.888794011203572e-05,9.884042083285749e-05,9.980810864362866e-05,9.891483932733536e-05,0.00010057765757665038,9.934180707205087e-05,0.00010603529517538846,9.908649371936917e-05,9.885599138215184e-05,9.88576648524031e-05,9.88485844573006e-05,9.88800311461091e-05,9.883671009447426e-05,9.885552572086453e-05,9.888345084618777e-05,9.886623593047261e-05,9.884033352136612e-05,9.884542669169605e-05,9.891744412016124e-05,9.890099317999557e-05,9.88560204859823e-05,9.888420754577965e-05,0.00010117529018316418,9.898205462377518e-05,9.901024168357253e-05,0.00010038982145488262,9.936376591213048e-05,9.923787729348987e-05,0.00010047448449768126,0.00010047998512163758,0.00010047067189589143,0.00010044514783658087,9.891946683637798e-05,9.88824904197827e-05,9.887840133160353e-05,9.998540917877108e-05,0.00010417994053568691,9.883573511615396e-05,9.888835484161973e-05,9.97523166006431e-05,9.888164640869945e-05,9.901095472741872e-05,9.895683615468442e-05,9.892470552586019e-05,9.939385927282274e-05,9.91564302239567e-05,9.918953583110124e-05,9.906658669933677e-05,9.914054680848494e-05,,0.0001107122516259551,9.914276597555727e-05,0.00010205512080574408,9.96951712295413e-05,0.00010529960854910314,9.929855877999216e-05,9.922113531501964e-05,9.918878640746698e-05,9.917010902427137e-05,9.917981515172869e-05,9.919066360453144e-05,9.92123459582217e-05,9.917538409354165e-05,9.91846391116269e-05,9.919139847625047e-05,9.918574505718425e-05,9.929097723215818e-05,0.00010008289245888591,9.950117964763194e-05,9.917205898091197e-05,9.916922135744244e-05,9.9174227216281e-05,9.91548877209425e-05,9.91894630715251e-05,9.916612907545641e-05,9.916393901221454e-05,9.917285933624953e-05,9.917876741383225e-05,9.916964336298406e-05,9.918262367136776e-05,9.90809639915824e-05,9.916256385622546e-05,9.917830175254494e-05,9.91671477095224e-05,0.00010004537762142718,0.00010072550503537059,0.000100709505204577,0.00010072511940961704,0.0001007596729323268,0.00010073342127725482,9.922044409904629e-05,9.914246038533747e-05,9.920817683450878e-05,9.922469325829297e-05,9.926188795361668e-05,9.946546924766153e-05,9.922689059749246e-05,9.927611972671002e-05,9.925922495312989e-05,9.93361827568151e-05,9.950838284566998e-05,9.949380182661116e-05
sklin2_skin_lesions,0.00010093677701661363,0.00010076546459458768,0.0001007761966320686,0.00010080951324198395,0.0,0.0001316719426540658,0.00011134413944091648,0.00010082405060529709,0.00010084734094562009,0.00010125411790795624,0.00010098764323629439,0.00010081905929837376,0.00010086045949719846,0.00010082848893944174,0.00010302292503183708,0.00010351966193411499,0.00010092652519233525,0.00010092523007187992,0.00010097402264364064,0.0001009293191600591,0.00010076579928863794,0.0001007683458738029,0.00010076563194161281,0.00010074806050397456,0.00010075594764202833,0.00010080040374305099,0.00010075289173983037,0.0001017204558593221,0.00010082729568239301,0.00010249011393170804,0.00010125425615115091,0.0001079476933227852,0.0001009989355225116,0.00010076844046125188,0.00010077010665554553,0.00010076104081235826,0.00010079247294925153,0.00010074916644953191,0.00010076798207592219,0.00010079589992528781,0.00010077867773361504,0.00010075278987642378,0.00010075786849483848,0.00010082990047521889,0.00010081344225909561,0.00010076847684103996,0.00010079664934892207,0.0001030873172567226,0.00010089451097883284,0.00010092248703585938,0.00010230226325802505,0.00010127622226718813,0.0001011503190966323,0.00010238692630082369,0.00010239244147669524,0.00010238312825094908,0.00010235760419163853,0.00010083191591547802,0.00010079494677484035,0.00010079084313474596,0.00010189786553382874,0.00010609239689074457,0.00010074819147121161,0.00010080079664476216,0.00010166477295570076,0.0001007940954877995,0.00010092341108247638,0.00010086927795782685,0.00010083714732900262,0.0001013063156278804,0.00010106887202709913,0.00010110207949765027,0.00010097911581397057,0.00010105328692588955,0.000101012788945809,0.00011262470798101276,0.00010105521505465731,0.00010396756988484412,0.00010160762758459896,0.0001072120649041608,0.00010121101513504982,0.00010113358439411968,0.00010110123548656702,0.00010108256537932903,0.0001010923006106168,0.00010110312723554671,0.00010112481686519459,0.00010108786227647215,0.00010109710274264216,0.00010110386938322335,0.00010109822324011475,0.00010120341903530061,0.00010199533426202834,0.00010141362145077437,0.0001010845007840544,0.00010108167043654248,0.00010108668357133865,0.00010106733680004254,0.00010110191942658275,0.00010107857815455645,0.0001010763953672722,0.00010108531569130719,0.00010109120921697468,0.00010108209971804172,0.00010109507275046781,0.00010099342034664005,0.0001010750129353255,0.0001010907581076026,0.00010107959678862244,0.0001019576084217988,0.00010263796139042825,0.00010262195428367704,0.00010263756848871708,0.00010267212928738445,0.00010264586308039725,0.00010113288590218872,0.00010105491674039513,0.0001011206186376512,0.0001011371350614354,0.00010117434430867434,0.00010137791105080396,0.00010113933240063488,0.00010118857608176768,0.00010117168130818754,0.00010124863183591515,0.00010142082464881241,0.00010140624362975359
identify_nbi_infframes,0.00012988608796149492,0.00012971210526302457,0.00012972614786121994,0.00012975948629900813,0.0001316719426540658,0.0,0.0001402938214596361,0.00012977402366232127,0.00012979732127860188,0.00013020409096498042,0.0001299376308452338,0.00012976903235539794,0.00012981044710613787,0.00012977846199646592,0.00013197290536481887,0.00013246963499113917,0.00012987649824935943,0.0001298752031289041,0.00012992399570066482,0.0001298793067689985,0.00012971294927410781,0.00012971818796359003,0.00012971322576049715,0.00012969558883924037,0.00012970443640369922,0.00012974758283235133,0.00012970274838153273,0.0001306705380557105,0.00012977693404536694,0.00013144008698873222,0.00013020419282838702,0.0001368977245874703,0.000129948923131451,0.00012971842079423368,0.00012972007971256971,0.00012971101386938244,0.00012974246055819094,0.0001296991395065561,0.00012971795513294637,0.0001297458802582696,0.00012972866534255445,0.00012970276293344796,0.00012970785610377789,0.00012977987353224307,0.0001297634153161198,0.00012971844989806414,0.00012974662240594625,0.0001320377050433308,0.00012984448403585702,0.00012987265654373914,0.00013125225086696446,0.0001302261953242123,0.00013010029215365648,0.0001313369139097631,0.00013134241453371942,0.00013133310130797327,0.0001313075772486627,0.00012978189624845982,0.00012974491983186454,0.00012974083074368536,0.0001308478240389377,0.00013504236994776875,0.0001296981645282358,0.00012975078425370157,0.00013061468780506402,0.00012974406126886606,0.00012987338413950056,0.00012981925101485103,0.00012978713493794203,0.00013025628868490458,0.00013001885963603854,0.0001300518197240308,0.00012992910342290998,0.00013000325998291373,0.00012996277655474842,0.00014157436089590192,0.0001300051953876391,0.00013291752838995308,0.00013055760064162314,0.00013616203796118498,0.000130160988192074,0.00013008355745114386,0.0001300512085435912,0.0001300325384363532,0.0001300422300118953,0.00013004522770643234,0.00013007476809434593,0.0001300366420764476,0.00013004707579966635,0.0001300538278883323,0.00013004722131881863,0.00013015269360039383,0.00013094527821522206,0.00013036359450779855,0.0001300344883929938,0.00013003165076952428,0.00013003665662836283,0.00013001731713302433,0.00013005189248360693,0.00013002855121158063,0.00013002636842429638,0.00013003528874833137,0.00013004118227399886,0.0001300320727750659,0.0001300450530834496,0.00012994339340366423,0.00013002498599234968,0.00013004073116462678,0.00013002956984564662,0.0001309077924815938,0.00013158793444745243,0.00013157192734070122,0.00013158754154574126,0.00013162210234440863,0.00013159585068933666,0.0001300828589592129,0.0001300048897974193,0.00013007060624659061,0.00013008710811845958,0.0001301243028137833,0.00013032785500399768,0.0001300893200095743,0.00013013854913879186,0.00013012165436521173,0.00013019860489293933,0.00013037081225775182,0.000130356231238693
laryngeal_tissues,0.00010955895413644612,0.00010938763443846256,0.00010939837375190109,0.00010943168308585882,0.00011134413944091648,0.0001402938214596361,0.0,0.00010944622044917196,0.00010946951806545258,0.00010987310815835372,0.00010960982035612687,0.00010944122914224863,0.00010948257840937003,0.00010945053509203717,0.0001116450730478391,0.00011214181722607464,0.00010954869503621012,0.00010954740719171241,0.00010959619248751551,0.00010955149627989158,0.00010938796913251281,0.00010939051571767777,0.0001093878090614453,0.00010937023034784943,0.0001093781174859032,0.00010942258086288348,0.00010937506885966286,0.00011034273484256119,0.00010944945825031027,0.00011111228377558291,0.00010987641871906817,0.00011656992137432098,0.00010962111264234409,0.00010939061758108437,0.00010939228377537802,0.00010938321065623313,0.00010941465006908402,0.00010937133629340678,0.00010939015191979706,0.0001094180770451203,0.00010940085485344753,0.00010937495244434103,0.00010938004561467096,0.00010945207031909376,0.00010943561210297048,0.00010939064668491483,0.00010941882646875456,0.0001117099091061391,0.00010951668082270771,0.00010954484605463222,0.00011092444037785754,0.000109898392111063,0.00010977249621646479,0.00011100910342065617,0.00011101461132057011,0.00011100529809482396,0.0001109797740355134,0.00010945409303531051,0.00010941711661871523,0.00010941302025457844,0.00011052003537770361,0.00011471456673461944,0.00010937036131508648,0.00010942297376459464,0.00011028694279957563,0.00010941627260763198,0.00010954558092635125,0.00010949145507765934,0.0001094593244488351,0.00010992848547175527,0.00010969104914693162,0.00010972424934152514,0.00010960129293380305,0.00010967545676976442,0.00010963496606564149,,0.0001096773921744898,0.00011258706217631698,0.00011022973922081292,0.00011583420564420521,0.00010983318497892469,0.00010975575423799455,0.00010972340533044189,0.0001097047352232039,0.00010971446317853406,0.0001097253043553792,0.00010974698670906946,0.00010971003212034702,0.00010971927986247465,0.00010972604650305584,0.00010972039308398962,0.0001098255961551331,0.0001106174968299456,0.00011003579857060686,0.00010970667790388688,0.00010970384755637497,0.00010970885341521353,0.00010968951391987503,0.00010972408927045763,0.00010970074799843132,0.00010969856521114707,0.00010970748553518206,0.00010971338633680716,0.00010970426956191659,0.00010971724987030029,0.00010961559019051492,0.00010969718277920038,0.00010971292795147747,0.00010970176663249731,0.00011057998199248686,0.00011126013123430312,0.00011124412412755191,0.00011125973833259195,0.00011129429913125932,0.00011126804020022973,0.0001097550630220212,0.00010967708658427,0.00010974279575748369,0.00010975931218126789,0.00010979651415254921,0.00011000008817063645,0.00010976150952046737,0.00010981074592564255,0.00010979385115206242,0.00010987080167979002,0.0001100430017686449,0.00011002842074958608
nerthus_bowel_cleansing_quality,9.903886530082673e-05,9.886754560284317e-05,9.88782849162817e-05,9.891160152619705e-05,0.00010082405060529709,0.00012977402366232127,0.00010944622044917196,0.0,9.894942922983319e-05,9.935621346812695e-05,9.90897387964651e-05,9.892114758258685e-05,9.896255505736917e-05,9.893056994769722e-05,0.00010112501331605017,0.00010162174294237047,9.902856982080266e-05,9.902728197630495e-05,9.907397907227278e-05,9.903139289235696e-05,9.886788029689342e-05,9.8870434158016e-05,9.88677202258259e-05,9.885015606414527e-05,9.885803592624143e-05,9.89024993032217e-05,9.885498730000108e-05,9.98226460069418e-05,9.89293766906485e-05,0.00010059219493996352,9.935634443536401e-05,0.0001060498325387016,9.910103108268231e-05,9.887052874546498e-05,9.887220221571624e-05,9.886312182061374e-05,9.889456850942224e-05,9.88512474577874e-05,9.887006308417767e-05,9.889798820950091e-05,9.888077329378575e-05,9.885487088467926e-05,9.885996405500919e-05,9.893198148347437e-05,9.89155305433087e-05,9.887055784929544e-05,9.889874490909278e-05,0.00010118982754647732,9.899659198708832e-05,9.902477904688567e-05,0.00010040435881819576,9.937830327544361e-05,9.925241465680301e-05,0.0001004890218609944,0.00010049452248495072,0.00010048520925920457,0.00010045968519989401,9.89339969237335e-05,9.889702778309584e-05,9.889293869491667e-05,9.999994654208422e-05,0.00010419447789900005,9.88502724794671e-05,9.890289220493287e-05,9.976685396395624e-05,9.889618377201259e-05,9.902549209073186e-05,9.897137351799756e-05,9.893924288917333e-05,9.940839663613588e-05,9.917096758726984e-05,9.920416050590575e-05,9.908121137414128e-05,9.915536793414503e-05,9.911488450597972e-05,0.00011072678898926824,,0.00010206965816905722,9.970970859285444e-05,0.00010531414591241628,9.931305248755962e-05,9.92356362985447e-05,9.920127922669053e-05,9.918462455971166e-05,9.919438161887228e-05,9.920522279571742e-05,9.922690514940768e-05,9.918994328472763e-05,9.919919830281287e-05,9.920596494339406e-05,9.920030424837023e-05,9.930551459547132e-05,0.00010009742982219905,9.951571701094508e-05,9.918659634422511e-05,9.918375872075558e-05,9.918876457959414e-05,9.916942508425564e-05,9.920400043483824e-05,9.918066643876955e-05,9.917847637552768e-05,9.918739669956267e-05,9.919330477714539e-05,9.91841807262972e-05,9.91971610346809e-05,9.909550135489553e-05,9.91771012195386e-05,9.919283911585808e-05,9.918168507283553e-05,0.00010005991498474032,0.00010074004239868373,0.00010072404256789014,0.00010073965677293018,0.00010077421029563993,0.00010074795864056796,9.923497418640181e-05,9.915699774865061e-05,9.922271419782192e-05,9.923923062160611e-05,9.927642531692982e-05,9.948000661097467e-05,9.92414279608056e-05,9.929065709002316e-05,9.927376231644303e-05,9.935072012012824e-05,9.952292020898312e-05,9.95083391899243e-05
stanford_dogs_image_categorization,9.906215564114973e-05,9.889084321912378e-05,9.89015752566047e-05,9.893489186652005e-05,0.00010084734094562009,0.00012979732127860188,0.00010946951806545258,9.894942922983319e-05,0.0,9.937949653249234e-05,9.911302186083049e-05,9.894443792290986e-05,9.898583812173456e-05,9.895386756397784e-05,0.00010114830365637317,0.00010164504055865109,9.905190381687135e-05,9.905060869641602e-05,9.909940126817673e-05,9.905469778459519e-05,9.889117791317403e-05,9.8893724498339e-05,9.889101056614891e-05,9.887343912851065e-05,9.888132626656443e-05,9.892578236758709e-05,9.887827036436647e-05,9.984594362322241e-05,9.895267430692911e-05,0.00010061549255624413,9.937963477568701e-05,0.00010607313015498221,9.91243141470477e-05,9.889381908578798e-05,9.889548528008163e-05,9.888641943689436e-05,9.891785157378763e-05,9.887454507406801e-05,9.889336070045829e-05,9.892127854982391e-05,9.890405635815114e-05,9.887816850095987e-05,9.888324711937457e-05,9.895527909975499e-05,9.89388208836317e-05,9.889385546557605e-05,9.892202797345817e-05,0.0001012131106108427,9.901988960336894e-05,9.904806211125106e-05,0.00010042764188256115,9.940160089172423e-05,9.92756977211684e-05,0.00010051230492535979,0.00010051782010123134,0.00010050850687548518,0.00010048298281617463,9.895729454001412e-05,9.892032539937645e-05,9.891622175928205e-05,0.00010002324415836483,0.00010421777551528066,9.887357009574771e-05,9.892617526929826e-05,9.979015158023685e-05,9.891947411233559e-05,9.904878970701247e-05,9.899465658236295e-05,9.896252595353872e-05,9.943169425241649e-05,9.919425065163523e-05,9.922745812218636e-05,9.910449443850666e-05,9.917866555042565e-05,9.91381675703451e-05,0.00011075008660554886,9.918059367919341e-05,0.00010209294850938022,9.973300620913506e-05,0.0001053374435286969,9.933639375958592e-05,9.925896301865578e-05,9.922661411110312e-05,9.920794400386512e-05,9.92176792351529e-05,9.92285058600828e-05,9.925019548973069e-05,9.921324090100825e-05,9.922248136717826e-05,9.922924800775945e-05,9.922360186465085e-05,9.932879765983671e-05,0.00010012071288656443,9.953900007531047e-05,9.92098794085905e-05,9.920704906107858e-05,9.921206219587475e-05,9.919271542457864e-05,9.922729805111885e-05,9.920395677909255e-05,9.92017739918083e-05,9.921069431584328e-05,9.921658784151077e-05,9.920747834257782e-05,9.92204513750039e-05,9.911879897117615e-05,9.92003915598616e-05,9.92161367321387e-05,9.920497541315854e-05,0.0001000831980491057,0.00010076334001496434,0.00010074733290821314,0.00010076294711325318,0.00010079750791192055,0.00010077124170493335,9.925826452672482e-05,9.918029536493123e-05,9.92459972621873e-05,9.92625136859715e-05,9.929972293321043e-05,9.950328967534006e-05,9.926471102517098e-05,9.931395470630378e-05,9.929705993272364e-05,9.937401046045125e-05,9.954620327334851e-05,9.953162225428969e-05
svhn,9.946893260348588e-05,9.929762018145993e-05,9.930835221894085e-05,9.934167610481381e-05,0.00010125411790795624,0.00013020409096498042,0.00010987310815835372,9.935621346812695e-05,9.937949653249234e-05,0.0,9.951980609912425e-05,9.935122216120362e-05,9.939258598024026e-05,9.936053538694978e-05,0.00010155468044104055,0.00010205146099906415,9.945868805516511e-05,9.945739293470979e-05,9.950617823051289e-05,9.946148202288896e-05,9.929795487551019e-05,9.930050873663276e-05,9.929778752848506e-05,9.928022336680442e-05,9.92881105048582e-05,9.933256660588086e-05,9.928505460266024e-05,0.00010025272058555856,9.935945126926526e-05,0.00010102226951858029,9.978640446206555e-05,0.00010647990711731836,9.953109838534147e-05,9.930059604812413e-05,9.93022695183754e-05,9.929319639923051e-05,9.93246358120814e-05,9.928132203640416e-05,9.930013766279444e-05,9.932805551216006e-05,9.93108405964449e-05,9.928494546329603e-05,9.929003135766834e-05,9.936205606209114e-05,9.934560512192547e-05,9.93006324279122e-05,9.932881221175194e-05,0.00010161989484913647,9.942666656570509e-05,9.945484634954482e-05,0.00010083442612085491,9.980837785406038e-05,9.968248195946217e-05,0.00010091908916365355,0.00010092459706356749,0.00010091528383782133,0.00010088975977851078,9.936407150235027e-05,9.93271023617126e-05,9.932300599757582e-05,0.00010043002112070099,0.00010462455247761682,9.928034705808386e-05,9.933295950759202e-05,0.000100196928542573,9.932625107467175e-05,9.945556666934863e-05,9.940144082065672e-05,9.936931019183248e-05,9.983847121475264e-05,9.9601034889929e-05,9.963423508452252e-05,9.951127867680043e-05,9.95854425127618e-05,9.954495180863887e-05,0.00011115416418761015,9.958737064152956e-05,,0.00010013970313593745,0.00010574381303740665,9.974317072192207e-05,9.966574725694954e-05,9.963339834939688e-05,9.961472096620128e-05,9.962445619748905e-05,9.963529009837657e-05,9.965697245206684e-05,9.96200178633444e-05,9.962926560547203e-05,9.963603224605322e-05,9.9630378826987e-05,9.973558189813048e-05,0.00010052748984890059,9.994578431360424e-05,9.961666364688426e-05,9.961382602341473e-05,9.96188391582109e-05,9.959949238691479e-05,9.9634075013455e-05,9.961074101738632e-05,9.960855095414445e-05,9.961747127817944e-05,9.962337207980454e-05,9.961425530491397e-05,9.962722833734006e-05,9.95255759335123e-05,9.960717579815537e-05,9.962291369447485e-05,9.96117596514523e-05,0.00010048998228739947,0.0001011701169773005,0.0001011541171465069,0.00010116973135154694,0.0001012042848742567,0.00010117802594322711,9.966504876501858e-05,9.958707232726738e-05,9.965278150048107e-05,9.966929792426527e-05,9.970649989554659e-05,9.991007391363382e-05,9.967149526346475e-05,9.972073166863993e-05,9.97038368950598e-05,9.978079469874501e-05,9.995298751164228e-05,9.993840649258345e-05
caltech101_object_classification,9.920245793182403e-05,9.903114550979808e-05,9.9041877547279e-05,9.907520143315196e-05,0.00010098764323629439,0.0001299376308452338,0.00010960982035612687,9.90897387964651e-05,9.911302186083049e-05,9.951980609912425e-05,0.0,9.90419794106856e-05,9.912614041240886e-05,9.909416985465214e-05,0.00010128860594704747,0.00010178534284932539,9.919221338350326e-05,9.919091826304793e-05,9.923970355885103e-05,9.91950073512271e-05,9.903148020384833e-05,9.903403406497091e-05,9.90313128568232e-05,9.901374869514257e-05,9.902163583319634e-05,9.9066091934219e-05,9.901857993099838e-05,9.998624591389671e-05,9.909297659760341e-05,0.00010075579484691843,9.951993706636131e-05,0.00010621343244565651,9.926462371367961e-05,9.903412137646228e-05,9.903579484671354e-05,9.902672172756866e-05,9.905816114041954e-05,9.901484736474231e-05,9.903366299113259e-05,9.906158084049821e-05,9.904436592478305e-05,9.901847079163417e-05,9.902355668600649e-05,9.909558139042929e-05,9.907913045026362e-05,9.903415775625035e-05,9.906233754009008e-05,0.00010135342017747462,9.916019189404324e-05,9.918837167788297e-05,0.00010056795144919306,9.954190318239853e-05,9.941600728780031e-05,0.0001006526144919917,0.00010065812239190564,0.00010064880916615948,0.00010062328510684893,9.909759683068842e-05,9.906062769005075e-05,9.905653132591397e-05,0.00010016354644903913,0.00010435807780595496,9.901387238642201e-05,9.906648483593017e-05,9.993045387091115e-05,9.905977640300989e-05,9.918909199768677e-05,9.913496614899486e-05,9.910283552017063e-05,9.957199654309079e-05,9.933456021826714e-05,9.936776041286066e-05,9.924480400513858e-05,9.931896784109995e-05,9.927847713697702e-05,0.00011089038889622316,9.93208959698677e-05,0.00010223325807601213,9.987330122385174e-05,0.0001054777458193712,9.947669605026022e-05,9.939927258528769e-05,9.936692367773503e-05,9.934824629453942e-05,9.93579815258272e-05,9.936881542671472e-05,9.939049778040498e-05,9.935354319168255e-05,9.936279093381017e-05,9.936955757439137e-05,9.936390415532514e-05,9.946910722646862e-05,0.00010026102245319635,9.967930964194238e-05,9.935018897522241e-05,9.934735135175288e-05,9.935236448654905e-05,9.933301771525294e-05,9.936760034179315e-05,9.934426634572446e-05,9.93420762824826e-05,9.935099660651758e-05,9.935689740814269e-05,9.934778063325211e-05,9.93607536656782e-05,9.925910126185045e-05,9.934070112649351e-05,9.935643902281299e-05,9.934528497979045e-05,0.00010022350761573762,0.00010090364230563864,0.00010088764247484505,0.00010090325667988509,0.00010093781020259485,0.00010091155127156526,9.939857409335673e-05,9.932059765560552e-05,9.938630682881922e-05,9.940282325260341e-05,9.944002522388473e-05,9.964359924197197e-05,9.94050205918029e-05,9.945425699697807e-05,9.943736222339794e-05,9.951432002708316e-05,9.968651283998042e-05,9.96719318209216e-05
caltech256_object_classification,9.90338739939034e-05,9.886255429591984e-05,9.887329360935837e-05,9.890661021927372e-05,0.00010081905929837376,0.00012976903235539794,0.00010944122914224863,9.892114758258685e-05,9.894443792290986e-05,9.935122216120362e-05,9.90419794106856e-05,0.0,9.895756375044584e-05,9.892557864077389e-05,0.00010112002200912684,0.00010161675163544714,9.902362216962501e-05,9.90223343251273e-05,9.907111234497279e-05,9.902642341330647e-05,9.886288898997009e-05,9.886544285109267e-05,9.886272891890258e-05,9.884516475722194e-05,9.88530446193181e-05,9.889750799629837e-05,9.884999599307775e-05,9.981765470001847e-05,9.892438538372517e-05,0.00010058720363304019,9.935134585248306e-05,0.00010604484123177826,9.909603977575898e-05,9.886553743854165e-05,9.886721090879291e-05,9.885813051369041e-05,9.888957720249891e-05,9.884625615086406e-05,9.886507177725434e-05,9.889299690257758e-05,9.887578198686242e-05,9.884987957775593e-05,9.885497274808586e-05,9.892699017655104e-05,9.891053923638538e-05,9.886556654237211e-05,9.889375360216945e-05,0.00010118483623955399,9.899160068016499e-05,9.901978773996234e-05,0.00010039936751127243,9.937331196852028e-05,9.924742334987968e-05,0.00010048403055407107,0.00010048953117802739,0.00010048021795228124,0.00010045469389297068,9.892901289276779e-05,9.889203647617251e-05,9.888794738799334e-05,9.999495523516089e-05,0.00010418948659207672,9.884528117254376e-05,9.889790089800954e-05,9.976186265703291e-05,9.889119246508926e-05,9.902050078380853e-05,9.896638221107423e-05,9.893425158225e-05,9.940340532921255e-05,9.916597628034651e-05,9.919916919898242e-05,9.907622006721795e-05,9.91503766272217e-05,9.910989319905639e-05,0.00011072179768234491,9.915231203194708e-05,0.00010206466686213389,9.970471728593111e-05,0.00010530915460549295,9.930810483638197e-05,9.923068137140945e-05,9.919833246385679e-05,9.917965508066118e-05,9.918939031194896e-05,9.920023148879409e-05,9.922191384248435e-05,9.91849519778043e-05,9.919420699588954e-05,9.920097363647074e-05,9.91953129414469e-05,9.930052328854799e-05,0.0001000924312393181,9.951072570402175e-05,9.918160503730178e-05,9.917876741383225e-05,9.91837732726708e-05,9.91644337773323e-05,9.91990091279149e-05,9.917567513184622e-05,9.917348506860435e-05,9.918240539263934e-05,9.918831347022206e-05,9.917918941937387e-05,9.919216972775757e-05,9.90905100479722e-05,9.917210991261527e-05,9.918784780893475e-05,9.91766937659122e-05,0.00010005492367781699,0.0001007350510917604,0.00010071905126096681,0.00010073466546600685,0.0001007692189887166,0.00010074296733364463,9.92299901554361e-05,9.915200644172728e-05,9.921772289089859e-05,9.923423931468278e-05,9.927143401000649e-05,9.947501530405134e-05,9.923643665388227e-05,9.928566578309983e-05,9.92687710095197e-05,9.934572881320491e-05,9.95179289020598e-05,9.950334788300097e-05
