,lapgyn4_anatomical_structures,lapgyn4_surgical_actions,lapgyn4_instrument_count,lapgyn4_anatomical_actions,sklin2_skin_lesions,identify_nbi_infframes,laryngeal_tissues,nerthus_bowel_cleansing_quality,stanford_dogs_image_categorization,svhn,caltech101_object_classification,caltech256_object_classification,cifar10_object_classification,cifar100_object_classification,mnist_digit_classification,emnist_digit_classification,hyperkvasir_anatomical-landmarks,hyperkvasir_pathological-findings,hyperkvasir_quality-of-mucosal-views,hyperkvasir_therapeutic-interventions,cholec80_grasper_presence,cholec80_bipolar_presence,cholec80_hook_presence,cholec80_scissors_presence,cholec80_clipper_presence,cholec80_irrigator_presence,cholec80_specimenbag_presence,derm7pt_skin_lesions,idle_action_recognition,barretts_esophagus_diagnosis,brain_tumor_classification,mednode_melanoma_classification,brain_tumor_type_classification,chexpert_enlarged_cardiomediastinum,chexpert_cardiomegaly,chexpert_lung_opacity,chexpert_lung_lesion,chexpert_edema,chexpert_consolidation,chexpert_pneumonia,chexpert_atelectasis,chexpert_pneumothorax,chexpert_pleural_effusion,chexpert_pleural_other,chexpert_fracture,chexpert_support_devices,pneumonia_classification,ph2-melanocytic-lesions-classification,covid_xray_classification,isic20_melanoma_classification,deep_drid_dr_level,shenzen_chest_xray_tuberculosis,crawled_covid_ct_classification,deep_drid_quality,deep_drid_clarity,deep_drid_field,deep_drid_artifact,kvasir_capsule_anatomy,kvasir_capsule_content,kvasir_capsule_pathologies,breast_cancer_classification_v2,eye_condition_classification,mura_xr_wrist,mura_xr_shoulder,mura_xr_humerus,mura_xr_hand,mura_xr_forearm,mura_xr_finger,mura_xr_elbow,bean_plant_disease_classification,aptos19_blindness_detection,lapgyn4_anatomical_structures --shrink_train 800,lapgyn4_surgical_actions --shrink_train 800,lapgyn4_instrument_count --shrink_train 800,lapgyn4_anatomical_actions --shrink_train 800,laryngeal_tissues --shrink_train 800,nerthus_bowel_cleansing_quality --shrink_train 800,svhn --shrink_train 800,cifar10_object_classification --shrink_train 800,mnist_digit_classification --shrink_train 800,hyperkvasir_anatomical-landmarks --shrink_train 800,hyperkvasir_pathological-findings --shrink_train 800,hyperkvasir_quality-of-mucosal-views --shrink_train 800,hyperkvasir_therapeutic-interventions --shrink_train 800,cholec80_grasper_presence --shrink_train 800,cholec80_bipolar_presence --shrink_train 800,cholec80_hook_presence --shrink_train 800,cholec80_scissors_presence --shrink_train 800,cholec80_clipper_presence --shrink_train 800,cholec80_irrigator_presence --shrink_train 800,cholec80_specimenbag_presence --shrink_train 800,idle_action_recognition --shrink_train 800,brain_tumor_classification --shrink_train 800,brain_tumor_type_classification --shrink_train 800,chexpert_enlarged_cardiomediastinum --shrink_train 800,chexpert_cardiomegaly --shrink_train 800,chexpert_lung_opacity --shrink_train 800,chexpert_lung_lesion --shrink_train 800,chexpert_edema --shrink_train 800,chexpert_consolidation --shrink_train 800,chexpert_pneumonia --shrink_train 800,chexpert_atelectasis --shrink_train 800,chexpert_pneumothorax --shrink_train 800,chexpert_pleural_effusion --shrink_train 800,chexpert_pleural_other --shrink_train 800,chexpert_fracture --shrink_train 800,chexpert_support_devices --shrink_train 800,pneumonia_classification --shrink_train 800,covid_xray_classification --shrink_train 800,isic20_melanoma_classification --shrink_train 800,deep_drid_dr_level --shrink_train 800,deep_drid_quality --shrink_train 800,deep_drid_clarity --shrink_train 800,deep_drid_field --shrink_train 800,deep_drid_artifact --shrink_train 800,kvasir_capsule_anatomy --shrink_train 800,kvasir_capsule_content --shrink_train 800,kvasir_capsule_pathologies --shrink_train 800,mura_xr_wrist --shrink_train 800,mura_xr_shoulder --shrink_train 800,mura_xr_humerus --shrink_train 800,mura_xr_hand --shrink_train 800,mura_xr_forearm --shrink_train 800,mura_xr_finger --shrink_train 800,mura_xr_elbow --shrink_train 800,bean_plant_disease_classification --shrink_train 800,aptos19_blindness_detection --shrink_train 800
lapgyn4_anatomical_structures,0.0,0.0011808609124273062,0.0013399296440184116,0.002251674886792898,0.0054100253619253635,0.0073045226745307446,0.013504328206181526,0.004766128491610289,0.004286595154553652,0.011733726598322392,0.0038800612092018127,0.0036183481570333242,0.005077026784420013,0.004860621877014637,0.016222916543483734,0.01626824028789997,0.0028740055859088898,0.0026561880949884653,0.004035511985421181,0.0032006995752453804,0.0020461140666157007,0.002078468445688486,0.00206086877733469,0.0020566030871123075,0.0020444609690457582,0.002053725067526102,0.002044381806626916,0.005289275199174881,0.004831262864172459,0.00533815985545516,0.009264329448342323,0.006851957645267248,0.009407645091414452,0.0055119735188782215,0.005590731743723154,0.005902143195271492,0.005474833771586418,0.005976297426968813,0.00542343920096755,0.005404520779848099,0.006039927247911692,0.00584903871640563,0.005709481425583363,0.005382584407925606,0.005633815657347441,0.0061441268771886826,0.0077003175392746925,0.006004694849252701,0.007693419232964516,0.006733233574777842,0.012061587534844875,0.008174015209078789,0.006053772289305925,0.012103919871151447,0.012097160331904888,0.0121168727055192,0.012180457822978497,0.0066016800701618195,0.006337698083370924,0.006373363547027111,0.01000687200576067,0.01925036497414112,0.006646271329373121,0.005384701304137707,0.006159603595733643,0.006777545437216759,0.005729318130761385,0.005890129134058952,0.006245072465389967,0.007725499104708433,0.009671883657574654,,0.0014590386999771,0.001336225657723844,0.002301398664712906,0.0134285194799304,0.004772755783051252,0.011585092172026634,0.005141519941389561,0.016313256695866585,0.0028670874889940023,0.0026416550390422344,0.004056904930621386,0.003193923505023122,0.002078812336549163,0.002078069606795907,0.002097906544804573,0.0021293533500283957,0.0021173935383558273,0.0020322499331086874,0.002128069056198001,0.004895343910902739,0.0092631159350276,0.009381002746522427,0.005623611155897379,0.00561240641400218,0.005894259549677372,0.005537054501473904,0.005972101353108883,0.005470287520438433,0.005382028874009848,0.005943933501839638,0.0059355138801038265,0.005781061947345734,0.0053650918416678905,0.005628935061395168,0.006178006995469332,0.007737235631793737,0.007722847629338503,0.0067880600690841675,0.01210237480700016,0.012139052152633667,0.012138294987380505,0.01208147220313549,0.012167337350547314,0.006552413571625948,0.00639013247564435,0.006367121823132038,0.006712819449603558,0.005313667003065348,0.006154295057058334,0.006782244890928268,0.005735252518206835,0.005963481031358242,0.006214229855686426,0.0077534993179142475,0.00951716210693121
lapgyn4_surgical_actions,0.0011808609124273062,0.0,0.0005292947753332555,0.0008237524307332933,0.005291256122291088,0.0072771236300468445,0.013253173790872097,0.00447043776512146,0.0037834986578673124,0.011255773715674877,0.0033330931328237057,0.003018546150997281,0.004511401988565922,0.004340387415140867,0.01569945365190506,0.01575295440852642,0.003083188785240054,0.002882622182369232,0.00391410430893302,0.002902486128732562,0.0014484639978036284,0.0014716115547344089,0.0014524109428748488,0.0014546493766829371,0.0014427759451791644,0.0014531128108501434,0.0014418915379792452,0.005046356003731489,0.00412276666611433,0.005088570062071085,0.009133737534284592,0.006830765400081873,0.008901948109269142,0.0050519960932433605,0.00511489761993289,0.005405535455793142,0.005024518817663193,0.005480001214891672,0.004962378181517124,0.004948812536895275,0.005556546617299318,0.005359896924346685,0.005224267020821571,0.004928341135382652,0.0051897806115448475,0.005638578906655312,0.007265047635883093,0.005830890033394098,0.007240410428494215,0.006726635154336691,0.01173604466021061,0.007605199236422777,0.005411731079220772,0.011776705272495747,0.011768162250518799,0.011783319525420666,0.011849489063024521,0.006032729987055063,0.005838459823280573,0.005891023203730583,0.009515302255749702,0.01877455785870552,0.005865784827619791,0.004807089455425739,0.00558234378695488,0.006018450483679771,0.004981424193829298,0.005182513501495123,0.0055427211336791515,0.007343136239796877,0.009272774681448936,0.0012083046603947878,,0.000522298039868474,0.0008436754578724504,0.01317578088492155,0.004483114928007126,0.01110394112765789,0.004577565006911755,0.015789000317454338,0.0031072075944393873,0.0028561362996697426,0.003922983072698116,0.002912549301981926,0.00147762312553823,0.001478033373132348,0.0014829987194389105,0.0015186783857643604,0.0014744632644578815,0.0014405961846932769,0.0015202960930764675,0.004167083650827408,0.009125765413045883,0.008878313936293125,0.005154937505722046,0.005130926612764597,0.005395196378231049,0.005078671965748072,0.005483962595462799,0.005010409280657768,0.004936086013913155,0.005455452483147383,0.0054388330318033695,0.005298244766891003,0.004911012947559357,0.005171182565391064,0.005670407321304083,0.007292881142348051,0.007274250034242868,0.006791430991142988,0.011775637045502663,0.01181216724216938,0.011809123679995537,0.011749359779059887,0.01184016652405262,0.005984620191156864,0.005885770544409752,0.005878612864762545,0.0059334286488592625,0.004731740336865187,0.005562940146774054,0.006027912255376577,0.004995157476514578,0.005262319929897785,0.005521086044609547,0.007369659841060638,0.009115268476307392
lapgyn4_instrument_count,0.0013399296440184116,0.0005292947753332555,0.0,0.0006385341985151172,0.004985356703400612,0.007157263811677694,0.013005377724766731,0.004388515371829271,0.0036105967592447996,0.011035405099391937,0.003154328092932701,0.0028482817579060793,0.0043526883237063885,0.00417457427829504,0.015443646349012852,0.015492992475628853,0.0029475316405296326,0.002728661522269249,0.003924163058400154,0.0030548330396413803,0.0011965569574385881,0.0012255897745490074,0.001202774466946721,0.001203723018988967,0.0011965421726927161,0.0012041968293488026,0.001190108130685985,0.004857752006500959,0.004230888094753027,0.00506210420280695,0.008852994069457054,0.006551919970661402,0.0087952371686697,0.005025940481573343,0.005114729516208172,0.00542018748819828,0.004996766336262226,0.005496261175721884,0.004940774757415056,0.004924882669001818,0.005566297564655542,0.005365579854696989,0.005223941057920456,0.004893908277153969,0.005173529963940382,0.005658851936459541,0.007187250070273876,0.005651968531310558,0.007176524493843317,0.006553413812071085,0.011391752399504185,0.007625311613082886,0.005357206799089909,0.011431694962084293,0.011424151249229908,0.01144117210060358,0.011505265720188618,0.005794200114905834,0.0056382049806416035,0.005693704821169376,0.009452630765736103,0.018469547852873802,0.005738785024732351,0.004674353636801243,0.005352718755602837,0.005975147243589163,0.004807877819985151,0.0050483811646699905,0.005371671169996262,0.007238822523504496,0.008969452232122421,0.0013603592524304986,0.0006603517103940248,,0.0006843343144282699,0.012927674688398838,0.004404378589242697,0.010885870084166527,0.0044172354973852634,0.015531487762928009,0.0029697746504098177,0.0026984899304807186,0.003933364059776068,0.0030646161176264286,0.001233572605997324,0.0012308928417041898,0.0012467761989682913,0.0012605033116415143,0.0012262910604476929,0.0011849370785057545,0.001257826224900782,0.0042846472933888435,0.00884596724063158,0.008772047236561775,0.005137625150382519,0.005133331753313541,0.005406567361205816,0.005056070163846016,0.0054937549866735935,0.004989782348275185,0.004909694194793701,0.0054654767736792564,0.005453913938254118,0.005299678537994623,0.004873843863606453,0.0051624467596411705,0.005691260099411011,0.007221683859825134,0.007210050709545612,0.0066191162914037704,0.011431635357439518,0.011467407457530499,0.011465437710285187,0.011407125741243362,0.01149546355009079,0.005750112235546112,0.00568091357126832,0.005684953182935715,0.005805475637316704,0.004596597049385309,0.005335007328540087,0.005984606221318245,0.004819168709218502,0.0051235007122159,0.0053472393192350864,0.00726526603102684,0.008815471082925797
lapgyn4_anatomical_actions,0.002251674886792898,0.0008237524307332933,0.0006385341985151172,0.0,0.005970410071313381,0.008092683739960194,0.013835912570357323,0.005420704372227192,0.004292548634111881,0.011796429753303528,0.0038463741075247526,0.003526846179738641,0.005056876689195633,0.00490195769816637,0.01619652472436428,0.01625690795481205,0.004137798212468624,0.0039030222687870264,0.004948588088154793,0.003994387574493885,0.002096482552587986,0.002126608043909073,0.002095837378874421,0.0021021785214543343,0.002093698363751173,0.002104060724377632,0.0020863169338554144,0.005768241360783577,0.004908670671284199,0.005926211830228567,0.009841120801866055,0.007509286981076002,0.009591806679964066,0.005844038911163807,0.005923285614699125,0.006207459140568972,0.005828054156154394,0.00628235237672925,0.0057609472423791885,0.0057566286996006966,0.00635936064645648,0.006153824273496866,0.006023239344358444,0.005729092285037041,0.005983542650938034,0.006430360488593578,0.007977563887834549,0.006574011407792568,0.007959860377013683,0.007519987411797047,0.012369429692626,0.00832439586520195,0.0061448197811841965,0.01241050474345684,0.012401371262967587,0.012414584867656231,0.012482333928346634,0.006717477459460497,0.006571986246854067,0.006635979283601046,0.010242710821330547,0.019342361018061638,0.006451082415878773,0.005522192921489477,0.006178104784339666,0.006664572283625603,0.005539801437407732,0.005750889889895916,0.006140939891338348,0.007989262230694294,0.00990321859717369,0.002274766331538558,0.0009845250751823187,0.000648744695354253,,0.013757814653217793,0.0054366979748010635,0.011647357605397701,0.005123496521264315,0.01628328487277031,0.004166513215750456,0.003873309353366494,0.0049528395757079124,0.00400963518768549,0.002138849114999175,0.002132376888766885,0.002147307386621833,0.002168824430555105,0.002098489785566926,0.002090444788336754,0.0021607258822768927,0.004954113159328699,0.009831730276346207,0.00957336463034153,0.00594771234318614,0.005940128117799759,0.006195561960339546,0.005883188918232918,0.006283904891461134,0.005810474511235952,0.0057435063645243645,0.006258267443627119,0.006231590174138546,0.006097917910665274,0.005714743863791227,0.005963574163615704,0.0064637488685548306,0.008008742704987526,0.00799301266670227,0.0075913723558187485,0.012407541275024414,0.012446579523384571,0.01244284026324749,0.012380614876747131,0.012473365291953087,0.006671220995485783,0.006615462247282267,0.006621288601309061,0.00651767011731863,0.005439632572233677,0.006154345814138651,0.006675756070762873,0.005556781776249409,0.0058291093446314335,0.006119276396930218,0.008014814928174019,0.009748837910592556
sklin2_skin_lesions,0.0054100253619253635,0.005291256122291088,0.004985356703400612,0.005970410071313381,0.0,0.007838881574571133,0.012734132818877697,0.005851401016116142,0.004318423569202423,0.011109920218586922,0.0038738453295081854,0.0036034430377185345,0.004997167270630598,0.004715288057923317,0.015534182079136372,0.01551431231200695,0.0040807262994349,0.00416656443849206,0.00566399609670043,0.005126841366291046,0.004800646100193262,0.004817833658307791,0.004817919805645943,0.004808785859495401,0.004804567433893681,0.00481752585619688,0.004806490149348974,0.002507001394405961,0.005695044994354248,0.004798389971256256,0.00866219587624073,0.004743796307593584,0.008866979740560055,0.006027771160006523,0.006138748489320278,0.006443264428526163,0.005985124967992306,0.006521116942167282,0.005936000030487776,0.00589559692889452,0.006594161968678236,0.00642736442387104,0.006227598059922457,0.0058161248452961445,0.006217532325536013,0.0066853901371359825,0.00839349627494812,0.0027449754998087883,0.00840640626847744,0.003968566190451384,0.01025277841836214,0.009006364271044731,0.006026556249707937,0.01030211616307497,0.010295444168150425,0.010316974483430386,0.010379929095506668,0.005900985095649958,0.005536116659641266,0.005601606331765652,0.00924257468432188,0.017749331891536713,0.0068412101827561855,0.005701523739844561,0.0063165598548948765,0.007384313736110926,0.005958879832178354,0.0062083094380795956,0.006282317452132702,0.007397237233817577,0.007727094925940037,0.005421519745141268,0.00532499561086297,0.005083573516458273,0.005983367562294006,0.012660046108067036,0.005852038040757179,0.010966128669679165,0.005060091614723206,0.015626419335603714,0.00412610312923789,0.004111237358301878,0.005658674519509077,0.005166627932339907,0.004779007285833359,0.004852572456002235,0.004897823557257652,0.004852856043726206,0.004904584493488073,0.004811043385416269,0.0047798543237149715,0.005799300502985716,0.008665665984153748,0.008838349021971226,0.0061657726764678955,0.006183979567140341,0.0064236801117658615,0.00605472456663847,0.006486497353762388,0.005971896927803755,0.0058682686649262905,0.006494922563433647,0.006516767665743828,0.006309084128588438,0.005796034354716539,0.006239442620426416,0.006730148568749428,0.008434977382421494,0.00843470636755228,0.004044048022478819,0.010296770371496677,0.010322583839297295,0.010349702090024948,0.010279621928930283,0.010359062813222408,0.0058513423427939415,0.005565463565289974,0.0056008691899478436,0.006907353643327951,0.005623839795589447,0.006320517510175705,0.007391422521322966,0.005959175992757082,0.006270003505051136,0.006238182540982962,0.007412373553961515,0.0075766174122691154
identify_nbi_infframes,0.0073045226745307446,0.0072771236300468445,0.007157263811677694,0.008092683739960194,0.007838881574571133,0.0,0.012727214954793453,0.008694594725966454,0.0065738242119550705,0.012014996260404587,0.006201071199029684,0.005971584469079971,0.0072202133014798164,0.006866943556815386,0.016803162172436714,0.016722068190574646,0.0068586147390306,0.006847611628472805,0.008200972341001034,0.007400513626635075,0.007103022653609514,0.007142083719372749,0.007118618581444025,0.0071077789179980755,0.007116216234862804,0.007123171351850033,0.0071412050165236,0.007158676162362099,0.007784590125083923,0.007138206623494625,0.010238202288746834,0.008965066634118557,0.011570542119443417,0.008376199752092361,0.008299718610942364,0.008537552319467068,0.008360028266906738,0.0085719283670187,0.008269812911748886,0.008253113366663456,0.008641567081212997,0.008590040728449821,0.008393514901399612,0.0082487091422081,0.008385949768126011,0.00871332734823227,0.010568732395768166,0.007857292890548706,0.010630407370626926,0.00802835263311863,0.013955233618617058,0.011544162407517433,0.00884629599750042,0.013987984508275986,0.013989725150167942,0.014007512480020523,0.014074877835810184,0.009703846648335457,0.00937939528375864,0.00942991767078638,0.010505328886210918,0.02102484740316868,0.009088766761124134,0.008072704076766968,0.008439349010586739,0.009821210987865925,0.008145312778651714,0.008296181447803974,0.008654140867292881,0.010068574920296669,0.011909338645637035,0.007312482222914696,0.007231931202113628,0.007223132532089949,0.008140926249325275,0.012644494883716106,0.008683797903358936,0.01194061990827322,0.0072785429656505585,0.01688159815967083,0.006864247377961874,0.006785271223634481,0.008210299536585808,0.007426492404192686,0.0070960549637675285,0.007110594771802425,0.0072159543633461,0.007199362386018038,0.007211421616375446,0.0071358950808644295,0.0070841629058122635,0.007893471047282219,0.0102775227278471,0.0115414559841156,0.008472155779600143,0.008352367207407951,0.008540402166545391,0.008468475192785263,0.008525894954800606,0.008288243785500526,0.008223423734307289,0.008560515940189362,0.00865930039435625,0.0084584541618824,0.008264537900686264,0.008403242565691471,0.00877205841243267,0.0106191486120224,0.010655702091753483,0.008093543350696564,0.01398961991071701,0.01403442956507206,0.014018723741173744,0.01397063210606575,0.014064662158489227,0.009669492021203041,0.009410005994141102,0.009418796747922897,0.009155072271823883,0.008010344579815865,0.008463497273623943,0.009817810729146004,0.008154385723173618,0.008329379372298717,0.008612805977463722,0.010092698968946934,0.0117647098377347
laryngeal_tissues,0.013504328206181526,0.013253173790872097,0.013005377724766731,0.013835912570357323,0.012734132818877697,0.012727214954793453,0.0,0.014232245273888111,0.010766027495265007,0.011438757181167603,0.010198586620390415,0.010218150913715363,0.009719781577587128,0.00915471650660038,0.01894817315042019,0.01890741102397442,0.012999150902032852,0.012885942123830318,0.013936057686805725,0.01341220736503601,0.013259092345833778,0.013293624855577946,0.013273303396999836,0.013262193650007248,0.013265079818665981,0.013277837075293064,0.013285108841955662,0.011818812228739262,0.013368995860219002,0.012623472139239311,0.014540099538862705,0.013566870242357254,0.016496095806360245,0.01412651501595974,0.014110997319221497,0.014306914992630482,0.014137035235762596,0.014350229874253273,0.014042968861758709,0.014037059620022774,0.014422070235013962,0.014349337667226791,0.014168272726237774,0.014046144671738148,0.014148960821330547,0.014466707594692707,0.01602034829556942,0.013076002709567547,0.0160830020904541,0.012242455966770649,0.01905372366309166,0.01710706204175949,0.014014041982591152,0.019093306735157967,0.019088532775640488,0.019102631136775017,0.019174398854374886,0.014523062855005264,0.014173469506204128,0.014244561083614826,0.015559972263872623,0.025977464392781258,0.014085548929870129,0.01358670461922884,0.013870080932974815,0.015028227120637894,0.013376839458942413,0.013457114808261395,0.013775475323200226,0.015025567263364792,0.017115214839577675,0.01351652480661869,0.013404359109699726,0.013093743473291397,0.013848841190338135,,0.014228545129299164,0.011490649543702602,0.00973417330533266,0.019010886549949646,0.013027088716626167,0.012852954678237438,0.013937242329120636,0.013450389727950096,0.01323308702558279,0.013299817219376564,0.013363639824092388,0.013344084843993187,0.013362487778067589,0.013282918371260166,0.0132368803024292,0.01350121758878231,0.014550603926181793,0.016478488221764565,0.014232597313821316,0.014159814454615116,0.01430305652320385,0.014238865114748478,0.014313813298940659,0.014073166996240616,0.014015699736773968,0.014342314563691616,0.01441242452710867,0.014230947010219097,0.014061530120670795,0.014153347350656986,0.014536632224917412,0.016071535646915436,0.016103997826576233,0.012336562387645245,0.019090570509433746,0.01913531869649887,0.019119367003440857,0.01906249299645424,0.01916396990418434,0.014484085142612457,0.014203367754817009,0.014243283309042454,0.014149346388876438,0.013516484759747982,0.013877805322408676,0.015031358227133751,0.013380534946918488,0.013513267040252686,0.013744767755270004,0.015048927627503872,0.016973553225398064
nerthus_bowel_cleansing_quality,0.004766128491610289,0.00447043776512146,0.004388515371829271,0.005420704372227192,0.005851401016116142,0.008694594725966454,0.014232245273888111,0.0,0.0049914950504899025,0.011842000298202038,0.004242299124598503,0.003934692591428757,0.005369950085878372,0.00514146639034152,0.016280297189950943,0.016319846734404564,0.0027661705389618874,0.002216147258877754,0.001176991849206388,0.00224411697126925,0.0035943223629146814,0.003584642428904772,0.003589278319850564,0.003602229990065098,0.0035959798842668533,0.0035970688331872225,0.003596728667616844,0.005664861295372248,0.003926355391740799,0.006096954923123121,0.009906195104122162,0.00789142120629549,0.009069433435797691,0.005792743526399136,0.005746445152908564,0.00604308070614934,0.005728172603994608,0.006089924834668636,0.0056663695722818375,0.005619453731924295,0.00618377048522234,0.0060698287561535835,0.005863713100552559,0.005607301834970713,0.005938373506069183,0.006277358625084162,0.00831146165728569,0.006409012246876955,0.008282436057925224,0.007510568015277386,0.011737753637135029,0.008705890737473965,0.005587726831436157,0.011770067736506462,0.011761754751205444,0.01178679708391428,0.011843064799904823,0.005057459697127342,0.0048295920714735985,0.00482408981770277,0.01039898581802845,0.01894877478480339,0.006585496012121439,0.0049671330489218235,0.005664432421326637,0.006827814504504204,0.005522904917597771,0.00560280354693532,0.00582644110545516,0.008779891766607761,0.009159199893474579,0.004789672791957855,0.004684567917138338,0.004430288914591074,0.005410227924585342,0.014154916629195213,,0.011676129885017872,0.005424377508461475,0.01637866161763668,0.0027927749324589968,0.0023043255787342787,0.0011847791029140353,0.0022482327185571194,0.003577325027436018,0.0036467211320996284,0.003655071835964918,0.003634812543168664,0.0036592676769942045,0.003614288754761219,0.003595694899559021,0.003967585042119026,0.009907008148729801,0.009040623903274536,0.005916066933423281,0.005779658909887075,0.006029745563864708,0.005801190622150898,0.006077638827264309,0.005703963804990053,0.005606178194284439,0.006083287298679352,0.006166414357721806,0.005945252254605293,0.0055877394042909145,0.005930298939347267,0.006316890008747578,0.008332724682986736,0.008318627253174782,0.007583869155496359,0.011781947687268257,0.011800834909081459,0.011796929873526096,0.01175316609442234,0.011830227449536324,0.00502137653529644,0.00488305976614356,0.0048048063181340694,0.006657605059444904,0.004886248614639044,0.005661585368216038,0.006836896296590567,0.005522389896214008,0.005672108847647905,0.0057906499132514,0.00880723912268877,0.00899193249642849
stanford_dogs_image_categorization,0.004286595154553652,0.0037834986578673124,0.0036105967592447996,0.004292548634111881,0.004318423569202423,0.0065738242119550705,0.010766027495265007,0.0049914950504899025,0.0,0.008817019872367382,0.0012474004179239273,0.0010663283756002784,0.002137006027624011,0.0021747127175331116,0.013353022746741772,0.013400597497820854,0.0038845392409712076,0.0038026408292353153,0.004742899443954229,0.0039375219494104385,0.003877881448715925,0.0038980436511337757,0.0038868978153914213,0.003879968076944351,0.0038757009897381067,0.0038938673678785563,0.003889410523697734,0.004025322385132313,0.00444146478548646,0.003809876274317503,0.007399848662316799,0.005506270099431276,0.0074268486350774765,0.004793509840965271,0.0048175398260355,0.005058048292994499,0.004793571308255196,0.0051176464185118675,0.004717945121228695,0.0046990117989480495,0.005187586415559053,0.005052729044109583,0.004905716981738806,0.004719051998108625,0.004892135504633188,0.005255709867924452,0.006700386758893728,0.004790676292032003,0.0067190974950790405,0.005498021841049194,0.010224835947155952,0.007405656855553389,0.004516331944614649,0.010262232273817062,0.010257965885102749,0.01026676781475544,0.010336645878851414,0.005431708879768848,0.005059526301920414,0.005129853263497353,0.007824449799954891,0.016996657475829124,0.004861079156398773,0.004303686786442995,0.004606869537383318,0.005658225622028112,0.004010472446680069,0.004331720527261496,0.004538108594715595,0.006134762894362211,0.007970301434397697,0.00429585762321949,0.0038662636652588844,0.003677916480228305,0.00429000798612833,0.010681742802262306,0.005002242513000965,0.008677746169269085,0.002209897618740797,0.01344536617398262,0.003922245930880308,0.0037816036492586136,0.0047300285659730434,0.003969752695411444,0.003864982398226857,0.003937662113457918,0.003969163633882999,0.003937085159122944,0.0039642793126404285,0.0039058455731719732,0.003864575643092394,0.00451932568103075,0.0073912488296628,0.007417391054332256,0.0049003660678863525,0.004849112126976252,0.005061750765889883,0.0048762219958007336,0.005103894975036383,0.004766738507896662,0.00468624010682106,0.005092764738947153,0.005125649739056826,0.004970102570950985,0.004718260373920202,0.0048729972913861275,0.005312779918313026,0.006739363539963961,0.006745355669409037,0.005598883610218763,0.010259568691253662,0.010305472649633884,0.01029304601252079,0.010228991508483887,0.010326167568564415,0.005386889912188053,0.005105020012706518,0.0051200492307543755,0.0049269734881818295,0.004216805566102266,0.0045966194011271,0.0056680599227547646,0.004017805680632591,0.004396411590278149,0.004504627548158169,0.006153373047709465,0.007821176201105118
svhn,0.011733726598322392,0.011255773715674877,0.011035405099391937,0.011796429753303528,0.011109920218586922,0.012014996260404587,0.011438757181167603,0.011842000298202038,0.008817019872367382,0.0,0.008151414804160595,0.008006580173969269,0.006185946054756641,0.005586853716522455,0.01399262249469757,0.01394664030522108,0.0109332874417305,0.010819668881595135,0.011660264804959297,0.010998165234923363,0.011054495349526405,0.011081766337156296,0.011064263992011547,0.011057660914957523,0.011061917059123516,0.011073542758822441,0.011078909039497375,0.010628990828990936,0.011115601286292076,0.010738911107182503,0.012729323469102383,0.012608485296368599,0.014190972782671452,0.01165855210274458,0.011644722893834114,0.011859330348670483,0.011662287637591362,0.011903157457709312,0.011578365229070187,0.011568374931812286,0.01196551974862814,0.011876387521624565,0.011709961108863354,0.011573744006454945,0.011680727824568748,0.012022540904581547,0.013534367084503174,0.011542310006916523,0.013580252416431904,0.011779687367379665,0.017000457271933556,0.014582050032913685,0.011349454522132874,0.017036937177181244,0.01703362725675106,0.017045676708221436,0.017114859074354172,0.012252340093255043,0.011867459863424301,0.011941301636397839,0.014167332090437412,0.023849524557590485,0.011269844137132168,0.010979324579238892,0.011131491512060165,0.012299907393753529,0.010581021197140217,0.010486300103366375,0.010967389680445194,0.013380753807723522,0.014921619556844234,0.011756177060306072,0.011282799765467644,0.011111097410321236,0.01179479993879795,0.011435971595346928,0.011838337406516075,,0.006155242677778006,0.01408100500702858,0.010968864895403385,0.010793112218379974,0.011648825369775295,0.011042244732379913,0.011032511480152607,0.01109518762677908,0.011155113577842712,0.011129695922136307,0.01114831492304802,0.011090472340583801,0.01102581899613142,0.011229577474296093,0.012723292224109173,0.014176865108311176,0.011763124726712704,0.011687352322041988,0.011847772635519505,0.011760015971958637,0.011867912486195564,0.011610633693635464,0.011547326110303402,0.01188436895608902,0.011943453922867775,0.011778953485190868,0.011591748334467411,0.011679957620799541,0.012086630798876286,0.013582710176706314,0.013601897284388542,0.011879459954798222,0.01703490875661373,0.01707899197936058,0.017062395811080933,0.017006035894155502,0.017104869708418846,0.012209335342049599,0.011893604882061481,0.01193920522928238,0.011338472366333008,0.010911569930613041,0.011132147163152695,0.012305582873523235,0.010588370263576508,0.010533712804317474,0.01094469241797924,0.013400820083916187,0.014775841496884823
caltech101_object_classification,0.0038800612092018127,0.0033330931328237057,0.003154328092932701,0.0038463741075247526,0.0038738453295081854,0.006201071199029684,0.010198586620390415,0.004242299124598503,0.0012474004179239273,0.008151414804160595,0.0,0.00038123727426864207,0.0018356380751356483,0.0016926514217630029,0.012259247712790966,0.012393264099955559,0.0033668538089841604,0.003174486570060253,0.004055012948811054,0.0032937193755060434,0.003307572565972805,0.0033250749111175537,0.0033144366461783648,0.003309061750769615,0.0033068961929529905,0.0033243531361222267,0.0033178862649947405,0.003554391907528043,0.0036442752461880445,0.003613414941355586,0.006573702674359083,0.005310851614922285,0.006747222971171141,0.004349234979599714,0.004389289766550064,0.004636434838175774,0.0043486314825713634,0.004694548901170492,0.0042731487192213535,0.004259769339114428,0.004762972239404917,0.004617323167622089,0.004467209801077843,0.00426218006759882,0.004453687462955713,0.004826747812330723,0.006272464990615845,0.004439498297870159,0.0062813712283968925,0.004998516291379929,0.009525898844003677,0.0069611528888344765,0.003762143664062023,0.009567026980221272,0.009559202939271927,0.009570235386490822,0.00964091531932354,0.004534828942269087,0.004215620923787355,0.0042856051586568356,0.007392780389636755,0.016362817957997322,0.004177486058324575,0.0036250720731914043,0.0038655761163681746,0.0048690130934119225,0.0032741499599069357,0.0034569057170301676,0.0037710804026573896,0.005655911285430193,0.007330421358346939,0.0038931453600525856,0.0034703281708061695,0.0032278518192470074,0.00384048861451447,0.010115512646734715,0.004251406528055668,0.008001227863132954,0.0019052308052778244,0.012349657714366913,0.0034058550372719765,0.00316039752215147,0.004044438246637583,0.0033298737835139036,0.0032963119447231293,0.003364600008353591,0.0034019218292087317,0.0033696123864501715,0.0033859950490295887,0.0033360342495143414,0.003290567547082901,0.0037278039380908012,0.00657055014744401,0.006736211944371462,0.004457766190171242,0.0044238572008907795,0.004628600087016821,0.004428371787071228,0.004679503384977579,0.004320139531046152,0.004246029071509838,0.004672206938266754,0.004690809175372124,0.004537067376077175,0.004262985195964575,0.004438310395926237,0.004880220163613558,0.006309086922556162,0.0063096568919718266,0.005092907231301069,0.009562737308442593,0.009604870341718197,0.009592554531991482,0.009535536170005798,0.009629146195948124,0.004491579253226519,0.004258602391928434,0.004277006257325411,0.0042436011135578156,0.0035337309818714857,0.003851568093523383,0.00487593375146389,0.003284286241978407,0.0035260615404695272,0.003737473161891103,0.00567651866003871,0.007187588606029749
caltech256_object_classification,0.0036183481570333242,0.003018546150997281,0.0028482817579060793,0.003526846179738641,0.0036034430377185345,0.005971584469079971,0.010218150913715363,0.003934692591428757,0.0010663283756002784,0.008006580173969269,0.00038123727426864207,0.0,0.0016811442328616977,0.0015247209230437875,0.01221546996384859,0.012330976314842701,0.0030636456795036793,0.002891911193728447,0.0037796858232468367,0.002954637398943305,0.002945858519524336,0.002962408820167184,0.0029519943054765463,0.0029472936876118183,0.002945232903584838,0.002961713122203946,0.0029565731529146433,0.0033256930764764547,0.003307694336399436,0.0033658568281680346,0.006498381029814482,0.005088492762297392,0.006442017387598753,0.003971858881413937,0.004019940737634897,0.004274657461792231,0.003973404876887798,0.0043349177576601505,0.003898621303960681,0.003885236568748951,0.0044031604193151,0.004250377416610718,0.004101972095668316,0.003887976286932826,0.004093021620064974,0.004469144623726606,0.005898145027458668,0.004172003362327814,0.005904709920287132,0.004809901118278503,0.009169072844088078,0.006586127448827028,0.003445106791332364,0.00920881051570177,0.00920139066874981,0.009211941622197628,0.009282742626965046,0.004251827951520681,0.0039344546385109425,0.004008281044661999,0.007150812540203333,0.015975136309862137,0.0037802644073963165,0.003235348965972662,0.0034784162417054176,0.004522950388491154,0.002863896545022726,0.003070434322580695,0.003375801257789135,0.005424913484603167,0.006969851907342672,0.0036360903177410364,0.003113267244771123,0.002919841790571809,0.00351548008620739,0.010134389623999596,0.00394552992656827,0.00785589125007391,0.001745682442560792,0.01230716984719038,0.003108093747869134,0.002876824466511607,0.003765782807022333,0.0029924563132226467,0.0029317080043256283,0.0030025343876332045,0.0030349818989634514,0.0030071516521275043,0.0030241888016462326,0.0029782233759760857,0.002926702843979001,0.0033908099867403507,0.006493856199085712,0.00642872741445899,0.004082107450813055,0.004053582437336445,0.004265659023076296,0.004050572868436575,0.004320898093283176,0.003945294767618179,0.0038723917677998543,0.004311203956604004,0.004324765410274267,0.004172485321760178,0.0038870752323418856,0.0040765549056231976,0.004522557836025953,0.005934643559157848,0.005932264495640993,0.004906024318188429,0.009207265451550484,0.00924808531999588,0.009233624674379826,0.009177562780678272,0.009272015653550625,0.004206707701086998,0.003976257052272558,0.004000196233391762,0.0038479899521917105,0.003143874928355217,0.0034626165870577097,0.004531830549240112,0.0028735878877341747,0.003140607150271535,0.0033436687663197517,0.00544554740190506,0.006826119963079691
cifar10_object_classification,0.005077026784420013,0.004511401988565922,0.0043526883237063885,0.005056876689195633,0.004997167270630598,0.0072202133014798164,0.009719781577587128,0.005369950085878372,0.002137006027624011,0.006185946054756641,0.0018356380751356483,0.0016811442328616977,0.0,0.00041244071326218545,0.011784974485635757,0.0118705527856946,0.00450530368834734,0.004368413705378771,0.005220187362283468,0.004389905370771885,0.00442755501717329,0.004446376580744982,0.004435550421476364,0.00443297578021884,0.004427741281688213,0.004443108569830656,0.00444048922508955,0.004652694799005985,0.004854773171246052,0.0045021832920610905,0.007580538745969534,0.006423075683414936,0.008208727464079857,0.005356134846806526,0.005375586450099945,0.0056242248974740505,0.005350893829017878,0.005679289810359478,0.005276404321193695,0.0052568200044333935,0.005753806326538324,0.005620995536446571,0.005468151066452265,0.005270836874842644,0.0054543400183320045,0.005826364737004042,0.007414707448333502,0.0054751974530518055,0.007418857887387276,0.0062635913491249084,0.010923836380243301,0.008076232858002186,0.004967795684933662,0.010962891392409801,0.01095422264188528,0.01096589956432581,0.011035727337002754,0.00588681735098362,0.005551289767026901,0.005627883598208427,0.00828599277883768,0.01774008944630623,0.005467051174491644,0.004864621441811323,0.0052342195995152,0.006123747676610947,0.0046246955171227455,0.004803087562322617,0.005099887493997812,0.006942950654774904,0.008669394068419933,0.005093127954751253,0.004587060771882534,0.004418962635099888,0.0050459024496376514,0.009662195108830929,0.005376639775931835,0.0060414900071918964,,0.011877214536070824,0.0045465463772416115,0.004351422190666199,0.00520674791187048,0.004427317995578051,0.004411162342876196,0.004483633674681187,0.004516222979873419,0.004483266733586788,0.004510638769716024,0.004463071934878826,0.004410385154187679,0.004936279729008675,0.0075654443353414536,0.008196783252060413,0.005461002234369516,0.005407382268458605,0.005620068870484829,0.005430200602859259,0.005665274802595377,0.005321906413882971,0.0052480194717645645,0.005660231225192547,0.00569501519203186,0.0055382573045790195,0.005268290638923645,0.005433851387351751,0.005881804972887039,0.007450459990650415,0.007446251343935728,0.00635612802579999,0.010961233638226986,0.011003036983311176,0.01098922360688448,0.010928935371339321,0.01102819200605154,0.005839906632900238,0.005587427876889706,0.005624216049909592,0.005535718519240618,0.0047784168273210526,0.005220506340265274,0.006133911199867725,0.004634953569620848,0.004870276432484388,0.005073176231235266,0.006962946150451899,0.008518127724528313
