,lapgyn4_anatomical_structures,lapgyn4_surgical_actions,lapgyn4_instrument_count,lapgyn4_anatomical_actions,sklin2_skin_lesions,identify_nbi_infframes,laryngeal_tissues,nerthus_bowel_cleansing_quality,stanford_dogs_image_categorization,svhn,caltech101_object_classification,caltech256_object_classification,cifar10_object_classification,cifar100_object_classification,mnist_digit_classification,emnist_digit_classification,hyperkvasir_anatomical-landmarks,hyperkvasir_pathological-findings,hyperkvasir_quality-of-mucosal-views,hyperkvasir_therapeutic-interventions,cholec80_grasper_presence,cholec80_bipolar_presence,cholec80_hook_presence,cholec80_scissors_presence,cholec80_clipper_presence,cholec80_irrigator_presence,cholec80_specimenbag_presence,derm7pt_skin_lesions,idle_action_recognition,barretts_esophagus_diagnosis,brain_tumor_classification,mednode_melanoma_classification,brain_tumor_type_classification,chexpert_enlarged_cardiomediastinum,chexpert_cardiomegaly,chexpert_lung_opacity,chexpert_lung_lesion,chexpert_edema,chexpert_consolidation,chexpert_pneumonia,chexpert_atelectasis,chexpert_pneumothorax,chexpert_pleural_effusion,chexpert_pleural_other,chexpert_fracture,chexpert_support_devices,pneumonia_classification,ph2-melanocytic-lesions-classification,covid_xray_classification,isic20_melanoma_classification,deep_drid_dr_level,shenzen_chest_xray_tuberculosis,crawled_covid_ct_classification,deep_drid_quality,deep_drid_clarity,deep_drid_field,deep_drid_artifact,kvasir_capsule_anatomy,kvasir_capsule_content,kvasir_capsule_pathologies,breast_cancer_classification_v2,eye_condition_classification,mura_xr_wrist,mura_xr_shoulder,mura_xr_humerus,mura_xr_hand,mura_xr_forearm,mura_xr_finger,mura_xr_elbow,bean_plant_disease_classification,aptos19_blindness_detection,lapgyn4_anatomical_structures --shrink_train 800,lapgyn4_surgical_actions --shrink_train 800,lapgyn4_instrument_count --shrink_train 800,lapgyn4_anatomical_actions --shrink_train 800,laryngeal_tissues --shrink_train 800,nerthus_bowel_cleansing_quality --shrink_train 800,svhn --shrink_train 800,cifar10_object_classification --shrink_train 800,mnist_digit_classification --shrink_train 800,hyperkvasir_anatomical-landmarks --shrink_train 800,hyperkvasir_pathological-findings --shrink_train 800,hyperkvasir_quality-of-mucosal-views --shrink_train 800,hyperkvasir_therapeutic-interventions --shrink_train 800,cholec80_grasper_presence --shrink_train 800,cholec80_bipolar_presence --shrink_train 800,cholec80_hook_presence --shrink_train 800,cholec80_scissors_presence --shrink_train 800,cholec80_clipper_presence --shrink_train 800,cholec80_irrigator_presence --shrink_train 800,cholec80_specimenbag_presence --shrink_train 800,idle_action_recognition --shrink_train 800,brain_tumor_classification --shrink_train 800,brain_tumor_type_classification --shrink_train 800,chexpert_enlarged_cardiomediastinum --shrink_train 800,chexpert_cardiomegaly --shrink_train 800,chexpert_lung_opacity --shrink_train 800,chexpert_lung_lesion --shrink_train 800,chexpert_edema --shrink_train 800,chexpert_consolidation --shrink_train 800,chexpert_pneumonia --shrink_train 800,chexpert_atelectasis --shrink_train 800,chexpert_pneumothorax --shrink_train 800,chexpert_pleural_effusion --shrink_train 800,chexpert_pleural_other --shrink_train 800,chexpert_fracture --shrink_train 800,chexpert_support_devices --shrink_train 800,pneumonia_classification --shrink_train 800,covid_xray_classification --shrink_train 800,isic20_melanoma_classification --shrink_train 800,deep_drid_dr_level --shrink_train 800,deep_drid_quality --shrink_train 800,deep_drid_clarity --shrink_train 800,deep_drid_field --shrink_train 800,deep_drid_artifact --shrink_train 800,kvasir_capsule_anatomy --shrink_train 800,kvasir_capsule_content --shrink_train 800,kvasir_capsule_pathologies --shrink_train 800,mura_xr_wrist --shrink_train 800,mura_xr_shoulder --shrink_train 800,mura_xr_humerus --shrink_train 800,mura_xr_hand --shrink_train 800,mura_xr_forearm --shrink_train 800,mura_xr_finger --shrink_train 800,mura_xr_elbow --shrink_train 800,bean_plant_disease_classification --shrink_train 800,aptos19_blindness_detection --shrink_train 800
lapgyn4_anatomical_structures,0.0,0.04005611315369606,0.04006384313106537,0.04011918976902962,0.040355339646339417,0.04036969318985939,0.040968529880046844,0.040308188647031784,0.04025472328066826,0.040782004594802856,0.04021694138646126,0.040204890072345734,0.04030159115791321,0.0402945801615715,0.041029028594493866,0.04101765528321266,0.0401410348713398,0.040158096700906754,0.04024727642536163,0.04019907861948013,0.04009382054209709,0.04011368751525879,0.040100984275341034,0.040116775780916214,0.04011320695281029,0.04011542722582817,0.04012790322303772,0.04035225510597229,0.04029452055692673,0.04031479358673096,0.04060878977179527,0.04042881727218628,0.04061778262257576,0.04034091904759407,0.04034706950187683,0.0403711274266243,0.04033204913139343,0.040375299751758575,0.04033973440527916,0.04032130539417267,0.04042390361428261,0.040346793830394745,0.04037578031420708,0.040342919528484344,0.04037489369511604,0.04041612893342972,0.040473707020282745,0.04037975147366524,0.04052012041211128,0.040375079959630966,0.04074777290225029,0.04049008712172508,0.040376171469688416,0.040749695152044296,0.04078061878681183,0.04082687571644783,0.04088521748781204,0.04038261994719505,0.040407028049230576,0.04040118306875229,0.040663477033376694,0.041247300803661346,0.04042614996433258,0.040348902344703674,0.040387991815805435,0.040434062480926514,0.040360961109399796,0.04035311937332153,0.040386863052845,0.04045863449573517,0.04069675877690315,,0.04006071388721466,0.040056291967630386,0.0401194766163826,0.04076031967997551,0.04030211642384529,0.040761321783065796,0.040314264595508575,0.0410199798643589,0.04016697406768799,0.0401402972638607,0.04025762900710106,0.04018137976527214,0.04011230543255806,0.04011492431163788,0.040115561336278915,0.0401138998568058,0.04011666029691696,0.04010755568742752,0.04012144356966019,0.04029856249690056,0.040562279522418976,0.040554482489824295,0.04036593437194824,0.040342532098293304,0.040353916585445404,0.04033750668168068,0.0403653047978878,0.040346238762140274,0.04033646732568741,0.04036707803606987,0.040391068905591965,0.04034876078367233,0.040337760001420975,0.04037319868803024,0.04038142412900925,0.04048241302371025,0.040475644171237946,0.04042823985219002,0.04072946682572365,0.04077582433819771,0.040725212544202805,0.04081569239497185,0.04071230813860893,0.040392693132162094,0.040396153926849365,0.04040893539786339,0.04041459411382675,0.04034101963043213,0.0404042974114418,0.040451668202877045,0.040350284427404404,0.0403863862156868,0.040424615144729614,0.04046523571014404,0.04063054546713829
lapgyn4_surgical_actions,0.04005611315369606,0.0,0.0400143526494503,0.040030431002378464,0.0403473824262619,0.04038272425532341,0.040959592908620834,0.040282029658555984,0.04022640734910965,0.040755655616521835,0.040182605385780334,0.040159691125154495,0.04026438668370247,0.040261976420879364,0.04100063815712929,0.040988434106111526,0.04014862701296806,0.0401727668941021,0.040232978761196136,0.04017409309744835,0.04007032886147499,0.04006889462471008,0.0400506891310215,0.04006871208548546,0.040067896246910095,0.04006476327776909,0.04006989300251007,0.0403435193002224,0.04024629294872284,0.04030439257621765,0.040617868304252625,0.04043241962790489,0.04058517515659332,0.040303729474544525,0.040309347212314606,0.04032968729734421,0.0402938649058342,0.040330905467271805,0.04029913246631622,0.040280841290950775,0.04037751257419586,0.040304575115442276,0.04033505916595459,0.04030344635248184,0.04033464193344116,0.04037109389901161,0.04043778404593468,0.04037175700068474,0.04048331081867218,0.04037143290042877,0.04072917252779007,0.040436990559101105,0.040331095457077026,0.04073181748390198,0.040760599076747894,0.04080900177359581,0.04086364060640335,0.04034063592553139,0.04037085548043251,0.04036446288228035,0.04063870757818222,0.0412149541079998,0.0403703935444355,0.04030179977416992,0.040346164256334305,0.04037775099277496,0.04030570760369301,0.04029948264360428,0.04033553600311279,0.040434326976537704,0.04066739231348038,0.04005159065127373,,0.0400109626352787,0.040016379207372665,0.04075054079294205,0.04027380421757698,0.04073342680931091,0.04027550294995308,0.04098958522081375,0.04019312188029289,0.04015867039561272,0.04024141654372215,0.04016011953353882,0.04007120057940483,0.04006410762667656,0.0400560088455677,0.04007377848029137,0.04007239267230034,0.040070243179798126,0.04007368162274361,0.0402398481965065,0.04056410491466522,0.04052462801337242,0.04032048210501671,0.040299877524375916,0.04030865058302879,0.040295831859111786,0.040321141481399536,0.04030312970280647,0.04029132425785065,0.04032222926616669,0.0403418093919754,0.04029929265379906,0.04029614105820656,0.04033220559358597,0.040337901562452316,0.040446408092975616,0.04043780267238617,0.04043306037783623,0.04071401432156563,0.04075762629508972,0.04070466384291649,0.04079567268490791,0.040693607181310654,0.04035322740674019,0.040356624871492386,0.04036931321024895,0.04035719484090805,0.04029085114598274,0.04035508260130882,0.040395043790340424,0.04029596969485283,0.04033513739705086,0.0403706356883049,0.040438953787088394,0.040604930371046066
lapgyn4_instrument_count,0.04006384313106537,0.0400143526494503,0.0,0.04001224413514137,0.04034541919827461,0.0403875894844532,0.04096483439207077,0.04028908163309097,0.04023374989628792,0.040763046592473984,0.040193233639001846,0.04016973823308945,0.0402742475271225,0.040270622819662094,0.041008032858371735,0.04099604859948158,0.04015005752444267,0.040170542895793915,0.04024584963917732,0.040192101150751114,0.0400402694940567,0.04005531966686249,0.04003237560391426,0.04005293920636177,0.040047597140073776,0.040044497698545456,0.040045008063316345,0.04035045579075813,0.040268853306770325,0.040314383804798126,0.04061491787433624,0.040435533970594406,0.04059885814785957,0.040316447615623474,0.04032273590564728,0.04034679755568504,0.04030419886112213,0.04034985229372978,0.040314558893442154,0.04029395803809166,0.04039832949638367,0.040321674197912216,0.04035218432545662,0.04031640663743019,0.04035104811191559,0.04038849100470543,0.040451765060424805,0.04038272425532341,0.04049785062670708,0.04038451239466667,0.040727727115154266,0.04045819491147995,0.040342479944229126,0.04073190316557884,0.04076111689209938,0.04080864042043686,0.040865082293748856,0.040343113243579865,0.040373947471380234,0.04036889597773552,0.04065176099538803,0.041218701750040054,0.040383096784353256,0.0403122641146183,0.040354639291763306,0.040393855422735214,0.04031578451395035,0.040312908589839935,0.04034582898020744,0.04045280069112778,0.04066968709230423,0.04005851969122887,0.040022000670433044,,0.04000945761799812,0.04075535759329796,0.040283460170030594,0.04074091836810112,0.040285900235176086,0.040997281670570374,0.04019395634531975,0.04015445336699486,0.040256425738334656,0.040176838636398315,0.04004576429724693,0.040044549852609634,0.04004281014204025,0.040051911026239395,0.0400431826710701,0.040054112672805786,0.04005347192287445,0.040268607437610626,0.040563154965639114,0.04053774103522301,0.04033563658595085,0.04031477868556976,0.04032466188073158,0.04030771553516388,0.04033902660012245,0.040318626910448074,0.04030732437968254,0.04034098610281944,0.040362030267715454,0.0403195396065712,0.040308065712451935,0.04034670814871788,0.04035608842968941,0.040460504591464996,0.040452390909194946,0.0404461994767189,0.04071269556879997,0.04075654223561287,0.040704887360334396,0.04079563543200493,0.040693603456020355,0.040352724492549896,0.04036065563559532,0.04037724807858467,0.040369268506765366,0.04030436649918556,0.04036352038383484,0.040410108864307404,0.040306445211172104,0.04034736752510071,0.04038217291235924,0.04045645520091057,0.040606189519166946
lapgyn4_anatomical_actions,0.04011918976902962,0.040030431002378464,0.04001224413514137,0.0,0.04040266200900078,0.04044181481003761,0.04100602865219116,0.04036104306578636,0.04027074947953224,0.04080558940768242,0.04023138806223869,0.0402083657681942,0.04031511768698692,0.04031200706958771,0.04104463383555412,0.041032690554857254,0.04022160544991493,0.040248408913612366,0.04031040892004967,0.04026168957352638,0.04011954739689827,0.040128663182258606,0.040101636201143265,0.04012688994407654,0.04012380167841911,0.04011213034391403,0.040111470967531204,0.04040297865867615,0.04031946882605553,0.04036678373813629,0.04066913574934006,0.04048503190279007,0.04064410924911499,0.04037606343626976,0.04038181155920029,0.04040390998125076,0.040365733206272125,0.04040586203336716,0.04037301614880562,0.040354419499635696,0.04045204445719719,0.04037899151444435,0.040409453213214874,0.04037709906697273,0.04040729999542236,0.04044501110911369,0.040501613169908524,0.04043344780802727,0.04054789990186691,0.0404333621263504,0.04078496992588043,0.04050222039222717,0.04039254039525986,0.040787920355796814,0.04081634804606438,0.040865592658519745,0.04092041030526161,0.040403641760349274,0.04043882340192795,0.040432266891002655,0.040701303631067276,0.041268590837717056,0.04042802378535271,0.04036802425980568,0.040404386818408966,0.0404370091855526,0.04036010801792145,0.040356069803237915,0.040393706411123276,0.040492646396160126,0.040723834186792374,0.040118809789419174,0.04005992040038109,0.04002171754837036,,0.0407957099378109,0.04035096615552902,0.04078337177634239,0.04032745957374573,0.04103439673781395,0.040266308933496475,0.04023328050971031,0.04032208025455475,0.040243085473775864,0.04011646658182144,0.04011485353112221,0.04011112451553345,0.04012904688715935,0.04012015461921692,0.040126293897628784,0.04012526199221611,0.040313929319381714,0.040616147220134735,0.04058340936899185,0.04039021581411362,0.04037472605705261,0.040382638573646545,0.040367044508457184,0.04039602726697922,0.040376175194978714,0.04036466404795647,0.040398236364126205,0.040415357798337936,0.04037318751215935,0.040366750210523605,0.04040342941880226,0.04041140154004097,0.04050928354263306,0.04050063341856003,0.040497973561286926,0.0407685823738575,0.04081357643008232,0.04075934737920761,0.040852513164281845,0.040750421583652496,0.040413908660411835,0.04042147845029831,0.04043792188167572,0.04041295126080513,0.040359098464250565,0.0404115654528141,0.04045531898736954,0.04035211727023125,0.04039042070508003,0.04042794927954674,0.04049770534038544,0.04066183418035507
sklin2_skin_lesions,0.040355339646339417,0.0403473824262619,0.04034541919827461,0.04040266200900078,0.0,0.040435541421175,0.04091974347829819,0.040401387959718704,0.04028184711933136,0.040755193680524826,0.04024256020784378,0.04023176059126854,0.04031653329730034,0.040304116904735565,0.041008420288562775,0.04099355265498161,0.04027843847870827,0.04027505964040756,0.04037213698029518,0.04034857824444771,0.040337979793548584,0.040304996073246,0.04033610597252846,0.040315814316272736,0.04032402113080025,0.040325015783309937,0.0403575599193573,0.040146298706531525,0.040372736752033234,0.04029318317770958,0.04060325399041176,0.04030961915850639,0.040613237768411636,0.040390558540821075,0.04038817808032036,0.040415361523628235,0.04037823528051376,0.040424592792987823,0.04039113596081734,0.04036621004343033,0.04047717899084091,0.04040497541427612,0.04042774438858032,0.0403885617852211,0.04043010249733925,0.04046612232923508,0.04054293781518936,0.040175169706344604,0.0405903123319149,0.040182676166296005,0.0406542606651783,0.04056281968951225,0.04039764776825905,0.04065931588411331,0.040689073503017426,0.04073464870452881,0.04079408943653107,0.040363483130931854,0.040374524891376495,0.04037879779934883,0.040624503046274185,0.04117380827665329,0.04046165943145752,0.04039023444056511,0.04042104259133339,0.0404936745762825,0.04039553180336952,0.04039618372917175,0.04041164740920067,0.040466032922267914,0.0405975803732872,0.04036412388086319,0.04035256430506706,0.040313515812158585,0.04037978872656822,0.040724869817495346,0.040392737835645676,0.040737420320510864,0.04033678397536278,0.04100208729505539,0.04028309881687164,0.04026870056986809,0.04038046672940254,0.04033380001783371,0.040315594524145126,0.04031544178724289,0.04032735526561737,0.040344975888729095,0.0403222031891346,0.04030992463231087,0.04031476750969887,0.04038552939891815,0.04054848477244377,0.04054657369852066,0.04041271656751633,0.04039498046040535,0.040389109402894974,0.04038171097636223,0.04041166231036186,0.0403931550681591,0.04038509726524353,0.040418919175863266,0.040439557284116745,0.040403883904218674,0.04038345068693161,0.04041868820786476,0.040431179106235504,0.04054989293217659,0.04054390639066696,0.04022574797272682,0.040632981806993484,0.040687885135412216,0.040628764778375626,0.0407196469604969,0.040624216198921204,0.04037036374211311,0.0403638556599617,0.040387097746133804,0.04044416546821594,0.04038497060537338,0.04043758288025856,0.040508855134248734,0.04038659483194351,0.04042448475956917,0.0404486209154129,0.0404590368270874,0.040530603379011154
identify_nbi_infframes,0.04036969318985939,0.04038272425532341,0.0403875894844532,0.04044181481003761,0.040435541421175,0.0,0.040856365114450455,0.04049436002969742,0.040334075689315796,0.04073261097073555,0.040315449237823486,0.04030703008174896,0.04037665203213692,0.040358349680900574,0.041009362787008286,0.04099472984671593,0.04034827649593353,0.040349457412958145,0.04043147340416908,0.04040532559156418,0.04038217291235924,0.0403628945350647,0.04038846865296364,0.040359534323215485,0.040365710854530334,0.04038841649889946,0.04041416570544243,0.04040198028087616,0.04038997367024422,0.04035946726799011,0.04061580449342728,0.040503960102796555,0.04069090634584427,0.040442097932100296,0.04042982682585716,0.04045766964554787,0.040433913469314575,0.040458112955093384,0.04044086113572121,0.040426380932331085,0.040507011115550995,0.04044780507683754,0.04046792536973953,0.04044360667467117,0.04046610742807388,0.04049881547689438,0.0405886210501194,0.04043196886777878,0.040635980665683746,0.0404074601829052,0.040804266929626465,0.0406271293759346,0.04049281030893326,0.040813177824020386,0.04083944112062454,0.04088132083415985,0.04094470664858818,0.04051610827445984,0.04053880646824837,0.040530044585466385,0.040622223168611526,0.04129362851381302,0.040514979511499405,0.04044969379901886,0.04044847935438156,0.0405595563352108,0.04044608771800995,0.04044065624475479,0.04046837240457535,0.04055530205368996,0.04077669605612755,0.04037558659911156,0.040365252643823624,0.040348052978515625,0.04042428359389305,0.04066090285778046,0.040479544550180435,0.04071810096502304,0.040392499417066574,0.04100605100393295,0.04035104438662529,0.04033680632710457,0.040447257459163666,0.040381696075201035,0.04035499319434166,0.040372733026742935,0.04037397727370262,0.040386833250522614,0.04037533700466156,0.040361545979976654,0.04036981239914894,0.04043049365282059,0.04056115448474884,0.04062040150165558,0.04046691954135895,0.040448401123285294,0.04043961316347122,0.04044390097260475,0.04045300930738449,0.040447019040584564,0.04043801128864288,0.040462613105773926,0.04048101231455803,0.04044168442487717,0.04045106843113899,0.040465354919433594,0.0404609739780426,0.0405924953520298,0.04059121385216713,0.04046112671494484,0.04078958183526993,0.040830716490745544,0.0407908633351326,0.04087229073047638,0.04077316075563431,0.04052972421050072,0.04052191227674484,0.04054214805364609,0.040504470467567444,0.040444571524858475,0.040482666343450546,0.0405811183154583,0.04043348878622055,0.040464285761117935,0.040509182959795,0.0405481681227684,0.04070723056793213
laryngeal_tissues,0.040968529880046844,0.040959592908620834,0.04096483439207077,0.04100602865219116,0.04091974347829819,0.040856365114450455,0.0,0.04104243218898773,0.04078662022948265,0.04084941744804382,0.0407603457570076,0.0407651923596859,0.040720678865909576,0.04068586975336075,0.04129820317029953,0.04129350930452347,0.04093678668141365,0.040929391980171204,0.040994442999362946,0.04098270833492279,0.04098184034228325,0.04095065966248512,0.040980007499456406,0.04094519838690758,0.0409596748650074,0.040972959250211716,0.041001010686159134,0.04088366776704788,0.04094696044921875,0.040897391736507416,0.041066624224185944,0.04098531976342201,0.04118882119655609,0.04100675880908966,0.04099418222904205,0.041020989418029785,0.04100341722369194,0.04102536663413048,0.04100855812430382,0.040993720293045044,0.04107174277305603,0.041011933237314224,0.04103579744696617,0.04101211577653885,0.041027799248695374,0.04106312617659569,0.04112344980239868,0.04095854237675667,0.04117473214864731,0.04084372520446777,0.041313882917165756,0.041176293045282364,0.0410141758620739,0.041315823793411255,0.04134371876716614,0.0413857102394104,0.041446246206760406,0.041007980704307556,0.041030459105968475,0.04102672263979912,0.04112795367836952,0.04179028049111366,0.04101809114217758,0.04099191352725029,0.04098489135503769,0.0410761721432209,0.04096236452460289,0.04095038026571274,0.04098016396164894,0.0410662405192852,0.04128871485590935,0.04098047316074371,0.040971338748931885,0.04091941937804222,0.04098167642951012,,0.04102777689695358,0.04083256423473358,0.04074948653578758,0.041292957961559296,0.040945373475551605,0.040916312485933304,0.04100986197590828,0.04096219316124916,0.040946368128061295,0.04095865413546562,0.040963876992464066,0.04098616912961006,0.04096394032239914,0.0409541130065918,0.04095792770385742,0.040981292724609375,0.040996283292770386,0.041119929403066635,0.04102390632033348,0.04101411998271942,0.04100199416279793,0.04100803658366203,0.04101630300283432,0.04100579023361206,0.04100099578499794,0.041025422513484955,0.04104149714112282,0.041007064282894135,0.04101100191473961,0.04102300480008125,0.04102903604507446,0.04112827777862549,0.04112634062767029,0.04091089218854904,0.04129341244697571,0.04133933410048485,0.04129564017057419,0.041374970227479935,0.041279666125774384,0.04101908206939697,0.04101221635937691,0.04103565588593483,0.041007645428180695,0.0409819521009922,0.04101351648569107,0.04109896346926689,0.04095003381371498,0.04097460210323334,0.041011568158864975,0.041053131222724915,0.04122466221451759
nerthus_bowel_cleansing_quality,0.040308188647031784,0.040282029658555984,0.04028908163309097,0.04036104306578636,0.040401387959718704,0.04049436002969742,0.04104243218898773,0.0,0.04032866656780243,0.040819261223077774,0.04026314616203308,0.04024527221918106,0.040345437824726105,0.04033835604786873,0.04106985032558441,0.04105580970644951,0.04013641178607941,0.040121715515851974,0.040061432868242264,0.040116086602211,0.040243521332740784,0.04020870104432106,0.040235474705696106,0.040213070809841156,0.04022962972521782,0.04022734984755516,0.040249235928058624,0.04040060192346573,0.040248461067676544,0.0403858982026577,0.04069004952907562,0.04052354022860527,0.04061137139797211,0.04037397727370262,0.04036874696612358,0.040383800864219666,0.04035776108503342,0.04039078205823898,0.040361128747463226,0.040337976068258286,0.04044746607542038,0.04037151858210564,0.04039944335818291,0.04036671668291092,0.040406085550785065,0.04042903333902359,0.040527816861867905,0.04043131694197655,0.04057352617383003,0.04045228287577629,0.04074554890394211,0.04053550213575363,0.040359631180763245,0.04075741395354271,0.04078380763530731,0.040828656405210495,0.04088732600212097,0.040289442986249924,0.040315449237823486,0.040307506918907166,0.04071895405650139,0.04124967008829117,0.04043371602892876,0.040332626551389694,0.04038090631365776,0.04045114666223526,0.04036417603492737,0.040351878851652145,0.04037689045071602,0.04055476561188698,0.04068619757890701,0.04030385613441467,0.040299661457538605,0.04026666283607483,0.04033023118972778,0.04083750396966934,,0.04079488664865494,0.04035522788763046,0.041057102382183075,0.04019184038043022,0.04011620581150055,0.04004812240600586,0.04011186957359314,0.04022926464676857,0.0402139350771904,0.040218692272901535,0.04024392366409302,0.040233854204416275,0.040222056210041046,0.040215179324150085,0.040253736078739166,0.04062968119978905,0.04055007919669151,0.0403948538005352,0.04035808518528938,0.04035736620426178,0.040363408625125885,0.04037557169795036,0.040366075932979584,0.040360935032367706,0.040377434343099594,0.04040664806962013,0.04035979509353638,0.040366318076848984,0.040401641279459,0.04040336608886719,0.04053590074181557,0.04052991792559624,0.040513645857572556,0.04073873907327652,0.040776848793029785,0.04072915390133858,0.04081333428621292,0.04071426764130592,0.04030926898121834,0.0403100959956646,0.04031556844711304,0.04042048379778862,0.04031641036272049,0.04038536176085472,0.04046149179339409,0.04035439342260361,0.04038668051362038,0.04042045772075653,0.040556516498327255,0.04061761870980263
stanford_dogs_image_categorization,0.04025472328066826,0.04022640734910965,0.04023374989628792,0.04027074947953224,0.04028184711933136,0.040334075689315796,0.04078662022948265,0.04032866656780243,0.0,0.04058922082185745,0.040061142295598984,0.04005109891295433,0.04010691121220589,0.040117960423231125,0.0408446229994297,0.0408332385122776,0.04022389277815819,0.04022640734910965,0.040287699550390244,0.04025154188275337,0.040259577333927155,0.04022348299622536,0.040249019861221313,0.04022170975804329,0.040235523134469986,0.04024149850010872,0.040268510580062866,0.04027935490012169,0.0402667336165905,0.040212057530879974,0.04049377515912056,0.0403425358235836,0.040489234030246735,0.040288496762514114,0.04028527811169624,0.04030892997980118,0.04028261452913284,0.04031578451395035,0.04028979688882828,0.04027269035577774,0.040360815823078156,0.04029049351811409,0.04032318294048309,0.04029363766312599,0.040315769612789154,0.04035089164972305,0.04040314257144928,0.040307361632585526,0.04045192152261734,0.040290698409080505,0.040629275143146515,0.04042914882302284,0.040278393775224686,0.040631603449583054,0.04065756872296333,0.040706317871809006,0.04076381027698517,0.04030746966600418,0.040330179035663605,0.040323205292224884,0.04051947966217995,0.041099242866039276,0.04031127691268921,0.04028011113405228,0.040284574031829834,0.04036226496100426,0.04024800658226013,0.04025362432003021,0.04027574509382248,0.04036686569452286,0.04058022424578667,0.04026611149311066,0.040239911526441574,0.0402006097137928,0.04024248197674751,0.040576912462711334,0.040318310260772705,0.040566038340330124,0.04012791067361832,0.040836408734321594,0.04024513438344002,0.040218647569417953,0.040299493819475174,0.04023420810699463,0.040231652557849884,0.040231503546237946,0.0402340367436409,0.04026627540588379,0.04024132713675499,0.04023096337914467,0.0402270182967186,0.04028036445379257,0.04044017940759659,0.040426913648843765,0.04030711203813553,0.040291473269462585,0.04029106721282005,0.04028795659542084,0.040300317108631134,0.040287889540195465,0.04027629643678665,0.040307410061359406,0.040328118950128555,0.04028612747788429,0.04028838872909546,0.040311072021722794,0.04031863808631897,0.040408905595541,0.0404062420129776,0.04036440700292587,0.04060977324843407,0.04065698757767677,0.04060621187090874,0.04069596529006958,0.040594689548015594,0.040316544473171234,0.040304917842149734,0.04032859951257706,0.040297336876392365,0.040264613926410675,0.04029810056090355,0.04038022831082344,0.04023679718375206,0.04027728736400604,0.040307026356458664,0.040360525250434875,0.04052107036113739
svhn,0.040782004594802856,0.040755655616521835,0.040763046592473984,0.04080558940768242,0.040755193680524826,0.04073261097073555,0.04084941744804382,0.040819261223077774,0.04058922082185745,0.0,0.04055565595626831,0.04054512083530426,0.040422648191452026,0.04036138951778412,0.04089081287384033,0.0408799909055233,0.04072762653231621,0.04072410613298416,0.04077696055173874,0.04075508192181587,0.040773309767246246,0.04073549807071686,0.04076911881566048,0.04072951897978783,0.04074263200163841,0.04075712338089943,0.04078635945916176,0.040742918848991394,0.040729619562625885,0.04069732502102852,0.04087395593523979,0.04085370525717735,0.040974002331495285,0.040774449706077576,0.040764838457107544,0.04078972712159157,0.04077085852622986,0.04079349711537361,0.040773577988147736,0.04075779765844345,0.04083888977766037,0.04077722504734993,0.04080234840512276,0.04077818617224693,0.04079538956284523,0.040829919278621674,0.04088735207915306,0.040787242352962494,0.04093857482075691,0.040745899081230164,0.04111101105809212,0.040940266102552414,0.04077164828777313,0.04111744463443756,0.041143015027046204,0.04118495061993599,0.04124847799539566,0.040790852159261703,0.0408133864402771,0.040806498378515244,0.04096929356455803,0.0415877103805542,0.04076899215579033,0.04075087234377861,0.04074542969465256,0.04082973673939705,0.04071356728672981,0.040690794587135315,0.04072735458612442,0.0408795066177845,0.04107826575636864,0.04079097881913185,0.04076462984085083,0.040724512189626694,0.04077577963471413,0.040638573467731476,0.04080530256032944,,0.04041504114866257,0.04087451472878456,0.04074595123529434,0.0407126247882843,0.04078622907400131,0.04073533043265343,0.04073696956038475,0.04074494540691376,0.040746454149484634,0.040780652314424515,0.040751777589321136,0.040740083903074265,0.040739983320236206,0.04075618088245392,0.04080475494265556,0.040906451642513275,0.040788207203149796,0.04078183323144913,0.04076770693063736,0.0407743938267231,0.040783703327178955,0.0407724529504776,0.04076675698161125,0.04079272225499153,0.04080476984381676,0.040772031992673874,0.04077868536114693,0.040787745267152786,0.040796685963869095,0.04089122638106346,0.04089018702507019,0.040814511477947235,0.04109332337975502,0.04113790765404701,0.041093576699495316,0.041175879538059235,0.04107807204127312,0.040803760290145874,0.04079239442944527,0.040815915912389755,0.040755633264780045,0.04074542596936226,0.04076601192355156,0.040853049606084824,0.04070384055376053,0.04070863872766495,0.04076502472162247,0.040868256241083145,0.041013263165950775
caltech101_object_classification,0.04021694138646126,0.040182605385780334,0.040193233639001846,0.04023138806223869,0.04024256020784378,0.040315449237823486,0.0407603457570076,0.04026314616203308,0.040061142295598984,0.04055565595626831,0.0,0.0400036983191967,0.04010007902979851,0.04009094834327698,0.040785692632198334,0.04077870026230812,0.040176037698984146,0.040172260254621506,0.04022610932588577,0.0401933416724205,0.040211182087659836,0.04017504304647446,0.04020051285624504,0.04017087444663048,0.040185559540987015,0.04018993303179741,0.04021661728620529,0.04024134948849678,0.04020621255040169,0.04019493609666824,0.0404447466135025,0.040327440947294235,0.04043349623680115,0.04024973139166832,0.040247682482004166,0.04026902839541435,0.04024294763803482,0.04027440398931503,0.040247369557619095,0.04023059085011482,0.04032037779688835,0.04025022312998772,0.040283359587192535,0.040251754224300385,0.04027842730283737,0.04031279310584068,0.04036182165145874,0.04027947783470154,0.0404110923409462,0.040254928171634674,0.04057370498776436,0.04038562998175621,0.04021957144141197,0.040577422827482224,0.04060319811105728,0.040649570524692535,0.040707383304834366,0.040234457701444626,0.040259163826704025,0.04025055468082428,0.040495701134204865,0.04104989767074585,0.04024983569979668,0.04022146016359329,0.040228262543678284,0.04028906673192978,0.04018533229827881,0.04017995670437813,0.04020863026380539,0.04033129662275314,0.04052705690264702,0.04022747650742531,0.04020269960165024,0.0401606559753418,0.04020126163959503,0.04056119918823242,0.040251072496175766,0.040531937032938004,0.04011362046003342,0.04077843949198723,0.04020179435610771,0.04016198217868805,0.04023626074194908,0.04017612338066101,0.04018024355173111,0.04018024355173111,0.04018348082900047,0.04021690413355827,0.04019094258546829,0.04018133878707886,0.04017626866698265,0.040219757705926895,0.04038655385375023,0.040370695292949677,0.04026414081454277,0.04025227203965187,0.04025035724043846,0.04024624451994896,0.040262702852487564,0.040246814489364624,0.04023875668644905,0.04026788845658302,0.04028420150279999,0.040246862918138504,0.04024798050522804,0.04027044400572777,0.040279898792505264,0.04036937281489372,0.04036455601453781,0.04032665118575096,0.04055467247962952,0.04060198739171028,0.04055006429553032,0.04063859209418297,0.040539249777793884,0.04024585336446762,0.04023859649896622,0.04025626555085182,0.04023563861846924,0.04020681232213974,0.04023825749754906,0.04030700773000717,0.04017769172787666,0.04020421579480171,0.04024310037493706,0.040327996015548706,0.0404672734439373
caltech256_object_classification,0.040204890072345734,0.040159691125154495,0.04016973823308945,0.0402083657681942,0.04023176059126854,0.04030703008174896,0.0407651923596859,0.04024527221918106,0.04005109891295433,0.04054512083530426,0.0400036983191967,0.0,0.04008185490965843,0.04007574915885925,0.04078133776783943,0.0407727025449276,0.04015957564115524,0.04015905037522316,0.04021545499563217,0.04017334431409836,0.04018675163388252,0.04014799743890762,0.04017370939254761,0.04014565050601959,0.04015998914837837,0.040162671357393265,0.04018969088792801,0.04023383557796478,0.040180716663599014,0.04018291085958481,0.040450554341077805,0.04032110422849655,0.04042750597000122,0.040227875113487244,0.04022631421685219,0.0402495414018631,0.0402199812233448,0.0402541421353817,0.0402260348200798,0.04020709916949272,0.040300402790308,0.04022873938083649,0.04026199132204056,0.040230657905340195,0.04025815427303314,0.04029066860675812,0.040343865752220154,0.040267862379550934,0.04039270058274269,0.04025307670235634,0.040560998022556305,0.04036729037761688,0.04019889235496521,0.04056517407298088,0.04058973118662834,0.04063711315393448,0.04069424793124199,0.040222857147455215,0.04025037959218025,0.040240708738565445,0.04048443213105202,0.041032902896404266,0.04023469239473343,0.04020166024565697,0.04021242633461952,0.04027706757187843,0.04016447439789772,0.040163230150938034,0.0401914156973362,0.04032521694898605,0.04051224887371063,0.04021276533603668,0.04017830267548561,0.04013916477560997,0.04017690196633339,0.0405631959438324,0.040235038846731186,0.04052204638719559,0.040093839168548584,0.04077337682247162,0.04019004851579666,0.04014911502599716,0.040223147720098495,0.04015667736530304,0.0401574932038784,0.04015500843524933,0.04015618935227394,0.04019245505332947,0.04016498848795891,0.04015582054853439,0.04015002027153969,0.04018998146057129,0.04039091616868973,0.0403643399477005,0.04024145379662514,0.040228672325611115,0.040227144956588745,0.04022332653403282,0.040240328758955,0.04022398218512535,0.040214549750089645,0.040245428681373596,0.04026298597455025,0.04022340476512909,0.04022517427802086,0.04024932160973549,0.04025908187031746,0.040351592004299164,0.04034649580717087,0.040323756635189056,0.04054434597492218,0.04058859124779701,0.04053875803947449,0.040625229477882385,0.04052576795220375,0.04023440554738045,0.040227893739938736,0.04024777188897133,0.040218137204647064,0.040187425911426544,0.04021979123353958,0.04029449447989464,0.04015682265162468,0.040187254548072815,0.04022547975182533,0.04032064601778984,0.04045308008790016
cifar10_object_classification,0.04030159115791321,0.04026438668370247,0.0402742475271225,0.04031511768698692,0.04031653329730034,0.04037665203213692,0.040720678865909576,0.040345437824726105,0.04010691121220589,0.040422648191452026,0.04010007902979851,0.04008185490965843,0.0,0.040002379566431046,0.040744900703430176,0.04073675721883774,0.04025654494762421,0.04025712236762047,0.040314897894859314,0.04027194902300835,0.04029179736971855,0.04025241732597351,0.04027896746993065,0.04025222733616829,0.040265537798404694,0.04026956856250763,0.04029694199562073,0.04031479358673096,0.04029048979282379,0.0402548685669899,0.04051029309630394,0.04040204733610153,0.04053619131445885,0.040319450199604034,0.04031753912568092,0.04034221172332764,0.04031464830040932,0.04034803807735443,0.04032033681869507,0.04030143842101097,0.040392499417066574,0.04032248631119728,0.040354467928409576,0.04032586142420769,0.0403478629887104,0.04038105905056,0.04044477641582489,0.04034853354096413,0.04049272835254669,0.040339548140764236,0.04067143425345421,0.04046742245554924,0.040308576077222824,0.04067671298980713,0.04070253670215607,0.04074881970882416,0.040807463228702545,0.0403314083814621,0.04035702347755432,0.04035021364688873,0.04054759442806244,0.04114562273025513,0.040345437824726105,0.04030977934598923,0.040324266999959946,0.04038190096616745,0.040281157940626144,0.04027760401368141,0.04030530899763107,0.0404166616499424,0.04062565788626671,0.04030997306108475,0.04027842730283737,0.0402434840798378,0.040284205228090286,0.04050545394420624,0.04033657908439636,0.040400151163339615,,0.04072774201631546,0.04028395190834999,0.04024943709373474,0.040321722626686096,0.04025791585445404,0.04026493802666664,0.040260374546051025,0.04026314243674278,0.04029856622219086,0.040273040533065796,0.04026126116514206,0.040257468819618225,0.040303681045770645,0.040447499603033066,0.040473826229572296,0.0403374619781971,0.040322136133909225,0.04031926766037941,0.040318429470062256,0.040331143885850906,0.04031930863857269,0.040308576077222824,0.04033862054347992,0.04035785049200058,0.04031619802117348,0.0403200201690197,0.040340375155210495,0.04034936800599098,0.04045134037733078,0.04044691100716591,0.04040876775979996,0.04065480828285217,0.04069990664720535,0.04065043106675148,0.0407380610704422,0.04063830524682999,0.04034348204731941,0.040333013981580734,0.04035637900233269,0.040329691022634506,0.04029696062207222,0.04033537581562996,0.04040069505572319,0.04027211666107178,0.04030415043234825,0.04033862054347992,0.04041026532649994,0.040564462542533875
