,lapgyn4_anatomical_structures,lapgyn4_surgical_actions,lapgyn4_instrument_count,lapgyn4_anatomical_actions,sklin2_skin_lesions,identify_nbi_infframes,laryngeal_tissues,nerthus_bowel_cleansing_quality,stanford_dogs_image_categorization,svhn,caltech101_object_classification,caltech256_object_classification,cifar10_object_classification,cifar100_object_classification,mnist_digit_classification,emnist_digit_classification,hyperkvasir_anatomical-landmarks,hyperkvasir_pathological-findings,hyperkvasir_quality-of-mucosal-views,hyperkvasir_therapeutic-interventions,cholec80_grasper_presence,cholec80_bipolar_presence,cholec80_hook_presence,cholec80_scissors_presence,cholec80_clipper_presence,cholec80_irrigator_presence,cholec80_specimenbag_presence,derm7pt_skin_lesions,idle_action_recognition,barretts_esophagus_diagnosis,brain_tumor_classification,mednode_melanoma_classification,brain_tumor_type_classification,chexpert_enlarged_cardiomediastinum,chexpert_cardiomegaly,chexpert_lung_opacity,chexpert_lung_lesion,chexpert_edema,chexpert_consolidation,chexpert_pneumonia,chexpert_atelectasis,chexpert_pneumothorax,chexpert_pleural_effusion,chexpert_pleural_other,chexpert_fracture,chexpert_support_devices,pneumonia_classification,ph2-melanocytic-lesions-classification,covid_xray_classification,isic20_melanoma_classification,deep_drid_dr_level,shenzen_chest_xray_tuberculosis,crawled_covid_ct_classification,deep_drid_quality,deep_drid_clarity,deep_drid_field,deep_drid_artifact,kvasir_capsule_anatomy,kvasir_capsule_content,kvasir_capsule_pathologies,breast_cancer_classification_v2,eye_condition_classification,mura_xr_wrist,mura_xr_shoulder,mura_xr_humerus,mura_xr_hand,mura_xr_forearm,mura_xr_finger,mura_xr_elbow,bean_plant_disease_classification,aptos19_blindness_detection,lapgyn4_anatomical_structures --shrink_train 800,lapgyn4_surgical_actions --shrink_train 800,lapgyn4_instrument_count --shrink_train 800,lapgyn4_anatomical_actions --shrink_train 800,laryngeal_tissues --shrink_train 800,nerthus_bowel_cleansing_quality --shrink_train 800,svhn --shrink_train 800,cifar10_object_classification --shrink_train 800,mnist_digit_classification --shrink_train 800,hyperkvasir_anatomical-landmarks --shrink_train 800,hyperkvasir_pathological-findings --shrink_train 800,hyperkvasir_quality-of-mucosal-views --shrink_train 800,hyperkvasir_therapeutic-interventions --shrink_train 800,cholec80_grasper_presence --shrink_train 800,cholec80_bipolar_presence --shrink_train 800,cholec80_hook_presence --shrink_train 800,cholec80_scissors_presence --shrink_train 800,cholec80_clipper_presence --shrink_train 800,cholec80_irrigator_presence --shrink_train 800,cholec80_specimenbag_presence --shrink_train 800,idle_action_recognition --shrink_train 800,brain_tumor_classification --shrink_train 800,brain_tumor_type_classification --shrink_train 800,chexpert_enlarged_cardiomediastinum --shrink_train 800,chexpert_cardiomegaly --shrink_train 800,chexpert_lung_opacity --shrink_train 800,chexpert_lung_lesion --shrink_train 800,chexpert_edema --shrink_train 800,chexpert_consolidation --shrink_train 800,chexpert_pneumonia --shrink_train 800,chexpert_atelectasis --shrink_train 800,chexpert_pneumothorax --shrink_train 800,chexpert_pleural_effusion --shrink_train 800,chexpert_pleural_other --shrink_train 800,chexpert_fracture --shrink_train 800,chexpert_support_devices --shrink_train 800,pneumonia_classification --shrink_train 800,covid_xray_classification --shrink_train 800,isic20_melanoma_classification --shrink_train 800,deep_drid_dr_level --shrink_train 800,deep_drid_quality --shrink_train 800,deep_drid_clarity --shrink_train 800,deep_drid_field --shrink_train 800,deep_drid_artifact --shrink_train 800,kvasir_capsule_anatomy --shrink_train 800,kvasir_capsule_content --shrink_train 800,kvasir_capsule_pathologies --shrink_train 800,mura_xr_wrist --shrink_train 800,mura_xr_shoulder --shrink_train 800,mura_xr_humerus --shrink_train 800,mura_xr_hand --shrink_train 800,mura_xr_forearm --shrink_train 800,mura_xr_finger --shrink_train 800,mura_xr_elbow --shrink_train 800,bean_plant_disease_classification --shrink_train 800,aptos19_blindness_detection --shrink_train 800
lapgyn4_anatomical_structures,0.0,0.04031814634799957,0.04058472812175751,0.04110410809516907,0.0437859408557415,0.04349515214562416,0.048584695905447006,0.04280040040612221,0.042681220918893814,0.047220081090927124,0.04255284368991852,0.04227476567029953,0.04311517998576164,0.04282977059483528,0.051119837909936905,0.050648801028728485,0.0414271242916584,0.04137781262397766,0.042092692106962204,0.04167313873767853,0.04101063683629036,0.041002996265888214,0.041026290506124496,0.04076023027300835,0.04082327336072922,0.04088149219751358,0.040997013449668884,0.04351988062262535,0.04282423481345177,0.0432664155960083,0.04585786163806915,0.04472005367279053,0.04590790718793869,0.0434119738638401,0.04324088618159294,0.043546997010707855,0.04347345605492592,0.04393896833062172,0.04309821501374245,0.043218065053224564,0.043846309185028076,0.043292466551065445,0.043463364243507385,0.04318758472800255,0.043375369161367416,0.04380030930042267,0.0449238196015358,0.04343897104263306,0.04479989409446716,0.044176019728183746,0.047753989696502686,0.04489986598491669,0.043739356100559235,0.04748585820198059,0.04781853407621384,0.04805048555135727,0.048236094415187836,0.04410028085112572,0.0441141277551651,0.04381018131971359,0.04621978849172592,0.05210020765662193,0.044092096388339996,0.04342817887663841,0.04393335431814194,0.04422895237803459,0.04358085244894028,0.043660055845975876,0.04386017471551895,0.04530308395624161,0.0461619608104229,,0.04083065316081047,0.040613867342472076,0.04121323302388191,0.04895471781492233,0.04280330613255501,0.04716752842068672,0.04328912869095802,0.050891607999801636,0.04145821928977966,0.04150429368019104,0.042460452765226364,0.041857969015836716,0.04113421589136124,0.04097897931933403,0.041060082614421844,0.04103851318359375,0.041023533791303635,0.04094851762056351,0.04106637090444565,0.04295612499117851,0.04587594047188759,0.04559560865163803,0.04321093484759331,0.04358599707484245,0.04367498308420181,0.04329617694020271,0.04380999505519867,0.04327857121825218,0.043344151228666306,0.043538257479667664,0.04351063072681427,0.04348106309771538,0.04312210530042648,0.04331361874938011,0.04388818144798279,0.04471692442893982,0.04459260776638985,0.044094402343034744,0.04822482541203499,0.04730771854519844,0.047602444887161255,0.04737319052219391,0.04818166792392731,0.04408121481537819,0.04379331320524216,0.043795324862003326,0.04405329003930092,0.04328448697924614,0.04375084862112999,0.04441951960325241,0.043594323098659515,0.04350794106721878,0.04377647861838341,0.04530418664216995,0.04592013731598854
lapgyn4_surgical_actions,0.04031814634799957,0.0,0.040129490196704865,0.04030797258019447,0.043393053114414215,0.04321182146668434,0.04812188446521759,0.04253031685948372,0.04213594272732735,0.046673234552145004,0.04197806492447853,0.04167035594582558,0.04253792762756348,0.042299784719944,0.050551626831293106,0.05008992552757263,0.04135681688785553,0.041329093277454376,0.04191890358924866,0.04148545861244202,0.04063185304403305,0.04064928740262985,0.040711596608161926,0.04051981866359711,0.040551573038101196,0.04056158289313316,0.04060621187090874,0.043032724410295486,0.04225001856684685,0.04288918897509575,0.045475784689188004,0.04447158798575401,0.04539134353399277,0.04301686957478523,0.042793404310941696,0.043089158833026886,0.043081365525722504,0.04347173497080803,0.042664580047130585,0.04280306398868561,0.04339279234409332,0.042882226407527924,0.043019164353609085,0.04276666045188904,0.04294086620211601,0.04333881288766861,0.044541556388139725,0.04298406094312668,0.044424667954444885,0.04377150163054466,0.047251030802726746,0.044437114149332047,0.04315798357129097,0.046988438814878464,0.04731573909521103,0.04756135866045952,0.047743573784828186,0.043562375009059906,0.04359625279903412,0.043291978538036346,0.04564958065748215,0.05153653398156166,0.04345390945672989,0.04295552894473076,0.04338628426194191,0.04365652799606323,0.04294447600841522,0.0430784709751606,0.04327036067843437,0.04477826878428459,0.04563140869140625,0.04051326587796211,,0.04018497094511986,0.04027106985449791,0.0484892763197422,0.04260993376374245,0.04662392660975456,0.042715415358543396,0.05029577016830444,0.041503049433231354,0.04145898297429085,0.04228395223617554,0.04169565066695213,0.040704477578401566,0.04056821018457413,0.040631577372550964,0.040676988661289215,0.04065685719251633,0.04051576927304268,0.04068766161799431,0.04236776754260063,0.04550165310502052,0.045084625482559204,0.04278890788555145,0.04313810542225838,0.04320291057229042,0.04288899898529053,0.04336089268326759,0.04284074902534485,0.042915381491184235,0.04310092702507973,0.04304252564907074,0.04304841533303261,0.04268278926610947,0.04288087785243988,0.043438028544187546,0.044328585267066956,0.04417045786976814,0.043682049959897995,0.04772217944264412,0.046817678958177567,0.04710793495178223,0.04688267037272453,0.047678641974925995,0.04352559894323349,0.04330797493457794,0.043302081525325775,0.04343424737453461,0.04281008988618851,0.043241582810878754,0.04384126886725426,0.04294533282518387,0.04292120411992073,0.043194953352212906,0.04480419680476189,0.045397404581308365
lapgyn4_instrument_count,0.04058472812175751,0.040129490196704865,0.0,0.040002066642045975,0.04354860261082649,0.04339566454291344,0.04822174087166786,0.04289300739765167,0.04225820675492287,0.046756137162446976,0.0420999638736248,0.04177441820502281,0.042689234018325806,0.0424497127532959,0.05059759318828583,0.05011792480945587,0.04158350080251694,0.04155919700860977,0.04232349619269371,0.04193498566746712,0.04067367687821388,0.04072651267051697,0.0407094731926918,0.040517788380384445,0.04060379043221474,0.040536608546972275,0.04070258513092995,0.043230801820755005,0.042724933475255966,0.04313800856471062,0.04554782435297966,0.04457354173064232,0.045594193041324615,0.04332784563302994,0.04313953220844269,0.04345203936100006,0.04338964819908142,0.04381288215517998,0.042980633676052094,0.04310382902622223,0.04375119507312775,0.043203383684158325,0.04336664080619812,0.04306456819176674,0.04325798526406288,0.04367149993777275,0.044796038419008255,0.04323255643248558,0.04468066990375519,0.04397083446383476,0.047355737537145615,0.0447688028216362,0.043456677347421646,0.04708294942975044,0.047420382499694824,0.047654785215854645,0.047846175730228424,0.043737515807151794,0.04380911961197853,0.04353420436382294,0.04592188820242882,0.05163523927330971,0.04361630603671074,0.04316122829914093,0.0434674397110939,0.043865129351615906,0.04308834299445152,0.04323839768767357,0.0434102825820446,0.04504462331533432,0.045780014246702194,0.04071484133601189,0.04015203192830086,,0.04015279933810234,0.0485713966190815,0.04295205697417259,0.04671228677034378,0.042869094759225845,0.05033191666007042,0.04177840054035187,0.0416848361492157,0.042700957506895065,0.042130209505558014,0.04077361524105072,0.04061638191342354,0.040700044482946396,0.0407157838344574,0.04069148004055023,0.04055413603782654,0.04074518382549286,0.04282251372933388,0.045550692826509476,0.04529052972793579,0.04311176761984825,0.04346788674592972,0.043548718094825745,0.043218281120061874,0.043715182691812515,0.043162353336811066,0.04323625937104225,0.043435998260974884,0.043419238179922104,0.043394532054662704,0.04301474615931511,0.043207645416259766,0.04379948973655701,0.0445886068046093,0.04444507881999016,0.04384523257613182,0.04781945422291756,0.04691386967897415,0.047192856669425964,0.0469915010035038,0.04776129499077797,0.043724071234464645,0.04351738095283508,0.04351058974862099,0.04359087347984314,0.04299810156226158,0.043321069329977036,0.04406986013054848,0.043080344796180725,0.04305659607052803,0.04334258660674095,0.045071087777614594,0.04556163400411606
lapgyn4_anatomical_actions,0.04110410809516907,0.04030797258019447,0.040002066642045975,0.0,0.04405602067708969,0.043881021440029144,0.04863017797470093,0.04331342875957489,0.042523909360170364,0.04713119566440582,0.04239969328045845,0.04205893352627754,0.04298098012804985,0.0427677296102047,0.05097322538495064,0.050499994307756424,0.04211754724383354,0.042104508727788925,0.04274067282676697,0.04237455874681473,0.04113521799445152,0.04114537313580513,0.04119105264544487,0.04097738489508629,0.041015882045030594,0.040995240211486816,0.04114822298288345,0.04370016232132912,0.04305502772331238,0.043563492596149445,0.046072062104940414,0.04505060985684395,0.045948319137096405,0.04370538890361786,0.04350315406918526,0.04378999397158623,0.04377158358693123,0.04415825754404068,0.04333638772368431,0.04350902512669563,0.04410306736826897,0.04356973618268967,0.04371372610330582,0.04345494136214256,0.04362008720636368,0.0440213717520237,0.04513711482286453,0.0436902716755867,0.045021165162324905,0.04449603334069252,0.04782043769955635,0.045044951140880585,0.04380258545279503,0.0475587397813797,0.04788988083600998,0.048140596598386765,0.04831402376294136,0.04415876418352127,0.04422421008348465,0.043944645673036575,0.046303801238536835,0.05204011872410774,0.04393858090043068,0.04354478791356087,0.04385683313012123,0.04418729990720749,0.043410710990428925,0.04355761408805847,0.04377099871635437,0.04531937092542648,0.046210210770368576,0.04133016988635063,0.04028286412358284,0.04015112668275833,,0.04898529127240181,0.0434001162648201,0.04708706587553024,0.043160926550626755,0.050702471286058426,0.04232139512896538,0.04224138706922531,0.04313082993030548,0.0425838902592659,0.04120207950472832,0.041038110852241516,0.041123684495687485,0.041174210608005524,0.041114989668130875,0.04093388095498085,0.041186265647411346,0.043185897171497345,0.04603615030646324,0.0456526055932045,0.04346967488527298,0.04384128004312515,0.043897341936826706,0.04359085485339165,0.04407215863466263,0.04352390393614769,0.04360610619187355,0.04380645975470543,0.04374644532799721,0.04375871270895004,0.04337996244430542,0.04356788471341133,0.04414957016706467,0.04492677003145218,0.04475409537553787,0.04436098039150238,0.048295408487319946,0.04739096388220787,0.047658566385507584,0.04745973274111748,0.04823237285017967,0.04413757100701332,0.043951086699962616,0.04393108934164047,0.04391684755682945,0.04337900131940842,0.0437217652797699,0.04438163340091705,0.04341035708785057,0.043391771614551544,0.0437057800590992,0.04534965008497238,0.04600225389003754
sklin2_skin_lesions,0.0437859408557415,0.043393053114414215,0.04354860261082649,0.04405602067708969,0.0,0.044177159667015076,0.04828164726495743,0.04411174729466438,0.04303460195660591,0.04711749404668808,0.04286406934261322,0.042653974145650864,0.04346678778529167,0.04317237436771393,0.05095179006457329,0.05043335631489754,0.04256521537899971,0.04262856766581535,0.043735768646001816,0.0436028428375721,0.043276596814394,0.04355977103114128,0.043296147137880325,0.04318826273083687,0.04334648326039314,0.043289776891469955,0.04316065460443497,0.04142845794558525,0.04406232759356499,0.04312891140580177,0.045724280178546906,0.04336943104863167,0.046124231070280075,0.044281698763370514,0.04406735301017761,0.044492993503808975,0.044366125017404556,0.04480063542723656,0.04396851360797882,0.04394587129354477,0.044790320098400116,0.04416347295045853,0.044376421719789505,0.04389123246073723,0.04423707351088524,0.04464128240942955,0.04587934911251068,0.041365887969732285,0.045817721635103226,0.04229554906487465,0.04700097069144249,0.046022314578294754,0.04419058561325073,0.04671044275164604,0.04703781008720398,0.047388944774866104,0.0475049652159214,0.04405421018600464,0.0439017191529274,0.04374786838889122,0.045961763709783554,0.051539890468120575,0.044700346887111664,0.044150836765766144,0.044433437287807465,0.04515565559267998,0.04422437772154808,0.044384561479091644,0.044263049960136414,0.04535491392016411,0.04530308023095131,0.04350896179676056,0.04373089596629143,0.043403055518865585,0.04409988969564438,0.048626139760017395,0.0441790446639061,0.0470687672495842,0.043689459562301636,0.05074261501431465,0.042830631136894226,0.04280703887343407,0.04414231330156326,0.043821025639772415,0.04307882487773895,0.043459173291921616,0.04349261149764061,0.04331095516681671,0.04347486421465874,0.043354008346796036,0.04332103952765465,0.04409218207001686,0.04579208418726921,0.04576515406370163,0.04407525062561035,0.04438336193561554,0.04454058036208153,0.04418604448437691,0.044685278087854385,0.0441218800842762,0.04418428987264633,0.04436253383755684,0.04441621154546738,0.04437967389822006,0.04390872269868851,0.044173143804073334,0.044778674840927124,0.045701414346694946,0.0455816388130188,0.042059171944856644,0.0475039966404438,0.04653725028038025,0.04697098210453987,0.046638354659080505,0.047386035323143005,0.043991778045892715,0.04374261200428009,0.04366140440106392,0.04463423788547516,0.04398429021239281,0.04423338174819946,0.04536491632461548,0.04417877271771431,0.04410700500011444,0.044245798140764236,0.045450665056705475,0.04502127319574356
identify_nbi_infframes,0.04349515214562416,0.04321182146668434,0.04339566454291344,0.043881021440029144,0.044177159667015076,0.0,0.04725506901741028,0.04449516907334328,0.043121758848428726,0.04639013484120369,0.04287663847208023,0.042730119079351425,0.04352466017007828,0.04318960756063461,0.050410911440849304,0.049797918647527695,0.04302136227488518,0.04314384236931801,0.04389050975441933,0.043533239513635635,0.043317027390003204,0.04349524900317192,0.043192535638809204,0.04294842481613159,0.043333299458026886,0.04328147694468498,0.04316768795251846,0.04359249025583267,0.043835364282131195,0.04342726990580559,0.045182742178440094,0.04491136223077774,0.04621286690235138,0.04428615793585777,0.04398200660943985,0.04440740868449211,0.04445789009332657,0.04453469440340996,0.04393494129180908,0.04399188607931137,0.04455864802002907,0.044057536870241165,0.04425293579697609,0.04388733580708504,0.04407618194818497,0.04447757452726364,0.04571094736456871,0.043489720672369,0.045639898627996445,0.04387864097952843,0.04794847220182419,0.046065643429756165,0.044508885592222214,0.04760060831904411,0.047954972833395004,0.04820457473397255,0.048400457948446274,0.04507151246070862,0.04501790553331375,0.04479586333036423,0.04558894410729408,0.052190423011779785,0.0445711612701416,0.04414744675159454,0.04432457312941551,0.04514943063259125,0.044149331748485565,0.04418705776333809,0.04427160695195198,0.045683857053518295,0.04653928428888321,0.043145135045051575,0.04352134093642235,0.04331285133957863,0.043928489089012146,0.04743015021085739,0.04460882768034935,0.046375203877687454,0.043755337595939636,0.050161972641944885,0.043146245181560516,0.043148912489414215,0.04430927708745003,0.04369453713297844,0.04303246736526489,0.04337247088551521,0.04347309470176697,0.04336688295006752,0.04340445622801781,0.04332714155316353,0.04325322061777115,0.04385778680443764,0.045608971267938614,0.0459112673997879,0.04407979175448418,0.04419427365064621,0.0442621149122715,0.044211022555828094,0.044494446367025375,0.04401648789644241,0.04416210949420929,0.0441446378827095,0.04435311630368233,0.04419119283556938,0.0440034382045269,0.04407917335629463,0.04457765817642212,0.0455283522605896,0.04549877345561981,0.04370896518230438,0.04832401126623154,0.047492820769548416,0.04773874953389168,0.047566916793584824,0.04826490208506584,0.045017894357442856,0.04481198638677597,0.044705767184495926,0.04449737071990967,0.043955057859420776,0.04402533546090126,0.04541743919253349,0.044071756303310394,0.043897733092308044,0.04425957053899765,0.045739781111478806,0.04634612426161766
laryngeal_tissues,0.048584695905447006,0.04812188446521759,0.04822174087166786,0.04863017797470093,0.04828164726495743,0.04725506901741028,0.0,0.0491013340651989,0.046709638088941574,0.04705064743757248,0.04633917286992073,0.04635811597108841,0.046141255646944046,0.04572472348809242,0.05275186523795128,0.05215420946478844,0.04793976619839668,0.04794881492853165,0.04862765222787857,0.048535723239183426,0.048320043832063675,0.048588428646326065,0.0482168011367321,0.04806040599942207,0.048412032425403595,0.04827206954360008,0.048152126371860504,0.04752226546406746,0.04855780676007271,0.04790410399436951,0.048991210758686066,0.04887622222304344,0.05048865079879761,0.04909326136112213,0.04878383129835129,0.049153488129377365,0.049230001866817474,0.049258917570114136,0.04870427027344704,0.048832740634679794,0.049329135566949844,0.04883965104818344,0.04900861531496048,0.04872553423047066,0.04886576533317566,0.04921445623040199,0.05031530559062958,0.04786008968949318,0.05026121065020561,0.047537632286548615,0.0522388219833374,0.05074279010295868,0.0488322451710701,0.05189372971653938,0.0522160567343235,0.05250856652855873,0.052629679441452026,0.04921368882060051,0.04911131039261818,0.04895330220460892,0.049668602645397186,0.056365933269262314,0.04883774742484093,0.04872358217835426,0.04884982109069824,0.04960979148745537,0.04857046529650688,0.04857848584651947,0.048624612390995026,0.04978158697485924,0.05088484659790993,0.04822983220219612,0.04846445843577385,0.04813436046242714,0.048663292080163956,,0.04921884462237358,0.046891387552022934,0.04651489481329918,0.05243286117911339,0.04821345582604408,0.04813040420413017,0.04906372353434563,0.04872201755642891,0.04802626743912697,0.04843051731586456,0.0485026091337204,0.04844541847705841,0.048473089933395386,0.04829727113246918,0.04830709844827652,0.04851461201906204,0.04927733168005943,0.05016303434967995,0.048849932849407196,0.04898935556411743,0.049060672521591187,0.04901755973696709,0.049284812062978745,0.04881459102034569,0.048953521996736526,0.048940543085336685,0.04910220950841904,0.04901359602808952,0.048772696405649185,0.04883337765932083,0.04936010017991066,0.05013538897037506,0.05006527528166771,0.04728163778781891,0.05260838568210602,0.05177255719900131,0.05203349515795708,0.05184055492281914,0.05254663527011871,0.049148090183734894,0.048970501869916916,0.04883263632655144,0.04881802573800087,0.04854736849665642,0.04859638214111328,0.04983314871788025,0.048506468534469604,0.04832250624895096,0.04864318296313286,0.04987911507487297,0.05069322511553764
nerthus_bowel_cleansing_quality,0.04280040040612221,0.04253031685948372,0.04289300739765167,0.04331342875957489,0.04411174729466438,0.04449516907334328,0.0491013340651989,0.0,0.043178990483284,0.0473443977534771,0.04281575605273247,0.04253169521689415,0.04336640238761902,0.04310956224799156,0.051168043166399,0.05074189603328705,0.0413043238222599,0.04099434241652489,0.040299493819475174,0.04136352986097336,0.04216310754418373,0.04235691949725151,0.042207688093185425,0.042222172021865845,0.04220786690711975,0.042181145399808884,0.041996657848358154,0.04376818612217903,0.042311444878578186,0.043801695108413696,0.04623092710971832,0.04545469954609871,0.04579005762934685,0.043856170028448105,0.043495602905750275,0.04376170411705971,0.04390490800142288,0.04421444982290268,0.043441202491521835,0.04351473227143288,0.04411197826266289,0.043687235563993454,0.04369310662150383,0.04349425062537193,0.04372779652476311,0.044165462255477905,0.045468952506780624,0.043681301176548004,0.045398909598588943,0.04464375600218773,0.047591496258974075,0.04540503770112991,0.043512895703315735,0.047335103154182434,0.04767773300409317,0.04790952429175377,0.04810414835810661,0.04306482523679733,0.043111931532621384,0.04279071092605591,0.046479471027851105,0.051948074251413345,0.044211529195308685,0.043293170630931854,0.04362551122903824,0.044463083148002625,0.04356958344578743,0.043622639030218124,0.04356853663921356,0.04594159871339798,0.04583333805203438,0.0429050512611866,0.04288119077682495,0.042748112231492996,0.04328528046607971,0.049429770559072495,,0.047293487936258316,0.04349289834499359,0.05096299946308136,0.04157005995512009,0.041357897222042084,0.040412139147520065,0.04129921272397041,0.04212367162108421,0.04220299422740936,0.0422745943069458,0.04224761575460434,0.04233679920434952,0.04219280928373337,0.04223477095365524,0.04236219823360443,0.04638905078172684,0.04544205963611603,0.04362022131681442,0.04384620115160942,0.04394305869936943,0.04371468350291252,0.04402649402618408,0.04360387474298477,0.04367756471037865,0.043809741735458374,0.04380783811211586,0.04376266896724701,0.043443989008665085,0.04368480294942856,0.044181980192661285,0.04527322202920914,0.045129403471946716,0.044569894671440125,0.04803970828652382,0.04716923087835312,0.04746680334210396,0.04727417603135109,0.048040688037872314,0.043038755655288696,0.042856406420469284,0.042877715080976486,0.04411374405026436,0.043217118829488754,0.043538182973861694,0.044646892696619034,0.04353722184896469,0.0434800386428833,0.043540842831134796,0.045981548726558685,0.04557983949780464
stanford_dogs_image_categorization,0.042681220918893814,0.04213594272732735,0.04225820675492287,0.042523909360170364,0.04303460195660591,0.043121758848428726,0.046709638088941574,0.043178990483284,0.0,0.04529983550310135,0.04077015444636345,0.040509216487407684,0.041172124445438385,0.04118186607956886,0.04916274547576904,0.04870541766285896,0.04213546961545944,0.04213765636086464,0.042717330157756805,0.042466022074222565,0.04233088344335556,0.04260198399424553,0.042311206459999084,0.042208343744277954,0.042404480278491974,0.042259667068719864,0.04218754917383194,0.04264892265200615,0.04280292987823486,0.04226960986852646,0.04452933371067047,0.0438975915312767,0.04465073347091675,0.04307771474123001,0.04280996695160866,0.04310845956206322,0.04319323971867561,0.043364666402339935,0.04269028455018997,0.042898863554000854,0.04340853914618492,0.04289501905441284,0.04302573576569557,0.04280902445316315,0.0429193377494812,0.04328671842813492,0.04438656195998192,0.04266854748129845,0.04430399835109711,0.04325206205248833,0.04653048887848854,0.044529739767313004,0.04279662296175957,0.04624856263399124,0.04656825587153435,0.046840813010931015,0.04699278622865677,0.04345012828707695,0.04333462566137314,0.04310150071978569,0.04479755088686943,0.05059533566236496,0.04295692592859268,0.04279859736561775,0.042904820293188095,0.04361233487725258,0.04254782199859619,0.04270467534661293,0.042727965861558914,0.04416763782501221,0.04504137486219406,0.04250558465719223,0.04232737794518471,0.04224565252661705,0.04260100796818733,0.0470157228410244,0.043293748050928116,0.045278288424015045,0.04133763164281845,0.04894619807600975,0.0423809289932251,0.04229799658060074,0.04314678907394409,0.04270759969949722,0.042142048478126526,0.042454905807971954,0.04245660454034805,0.04243140667676926,0.04249773919582367,0.042291585355997086,0.04238390550017357,0.042833924293518066,0.044562846422195435,0.04437879100441933,0.042852841317653656,0.04311637952923775,0.04322396218776703,0.04298227280378342,0.04336390271782875,0.04284973815083504,0.04295498505234718,0.04306045174598694,0.04310854524374008,0.043054427951574326,0.042758770287036896,0.04290532320737839,0.04346999526023865,0.04421038553118706,0.04405695199966431,0.04302116483449936,0.04696039482951164,0.046120334416627884,0.04633692651987076,0.04616250842809677,0.04688829928636551,0.043424952775239944,0.043193183839321136,0.043040622025728226,0.042928680777549744,0.042633943259716034,0.04274922236800194,0.04383312910795212,0.04251252859830856,0.04250628501176834,0.0427422858774662,0.04424817115068436,0.04488959163427353
svhn,0.047220081090927124,0.046673234552145004,0.046756137162446976,0.04713119566440582,0.04711749404668808,0.04639013484120369,0.04705064743757248,0.0473443977534771,0.04529983550310135,0.0,0.04483738914132118,0.04474267363548279,0.04366586357355118,0.043324925005435944,0.04895668476819992,0.048549093306064606,0.04637780785560608,0.04637309908866882,0.04689749702811241,0.04676181450486183,0.04665768891572952,0.046956393867731094,0.04655145853757858,0.046481627970933914,0.046800218522548676,0.046643469482660294,0.04652717709541321,0.04660603031516075,0.04685869812965393,0.0465068481862545,0.047536443918943405,0.048154741525650024,0.048696815967559814,0.04728372022509575,0.04691971093416214,0.04729684442281723,0.04741097614169121,0.04745852202177048,0.04688128083944321,0.04701491445302963,0.04747971147298813,0.047036368399858475,0.04715874046087265,0.046886831521987915,0.04702863097190857,0.04742177575826645,0.04846367985010147,0.04670500382781029,0.04841640591621399,0.04698493704199791,0.05065709725022316,0.04885382205247879,0.046876948326826096,0.05032053217291832,0.050659630447626114,0.05093105509877205,0.051078911870718,0.047517742961645126,0.04741248860955238,0.047224875539541245,0.048633724451065063,0.05473693087697029,0.046716876327991486,0.046774666756391525,0.04670087620615959,0.04757273569703102,0.04647905379533768,0.046314921230077744,0.046473484486341476,0.048620596528053284,0.049237802624702454,0.046986471861600876,0.04684372618794441,0.046737950295209885,0.04715615510940552,0.047049157321453094,0.04746319726109505,,0.04378725588321686,0.048654817044734955,0.04664638265967369,0.046566594392061234,0.04732368513941765,0.04693533852696419,0.046361759305000305,0.04677800461649895,0.04681166261434555,0.046787604689598083,0.04681325703859329,0.04669031873345375,0.04666060581803322,0.04685845971107483,0.04777088016271591,0.04836128279566765,0.04706870764493942,0.047165099531412125,0.04725392907857895,0.047188736498355865,0.047446366399526596,0.046995826065540314,0.04713541269302368,0.04713457077741623,0.04724309593439102,0.0471859909594059,0.04694906994700432,0.04698817804455757,0.04753228649497032,0.048303913325071335,0.048196397721767426,0.046766262501478195,0.05102156847715378,0.0502207949757576,0.05044640228152275,0.05027230829000473,0.050961535423994064,0.047455258667469025,0.04724184796214104,0.04709731787443161,0.0466727577149868,0.04660295322537422,0.04653971642255783,0.047781266272068024,0.046362657099962234,0.04605916142463684,0.04651365056633949,0.04869513213634491,0.049069736152887344
caltech101_object_classification,0.04255284368991852,0.04197806492447853,0.0420999638736248,0.04239969328045845,0.04286406934261322,0.04287663847208023,0.04633917286992073,0.04281575605273247,0.04077015444636345,0.04483738914132118,0.0,0.03997495397925377,0.04107337445020676,0.04089388996362686,0.0484243705868721,0.04800766333937645,0.04190429672598839,0.04182550683617592,0.04241499677300453,0.04218669235706329,0.04208115115761757,0.04236559569835663,0.0420563779771328,0.04198082908987999,0.042186252772808075,0.04205813258886337,0.0419461764395237,0.042405303567647934,0.042377959936857224,0.04224245622754097,0.04398023709654808,0.043832819908857346,0.04431937634944916,0.04295467585325241,0.04266088455915451,0.0429997444152832,0.04306980222463608,0.04324563592672348,0.042562901973724365,0.04271116852760315,0.04326517507433891,0.04276018589735031,0.04287969321012497,0.04262658581137657,0.04279707372188568,0.04317427799105644,0.04423105716705322,0.04247058182954788,0.044164255261421204,0.042958371341228485,0.046141836792230606,0.04439258202910423,0.042399078607559204,0.04584958031773567,0.046156082302331924,0.046433866024017334,0.04658915102481842,0.04293212294578552,0.0428493395447731,0.042640555649995804,0.044540610164403915,0.05025307834148407,0.04265018180012703,0.04250190779566765,0.042471613734960556,0.04322700574994087,0.04220052435994148,0.042259201407432556,0.04231785610318184,0.04396172985434532,0.04470061510801315,0.042366959154605865,0.04220694303512573,0.042096130549907684,0.042438805103302,0.04663560539484024,0.04294426739215851,0.04481171816587448,0.04126792028546333,0.04817584529519081,0.042156945914030075,0.042030107229948044,0.04282677173614502,0.04239194095134735,0.04187022149562836,0.04220149293541908,0.042230263352394104,0.042194485664367676,0.04225730523467064,0.04205607250332832,0.04212721437215805,0.0423654243350029,0.04404865577816963,0.044019319117069244,0.042720552533864975,0.042971380054950714,0.043051403015851974,0.04285608232021332,0.04320157319307327,0.042713463306427,0.042831119149923325,0.04291374608874321,0.04293530806899071,0.04292628541588783,0.04260975867509842,0.042735110968351364,0.04328670725226402,0.04406454414129257,0.04392889887094498,0.042744528502225876,0.04654815047979355,0.045717813074588776,0.045955948531627655,0.045773111283779144,0.04648745432496071,0.04288719594478607,0.0427011139690876,0.04255770891904831,0.042632896453142166,0.04231685772538185,0.04233958572149277,0.04345215857028961,0.042118486016988754,0.04202711209654808,0.042350102216005325,0.044042520225048065,0.0445341132581234
caltech256_object_classification,0.04227476567029953,0.04167035594582558,0.04177441820502281,0.04205893352627754,0.042653974145650864,0.042730119079351425,0.04635811597108841,0.04253169521689415,0.040509216487407684,0.04474267363548279,0.03997495397925377,0.0,0.040910735726356506,0.04075022041797638,0.04845249280333519,0.04803399741649628,0.04163013771176338,0.041558556258678436,0.042144473642110825,0.04192253574728966,0.04175565764307976,0.04204430803656578,0.04173774644732475,0.04167803376913071,0.04186621680855751,0.041714929044246674,0.041621819138526917,0.04222765564918518,0.042144812643527985,0.042063575237989426,0.044039830565452576,0.043652959167957306,0.04408186301589012,0.04268757626414299,0.04239379242062569,0.04272601753473282,0.042794130742549896,0.04299449548125267,0.042291004210710526,0.04245584085583687,0.04301093518733978,0.042494479566812515,0.04261841997504234,0.04236738011240959,0.04254430532455444,0.042911309748888016,0.043951522558927536,0.04227590188384056,0.04388045519590378,0.04279719665646553,0.04593526944518089,0.044085923582315445,0.04219619557261467,0.045644618570804596,0.045963604003190994,0.04623963683843613,0.046390190720558167,0.0427023321390152,0.04263027384877205,0.04242350533604622,0.044407621026039124,0.05001416057348251,0.04231083393096924,0.04217939451336861,0.042096130549907684,0.04296356812119484,0.04182887077331543,0.041958652436733246,0.04195151850581169,0.04372095689177513,0.04446621984243393,0.04211804270744324,0.041833266615867615,0.04178295657038689,0.042099423706531525,0.046659402549266815,0.04266807436943054,0.04472040757536888,0.04106328636407852,0.04820531979203224,0.04188317060470581,0.04175688698887825,0.042562827467918396,0.04212582856416702,0.04155297577381134,0.041865814477205276,0.04188770800828934,0.04187141731381416,0.0419321283698082,0.041725218296051025,0.04180306941270828,0.04216385632753372,0.04408089444041252,0.04378794506192207,0.04244948551058769,0.04271814599633217,0.042795225977897644,0.042584341019392014,0.04294142499566078,0.042446721345186234,0.042564909905195236,0.04266307130455971,0.042674340307712555,0.04266299679875374,0.04234180226922035,0.04248170182108879,0.043041031807661057,0.04378115385770798,0.043625976890325546,0.042594727128744125,0.04634861648082733,0.045517679303884506,0.04575478285551071,0.0455714650452137,0.046296946704387665,0.04266158491373062,0.042489733546972275,0.04234045743942261,0.0422927662730217,0.04200349748134613,0.041992831975221634,0.04318966716527939,0.04175397753715515,0.04172767698764801,0.041996199637651443,0.04379526898264885,0.044303424656391144
cifar10_object_classification,0.04311517998576164,0.04253792762756348,0.042689234018325806,0.04298098012804985,0.04346678778529167,0.04352466017007828,0.046141255646944046,0.04336640238761902,0.041172124445438385,0.04366586357355118,0.04107337445020676,0.040910735726356506,0.0,0.040036220103502274,0.048160403966903687,0.04775378480553627,0.042444758117198944,0.042411502450704575,0.042934566736221313,0.042675621807575226,0.042581018060445786,0.04286337271332741,0.042572397738695145,0.042516693472862244,0.042683109641075134,0.042561087757349014,0.042450763285160065,0.04303369298577309,0.04298023506999016,0.042711108922958374,0.04461803287267685,0.04450257495045662,0.045094314962625504,0.04337754845619202,0.043076466768980026,0.04338354244828224,0.04348812997341156,0.04364941269159317,0.04298847168684006,0.04315182566642761,0.04367410019040108,0.0431993193924427,0.043294694274663925,0.043084241449832916,0.04319969192147255,0.04359385743737221,0.04475538060069084,0.04305243119597435,0.044668786227703094,0.04375924542546272,0.04694302752614021,0.0448855496942997,0.04299250245094299,0.04665910080075264,0.04697004705667496,0.04725034534931183,0.047413170337677,0.04364204779267311,0.04354819282889366,0.04330362007021904,0.0450727641582489,0.051045533269643784,0.043267033994197845,0.04306219890713692,0.04320589452981949,0.04381968453526497,0.04284568130970001,0.04293249547481537,0.043012700974941254,0.044751957058906555,0.04543745145201683,0.04300074279308319,0.04270816594362259,0.04269309714436531,0.04300377517938614,0.04642161354422569,0.04345764219760895,0.04356783255934715,,0.04788726568222046,0.04269186407327652,0.0426270067691803,0.043365295976400375,0.04287595674395561,0.042389605194330215,0.042698025703430176,0.042705971747636795,0.042695168405771255,0.042750585824251175,0.042582910507917404,0.042637504637241364,0.04299914464354515,0.044693972915410995,0.04478397220373154,0.04314775392413139,0.04337504133582115,0.04348699375987053,0.04328049719333649,0.04362427815794945,0.043136127293109894,0.04322168603539467,0.04333893954753876,0.04336564987897873,0.04334069788455963,0.043037720024585724,0.043170370161533356,0.04371865838766098,0.04457368701696396,0.04440910741686821,0.04356488585472107,0.04735827073454857,0.04652018845081329,0.0467568039894104,0.04657767340540886,0.04731272533535957,0.04359456151723862,0.043385088443756104,0.043256863951683044,0.04323285445570946,0.04290119186043739,0.04307036101818085,0.0440061129629612,0.04279347509145737,0.04272705689072609,0.043009378015995026,0.04483245685696602,0.04525301605463028
