,lapgyn4_anatomical_structures,lapgyn4_surgical_actions,lapgyn4_instrument_count,lapgyn4_anatomical_actions,sklin2_skin_lesions,identify_nbi_infframes,laryngeal_tissues,nerthus_bowel_cleansing_quality,stanford_dogs_image_categorization,svhn,caltech101_object_classification,caltech256_object_classification,cifar10_object_classification,cifar100_object_classification,mnist_digit_classification,emnist_digit_classification,hyperkvasir_anatomical-landmarks,hyperkvasir_pathological-findings,hyperkvasir_quality-of-mucosal-views,hyperkvasir_therapeutic-interventions,cholec80_grasper_presence,cholec80_bipolar_presence,cholec80_hook_presence,cholec80_scissors_presence,cholec80_clipper_presence,cholec80_irrigator_presence,cholec80_specimenbag_presence,derm7pt_skin_lesions,idle_action_recognition,barretts_esophagus_diagnosis,brain_tumor_classification,mednode_melanoma_classification,brain_tumor_type_classification,chexpert_enlarged_cardiomediastinum,chexpert_cardiomegaly,chexpert_lung_opacity,chexpert_lung_lesion,chexpert_edema,chexpert_consolidation,chexpert_pneumonia,chexpert_atelectasis,chexpert_pneumothorax,chexpert_pleural_effusion,chexpert_pleural_other,chexpert_fracture,chexpert_support_devices,pneumonia_classification,ph2-melanocytic-lesions-classification,covid_xray_classification,isic20_melanoma_classification,deep_drid_dr_level,shenzen_chest_xray_tuberculosis,crawled_covid_ct_classification,deep_drid_quality,deep_drid_clarity,deep_drid_field,deep_drid_artifact,kvasir_capsule_anatomy,kvasir_capsule_content,kvasir_capsule_pathologies,breast_cancer_classification_v2,eye_condition_classification,mura_xr_wrist,mura_xr_shoulder,mura_xr_humerus,mura_xr_hand,mura_xr_forearm,mura_xr_finger,mura_xr_elbow,bean_plant_disease_classification,aptos19_blindness_detection,lapgyn4_anatomical_structures --shrink_train 800,lapgyn4_surgical_actions --shrink_train 800,lapgyn4_instrument_count --shrink_train 800,lapgyn4_anatomical_actions --shrink_train 800,laryngeal_tissues --shrink_train 800,nerthus_bowel_cleansing_quality --shrink_train 800,svhn --shrink_train 800,cifar10_object_classification --shrink_train 800,mnist_digit_classification --shrink_train 800,hyperkvasir_anatomical-landmarks --shrink_train 800,hyperkvasir_pathological-findings --shrink_train 800,hyperkvasir_quality-of-mucosal-views --shrink_train 800,hyperkvasir_therapeutic-interventions --shrink_train 800,cholec80_grasper_presence --shrink_train 800,cholec80_bipolar_presence --shrink_train 800,cholec80_hook_presence --shrink_train 800,cholec80_scissors_presence --shrink_train 800,cholec80_clipper_presence --shrink_train 800,cholec80_irrigator_presence --shrink_train 800,cholec80_specimenbag_presence --shrink_train 800,idle_action_recognition --shrink_train 800,brain_tumor_classification --shrink_train 800,brain_tumor_type_classification --shrink_train 800,chexpert_enlarged_cardiomediastinum --shrink_train 800,chexpert_cardiomegaly --shrink_train 800,chexpert_lung_opacity --shrink_train 800,chexpert_lung_lesion --shrink_train 800,chexpert_edema --shrink_train 800,chexpert_consolidation --shrink_train 800,chexpert_pneumonia --shrink_train 800,chexpert_atelectasis --shrink_train 800,chexpert_pneumothorax --shrink_train 800,chexpert_pleural_effusion --shrink_train 800,chexpert_pleural_other --shrink_train 800,chexpert_fracture --shrink_train 800,chexpert_support_devices --shrink_train 800,pneumonia_classification --shrink_train 800,covid_xray_classification --shrink_train 800,isic20_melanoma_classification --shrink_train 800,deep_drid_dr_level --shrink_train 800,deep_drid_quality --shrink_train 800,deep_drid_clarity --shrink_train 800,deep_drid_field --shrink_train 800,deep_drid_artifact --shrink_train 800,kvasir_capsule_anatomy --shrink_train 800,kvasir_capsule_content --shrink_train 800,kvasir_capsule_pathologies --shrink_train 800,mura_xr_wrist --shrink_train 800,mura_xr_shoulder --shrink_train 800,mura_xr_humerus --shrink_train 800,mura_xr_hand --shrink_train 800,mura_xr_forearm --shrink_train 800,mura_xr_finger --shrink_train 800,mura_xr_elbow --shrink_train 800,bean_plant_disease_classification --shrink_train 800,aptos19_blindness_detection --shrink_train 800
lapgyn4_anatomical_structures,0.0,0.002151990309357643,0.002151987049728632,0.0021519679576158524,0.002151926513761282,0.0021541411988437176,0.0021519679576158524,0.002151972148567438,0.0021519435103982687,0.002151926513761282,0.0021519402507692575,0.002151954686269164,0.002151957480236888,0.0021519383881241083,0.002151968888938427,0.002151935826987028,0.0021519549190998077,0.0021519321016967297,0.002151995897293091,0.002151952590793371,0.0021519833244383335,0.002151965629309416,0.002151958178728819,0.002151987049728632,0.0021519481670111418,0.002151927212253213,0.002151953289285302,0.002151972847059369,0.002151960041373968,0.0021519416477531195,0.0021519544534385204,0.002152081346139312,0.002151994965970516,0.0021519844885915518,0.002151980996131897,0.0021519942674785852,0.002151992404833436,0.0021519740112125874,0.002151965629309416,0.002151971682906151,0.002151976805180311,0.0021519989240914583,0.002151972847059369,0.0021519511938095093,0.002151933964341879,0.0021519805304706097,0.0021519442088901997,0.0021519698202610016,0.0021519383881241083,0.0021519155707210302,0.002152054337784648,0.002151955384761095,0.002151951426640153,0.0021519605070352554,0.0021519497968256474,0.00215198565274477,0.0021519367583096027,0.0021519199945032597,0.0021520163863897324,0.00215198309160769,0.0021519623696804047,0.0021519477013498545,0.0021519511938095093,0.002151956083253026,0.002151991706341505,0.0021519456058740616,0.002151970285922289,0.0021519542206078768,0.002151952590793371,0.0021519726142287254,0.002151983790099621,,0.002151964697986841,0.002151982393115759,0.0021519844885915518,0.002152064349502325,0.0021519684232771397,0.002152243396267295,0.0021519819274544716,0.0021519733127206564,0.00215196143835783,0.00215197098441422,0.002151970751583576,0.002151993801817298,0.0021519912406802177,0.0021519698202610016,0.002151919063180685,0.0021519456058740616,0.0021519612055271864,0.0021519502624869347,0.0021519551519304514,0.002151940483599901,0.0021519376896321774,0.002151953289285302,0.00215198309160769,0.0021519416477531195,0.002151989145204425,0.0021519558504223824,0.0021519274450838566,0.002151956083253026,0.0021519639994949102,0.0021519639994949102,0.0021519598085433245,0.0021519274450838566,0.0021519872825592756,0.0021519421134144068,0.0021519968286156654,0.002151968190446496,0.0021519511938095093,0.0021519456058740616,0.002151892986148596,0.002151947468519211,0.002151971682906151,0.0021519544534385204,0.002151929074898362,0.0021519786678254604,0.0021519698202610016,0.0021519579458981752,0.0021519495639950037,0.002151943277567625,0.0021519409492611885,0.0021519861184060574,0.002151916269212961,0.0021519437432289124,0.0021519723813980818,0.002151966094970703,0.002151953522115946
lapgyn4_surgical_actions,0.002151990309357643,0.0,0.0021520149894058704,0.002151995897293091,0.0021519544534385204,0.002154169138520956,0.002151995897293091,0.0021520000882446766,0.002151971450075507,0.0021519544534385204,0.002151968190446496,0.0021519826259464025,0.0021519854199141264,0.0021519663278013468,0.0021519968286156654,0.0021519637666642666,0.002151982858777046,0.002151960041373968,0.0021520238369703293,0.0021519805304706097,0.002152011264115572,0.0021519935689866543,0.0021519861184060574,0.0021520149894058704,0.0021519761066883802,0.0021519551519304514,0.0021519812289625406,0.0021520007867366076,0.0021519879810512066,0.002151969587430358,0.002151982393115759,0.0021521092858165503,0.0021520229056477547,0.0021520124282687902,0.0021520089358091354,0.0021520222071558237,0.0021520203445106745,0.002152001950889826,0.0021519935689866543,0.0021519996225833893,0.0021520047448575497,0.002152026863768697,0.0021520007867366076,0.0021519791334867477,0.0021519619040191174,0.002152008470147848,0.002151972148567438,0.00215199775993824,0.0021519663278013468,0.0021519435103982687,0.0021520822774618864,0.0021519833244383335,0.0021519793663173914,0.002151988446712494,0.002151977736502886,0.0021520135924220085,0.002151964697986841,0.002151947934180498,0.002152044326066971,0.0021520110312849283,0.002151990309357643,0.002151975641027093,0.0021519791334867477,0.0021519840229302645,0.0021520196460187435,0.0021519735455513,0.0021519982255995274,0.0021519821602851152,0.0021519805304706097,0.002152000553905964,0.0021520117297768593,0.0021520049776881933,,0.0021520103327929974,0.0021520124282687902,0.0021520922891795635,0.002151996362954378,0.0021522713359445333,0.00215200986713171,0.002152001252397895,0.0021519893780350685,0.0021519989240914583,0.0021519986912608147,0.0021520217414945364,0.002152019180357456,0.00215199775993824,0.0021519470028579235,0.0021519735455513,0.002151989145204425,0.002151978202164173,0.00215198309160769,0.0021519684232771397,0.002151965629309416,0.0021519812289625406,0.0021520110312849283,0.002151969587430358,0.0021520170848816633,0.002151983790099621,0.002151955384761095,0.0021519840229302645,0.0021519919391721487,0.0021519919391721487,0.002151987748220563,0.002151955384761095,0.002152015222236514,0.0021519700530916452,0.002152024768292904,0.0021519961301237345,0.0021519791334867477,0.0021519735455513,0.0021519209258258343,0.0021519754081964493,0.0021519996225833893,0.002151982393115759,0.0021519570145756006,0.002152006607502699,0.00215199775993824,0.0021519858855754137,0.002151977503672242,0.0021519712172448635,0.002151968888938427,0.002152014058083296,0.0021519442088901997,0.002151971682906151,0.0021520003210753202,0.0021519940346479416,0.0021519814617931843
lapgyn4_instrument_count,0.002151987049728632,0.0021520149894058704,0.0,0.0021519926376640797,0.0021519511938095093,0.002154165878891945,0.0021519926376640797,0.0021519968286156654,0.002151968190446496,0.0021519511938095093,0.002151964930817485,0.0021519793663173914,0.0021519821602851152,0.0021519630681723356,0.0021519935689866543,0.0021519605070352554,0.002151979599148035,0.002151956781744957,0.002152020577341318,0.0021519772708415985,0.002152008004486561,0.002151990309357643,0.002151982858777046,0.0021520117297768593,0.002151972847059369,0.0021519518923014402,0.0021519779693335295,0.0021519975271075964,0.0021519847214221954,0.0021519663278013468,0.0021519791334867477,0.002152106026187539,0.0021520196460187435,0.002152009168639779,0.0021520056761801243,0.0021520189475268126,0.0021520170848816633,0.0021519986912608147,0.002151990309357643,0.002151996362954378,0.0021520014852285385,0.0021520236041396856,0.0021519975271075964,0.0021519758738577366,0.002151958644390106,0.002152005210518837,0.002151968888938427,0.002151994500309229,0.0021519630681723356,0.0021519402507692575,0.0021520790178328753,0.0021519800648093224,0.0021519761066883802,0.0021519851870834827,0.0021519744768738747,0.0021520103327929974,0.00215196143835783,0.002151944674551487,0.0021520410664379597,0.002152007771655917,0.002151987049728632,0.0021519723813980818,0.0021519758738577366,0.0021519807633012533,0.0021520163863897324,0.002151970285922289,0.002151994965970516,0.002151978900656104,0.0021519772708415985,0.0021519972942769527,0.002152008470147848,0.002152001718059182,0.0021519893780350685,,0.002152009168639779,0.0021520890295505524,0.002151993103325367,0.002152268076315522,0.002152006607502699,0.0021519979927688837,0.0021519861184060574,0.002151995664462447,0.0021519954316318035,0.0021520184818655252,0.002152015920728445,0.002151994500309229,0.0021519437432289124,0.002151970285922289,0.0021519858855754137,0.002151974942535162,0.0021519798319786787,0.0021519651636481285,0.0021519623696804047,0.0021519779693335295,0.002152007771655917,0.0021519663278013468,0.002152013825252652,0.0021519805304706097,0.002151952125132084,0.0021519807633012533,0.0021519886795431376,0.0021519886795431376,0.0021519844885915518,0.002151952125132084,0.002152011962607503,0.002151966793462634,0.0021520215086638927,0.0021519928704947233,0.0021519758738577366,0.002151970285922289,0.002151917666196823,0.002151972148567438,0.002151996362954378,0.0021519791334867477,0.0021519537549465895,0.0021520033478736877,0.002151994500309229,0.0021519826259464025,0.002151974244043231,0.0021519679576158524,0.002151965629309416,0.0021520107984542847,0.0021519409492611885,0.0021519684232771397,0.002151997061446309,0.0021519907750189304,0.002151978202164173
lapgyn4_anatomical_actions,0.0021519679576158524,0.002151995897293091,0.0021519926376640797,0.0,0.0021519321016967297,0.0021541467867791653,0.0021519735455513,0.002151977736502886,0.0021519490983337164,0.0021519321016967297,0.0021519458387047052,0.0021519602742046118,0.0021519630681723356,0.002151943976059556,0.0021519744768738747,0.002151941414922476,0.0021519605070352554,0.0021519376896321774,0.0021520014852285385,0.002151958178728819,0.002151988912373781,0.0021519712172448635,0.0021519637666642666,0.0021519926376640797,0.0021519537549465895,0.0021519328001886606,0.00215195887722075,0.0021519784349948168,0.002151965629309416,0.002151947235688567,0.002151960041373968,0.0021520869340747595,0.002152000553905964,0.0021519900765269995,0.0021519865840673447,0.002151999855414033,0.0021519979927688837,0.002151979599148035,0.0021519712172448635,0.0021519772708415985,0.002151982393115759,0.002152004512026906,0.0021519784349948168,0.002151956781744957,0.0021519395522773266,0.0021519861184060574,0.0021519497968256474,0.0021519754081964493,0.002151943976059556,0.002151921158656478,0.0021520599257200956,0.0021519609726965427,0.0021519570145756006,0.002151966094970703,0.002151955384761095,0.0021519912406802177,0.0021519423462450504,0.0021519255824387074,0.00215202197432518,0.0021519886795431376,0.0021519679576158524,0.002151953289285302,0.002151956781744957,0.0021519616711884737,0.0021519972942769527,0.0021519511938095093,0.0021519758738577366,0.0021519598085433245,0.002151958178728819,0.002151978202164173,0.0021519893780350685,0.0021519826259464025,0.002151970285922289,0.0021519879810512066,,0.0021520699374377728,0.0021519740112125874,0.0021522489842027426,0.0021519875153899193,0.002151978900656104,0.0021519670262932777,0.0021519765723496675,0.002151976339519024,0.0021519993897527456,0.0021519968286156654,0.0021519754081964493,0.0021519246511161327,0.0021519511938095093,0.002151966793462634,0.0021519558504223824,0.002151960739865899,0.002151946071535349,0.002151943277567625,0.00215195887722075,0.0021519886795431376,0.002151947235688567,0.0021519947331398726,0.00215196143835783,0.0021519330330193043,0.0021519616711884737,0.002151969587430358,0.002151969587430358,0.002151965396478772,0.0021519330330193043,0.0021519928704947233,0.0021519477013498545,0.002152002416551113,0.0021519737783819437,0.002151956781744957,0.0021519511938095093,0.0021518985740840435,0.0021519530564546585,0.0021519772708415985,0.002151960041373968,0.00215193466283381,0.002151984255760908,0.0021519754081964493,0.002151963533833623,0.0021519551519304514,0.0021519488655030727,0.002151946537196636,0.002151991706341505,0.002151921857148409,0.00215194933116436,0.0021519779693335295,0.002151971682906151,0.0021519591100513935
sklin2_skin_lesions,0.002151926513761282,0.0021519544534385204,0.0021519511938095093,0.0021519321016967297,0.0,0.0021541051100939512,0.0021519321016967297,0.0021519362926483154,0.0021519074216485023,0.0021518904250115156,0.002151904162019491,0.0021519185975193977,0.0021519213914871216,0.002151902299374342,0.0021519330330193043,0.0021518999710679054,0.002151919063180685,0.002151896245777607,0.0021519598085433245,0.0021519167348742485,0.002151947468519211,0.002151929773390293,0.002151922322809696,0.0021519511938095093,0.0021519120782613754,0.0021518911235034466,0.002151917200535536,0.0021519367583096027,0.0021519241854548454,0.002151905559003353,0.0021519185975193977,0.0021520452573895454,0.0021519591100513935,0.0021519483998417854,0.0021519451402127743,0.002151958178728819,0.0021519563160836697,0.002151937922462821,0.002151929773390293,0.002151935826987028,0.002151940716430545,0.002151962835341692,0.0021519367583096027,0.0021519153378903866,0.002151898108422756,0.0021519444417208433,0.002151908352971077,0.002151933964341879,0.002151902299374342,0.002151879481971264,0.0021520182490348816,0.0021519192960113287,0.0021519153378903866,0.0021519246511161327,0.002151913708075881,0.0021519497968256474,0.00215190090239048,0.002151884138584137,0.0021519805304706097,0.0021519470028579235,0.0021519262809306383,0.002151911612600088,0.0021519153378903866,0.0021519199945032597,0.0021519558504223824,0.002151909749954939,0.0021519341971725225,0.0021519181318581104,0.0021519167348742485,0.0021519367583096027,0.002151947934180498,0.0021519409492611885,0.002151928609237075,0.002151946537196636,0.0021519483998417854,0.0021520284935832024,0.002151932567358017,0.0021522073075175285,0.0021519458387047052,0.00215193722397089,0.0021519255824387074,0.0021519348956644535,0.0021519348956644535,0.0021519577130675316,0.002151955384761095,0.002151933964341879,0.0021518829744309187,0.0021519095171242952,0.00215192511677742,0.0021519141737371683,0.002151919063180685,0.0021519046276807785,0.002151901600882411,0.002151917200535536,0.0021519470028579235,0.002151905559003353,0.0021519530564546585,0.0021519199945032597,0.002151891589164734,0.0021519199945032597,0.002151927910745144,0.002151927910745144,0.002151923719793558,0.002151891589164734,0.0021519511938095093,0.0021519060246646404,0.0021519609726965427,0.0021519321016967297,0.0021519153378903866,0.002151909749954939,0.0021518568973988295,0.002151911612600088,0.002151935826987028,0.002151918364688754,0.002151892986148596,0.0021519428119063377,0.002151933964341879,0.002151921857148409,0.0021519134752452374,0.0021519074216485023,0.002151904860511422,0.0021519502624869347,0.0021518804132938385,0.0021519078873097897,0.0021519362926483154,0.0021519300062209368,0.002151917666196823
identify_nbi_infframes,0.0021541411988437176,0.002154169138520956,0.002154165878891945,0.0021541467867791653,0.0021541051100939512,0.0,0.0021541467867791653,0.002154150977730751,0.002154122106730938,0.0021541051100939512,0.002154118847101927,0.0021541332826018333,0.002154136076569557,0.0021541169844567776,0.00215414771810174,0.002154114656150341,0.0021541337482631207,0.0021541109308600426,0.00215417449362576,0.002154131419956684,0.0021541621536016464,0.0021541444584727287,0.002154137007892132,0.002154165878891945,0.002154126763343811,0.002154105808585882,0.0021541318856179714,0.0021541514433920383,0.002154138870537281,0.0021541202440857887,0.0021541332826018333,0.002154259942471981,0.002154173795133829,0.002154163084924221,0.00215415982529521,0.0021541728638112545,0.0021541710011661053,0.0021541526075452566,0.0021541444584727287,0.0021541505120694637,0.0021541554015129805,0.0021541775204241276,0.0021541514433920383,0.002154130022972822,0.002154112793505192,0.002154159126803279,0.0021541230380535126,0.0021541486494243145,0.0021541169844567776,0.0021540941670536995,0.002154232934117317,0.0021541339810937643,0.002154130022972822,0.0021541393361985683,0.0021541283931583166,0.002154164481908083,0.0021541155874729156,0.0021540988236665726,0.0021541952155530453,0.002154161687940359,0.002154140966013074,0.0021541262976825237,0.002154130022972822,0.0021541346795856953,0.002154170535504818,0.0021541244350373745,0.002154148882254958,0.002154132816940546,0.002154131419956684,0.0021541514433920383,0.0021541626192629337,0.002154155634343624,0.0021541432943195105,0.002154161222279072,0.002154163084924221,0.002154243178665638,0.0021541472524404526,0.002154421992599964,0.002154160523787141,0.0021541519090533257,0.002154140267521143,0.002154149580746889,0.002154149580746889,0.002154172398149967,0.0021541700698435307,0.0021541486494243145,0.0021540976595133543,0.002154124202206731,0.0021541398018598557,0.002154128858819604,0.0021541337482631207,0.002154119312763214,0.0021541162859648466,0.0021541318856179714,0.002154161687940359,0.0021541202440857887,0.002154167741537094,0.0021541346795856953,0.0021541062742471695,0.0021541346795856953,0.0021541425958275795,0.0021541425958275795,0.0021541384048759937,0.0021541062742471695,0.002154165878891945,0.002154120709747076,0.0021541756577789783,0.0021541467867791653,0.002154130022972822,0.0021541244350373745,0.002154071582481265,0.0021541262976825237,0.0021541505120694637,0.0021541330497711897,0.0021541076712310314,0.0021541574969887733,0.0021541486494243145,0.0021541365422308445,0.002154128160327673,0.002154122106730938,0.0021541195455938578,0.0021541649475693703,0.002154095098376274,0.0021541225723922253,0.002154150977730751,0.0021541446913033724,0.0021541323512792587
laryngeal_tissues,0.0021519679576158524,0.002151995897293091,0.0021519926376640797,0.0021519735455513,0.0021519321016967297,0.0021541467867791653,0.0,0.002151977736502886,0.00215194933116436,0.0021519321016967297,0.002151946071535349,0.0021519605070352554,0.0021519633010029793,0.0021519442088901997,0.0021519744768738747,0.002151941414922476,0.0021519605070352554,0.0021519376896321774,0.0021520014852285385,0.002151958178728819,0.002151988912373781,0.002151971450075507,0.0021519637666642666,0.0021519926376640797,0.002151953987777233,0.0021519330330193043,0.0021519591100513935,0.0021519786678254604,0.002151965629309416,0.002151947468519211,0.002151960041373968,0.002152087166905403,0.002152000553905964,0.002151990309357643,0.0021519868168979883,0.0021520000882446766,0.0021519982255995274,0.002151979599148035,0.0021519712172448635,0.0021519772708415985,0.002151982393115759,0.0021520047448575497,0.0021519786678254604,0.002151956781744957,0.0021519395522773266,0.0021519861184060574,0.0021519497968256474,0.0021519754081964493,0.0021519442088901997,0.0021519213914871216,0.0021520601585507393,0.0021519609726965427,0.0021519572474062443,0.0021519663278013468,0.002151955384761095,0.0021519912406802177,0.0021519423462450504,0.0021519255824387074,0.00215202197432518,0.002151988912373781,0.0021519679576158524,0.002151953522115946,0.0021519570145756006,0.0021519619040191174,0.0021519975271075964,0.002151951426640153,0.0021519758738577366,0.002151960041373968,0.002151958178728819,0.002151978202164173,0.002151989610865712,0.002151982858777046,0.002151970285922289,0.0021519879810512066,0.002151990309357643,,0.002151974244043231,0.0021522492170333862,0.0021519875153899193,0.0021519791334867477,0.0021519670262932777,0.002151976805180311,0.0021519765723496675,0.0021519996225833893,0.0021519968286156654,0.0021519754081964493,0.0021519246511161327,0.0021519511938095093,0.0021519670262932777,0.0021519558504223824,0.0021519609726965427,0.0021519463043659925,0.002151943277567625,0.0021519591100513935,0.002151988912373781,0.002151947468519211,0.002151994965970516,0.00215196143835783,0.0021519330330193043,0.0021519619040191174,0.0021519698202610016,0.0021519698202610016,0.002151965629309416,0.0021519330330193043,0.002151993103325367,0.002151947934180498,0.002152002416551113,0.0021519740112125874,0.002151956781744957,0.0021519511938095093,0.0021518985740840435,0.0021519530564546585,0.0021519772708415985,0.002151960041373968,0.0021519348956644535,0.002151984255760908,0.002151975641027093,0.0021519637666642666,0.002151955384761095,0.0021519488655030727,0.002151946537196636,0.002151991706341505,0.0021519220899790525,0.00215194933116436,0.002151978202164173,0.002151971682906151,0.0021519591100513935
nerthus_bowel_cleansing_quality,0.002151972148567438,0.0021520000882446766,0.0021519968286156654,0.002151977736502886,0.0021519362926483154,0.002154150977730751,0.002151977736502886,0.0,0.002151953289285302,0.0021519362926483154,0.002151950029656291,0.0021519644651561975,0.0021519672591239214,0.0021519481670111418,0.0021519786678254604,0.0021519456058740616,0.002151964697986841,0.002151941880583763,0.0021520056761801243,0.0021519623696804047,0.002151993103325367,0.0021519754081964493,0.0021519679576158524,0.0021519968286156654,0.0021519579458981752,0.0021519369911402464,0.0021519630681723356,0.0021519826259464025,0.0021519698202610016,0.002151951426640153,0.002151964232325554,0.0021520911250263453,0.0021520047448575497,0.0021519942674785852,0.0021519907750189304,0.0021520040463656187,0.0021520021837204695,0.002151983790099621,0.0021519754081964493,0.0021519814617931843,0.0021519865840673447,0.0021520087029784918,0.0021519826259464025,0.0021519609726965427,0.0021519437432289124,0.002151990309357643,0.002151953987777233,0.002151979599148035,0.0021519481670111418,0.0021519253496080637,0.0021520641166716814,0.0021519651636481285,0.0021519612055271864,0.002151970285922289,0.002151959575712681,0.0021519954316318035,0.002151946537196636,0.002151929773390293,0.002152026165276766,0.0021519928704947233,0.002151972148567438,0.002151957480236888,0.0021519609726965427,0.0021519658621400595,0.0021520014852285385,0.002151955384761095,0.0021519800648093224,0.0021519639994949102,0.0021519623696804047,0.002151982393115759,0.0021519935689866543,0.0021519868168979883,0.0021519744768738747,0.0021519921720027924,0.0021519942674785852,0.0021520741283893585,,0.0021522531751543283,0.002151991706341505,0.00215198309160769,0.0021519712172448635,0.0021519807633012533,0.0021519805304706097,0.0021520035807043314,0.002152001019567251,0.002151979599148035,0.0021519288420677185,0.002151955384761095,0.00215197098441422,0.002151960041373968,0.002151964930817485,0.0021519502624869347,0.002151947468519211,0.0021519630681723356,0.0021519928704947233,0.002151951426640153,0.0021519989240914583,0.002151965629309416,0.00215193722397089,0.0021519658621400595,0.0021519737783819437,0.0021519737783819437,0.002151969587430358,0.00215193722397089,0.002151997061446309,0.0021519518923014402,0.002152006607502699,0.0021519779693335295,0.0021519609726965427,0.002151955384761095,0.0021519027650356293,0.0021519572474062443,0.0021519814617931843,0.002151964232325554,0.0021519388537853956,0.002151988446712494,0.002151979599148035,0.0021519677247852087,0.002151959342882037,0.0021519530564546585,0.002151950728148222,0.002151995897293091,0.0021519260480999947,0.002151953522115946,0.0021519821602851152,0.0021519758738577366,0.0021519633010029793
stanford_dogs_image_categorization,0.0021519435103982687,0.002151971450075507,0.002151968190446496,0.0021519490983337164,0.0021519074216485023,0.002154122106730938,0.00215194933116436,0.002151953289285302,0.0,0.0021519074216485023,0.0021519213914871216,0.002151935826987028,0.002151938620954752,0.0021519195288419724,0.002151950029656291,0.002151916967704892,0.0021519360598176718,0.0021519132424145937,0.002151976805180311,0.0021519337315112352,0.0021519644651561975,0.0021519470028579235,0.002151939319446683,0.002151968190446496,0.002151929307729006,0.002151908352971077,0.002151934430003166,0.002151953987777233,0.002151941182091832,0.0021519227884709835,0.0021519355941563845,0.002152062486857176,0.0021519761066883802,0.002151965629309416,0.0021519623696804047,0.0021519754081964493,0.0021519735455513,0.0021519549190998077,0.00215194677002728,0.002151952823624015,0.0021519577130675316,0.0021519800648093224,0.002151953987777233,0.0021519323345273733,0.002151915105059743,0.00215196143835783,0.0021519253496080637,0.0021519509609788656,0.0021519195288419724,0.0021518967114388943,0.002152035478502512,0.0021519362926483154,0.002151932567358017,0.002151941880583763,0.0021519307047128677,0.002151966793462634,0.0021519178990274668,0.0021519011352211237,0.0021519975271075964,0.002151964232325554,0.002151943277567625,0.0021519288420677185,0.002151932567358017,0.00215193722397089,0.0021519730798900127,0.0021519269794225693,0.0021519511938095093,0.002151935361325741,0.0021519337315112352,0.0021519537549465895,0.0021519651636481285,0.002151958178728819,0.0021519456058740616,0.002151963533833623,0.002151965629309416,0.002152045490220189,0.0021519497968256474,0.002152224536985159,0.002151962835341692,0.0021519544534385204,0.002151942579075694,0.002151952125132084,0.002151952125132084,0.002151974942535162,0.0021519723813980818,0.0021519509609788656,0.0021518999710679054,0.002151926513761282,0.0021519423462450504,0.002151931170374155,0.0021519362926483154,0.002151921857148409,0.0021519185975193977,0.002151934430003166,0.002151964232325554,0.0021519227884709835,0.002151970285922289,0.0021519369911402464,0.0021519085858017206,0.00215193722397089,0.0021519451402127743,0.0021519451402127743,0.0021519409492611885,0.0021519085858017206,0.0021519684232771397,0.002151923254132271,0.0021519779693335295,0.00215194933116436,0.0021519323345273733,0.0021519267465919256,0.002151873894035816,0.002151928609237075,0.002151952823624015,0.002151935361325741,0.002151910215616226,0.0021519598085433245,0.0021519511938095093,0.0021519390866160393,0.0021519307047128677,0.002151924418285489,0.002151921857148409,0.0021519672591239214,0.002151897642761469,0.0021519248839467764,0.002151953522115946,0.0021519470028579235,0.00215193466283381
svhn,0.002151926513761282,0.0021519544534385204,0.0021519511938095093,0.0021519321016967297,0.0021518904250115156,0.0021541051100939512,0.0021519321016967297,0.0021519362926483154,0.0021519074216485023,0.0,0.002151904162019491,0.0021519185975193977,0.0021519213914871216,0.002151902299374342,0.0021519330330193043,0.0021518999710679054,0.002151919063180685,0.002151896245777607,0.0021519598085433245,0.0021519167348742485,0.002151947468519211,0.002151929773390293,0.002151922322809696,0.0021519511938095093,0.0021519120782613754,0.0021518911235034466,0.002151917200535536,0.0021519367583096027,0.0021519241854548454,0.002151905559003353,0.0021519185975193977,0.0021520452573895454,0.0021519591100513935,0.0021519483998417854,0.0021519451402127743,0.002151958178728819,0.0021519563160836697,0.002151937922462821,0.002151929773390293,0.002151935826987028,0.002151940716430545,0.002151962835341692,0.0021519367583096027,0.0021519153378903866,0.002151898108422756,0.0021519444417208433,0.002151908352971077,0.002151933964341879,0.002151902299374342,0.002151879481971264,0.0021520182490348816,0.0021519192960113287,0.0021519153378903866,0.0021519246511161327,0.002151913708075881,0.0021519497968256474,0.00215190090239048,0.002151884138584137,0.0021519805304706097,0.0021519470028579235,0.0021519262809306383,0.002151911612600088,0.0021519153378903866,0.0021519199945032597,0.0021519558504223824,0.002151909749954939,0.0021519341971725225,0.0021519181318581104,0.0021519167348742485,0.0021519367583096027,0.002151947934180498,0.0021519409492611885,0.002151928609237075,0.002151946537196636,0.0021519483998417854,0.0021520284935832024,0.002151932567358017,,0.0021519458387047052,0.00215193722397089,0.0021519255824387074,0.0021519348956644535,0.0021519348956644535,0.0021519577130675316,0.002151955384761095,0.002151933964341879,0.0021518829744309187,0.0021519095171242952,0.00215192511677742,0.0021519141737371683,0.002151919063180685,0.0021519046276807785,0.002151901600882411,0.002151917200535536,0.0021519470028579235,0.002151905559003353,0.0021519530564546585,0.0021519199945032597,0.002151891589164734,0.0021519199945032597,0.002151927910745144,0.002151927910745144,0.002151923719793558,0.002151891589164734,0.0021519511938095093,0.0021519060246646404,0.0021519609726965427,0.0021519321016967297,0.0021519153378903866,0.002151909749954939,0.0021518568973988295,0.002151911612600088,0.002151935826987028,0.002151918364688754,0.002151892986148596,0.0021519428119063377,0.002151933964341879,0.002151921857148409,0.0021519134752452374,0.0021519074216485023,0.002151904860511422,0.0021519502624869347,0.0021518804132938385,0.0021519078873097897,0.0021519362926483154,0.0021519300062209368,0.002151917666196823
caltech101_object_classification,0.0021519402507692575,0.002151968190446496,0.002151964930817485,0.0021519458387047052,0.002151904162019491,0.002154118847101927,0.002151946071535349,0.002151950029656291,0.0021519213914871216,0.002151904162019491,0.0,0.002151932567358017,0.002151935361325741,0.002151916269212961,0.00215194677002728,0.002151913708075881,0.0021519328001886606,0.0021519099827855825,0.0021519735455513,0.002151930471882224,0.0021519612055271864,0.0021519437432289124,0.0021519360598176718,0.002151964930817485,0.0021519260480999947,0.002151905093342066,0.002151931170374155,0.002151950728148222,0.002151937922462821,0.0021519195288419724,0.0021519323345273733,0.0021520592272281647,0.002151972847059369,0.0021519623696804047,0.0021519591100513935,0.002151972148567438,0.002151970285922289,0.0021519516594707966,0.0021519435103982687,0.0021519495639950037,0.0021519544534385204,0.002151976805180311,0.002151950728148222,0.002151929074898362,0.0021519118454307318,0.002151958178728819,0.0021519220899790525,0.0021519477013498545,0.002151916269212961,0.002151893451809883,0.002152032218873501,0.0021519330330193043,0.002151929307729006,0.002151938620954752,0.0021519274450838566,0.002151963533833623,0.0021519146393984556,0.0021518978755921125,0.0021519942674785852,0.0021519609726965427,0.002151940017938614,0.0021519255824387074,0.002151929307729006,0.002151933964341879,0.0021519698202610016,0.002151923719793558,0.002151947934180498,0.0021519321016967297,0.002151930471882224,0.0021519504953175783,0.0021519619040191174,0.0021519549190998077,0.0021519423462450504,0.0021519602742046118,0.0021519623696804047,0.002152042230591178,0.002151946537196636,0.0021522212773561478,0.002151959575712681,0.0021519511938095093,0.002151939319446683,0.0021519488655030727,0.0021519488655030727,0.002151971682906151,0.0021519691217690706,0.0021519477013498545,0.0021518967114388943,0.002151923254132271,0.0021519390866160393,0.002151927910745144,0.0021519330330193043,0.0021519185975193977,0.0021519153378903866,0.002151931170374155,0.0021519609726965427,0.0021519195288419724,0.0021519670262932777,0.0021519337315112352,0.0021519053261727095,0.002151933964341879,0.002151941880583763,0.002151941880583763,0.0021519376896321774,0.0021519053261727095,0.0021519651636481285,0.0021519199945032597,0.0021519747097045183,0.002151946071535349,0.002151929074898362,0.0021519234869629145,0.002151870634406805,0.0021519253496080637,0.0021519495639950037,0.0021519321016967297,0.002151906955987215,0.0021519565489143133,0.002151947934180498,0.002151935826987028,0.0021519274450838566,0.002151921158656478,0.0021519185975193977,0.0021519639994949102,0.0021518943831324577,0.0021519216243177652,0.0021519502624869347,0.0021519437432289124,0.0021519314032047987
caltech256_object_classification,0.002151954686269164,0.0021519826259464025,0.0021519793663173914,0.0021519602742046118,0.0021519185975193977,0.0021541332826018333,0.0021519605070352554,0.0021519644651561975,0.002151935826987028,0.0021519185975193977,0.002151932567358017,0.0,0.0021519497968256474,0.0021519307047128677,0.0021519612055271864,0.0021519281435757875,0.002151947235688567,0.002151924418285489,0.0021519879810512066,0.0021519449073821306,0.002151975641027093,0.002151958178728819,0.0021519504953175783,0.0021519793663173914,0.002151940483599901,0.0021519195288419724,0.0021519456058740616,0.0021519651636481285,0.0021519523579627275,0.002151933964341879,0.00215194677002728,0.002152073662728071,0.0021519872825592756,0.002151976805180311,0.0021519735455513,0.0021519865840673447,0.0021519847214221954,0.002151966094970703,0.0021519579458981752,0.0021519639994949102,0.002151968888938427,0.0021519912406802177,0.0021519651636481285,0.0021519435103982687,0.0021519262809306383,0.0021519726142287254,0.002151936525478959,0.002151962136849761,0.0021519307047128677,0.0021519078873097897,0.0021520466543734074,0.002151947468519211,0.0021519437432289124,0.0021519530564546585,0.002151941880583763,0.0021519779693335295,0.002151929074898362,0.002151912311092019,0.0021520087029784918,0.0021519754081964493,0.0021519544534385204,0.002151940017938614,0.0021519437432289124,0.0021519483998417854,0.002151984255760908,0.0021519381552934647,0.0021519623696804047,0.002151946537196636,0.0021519449073821306,0.002151964930817485,0.002151976339519024,0.0021519693545997143,0.002151956781744957,0.0021519747097045183,0.002151976805180311,0.0021520566660910845,0.0021519609726965427,0.0021522357128560543,0.0021519740112125874,0.002151965629309416,0.0021519537549465895,0.0021519633010029793,0.0021519633010029793,0.0021519861184060574,0.002151983557268977,0.002151962136849761,0.002151911146938801,0.0021519376896321774,0.002151953522115946,0.0021519423462450504,0.002151947468519211,0.0021519330330193043,0.002151929773390293,0.0021519456058740616,0.0021519754081964493,0.002151933964341879,0.0021519814617931843,0.0021519481670111418,0.002151919761672616,0.0021519483998417854,0.0021519563160836697,0.0021519563160836697,0.002151952125132084,0.002151919761672616,0.002151979599148035,0.002151934430003166,0.002151989145204425,0.0021519605070352554,0.0021519435103982687,0.002151937922462821,0.0021518850699067116,0.0021519397851079702,0.0021519639994949102,0.002151946537196636,0.0021519213914871216,0.00215197098441422,0.0021519623696804047,0.0021519502624869347,0.002151941880583763,0.0021519355941563845,0.0021519330330193043,0.0021519784349948168,0.0021519088186323643,0.0021519360598176718,0.002151964697986841,0.002151958178728819,0.0021519458387047052
cifar10_object_classification,0.002151957480236888,0.0021519854199141264,0.0021519821602851152,0.0021519630681723356,0.0021519213914871216,0.002154136076569557,0.0021519633010029793,0.0021519672591239214,0.002151938620954752,0.0021519213914871216,0.002151935361325741,0.0021519497968256474,0.0,0.0021519334986805916,0.0021519639994949102,0.0021519309375435114,0.002151950029656291,0.002151927212253213,0.0021519907750189304,0.0021519477013498545,0.0021519784349948168,0.0021519609726965427,0.002151953289285302,0.0021519821602851152,0.002151943277567625,0.002151922322809696,0.0021519483998417854,0.0021519679576158524,0.0021519551519304514,0.0021519367583096027,0.0021519495639950037,0.002152076456695795,0.0021519900765269995,0.002151979599148035,0.002151976339519024,0.0021519893780350685,0.0021519875153899193,0.002151968888938427,0.002151960739865899,0.002151966793462634,0.002151971682906151,0.0021519940346479416,0.0021519679576158524,0.0021519463043659925,0.002151929074898362,0.0021519754081964493,0.002151939319446683,0.002151964930817485,0.0021519334986805916,0.0021519106812775135,0.002152049448341131,0.0021519502624869347,0.002151946537196636,0.0021519558504223824,0.002151944674551487,0.0021519807633012533,0.002151931868866086,0.002151915105059743,0.0021520114969462156,0.002151978202164173,0.0021519572474062443,0.0021519428119063377,0.002151946537196636,0.0021519511938095093,0.002151987049728632,0.0021519409492611885,0.0021519651636481285,0.00215194933116436,0.0021519477013498545,0.0021519677247852087,0.0021519791334867477,0.002151972148567438,0.002151959575712681,0.002151977503672242,0.002151979599148035,0.0021520594600588083,0.0021519637666642666,0.002152238506823778,,0.0021519684232771397,0.0021519565489143133,0.002151966094970703,0.002151966094970703,0.002151988912373781,0.002151986351236701,0.002151964930817485,0.0021519139409065247,0.002151940483599901,0.0021519563160836697,0.0021519451402127743,0.0021519502624869347,0.002151935826987028,0.002151932567358017,0.0021519483998417854,0.002151978202164173,0.0021519367583096027,0.002151984255760908,0.0021519509609788656,0.00215192255564034,0.0021519511938095093,0.0021519591100513935,0.0021519591100513935,0.0021519549190998077,0.00215192255564034,0.002151982393115759,0.00215193722397089,0.0021519919391721487,0.0021519633010029793,0.0021519463043659925,0.002151940716430545,0.0021518878638744354,0.002151942579075694,0.002151966793462634,0.00215194933116436,0.0021519241854548454,0.0021519737783819437,0.0021519651636481285,0.0021519530564546585,0.002151944674551487,0.0021519383881241083,0.002151935826987028,0.0021519812289625406,0.002151911612600088,0.0021519388537853956,0.002151967491954565,0.0021519609726965427,0.002151948632672429
