,lapgyn4_anatomical_structures,lapgyn4_surgical_actions,lapgyn4_instrument_count,lapgyn4_anatomical_actions,sklin2_skin_lesions,identify_nbi_infframes,laryngeal_tissues,nerthus_bowel_cleansing_quality,stanford_dogs_image_categorization,svhn,caltech101_object_classification,caltech256_object_classification,cifar10_object_classification,cifar100_object_classification,mnist_digit_classification,emnist_digit_classification,hyperkvasir_anatomical-landmarks,hyperkvasir_pathological-findings,hyperkvasir_quality-of-mucosal-views,hyperkvasir_therapeutic-interventions,cholec80_grasper_presence,cholec80_bipolar_presence,cholec80_hook_presence,cholec80_scissors_presence,cholec80_clipper_presence,cholec80_irrigator_presence,cholec80_specimenbag_presence,derm7pt_skin_lesions,idle_action_recognition,barretts_esophagus_diagnosis,brain_tumor_classification,mednode_melanoma_classification,brain_tumor_type_classification,chexpert_enlarged_cardiomediastinum,chexpert_cardiomegaly,chexpert_lung_opacity,chexpert_lung_lesion,chexpert_edema,chexpert_consolidation,chexpert_pneumonia,chexpert_atelectasis,chexpert_pneumothorax,chexpert_pleural_effusion,chexpert_pleural_other,chexpert_fracture,chexpert_support_devices,pneumonia_classification,ph2-melanocytic-lesions-classification,covid_xray_classification,isic20_melanoma_classification,deep_drid_dr_level,shenzen_chest_xray_tuberculosis,crawled_covid_ct_classification,deep_drid_quality,deep_drid_clarity,deep_drid_field,deep_drid_artifact,kvasir_capsule_anatomy,kvasir_capsule_content,kvasir_capsule_pathologies,breast_cancer_classification_v2,eye_condition_classification,mura_xr_wrist,mura_xr_shoulder,mura_xr_humerus,mura_xr_hand,mura_xr_forearm,mura_xr_finger,mura_xr_elbow,bean_plant_disease_classification,aptos19_blindness_detection,lapgyn4_anatomical_structures --shrink_train 800,lapgyn4_surgical_actions --shrink_train 800,lapgyn4_instrument_count --shrink_train 800,lapgyn4_anatomical_actions --shrink_train 800,laryngeal_tissues --shrink_train 800,nerthus_bowel_cleansing_quality --shrink_train 800,svhn --shrink_train 800,cifar10_object_classification --shrink_train 800,mnist_digit_classification --shrink_train 800,hyperkvasir_anatomical-landmarks --shrink_train 800,hyperkvasir_pathological-findings --shrink_train 800,hyperkvasir_quality-of-mucosal-views --shrink_train 800,hyperkvasir_therapeutic-interventions --shrink_train 800,cholec80_grasper_presence --shrink_train 800,cholec80_bipolar_presence --shrink_train 800,cholec80_hook_presence --shrink_train 800,cholec80_scissors_presence --shrink_train 800,cholec80_clipper_presence --shrink_train 800,cholec80_irrigator_presence --shrink_train 800,cholec80_specimenbag_presence --shrink_train 800,idle_action_recognition --shrink_train 800,brain_tumor_classification --shrink_train 800,brain_tumor_type_classification --shrink_train 800,chexpert_enlarged_cardiomediastinum --shrink_train 800,chexpert_cardiomegaly --shrink_train 800,chexpert_lung_opacity --shrink_train 800,chexpert_lung_lesion --shrink_train 800,chexpert_edema --shrink_train 800,chexpert_consolidation --shrink_train 800,chexpert_pneumonia --shrink_train 800,chexpert_atelectasis --shrink_train 800,chexpert_pneumothorax --shrink_train 800,chexpert_pleural_effusion --shrink_train 800,chexpert_pleural_other --shrink_train 800,chexpert_fracture --shrink_train 800,chexpert_support_devices --shrink_train 800,pneumonia_classification --shrink_train 800,covid_xray_classification --shrink_train 800,isic20_melanoma_classification --shrink_train 800,deep_drid_dr_level --shrink_train 800,deep_drid_quality --shrink_train 800,deep_drid_clarity --shrink_train 800,deep_drid_field --shrink_train 800,deep_drid_artifact --shrink_train 800,kvasir_capsule_anatomy --shrink_train 800,kvasir_capsule_content --shrink_train 800,kvasir_capsule_pathologies --shrink_train 800,mura_xr_wrist --shrink_train 800,mura_xr_shoulder --shrink_train 800,mura_xr_humerus --shrink_train 800,mura_xr_hand --shrink_train 800,mura_xr_forearm --shrink_train 800,mura_xr_finger --shrink_train 800,mura_xr_elbow --shrink_train 800,bean_plant_disease_classification --shrink_train 800,aptos19_blindness_detection --shrink_train 800
lapgyn4_anatomical_structures,0.0,9.858881821855903e-05,9.85786973615177e-05,9.862842125585303e-05,9.987325756810606e-05,0.00010733693488873541,0.00010126729466719553,9.862779552349821e-05,9.865366155281663e-05,9.874346142169088e-05,9.869378118310124e-05,9.862273145699874e-05,9.869295899989083e-05,9.864955063676462e-05,9.885465260595083e-05,9.885938925435767e-05,9.873083035927266e-05,9.872528607957065e-05,9.877679258352146e-05,9.874303941614926e-05,9.858337580226362e-05,9.857940312940627e-05,9.859124111244455e-05,9.85809529083781e-05,9.857957775238901e-05,9.862049773801118e-05,9.858379053184763e-05,9.923535981215537e-05,9.862401202553883e-05,9.982778283301741e-05,9.876539115794003e-05,0.0001014740628306754,9.869765199255198e-05,9.857217082753778e-05,9.858289558906108e-05,9.860010322881863e-05,9.861626313067973e-05,9.860222780844197e-05,9.85874212346971e-05,9.858717385213822e-05,9.85841397778131e-05,9.8597833130043e-05,9.859004057943821e-05,9.865148604148999e-05,9.86270242719911e-05,9.859802958089858e-05,9.861520084086806e-05,0.00010022326750913635,9.871036309050396e-05,9.866964683169499e-05,9.90716289379634e-05,9.906134800985456e-05,9.893003152683377e-05,9.915581904351711e-05,9.913901885738596e-05,9.914531983667985e-05,9.911876986734569e-05,9.867042535915971e-05,9.86334343906492e-05,9.861036960501224e-05,9.931527893058956e-05,9.970401151804253e-05,9.856575343292207e-05,9.862755541689694e-05,9.93161738733761e-05,9.85889055300504e-05,9.867482003755867e-05,9.867215703707188e-05,9.86130180535838e-05,9.890468936646357e-05,9.875433170236647e-05,,9.878991113509983e-05,9.883341408567503e-05,9.880544530460611e-05,0.00010181497782468796,9.884917380986735e-05,9.999277244787663e-05,9.91395500022918e-05,0.00010027544340118766,9.898453572532162e-05,9.893595415633172e-05,9.888950444292277e-05,9.89114778349176e-05,9.888231579679996e-05,9.887801570584998e-05,9.890127694234252e-05,9.887973283184692e-05,9.888000931823626e-05,9.888602653518319e-05,9.889887587632984e-05,9.893788956105709e-05,9.912218956742436e-05,9.893837705021724e-05,9.888998465612531e-05,9.890728688333184e-05,9.887968190014362e-05,9.888194472296163e-05,9.890216460917145e-05,9.887802298180759e-05,9.890164074022323e-05,9.889576904242858e-05,9.891873196465895e-05,9.886517364066094e-05,9.88729516393505e-05,9.879771096166223e-05,9.891754598356783e-05,9.886819316307083e-05,9.885016334010288e-05,9.904827311402187e-05,9.925573249347508e-05,9.924513869918883e-05,9.924847836373374e-05,9.925953054334968e-05,9.92526620393619e-05,9.892658999888226e-05,9.886895713862032e-05,9.894588583847508e-05,9.886549378279597e-05,9.892093657981604e-05,9.907074127113447e-05,9.885449981084093e-05,9.889086504699662e-05,9.890958608593792e-05,9.890744695439935e-05,9.897784912027419e-05,9.893082460621372e-05
lapgyn4_surgical_actions,9.858881821855903e-05,0.0,9.841951396083459e-05,9.846923785516992e-05,9.971407416742295e-05,0.00010717753320932388,0.00010110811126651242,9.84686121228151e-05,9.849447815213352e-05,9.858427802100778e-05,9.853459778241813e-05,9.846354805631563e-05,9.853377559920773e-05,9.849036723608151e-05,9.869546920526773e-05,9.870020585367456e-05,9.857164695858955e-05,9.856610267888755e-05,9.861760918283835e-05,9.858385601546615e-05,9.842419240158051e-05,9.842021972872317e-05,9.843205771176144e-05,9.842176950769499e-05,9.842039435170591e-05,9.846131433732808e-05,9.842460713116452e-05,9.907617641147226e-05,9.846482862485573e-05,9.96685994323343e-05,9.860620775725693e-05,0.00010131487942999229,9.853846859186888e-05,9.841298742685467e-05,9.842371218837798e-05,9.844091982813552e-05,9.845707972999662e-05,9.844304440775886e-05,9.8428237834014e-05,9.842799045145512e-05,9.842495637713e-05,9.84386497293599e-05,9.84308571787551e-05,9.849230264080688e-05,9.8467840871308e-05,9.843884618021548e-05,9.845601744018495e-05,0.00010006408410845324,9.855117968982086e-05,9.851046343101189e-05,9.891244553728029e-05,9.890216460917145e-05,9.877084812615067e-05,9.899663564283401e-05,9.897983545670286e-05,9.898613643599674e-05,9.895958646666259e-05,9.85112419584766e-05,9.84742509899661e-05,9.845118620432913e-05,9.915609552990645e-05,9.954482811735943e-05,9.840657003223896e-05,9.846837201621383e-05,9.9156990472693e-05,9.842972212936729e-05,9.851563663687557e-05,9.851297363638878e-05,9.84538346529007e-05,9.874550596578047e-05,9.859514830168337e-05,9.871064685285091e-05,,9.867423068499193e-05,9.8646261903923e-05,0.00010165579442400485,9.868999040918425e-05,9.983358904719353e-05,9.89803666016087e-05,0.00010011626000050455,9.882535232463852e-05,9.877677075564861e-05,9.873032104223967e-05,9.87522944342345e-05,9.872313239611685e-05,9.871883230516687e-05,9.874209354165941e-05,9.872054943116382e-05,9.872082591755316e-05,9.872684313450009e-05,9.873969247564673e-05,9.877870616037399e-05,9.896300616674125e-05,9.877919364953414e-05,9.87308012554422e-05,9.874810348264873e-05,9.872049849946052e-05,9.872276132227853e-05,9.874298120848835e-05,9.871883958112448e-05,9.874245733954012e-05,9.873658564174548e-05,9.875954856397584e-05,9.870599023997784e-05,9.87137682386674e-05,9.863852756097913e-05,9.875836258288473e-05,9.870900976238772e-05,9.869097993941978e-05,9.888908971333876e-05,9.909654909279197e-05,9.908595529850572e-05,9.908929496305063e-05,9.910034714266658e-05,9.909347863867879e-05,9.876740659819916e-05,9.870977373793721e-05,9.878670243779197e-05,9.870631038211286e-05,9.876175317913294e-05,9.891155787045136e-05,9.869531641015783e-05,9.873168164631352e-05,9.875040268525481e-05,9.874826355371624e-05,9.881866571959108e-05,9.877164120553061e-05
lapgyn4_instrument_count,9.85786973615177e-05,9.841951396083459e-05,0.0,9.845911699812859e-05,9.970396058633924e-05,0.00010716764518292621,0.0001010979904094711,9.845849126577377e-05,9.848435001913458e-05,9.857415716396645e-05,9.852448420133442e-05,9.84534271992743e-05,9.85236547421664e-05,9.848024637904018e-05,9.86853483482264e-05,9.869008499663323e-05,9.856152610154822e-05,9.855598182184622e-05,9.860748832579702e-05,9.857373515842482e-05,9.841406426858157e-05,9.841009159572423e-05,9.842193685472012e-05,9.841164865065366e-05,9.84102807706222e-05,9.845119348028675e-05,9.841448627412319e-05,9.906605555443093e-05,9.84547077678144e-05,9.965847129933536e-05,9.859609417617321e-05,0.00010130475857295096,9.852834773482755e-05,9.840286656981334e-05,9.841358405537903e-05,9.843079897109419e-05,9.844695159699768e-05,9.843292355071753e-05,9.841811697697267e-05,9.841786959441379e-05,9.841483552008867e-05,9.842852887231857e-05,9.842072904575616e-05,9.848218178376555e-05,9.845772001426667e-05,9.842872532317415e-05,9.844589658314362e-05,0.00010005396325141191,9.854105883277953e-05,9.850034257397056e-05,9.890232468023896e-05,9.889204375213012e-05,9.876072726910934e-05,9.898651478579268e-05,9.896971459966153e-05,9.897601557895541e-05,9.894947288557887e-05,9.850111382547766e-05,9.846412285696715e-05,9.844105807133019e-05,9.914596739690751e-05,9.95347072603181e-05,9.839644917519763e-05,9.84582511591725e-05,9.914686961565167e-05,9.841959399636835e-05,9.850551577983424e-05,9.850284550338984e-05,9.844371379585937e-05,9.873538510873914e-05,9.858502744464204e-05,9.870052599580958e-05,9.862061415333301e-05,,9.863614104688168e-05,0.00010164567356696352,9.867986955214292e-05,9.982346091419458e-05,9.897023846860975e-05,0.00010010614641942084,9.881523146759719e-05,9.876664989860728e-05,9.872020746115595e-05,9.874216630123556e-05,9.871301153907552e-05,9.870871144812554e-05,9.873197268461809e-05,9.871042857412249e-05,9.871070506051183e-05,9.871670772554353e-05,9.872956434264779e-05,9.876858530333266e-05,9.895289258565754e-05,9.876907279249281e-05,9.872068039840087e-05,9.873797534964979e-05,9.87103849183768e-05,9.87126404652372e-05,9.87328530754894e-05,9.870871872408316e-05,9.873232920654118e-05,9.872646478470415e-05,9.874942770693451e-05,9.869586938293651e-05,9.870364738162607e-05,9.862841397989541e-05,9.874824900180101e-05,9.86988889053464e-05,9.868085908237845e-05,9.887896885629743e-05,9.908642823575065e-05,9.90758344414644e-05,9.90791741060093e-05,9.909022628562525e-05,9.908335778163746e-05,9.875728574115783e-05,9.869965288089588e-05,9.877658158075064e-05,9.869618952507153e-05,9.875163232209161e-05,9.890143701341003e-05,9.86851955531165e-05,9.872156078927219e-05,9.874028182821348e-05,9.873814269667491e-05,9.880853758659214e-05,9.876152034848928e-05
lapgyn4_anatomical_actions,9.862842125585303e-05,9.846923785516992e-05,9.845911699812859e-05,0.0,9.975368448067456e-05,0.00010721736907726154,0.00010114771430380642,9.85082151601091e-05,9.853407391346991e-05,9.862388105830178e-05,9.857420809566975e-05,9.850315109360963e-05,9.857337863650173e-05,9.852997027337551e-05,9.873507224256173e-05,9.873980889096856e-05,9.861124999588355e-05,9.860570571618155e-05,9.865721222013235e-05,9.862345905276015e-05,9.84637881629169e-05,9.845981549005955e-05,9.847166074905545e-05,9.846137254498899e-05,9.846000466495752e-05,9.850091737462208e-05,9.846421016845852e-05,9.911577944876626e-05,9.850443166214973e-05,9.970819519367069e-05,9.864581807050854e-05,0.00010135448246728629,9.857807162916288e-05,9.845259046414867e-05,9.846330794971436e-05,9.848052286542952e-05,9.849667549133301e-05,9.848264744505286e-05,9.8467840871308e-05,9.846759348874912e-05,9.8464559414424e-05,9.84782527666539e-05,9.847045294009149e-05,9.853190567810088e-05,9.8507443908602e-05,9.847844921750948e-05,9.849562047747895e-05,0.00010010368714574724,9.859078272711486e-05,9.855006646830589e-05,9.895204857457429e-05,9.894176764646545e-05,9.881045116344467e-05,9.903623868012801e-05,9.901943849399686e-05,9.902573947329074e-05,9.89991967799142e-05,9.855083771981299e-05,9.851384675130248e-05,9.849078196566552e-05,9.919569129124284e-05,9.958443115465343e-05,9.844617306953296e-05,9.850797505350783e-05,9.9196593509987e-05,9.846931789070368e-05,9.855523967416957e-05,9.855256939772516e-05,9.84934376901947e-05,9.878510900307447e-05,9.863475133897737e-05,9.875024989014491e-05,9.867033804766834e-05,9.871383372228593e-05,,0.00010169539746129885,9.872959344647825e-05,9.987318480852991e-05,9.901996236294508e-05,0.00010015587031375617,9.886495536193252e-05,9.881637379294261e-05,9.876993135549128e-05,9.879189019557089e-05,9.876273543341085e-05,9.875843534246087e-05,9.878169657895342e-05,9.876015246845782e-05,9.876042895484716e-05,9.876643889583647e-05,9.877928823698312e-05,9.881830919766799e-05,9.900261647999287e-05,9.881879668682814e-05,9.87704042927362e-05,9.878769924398512e-05,9.876010881271213e-05,9.876236435957253e-05,9.878257696982473e-05,9.875844261841848e-05,9.878205310087651e-05,9.877618867903948e-05,9.879915160126984e-05,9.874559327727184e-05,9.87533712759614e-05,9.867813787423074e-05,9.879797289613634e-05,9.874861279968172e-05,9.873058297671378e-05,9.892869275063276e-05,9.913615213008597e-05,9.912555833579972e-05,9.912889800034463e-05,9.913995017996058e-05,9.913308167597279e-05,9.880700963549316e-05,9.874937677523121e-05,9.882630547508597e-05,9.874591341940686e-05,9.880135621642694e-05,9.895116090774536e-05,9.873491944745183e-05,9.877128468360752e-05,9.879000572254881e-05,9.878786659101024e-05,9.885826148092747e-05,9.881124424282461e-05
sklin2_skin_lesions,9.987325756810606e-05,9.971407416742295e-05,9.970396058633924e-05,9.975368448067456e-05,0.0,0.00010846220538951457,0.00010239255789201707,9.975305874831975e-05,9.977891750168055e-05,9.98687173705548e-05,9.981904440792277e-05,9.974799468182027e-05,9.981822222471237e-05,9.977481386158615e-05,9.997990855481476e-05,9.99846524791792e-05,9.985608630813658e-05,9.985054202843457e-05,9.9902055808343e-05,9.986829536501318e-05,9.970863175112754e-05,9.97046590782702e-05,9.971650433726609e-05,9.970621613319963e-05,9.970484097721055e-05,9.97457536868751e-05,9.970905375666916e-05,0.00010036061576101929,9.974927525036037e-05,0.00010095303878188133,9.989065438276157e-05,0.00010259932605549693,9.98229079414159e-05,9.96974267764017e-05,9.9708151537925e-05,9.972536645364016e-05,9.974151907954365e-05,9.97274910332635e-05,9.971267718356103e-05,9.971242980100214e-05,9.970940300263464e-05,9.972309635486454e-05,9.971529652830213e-05,9.977674926631153e-05,9.975228749681264e-05,9.97232855297625e-05,9.974045678973198e-05,0.00010134853073395789,9.98356263153255e-05,9.979491005651653e-05,0.00010019689216278493,0.00010018660395871848,0.0001000552874756977,0.00010028107499238104,0.0001002642820822075,0.00010027058306150138,0.00010024403309216723,9.979568130802363e-05,9.975869033951312e-05,9.973562555387616e-05,0.00010044053487945348,0.00010082927474286407,9.969100938178599e-05,9.975281136576086e-05,0.00010044143709819764,9.971416147891432e-05,9.98000759864226e-05,9.979741298593581e-05,9.973827400244772e-05,0.00010002995259128511,9.98795876512304e-05,9.999508620239794e-05,9.991517435992137e-05,9.995867731049657e-05,9.993070852942765e-05,0.00010294023377355188,9.997443703468889e-05,0.00010111802839674056,0.00010026480595115572,0.0001014007066260092,0.00010010979895014316,0.00010006121010519564,0.00010001476766774431,0.00010003673378378153,0.00010000757174566388,0.00010000327893067151,0.00010002653289120644,0.00010000499605666846,0.0001000052725430578,0.00010001128248404711,0.00010002413182519376,0.00010006314550992101,0.0001002474527922459,0.00010006364027503878,0.00010001524060498923,0.00010003254283219576,0.00010000494512496516,0.00010000720794778317,0.00010002742055803537,0.00010000327893067151,0.00010002689668908715,0.00010002103226725012,0.00010004399518948048,9.999042958952487e-05,9.999821486417204e-05,9.992297418648377e-05,0.00010004280920838937,9.999345638789237e-05,9.997542656492442e-05,0.0001001735363388434,0.000100380988442339,0.00010037039464805275,0.00010037374158855528,0.00010038478649221361,0.00010037791798822582,0.0001000518532237038,9.999421308748424e-05,0.00010007114906329662,9.999074973165989e-05,0.00010004619252867997,0.000100196004495956,9.997976303566247e-05,0.00010001612827181816,0.00010003484203480184,0.00010003270290326327,0.00010010310506913811,0.00010005608783103526
identify_nbi_infframes,0.00010733693488873541,0.00010717753320932388,0.00010716764518292621,0.00010721736907726154,0.00010846220538951457,0.0,0.00010985624248860404,0.00010721674334490672,0.00010724260937422514,0.00010733240924309939,0.00010728272900450975,0.00010721167927840725,0.00010728190682129934,0.00010723849845817313,0.00010744360042735934,0.00010744833707576618,0.00010731977818068117,0.00010731423390097916,0.00010736574040492997,0.00010733198723755777,0.00010717214900068939,0.00010716835095081478,0.00010718008707044646,0.00010716979159042239,0.00010716846736613661,0.00010720930731622502,0.00010717273835325614,0.00010782430763356388,0.00010721295257098973,0.00010841673065442592,0.00010735433897934854,0.0001100630106520839,0.00010728659981396049,0.00010716111864894629,0.00010717184341046959,0.00010718905105022714,0.00010720521095208824,0.00010719117562985048,0.00010717636905610561,0.00010717612167354673,0.00010717308759922162,0.00010718678095145151,0.00010717898840084672,0.0001072404338628985,0.00010721597209339961,0.00010718697740230709,0.00010720414866227657,0.00010881221533054486,0.00010729931091191247,0.0001072585946531035,0.0001076605767593719,0.00010765029583126307,0.00010751897934824228,0.00010774476686492562,0.00010772796667879447,0.00010773426765808836,0.0001077077176887542,0.00010725937318056822,0.00010722238221205771,0.00010719931742642075,0.00010790422675199807,0.00010829295933945104,0.00010715470125433058,0.00010721650323830545,0.00010790512169478461,0.00010717785335145891,0.00010726376785896719,0.0001072611048584804,0.00010720196587499231,0.00010749363718787208,0.00010734327952377498,0.00010745877807494253,0.00010737885895650834,0.00010742236190708354,0.00010739439312601462,0.00011040392564609647,0.00010743812163127586,0.00010858172026928514,0.00010772849782370031,0.00010886439122259617,0.00010757348354673013,0.00010752490197774023,0.00010747845226433128,0.00010750042565632612,0.00010747126361820847,0.00010746657790150493,0.00010749022476375103,0.00010746865154942498,0.00010746895713964477,0.0001074749743565917,0.00010748780186986551,0.00010752682283055037,0.00010771113738883287,0.00010752732487162575,0.00010747893247753382,0.00010749623470474035,0.00010746862972155213,0.00010747089254437014,0.00010749111243057996,0.0001074669708032161,0.00010749058856163174,0.00010748471686383709,0.00010750767978606746,0.00010745412146206945,0.00010746189946075901,0.00010738665878307074,0.00010750649380497634,0.00010745714098447934,0.00010743911116151139,0.00010763722093543038,0.00010784468031488359,0.00010783408652059734,0.00010783742618514225,0.0001078484783647582,0.0001078416098607704,0.00010751553782029077,0.00010745790496002883,0.00010753483365988359,0.00010745444160420448,0.00010750988440122455,0.00010765968909254298,0.00010744344763224944,0.00010747981286840513,0.00010749853390734643,0.00010749639477580786,0.0001075667969416827,0.00010751977242762223
laryngeal_tissues,0.00010126729466719553,0.00010110811126651242,0.0001010979904094711,0.00010114771430380642,0.00010239255789201707,0.00010985624248860404,0.0,0.0001011470885714516,0.00010117294732481241,0.00010126272536581382,0.00010121308150701225,0.00010114202450495213,0.00010121225204784423,0.00010116884368471801,0.00010137394565390423,0.00010137868230231106,0.00010125012340722606,0.00010124457912752405,0.00010129608563147485,0.00010126233246410266,0.0001011026615742594,0.00010109868890140206,0.00010111053416039795,0.00010110024595633149,0.00010109887807630002,0.00010113979078596458,0.00010110308357980102,0.00010175465286010876,0.00010114330507349223,0.00010234706860501319,0.00010128469148185104,0.00010399335587862879,0.00010121694504050538,0.00010109146387549117,0.00010110218136105686,0.00010111939627677202,0.00010113554890267551,0.00010112152085639536,0.0001011067142826505,0.00010110646690009162,0.0001011034328257665,0.0001011171261779964,0.00010110932635143399,0.00010117077908944339,0.0001011463173199445,0.00010111732262885198,0.00010113449388882145,0.00010274256055708975,0.00010122965613845736,0.00010118893987964839,0.0001015909219859168,0.00010158064105780795,0.00010144932457478717,0.00010167511209147051,0.00010165831190533936,0.00010166461288463324,0.0001016380701912567,0.00010118971113115549,0.00010115272016264498,0.00010112965537700802,0.00010183456470258534,0.00010222330456599593,0.00010108504648087546,0.00010114684846485034,0.0001018354669213295,0.00010110819130204618,0.00010119411308551207,0.00010119144280906767,0.0001011323111015372,0.00010142398241441697,0.00010127362475031987,0.00010138912330148742,0.00010130921145901084,0.00010135270713362843,0.00010132473835255951,,0.00010136846685782075,0.00010251203639199957,0.00010165883577428758,0.00010279474372509867,0.00010150382877327502,0.00010145524720428512,0.00010140880476683378,0.00010143076360691339,0.00010140160884475335,0.00010139730875380337,0.00010142056999029592,0.00010139902587980032,0.00010139930236618966,0.00010140531230717897,0.00010141816164832562,0.00010145718260901049,0.00010164148989133537,0.00010145767009817064,0.0001014092777040787,0.00010142657265532762,0.00010139898222405463,0.00010140123777091503,0.00010142145038116723,0.00010139731602976099,0.00010142092651221901,0.00010141506209038198,0.00010143802501261234,0.00010138446668861434,0.0001013922446873039,0.00010131701128557324,0.00010143684630747885,0.00010138748621102422,0.00010136945638805628,0.00010156756616197526,0.00010177502554142848,0.00010176443174714223,0.00010176777141168714,0.00010177882359130308,0.00010177195508731529,0.00010144588304683566,0.00010138825018657371,0.00010146517888642848,0.00010138478683074936,0.00010144022962776944,0.00010159003431908786,0.00010137379285879433,0.00010141015809495002,0.00010142887913389131,0.00010142674000235274,0.00010149713489226997,0.00010145011765416712
nerthus_bowel_cleansing_quality,9.862779552349821e-05,9.84686121228151e-05,9.845849126577377e-05,9.85082151601091e-05,9.975305874831975e-05,0.00010721674334490672,0.0001011470885714516,0.0,9.853344818111509e-05,9.862325532594696e-05,9.857358236331493e-05,9.850252536125481e-05,9.857275290414691e-05,9.852934454102069e-05,9.873444651020691e-05,9.873918315861374e-05,9.861062426352873e-05,9.860507998382673e-05,9.865656465990469e-05,9.862283332040533e-05,9.846316243056208e-05,9.845918975770473e-05,9.847103501670063e-05,9.846074681263417e-05,9.84593789326027e-05,9.850029164226726e-05,9.84635844361037e-05,9.911515371641144e-05,9.850380592979491e-05,9.970756946131587e-05,9.864519233815372e-05,0.00010135385673493147,9.857744589680806e-05,9.845196473179385e-05,9.846268221735954e-05,9.84798971330747e-05,9.849604975897819e-05,9.848202171269804e-05,9.846721513895318e-05,9.84669677563943e-05,9.846393368206918e-05,9.847762703429908e-05,9.846982720773667e-05,9.853127994574606e-05,9.850681817624718e-05,9.847782348515466e-05,9.849499474512413e-05,0.00010010306141339242,9.859015699476004e-05,9.854944073595107e-05,9.895142284221947e-05,9.894114191411063e-05,9.880982543108985e-05,9.903561294777319e-05,9.901881276164204e-05,9.902511374093592e-05,9.899857104755938e-05,9.855021198745817e-05,9.851322101894766e-05,9.84901562333107e-05,9.919506555888802e-05,9.958380542229861e-05,9.844554733717814e-05,9.850734932115301e-05,9.919596777763218e-05,9.846869215834886e-05,9.855461394181475e-05,9.855194366537035e-05,9.849281195783988e-05,9.878448327071965e-05,9.863412560662255e-05,9.87496241577901e-05,9.866971231531352e-05,9.87132079899311e-05,9.868523920886219e-05,0.00010169477172894403,,9.98725590761751e-05,9.901933663059026e-05,0.00010015524458140135,9.88643296295777e-05,9.88157480605878e-05,9.876928379526362e-05,9.879126446321607e-05,9.876210970105603e-05,9.875780961010605e-05,9.87810708465986e-05,9.8759526736103e-05,9.875980322249234e-05,9.876581316348165e-05,9.87786625046283e-05,9.881768346531317e-05,9.900199074763805e-05,9.881817095447332e-05,9.876977856038138e-05,9.87870735116303e-05,9.875948308035731e-05,9.876173862721771e-05,9.878195123746991e-05,9.875781688606367e-05,9.878142736852169e-05,9.877556294668466e-05,9.879852586891502e-05,9.874496754491702e-05,9.875274554360658e-05,9.867751214187592e-05,9.879734716378152e-05,9.87479870673269e-05,9.872995724435896e-05,9.892806701827794e-05,9.913552639773116e-05,9.91249326034449e-05,9.912827226798981e-05,9.913932444760576e-05,9.913245594361797e-05,9.880638390313834e-05,9.874875104287639e-05,9.882567974273115e-05,9.874528768705204e-05,9.880073048407212e-05,9.895053517539054e-05,9.873429371509701e-05,9.87706589512527e-05,9.878937999019399e-05,9.878724085865542e-05,9.885763574857265e-05,9.88106185104698e-05
stanford_dogs_image_categorization,9.865366155281663e-05,9.849447815213352e-05,9.848435001913458e-05,9.853407391346991e-05,9.977891750168055e-05,0.00010724260937422514,0.00010117294732481241,9.853344818111509e-05,0.0,9.864912135526538e-05,9.859944111667573e-05,9.852838411461562e-05,9.859861165750772e-05,9.85552032943815e-05,9.876031253952533e-05,9.876504191197455e-05,9.863649029284716e-05,9.863094601314515e-05,9.868244524113834e-05,9.864869934972376e-05,9.84890284598805e-05,9.848505578702316e-05,9.849689377006143e-05,9.848660556599498e-05,9.848523768596351e-05,9.852615767158568e-05,9.848944318946451e-05,9.914101974572986e-05,9.852966468315572e-05,9.973343549063429e-05,9.867105109151453e-05,0.00010137971548829228,9.860331192612648e-05,9.847783076111227e-05,9.848854824667796e-05,9.850575588643551e-05,9.852191578829661e-05,9.850788046605885e-05,9.84930811682716e-05,9.849283378571272e-05,9.848979243542999e-05,9.850348578765988e-05,9.849569323705509e-05,9.855713869910687e-05,9.853267692960799e-05,9.850368951447308e-05,9.852086077444255e-05,0.00010012892016675323,9.861601574812084e-05,9.857529948931187e-05,9.897728159558028e-05,9.896700794342905e-05,9.883569146040827e-05,9.906147897709161e-05,9.904467151500285e-05,9.905097249429673e-05,9.902442980092019e-05,9.857607801677659e-05,9.853908704826608e-05,9.851602226262912e-05,9.922093158820644e-05,9.960966417565942e-05,9.847141336649656e-05,9.853321535047144e-05,9.922182653099298e-05,9.849455818766728e-05,9.858047997113317e-05,9.857780969468877e-05,9.85186779871583e-05,9.881034202408046e-05,9.865999163594097e-05,9.877549018710852e-05,9.869557106867433e-05,9.873906674329191e-05,9.8711097962223e-05,0.00010172063775826246,9.875482646748424e-05,9.989842510549352e-05,9.904520265990868e-05,0.00010018110333476216,9.88901883829385e-05,9.884161408990622e-05,9.879516437649727e-05,9.881713049253449e-05,9.878797573037446e-05,9.878366836346686e-05,9.880693687591702e-05,9.87853854894638e-05,9.878566197585315e-05,9.879167919280007e-05,9.880452853394672e-05,9.884354949463159e-05,9.902784950099885e-05,9.884402970783412e-05,9.87956445896998e-05,9.881293954094872e-05,9.878534183371812e-05,9.878759738057852e-05,9.880781726678833e-05,9.878368291538209e-05,9.880729339784011e-05,9.880142170004547e-05,9.882438462227583e-05,9.877083357423544e-05,9.877860429696739e-05,9.870337089523673e-05,9.882320591714233e-05,9.877384582068771e-05,9.875581599771976e-05,9.895392577163875e-05,9.916139242704958e-05,9.915079863276333e-05,9.915413102135062e-05,9.916519047692418e-05,9.915832197293639e-05,9.883224265649915e-05,9.877461707219481e-05,9.885153849609196e-05,9.877115371637046e-05,9.882659651339054e-05,9.897639392875135e-05,9.876015246845782e-05,9.879651770461351e-05,9.881524601951241e-05,9.881310688797385e-05,9.888350177789107e-05,9.88364772638306e-05
svhn,9.874346142169088e-05,9.858427802100778e-05,9.857415716396645e-05,9.862388105830178e-05,9.98687173705548e-05,0.00010733240924309939,0.00010126272536581382,9.862325532594696e-05,9.864912135526538e-05,0.0,9.868924098554999e-05,9.861819125944749e-05,9.868841880233958e-05,9.864501043921337e-05,9.885011240839958e-05,9.885484905680642e-05,9.872629016172141e-05,9.87207458820194e-05,9.87722523859702e-05,9.873849921859801e-05,9.857883560471237e-05,9.857486293185502e-05,9.85867009148933e-05,9.857641271082684e-05,9.857503755483776e-05,9.861595754045993e-05,9.857925033429638e-05,9.923081961460412e-05,9.861947182798758e-05,9.982324263546616e-05,9.876085096038878e-05,0.00010146952263312414,9.869311179500073e-05,9.856763062998652e-05,9.857835539150983e-05,9.859556303126737e-05,9.861172293312848e-05,9.859768761089072e-05,9.858288103714585e-05,9.858263365458697e-05,9.857959958026186e-05,9.859329293249175e-05,9.858550038188696e-05,9.864694584393874e-05,9.862248407443985e-05,9.859348938334733e-05,9.86106606433168e-05,0.0001002187273115851,9.870582289295271e-05,9.866510663414374e-05,9.906708874041215e-05,9.90568078123033e-05,9.892549132928252e-05,9.915127884596586e-05,9.913447865983471e-05,9.91407796391286e-05,9.911422966979444e-05,9.866588516160846e-05,9.862889419309795e-05,9.860582940746099e-05,9.93107387330383e-05,9.969947132049128e-05,9.856121323537081e-05,9.862301521934569e-05,9.931163367582485e-05,9.858436533249915e-05,9.867027984000742e-05,9.866761683952063e-05,9.860847785603255e-05,9.890014916891232e-05,9.874979150481522e-05,9.886529005598277e-05,9.878537093754858e-05,9.882887388812378e-05,9.880090510705486e-05,0.00010181041579926386,9.88446336123161e-05,,9.913500980474055e-05,0.00010027090320363641,9.897999552777037e-05,9.893141395878047e-05,9.888496424537152e-05,9.890693763736635e-05,9.887777559924871e-05,9.887347550829872e-05,9.889673674479127e-05,9.887519263429567e-05,9.887546912068501e-05,9.888148633763194e-05,9.889433567877859e-05,9.893334936350584e-05,9.91176493698731e-05,9.893383685266599e-05,9.888544445857406e-05,9.890274668578058e-05,9.887514170259237e-05,9.887740452541038e-05,9.88976244116202e-05,9.887348278425634e-05,9.889710054267198e-05,9.889122884487733e-05,9.89141917671077e-05,9.886063344310969e-05,9.886841144179925e-05,9.879317076411098e-05,9.891300578601658e-05,9.886365296551958e-05,9.884562314255163e-05,9.904373291647062e-05,9.925119229592383e-05,9.924059850163758e-05,9.924393816618249e-05,9.925499034579843e-05,9.924812184181064e-05,9.892204980133101e-05,9.886441694106907e-05,9.894134564092383e-05,9.886095358524472e-05,9.891639638226479e-05,9.906620107358322e-05,9.884995961328968e-05,9.888632484944537e-05,9.890504588838667e-05,9.89029067568481e-05,9.897330892272294e-05,9.892628440866247e-05
caltech101_object_classification,9.869378118310124e-05,9.853459778241813e-05,9.852448420133442e-05,9.857420809566975e-05,9.981904440792277e-05,0.00010728272900450975,0.00010121308150701225,9.857358236331493e-05,9.859944111667573e-05,9.868924098554999e-05,0.0,9.856210817815736e-05,9.863874583970755e-05,9.859533747658134e-05,9.880043216980994e-05,9.880517609417439e-05,9.867660992313176e-05,9.867106564342976e-05,9.872257942333817e-05,9.868881898000836e-05,9.852915536612272e-05,9.852518269326538e-05,9.853702795226127e-05,9.852673974819481e-05,9.852536459220573e-05,9.856627730187029e-05,9.852957737166435e-05,9.918113937601447e-05,9.856979886535555e-05,9.977356239687651e-05,9.871117799775675e-05,0.00010141984967049211,9.864343155641109e-05,9.851795039139688e-05,9.852867515292019e-05,9.854589006863534e-05,9.856204269453883e-05,9.854801464825869e-05,9.853320079855621e-05,9.853295341599733e-05,9.852992661762983e-05,9.854361996985972e-05,9.853582014329731e-05,9.859727288130671e-05,9.857281111180782e-05,9.854380914475769e-05,9.856098040472716e-05,0.00010016905434895307,9.865614993032068e-05,9.861543367151171e-05,9.901741577778012e-05,9.900712757371366e-05,9.887581109069288e-05,9.910159860737622e-05,9.908480569720268e-05,9.909110667649657e-05,9.906455670716241e-05,9.861620492301881e-05,9.85792139545083e-05,9.855614916887134e-05,9.926105849444866e-05,9.964979835785925e-05,9.851153299678117e-05,9.857333498075604e-05,9.926196071319282e-05,9.85346850939095e-05,9.862059960141778e-05,9.861793660093099e-05,9.85587976174429e-05,9.885047620628029e-05,9.870011126622558e-05,9.881560981739312e-05,9.873569797491655e-05,9.877920092549175e-05,9.875123214442283e-05,0.00010176075738854706,9.879496064968407e-05,9.993855201173574e-05,9.90853295661509e-05,0.00010022123024100438,9.893032256513834e-05,9.888173372019082e-05,9.883529128273949e-05,9.885725739877671e-05,9.882809536065906e-05,9.88238025456667e-05,9.884705650620162e-05,9.882551967166364e-05,9.882579615805298e-05,9.88318060990423e-05,9.884465544018894e-05,9.88836691249162e-05,9.906797640724108e-05,9.888416389003396e-05,9.883576421998441e-05,9.885306644719094e-05,9.882546873996034e-05,9.882773156277835e-05,9.884794417303056e-05,9.88238025456667e-05,9.884742030408233e-05,9.88415558822453e-05,9.886451880447567e-05,9.881095320452005e-05,9.881873847916722e-05,9.874349780147895e-05,9.886333282338455e-05,9.881398000288755e-05,9.87959501799196e-05,9.899405995383859e-05,9.920151205733418e-05,9.919091826304793e-05,9.919426520355046e-05,9.920531010720879e-05,9.9198441603221e-05,9.887237683869898e-05,9.881473670247942e-05,9.88916726782918e-05,9.881127334665507e-05,9.886671614367515e-05,9.901652811095119e-05,9.880028665065765e-05,9.883665188681334e-05,9.885536564979702e-05,9.885322651825845e-05,9.892362868413329e-05,9.887661144603044e-05
caltech256_object_classification,9.862273145699874e-05,9.846354805631563e-05,9.84534271992743e-05,9.850315109360963e-05,9.974799468182027e-05,0.00010721167927840725,0.00010114202450495213,9.850252536125481e-05,9.852838411461562e-05,9.861819125944749e-05,9.856210817815736e-05,0.0,9.856768883764744e-05,9.852428047452122e-05,9.872938244370744e-05,9.873411909211427e-05,9.860556019702926e-05,9.860001591732726e-05,9.865152242127806e-05,9.861776925390586e-05,9.845809836406261e-05,9.845412569120526e-05,9.846597095020115e-05,9.84556827461347e-05,9.845431486610323e-05,9.849522757576779e-05,9.845852036960423e-05,9.911008964991197e-05,9.849874186329544e-05,9.97025053948164e-05,9.864012827165425e-05,0.000101348792668432,9.857238183030859e-05,9.844690066529438e-05,9.845761815086007e-05,9.847483306657523e-05,9.849098569247872e-05,9.847695764619857e-05,9.846215107245371e-05,9.846190368989483e-05,9.845886961556971e-05,9.84725629677996e-05,9.84647631412372e-05,9.852621587924659e-05,9.850175410974771e-05,9.847275941865519e-05,9.848993067862466e-05,0.00010009799734689295,9.858509292826056e-05,9.85443766694516e-05,9.894635877572e-05,9.893607784761116e-05,9.880476136459038e-05,9.903054888127372e-05,9.901374869514257e-05,9.902004967443645e-05,9.899350698105991e-05,9.85451479209587e-05,9.850815695244819e-05,9.848509216681123e-05,9.919000149238855e-05,9.957874135579914e-05,9.844048327067867e-05,9.850228525465354e-05,9.91909037111327e-05,9.846362809184939e-05,9.854954987531528e-05,9.854687959887087e-05,9.84877478913404e-05,9.877941920422018e-05,9.862906154012308e-05,9.874456009129062e-05,9.866464824881405e-05,9.870814392343163e-05,9.868017514236271e-05,0.00010168970766244456,9.872390364762396e-05,9.986749500967562e-05,9.901427256409079e-05,0.00010015018051490188,9.885926556307822e-05,9.881068399408832e-05,9.876424155663699e-05,9.87862003967166e-05,9.875704563455656e-05,9.875274554360658e-05,9.877600678009912e-05,9.875446266960353e-05,9.875473915599287e-05,9.876074909698218e-05,9.877359843812883e-05,9.88126193988137e-05,9.899692668113858e-05,9.881310688797385e-05,9.876471449388191e-05,9.878200944513083e-05,9.875441901385784e-05,9.875667456071824e-05,9.877688717097044e-05,9.87527528195642e-05,9.877636330202222e-05,9.877049888018519e-05,9.879346180241555e-05,9.873990347841755e-05,9.874768147710711e-05,9.867244807537645e-05,9.879228309728205e-05,9.874292300082743e-05,9.872489317785949e-05,9.892300295177847e-05,9.913046233123168e-05,9.911986853694543e-05,9.912320820149034e-05,9.913426038110629e-05,9.91273918771185e-05,9.880131983663887e-05,9.874368697637692e-05,9.882061567623168e-05,9.874022362055257e-05,9.879566641757265e-05,9.894547110889107e-05,9.872922964859754e-05,9.876559488475323e-05,9.878431592369452e-05,9.878217679215595e-05,9.885257168207318e-05,9.880555444397032e-05
