,lapgyn4_anatomical_structures,lapgyn4_surgical_actions,lapgyn4_instrument_count,lapgyn4_anatomical_actions,sklin2_skin_lesions,identify_nbi_infframes,laryngeal_tissues,nerthus_bowel_cleansing_quality,stanford_dogs_image_categorization,svhn,caltech101_object_classification,caltech256_object_classification,cifar10_object_classification,cifar100_object_classification,mnist_digit_classification,emnist_digit_classification,hyperkvasir_anatomical-landmarks,hyperkvasir_pathological-findings,hyperkvasir_quality-of-mucosal-views,hyperkvasir_therapeutic-interventions,cholec80_grasper_presence,cholec80_bipolar_presence,cholec80_hook_presence,cholec80_scissors_presence,cholec80_clipper_presence,cholec80_irrigator_presence,cholec80_specimenbag_presence,derm7pt_skin_lesions,idle_action_recognition,barretts_esophagus_diagnosis,brain_tumor_classification,mednode_melanoma_classification,brain_tumor_type_classification,chexpert_enlarged_cardiomediastinum,chexpert_cardiomegaly,chexpert_lung_opacity,chexpert_lung_lesion,chexpert_edema,chexpert_consolidation,chexpert_pneumonia,chexpert_atelectasis,chexpert_pneumothorax,chexpert_pleural_effusion,chexpert_pleural_other,chexpert_fracture,chexpert_support_devices,pneumonia_classification,ph2-melanocytic-lesions-classification,covid_xray_classification,isic20_melanoma_classification,deep_drid_dr_level,shenzen_chest_xray_tuberculosis,crawled_covid_ct_classification,deep_drid_quality,deep_drid_clarity,deep_drid_field,deep_drid_artifact,kvasir_capsule_anatomy,kvasir_capsule_content,kvasir_capsule_pathologies,breast_cancer_classification_v2,eye_condition_classification,mura_xr_wrist,mura_xr_shoulder,mura_xr_humerus,mura_xr_hand,mura_xr_forearm,mura_xr_finger,mura_xr_elbow,bean_plant_disease_classification,aptos19_blindness_detection,lapgyn4_anatomical_structures --shrink_train 800,lapgyn4_surgical_actions --shrink_train 800,lapgyn4_instrument_count --shrink_train 800,lapgyn4_anatomical_actions --shrink_train 800,laryngeal_tissues --shrink_train 800,nerthus_bowel_cleansing_quality --shrink_train 800,svhn --shrink_train 800,cifar10_object_classification --shrink_train 800,mnist_digit_classification --shrink_train 800,hyperkvasir_anatomical-landmarks --shrink_train 800,hyperkvasir_pathological-findings --shrink_train 800,hyperkvasir_quality-of-mucosal-views --shrink_train 800,hyperkvasir_therapeutic-interventions --shrink_train 800,cholec80_grasper_presence --shrink_train 800,cholec80_bipolar_presence --shrink_train 800,cholec80_hook_presence --shrink_train 800,cholec80_scissors_presence --shrink_train 800,cholec80_clipper_presence --shrink_train 800,cholec80_irrigator_presence --shrink_train 800,cholec80_specimenbag_presence --shrink_train 800,idle_action_recognition --shrink_train 800,brain_tumor_classification --shrink_train 800,brain_tumor_type_classification --shrink_train 800,chexpert_enlarged_cardiomediastinum --shrink_train 800,chexpert_cardiomegaly --shrink_train 800,chexpert_lung_opacity --shrink_train 800,chexpert_lung_lesion --shrink_train 800,chexpert_edema --shrink_train 800,chexpert_consolidation --shrink_train 800,chexpert_pneumonia --shrink_train 800,chexpert_atelectasis --shrink_train 800,chexpert_pneumothorax --shrink_train 800,chexpert_pleural_effusion --shrink_train 800,chexpert_pleural_other --shrink_train 800,chexpert_fracture --shrink_train 800,chexpert_support_devices --shrink_train 800,pneumonia_classification --shrink_train 800,covid_xray_classification --shrink_train 800,isic20_melanoma_classification --shrink_train 800,deep_drid_dr_level --shrink_train 800,deep_drid_quality --shrink_train 800,deep_drid_clarity --shrink_train 800,deep_drid_field --shrink_train 800,deep_drid_artifact --shrink_train 800,kvasir_capsule_anatomy --shrink_train 800,kvasir_capsule_content --shrink_train 800,kvasir_capsule_pathologies --shrink_train 800,mura_xr_wrist --shrink_train 800,mura_xr_shoulder --shrink_train 800,mura_xr_humerus --shrink_train 800,mura_xr_hand --shrink_train 800,mura_xr_forearm --shrink_train 800,mura_xr_finger --shrink_train 800,mura_xr_elbow --shrink_train 800,bean_plant_disease_classification --shrink_train 800,aptos19_blindness_detection --shrink_train 800
lapgyn4_anatomical_structures,0.0,0.002110893838107586,0.0021102859172970057,0.0021095641423016787,0.002112278249114752,0.0021466019097715616,0.002121381228789687,0.002111006062477827,0.002111641224473715,0.002112956717610359,0.002111001405864954,0.002111544134095311,0.0021116461139172316,0.002111595356836915,0.0021142871119081974,0.0021150289103388786,0.0021116507705301046,0.0021108537912368774,0.002110094064846635,0.002109616994857788,0.0021097424905747175,0.0021106924396008253,0.0021103420294821262,0.0021105872001498938,0.002110659144818783,0.002109603490680456,0.0021100351586937904,0.002111779060214758,0.0021101399324834347,0.0021121182944625616,0.0021123678889125586,0.0021170577965676785,0.002110695466399193,0.0021116025745868683,0.0021109406370669603,0.0021107245702296495,0.0021111229434609413,0.0021103541366755962,0.002110798144713044,0.002111271023750305,0.002110204426571727,0.0021106163039803505,0.0021118009462952614,0.002111403737217188,0.002110059140250087,0.002110629342496395,0.0021096072159707546,0.002112837042659521,0.0021102046594023705,0.0021113893017172813,0.0021110456436872482,0.002109332475811243,0.002109941327944398,0.002116363262757659,0.0021115378476679325,0.0021109930239617825,0.00211186520755291,0.002114254515618086,0.002110846107825637,0.002111569046974182,0.002112135523930192,0.0021157790906727314,0.0021106235217303038,0.002110101981088519,0.002111481036990881,0.002110430970788002,0.0021113522816449404,0.0021111879032105207,0.002111670561134815,0.0021149092353880405,0.0021104661282151937,,0.0021109692752361298,0.0021103823091834784,0.002110067754983902,0.0021214832086116076,0.0021105208434164524,0.00211479258723557,0.0021119697485119104,0.0021176855079829693,0.0021118244621902704,0.0021102193277329206,0.0021111322566866875,0.0021100901067256927,0.0021113224793225527,0.002110071247443557,0.0021092055831104517,0.0021090214140713215,0.0021125550847500563,0.0021108645014464855,0.0021110540255904198,0.002110350877046585,0.0021128966473042965,0.0021131844259798527,0.0021103371400386095,0.002110215602442622,0.0021101918537169695,0.002110277069732547,0.0021105508785694838,0.002110486151650548,0.0021110251545906067,0.002111479640007019,0.002111844252794981,0.002110714092850685,0.0021108335349708796,0.002110168570652604,0.002110845874994993,0.002109674271196127,0.0021104253828525543,0.002111847745254636,0.0021115783601999283,0.002112355548888445,0.002112370217218995,0.002111957175657153,0.002112771850079298,0.002110294532030821,0.002110878936946392,0.002110653556883335,0.0021104938350617886,0.0021119534503668547,0.0021110724192112684,0.002110809087753296,0.0021103289909660816,0.0021105334162712097,0.0021103944163769484,0.002111103618517518,0.002111758105456829
lapgyn4_surgical_actions,0.002110893838107586,0.0,0.0021106337662786245,0.002109912224113941,0.0021126260980963707,0.0021469509229063988,0.0021217293106019497,0.0021113541442900896,0.0021119893062859774,0.0021133047994226217,0.00211134972050786,0.0021118922159075737,0.002111994195729494,0.0021119434386491776,0.00211463519372046,0.002115376992151141,0.002111998852342367,0.0021112021058797836,0.0021104421466588974,0.0021099650766700506,0.00211009057238698,0.002111040521413088,0.0021106901112943888,0.0021109352819621563,0.002111007459461689,0.002109951339662075,0.0021103834733366966,0.0021121271420270205,0.002110488014295697,0.002112466376274824,0.002112715970724821,0.0021174056455492973,0.0021110435482114553,0.002111950423568487,0.002111288718879223,0.002111072652041912,0.002111471025273204,0.0021107022184878588,0.0021111462265253067,0.0021116191055625677,0.0021105525083839893,0.0021109646186232567,0.0021121492609381676,0.0021117518190294504,0.0021104072220623493,0.0021109776571393013,0.0021099550649523735,0.0021131853573024273,0.0021105529740452766,0.002111737383529544,0.0021113937254995108,0.0021096807904541492,0.0021102894097566605,0.0021167113445699215,0.002111885929480195,0.0021113408729434013,0.0021122132893651724,0.0021146025974303484,0.0021111941896378994,0.0021119171287864447,0.0021124836057424545,0.0021161274053156376,0.0021109716035425663,0.0021104500629007816,0.0021118291188031435,0.002110778819769621,0.002111700363457203,0.0021115359850227833,0.002112018410116434,0.0021152575500309467,0.0021108142100274563,0.002111854264512658,,0.002110730390995741,0.0021104158367961645,0.00212183129042387,0.002110868925228715,0.0021151406690478325,0.002112317830324173,0.002118033589795232,0.002112172544002533,0.002110567409545183,0.00211148033849895,0.002110438421368599,0.002111670561134815,0.0021104193292558193,0.0021095536649227142,0.002109369495883584,0.002112903166562319,0.0021112123504281044,0.002111402340233326,0.002110698726028204,0.0021132449619472027,0.002113532740622759,0.002110685221850872,0.0021105636842548847,0.002110539935529232,0.0021106251515448093,0.0021108989603817463,0.0021108342334628105,0.0021113732364028692,0.0021118277218192816,0.0021121923346072435,0.0021110621746629477,0.002111181616783142,0.0021105166524648666,0.0021111941896378994,0.0021100223530083895,0.002110773231834173,0.0021121958270668983,0.002111926442012191,0.002112703863531351,0.0021127182990312576,0.0021123052574694157,0.0021131199318915606,0.002110642846673727,0.0021112270187586546,0.0021110016386955976,0.002110841916874051,0.002112301532179117,0.002111420501023531,0.0021111571695655584,0.0021106768399477005,0.0021108814980834723,0.002110742498189211,0.0021114517003297806,0.002112105954438448
lapgyn4_instrument_count,0.0021102859172970057,0.0021106337662786245,0.0,0.0021093038376420736,0.0021120181772857904,0.0021463430020958185,0.002121121156960726,0.0021107462234795094,0.002111381385475397,0.0021126968786120415,0.0021107415668666363,0.00211128406226635,0.00211138604208827,0.0021113352850079536,0.0021140272729098797,0.002114769071340561,0.0021113906987011433,0.0021105939522385597,0.0021098339930176735,0.0021093571558594704,0.002109482418745756,0.002110432367771864,0.0021100821904838085,0.0021103271283209324,0.002110399305820465,0.002109343418851495,0.0021097753196954727,0.00211151922121644,0.002109880093485117,0.0021118582226336002,0.002112107817083597,0.002116797724738717,0.002110435627400875,0.002111342502757907,0.002110680565237999,0.002110464498400688,0.0021108631044626236,0.0021100942976772785,0.002110538072884083,0.0021110111847519875,0.0021099443547427654,0.0021103564649820328,0.0021115411072969437,0.00211114389821887,0.0021097990684211254,0.0021103695034980774,0.0021093471441417933,0.0021125772036612034,0.0021099448204040527,0.0021111294627189636,0.0021107858046889305,0.0021090726368129253,0.0021096812561154366,0.0021161031909286976,0.002111278008669615,0.002110732952132821,0.002111605368554592,0.002113994676619768,0.0021105860359966755,0.0021113092079758644,0.0021118754521012306,0.0021155192516744137,0.0021103634499013424,0.0021098419092595577,0.0021112211979925632,0.0021101708989590406,0.002111092209815979,0.0021109278313815594,0.002111410489305854,0.002114649396389723,0.0021102060563862324,0.002111246110871434,0.0021107092034071684,,0.0021098076831549406,0.002121223136782646,0.0021102610044181347,0.0021145325154066086,0.002111709676682949,0.0021174256689846516,0.002111564390361309,0.0021099592559039593,0.0021108724176883698,0.002109830267727375,0.0021110624074935913,0.0021098111756145954,0.0021089455112814903,0.0021087615750730038,0.002112295012921095,0.002110604429617524,0.002110794186592102,0.0021100908052176237,0.0021126368083059788,0.002112924586981535,0.002110077068209648,0.002109955530613661,0.002109931781888008,0.0021100169979035854,0.0021102908067405224,0.0021102260798215866,0.002110765315592289,0.0021112198010087013,0.0021115844137966633,0.0021104542538523674,0.002110573463141918,0.0021099084988236427,0.0021105860359966755,0.0021094144321978092,0.002110165311023593,0.0021115876734256744,0.0021113185212016106,0.002112095709890127,0.0021121101453900337,0.0021116971038281918,0.0021125120110809803,0.002110034693032503,0.0021106190979480743,0.0021103937178850174,0.002110233996063471,0.0021116933785378933,0.002110812347382307,0.002110549248754978,0.0021100689191371202,0.002110273577272892,0.002110134344547987,0.0021108435466885567,0.0021114980336278677
lapgyn4_anatomical_actions,0.0021095641423016787,0.002109912224113941,0.0021093038376420736,0.0,0.00211129616945982,0.002145620994269848,0.002120399381965399,0.0021100242156535387,0.0021106593776494265,0.002111974870786071,0.0021100197918713093,0.002110562287271023,0.002110664267092943,0.0021106135100126266,0.002113305265083909,0.0021140470635145903,0.0021106689237058163,0.0021098721772432327,0.0021091122180223465,0.0021086351480334997,0.002108760643750429,0.002109710592776537,0.002109360182657838,0.0021096053533256054,0.002109677530825138,0.002108621411025524,0.0021090535447001457,0.0021107972133904696,0.0021091580856591463,0.0021111364476382732,0.00211138604208827,0.0021160757169127464,0.0021097136195749044,0.0021106204949319363,0.002109958790242672,0.002109742723405361,0.002110141096636653,0.002109372289851308,0.002109816297888756,0.002110289176926017,0.0021092225797474384,0.0021096346899867058,0.0021108193323016167,0.0021104218903928995,0.0021090772934257984,0.0021096477285027504,0.0021086251363158226,0.0021118554286658764,0.0021092230454087257,0.002110407454892993,0.00211006379686296,0.0021083508618175983,0.0021089594811201096,0.0021153814159333706,0.002110556000843644,0.0021100109443068504,0.0021108833607286215,0.0021132726687937975,0.0021098642610013485,0.0021105872001498938,0.0021111536771059036,0.0021147974766790867,0.0021096416749060154,0.0021091201342642307,0.0021104991901665926,0.00210944889113307,0.002110370434820652,0.0021102060563862324,0.002110688481479883,0.002113927621394396,0.0021094842813909054,0.002110524568706751,0.002109987661242485,0.0021094002295285463,,0.002120501361787319,0.002109538996592164,0.0021138107404112816,0.002110987901687622,0.002116703661158681,0.002110842615365982,0.0021092374809086323,0.002110150409862399,0.002109108492732048,0.0021103406324982643,0.0021090894006192684,0.0021082237362861633,0.002108039567247033,0.002111573237925768,0.0021098824217915535,0.002110072411596775,0.002109368797391653,0.0021119150333106518,0.002112202811986208,0.002109355293214321,0.002109233755618334,0.002109210006892681,0.0021092952229082584,0.0021095690317451954,0.0021095043048262596,0.0021100433077663183,0.0021104977931827307,0.0021108624059706926,0.0021097322460263968,0.002109851688146591,0.0021091867238283157,0.0021098642610013485,0.0021086924243718386,0.0021094433031976223,0.0021108658984303474,0.00211059651337564,0.0021113739348948,0.0021113883703947067,0.0021109753288328648,0.0021117900032550097,0.002109312918037176,0.0021098970901221037,0.0021096717100590467,0.0021095119882375,0.0021109716035425663,0.00211009057238698,0.0021098272409290075,0.0021093469113111496,0.0021095515694469213,0.00210941256955266,0.0021101217716932297,0.002110776025801897
sklin2_skin_lesions,0.002112278249114752,0.0021126260980963707,0.0021120181772857904,0.00211129616945982,0.0,0.002148335101082921,0.0021231132559478283,0.002112738322466612,0.0021133734844624996,0.002114688977599144,0.002112733665853739,0.0021132761612534523,0.0021133781410753727,0.002113327383995056,0.002116019371896982,0.0021167611703276634,0.0021133827976882458,0.0021125860512256622,0.002111826092004776,0.002111349254846573,0.0021114745177328587,0.0021124244667589664,0.002112074289470911,0.002112319227308035,0.0021123914048075676,0.0021113355178385973,0.0021117674186825752,0.0021135113202035427,0.0021118721924722195,0.0021138503216207027,0.0021140999160706997,0.0021187898237258196,0.0021124277263879776,0.0021133346017450094,0.0021126726642251015,0.0021124565973877907,0.002112855203449726,0.002112086396664381,0.0021125301718711853,0.00211300328373909,0.002111936453729868,0.0021123485639691353,0.002113533206284046,0.0021131359972059727,0.002111791167408228,0.00211236160248518,0.0021113392431288958,0.0021145688369870186,0.0021119369193911552,0.0021131213288754225,0.002112777903676033,0.002111064735800028,0.002111673355102539,0.0021180952899158,0.0021132701076567173,0.0021127250511199236,0.0021135974675416946,0.0021159867756068707,0.002112578134983778,0.002113301306962967,0.002113867551088333,0.002117511350661516,0.002112355548888445,0.0021118340082466602,0.0021132132969796658,0.002112162997946143,0.0021130843088030815,0.002112919930368662,0.0021134025882929564,0.0021166414953768253,0.002112198155373335,0.0021132384426891804,0.0021127015352249146,0.002112114802002907,0.0021118000149726868,0.0021232152357697487,0.002112253103405237,0.002116524614393711,0.0021137017756700516,0.002119417767971754,0.0021135564893484116,0.0021119513548910618,0.0021128645166754723,0.0021118223667144775,0.002113054506480694,0.002111803274601698,0.002110937610268593,0.0021107536740601063,0.0021142871119081974,0.0021125965286046267,0.0021127862855792046,0.0021120829042047262,0.0021146289072930813,0.0021149166859686375,0.0021120691671967506,0.0021119476296007633,0.0021119238808751106,0.002112009096890688,0.002112282905727625,0.002112218178808689,0.0021127574145793915,0.002113211899995804,0.002113576512783766,0.00211244635283947,0.0021125655621290207,0.0021119005978107452,0.002112578134983778,0.0021114065311849117,0.0021121574100106955,0.0021135795395821333,0.002113310620188713,0.0021140878088772297,0.0021141022443771362,0.0021136892028152943,0.002114504110068083,0.0021120267920196056,0.002112611196935177,0.00211238581687212,0.0021122260950505733,0.002113685477524996,0.0021128044463694096,0.0021125413477420807,0.0021120610181242228,0.0021122656762599945,0.0021121264435350895,0.002112835645675659,0.00211349013261497
identify_nbi_infframes,0.0021466019097715616,0.0021469509229063988,0.0021463430020958185,0.002145620994269848,0.002148335101082921,0.0,0.0021574378479272127,0.00214706314727664,0.0021476983092725277,0.002149013802409172,0.002147058490663767,0.0021476009860634804,0.0021477029658854008,0.0021476522088050842,0.0021503441967070103,0.0021510859951376915,0.002147707622498274,0.0021469108760356903,0.002146150916814804,0.002145674079656601,0.0021457993425428867,0.002146749058738351,0.002146399114280939,0.002146644052118063,0.0021467143669724464,0.0021456603426486254,0.0021460922434926033,0.002147836145013571,0.0021461965516209602,0.002148175146430731,0.0021484247408807278,0.0021531146485358477,0.0021467525511980057,0.0021476594265550375,0.0021469974890351295,0.0021467814221978188,0.002147180028259754,0.002146411221474409,0.0021468549966812134,0.002147328108549118,0.002146261278539896,0.0021466733887791634,0.0021478580310940742,0.0021474608220160007,0.002146115992218256,0.002146686427295208,0.002145664067938924,0.002148894127458334,0.0021462617442011833,0.002147446386516094,0.002147102728486061,0.002145389560610056,0.002145998179912567,0.002152420114725828,0.0021475949324667454,0.0021470498759299517,0.0021479222923517227,0.0021503116004168987,0.002146902959793806,0.002147626131772995,0.002148192375898361,0.0021518361754715443,0.002146680373698473,0.0021461588330566883,0.002147538121789694,0.0021464878227561712,0.0021474091336131096,0.00214724475517869,0.0021477274131029844,0.0021509663201868534,0.002146522980183363,0.0021475632674992085,0.0021470263600349426,0.002146439626812935,0.002146124839782715,0.0021575395949184895,0.0021465779282152653,0.002150849439203739,0.0021480266004800797,0.002153742592781782,0.0021478813141584396,0.00214627617970109,0.0021471893414855003,0.0021461471915245056,0.002147379331290722,0.002146128099411726,0.002145262435078621,0.0021450784988701344,0.0021486119367182255,0.0021469213534146547,0.0021471111103892326,0.0021464070305228233,0.0021489537321031094,0.0021492415107786655,0.0021463939920067787,0.0021462724544107914,0.0021462487056851387,0.002146333921700716,0.002146607730537653,0.002146543003618717,0.0021470822393894196,0.002147536724805832,0.002147901337593794,0.002146771177649498,0.0021468903869390488,0.0021462254226207733,0.002146902959793806,0.00214573135599494,0.0021464822348207235,0.002147904597222805,0.002147635444998741,0.0021484126336872578,0.0021484270691871643,0.0021480140276253223,0.002148828934878111,0.0021463516168296337,0.002146936021745205,0.002146710641682148,0.0021465509198606014,0.002148010302335024,0.0021471292711794376,0.0021468661725521088,0.002146385842934251,0.0021465905010700226,0.0021464512683451176,0.0021471604704856873,0.0021478149574249983
laryngeal_tissues,0.002121381228789687,0.0021217293106019497,0.002121121156960726,0.002120399381965399,0.0021231132559478283,0.0021574378479272127,0.0,0.002121841302141547,0.002122476464137435,0.002123788697645068,0.0021218368783593178,0.0021223793737590313,0.0021224813535809517,0.0021224303636699915,0.0021251223515719175,0.0021258641500025988,0.0021224860101938248,0.0021216892637312412,0.002120929304510355,0.0021204522345215082,0.0021205777302384377,0.0021215276792645454,0.0021211772691458464,0.002121422439813614,0.0021214946173131466,0.0021204384975135326,0.0021208706311881542,0.002122614299878478,0.002120975172147155,0.0021229535341262817,0.0021232031285762787,0.002127892803400755,0.002121530706062913,0.0021224375814199448,0.0021217758767306805,0.0021215598098933697,0.0021219581831246614,0.0021211893763393164,0.0021216333843767643,0.0021221062634140253,0.002121039666235447,0.0021214517764747143,0.002122636418789625,0.002122238976880908,0.002120894379913807,0.002121464814990759,0.002120442222803831,0.002123672515153885,0.0021210401318967342,0.0021222245413810015,0.0021218808833509684,0.002120167948305607,0.002120776567608118,0.002127198502421379,0.0021223730873316526,0.002121828030794859,0.00212270044721663,0.002125089755281806,0.002121681347489357,0.0021224042866379023,0.002122970763593912,0.002126614563167095,0.002121458761394024,0.0021209372207522392,0.002122316276654601,0.0021212659776210785,0.0021221875213086605,0.002122023142874241,0.0021225055679678917,0.0021257447078824043,0.002121301367878914,0.0021223416551947594,0.0021218047477304935,0.002121217781677842,0.002120902994647622,,0.0021213560830801725,0.0021256241016089916,0.0021228049881756306,0.0021285207476466894,0.0021226597018539906,0.0021210545673966408,0.0021219674963504076,0.0021209255792200565,0.002122157718986273,0.002120906487107277,0.002120040822774172,0.0021198566537350416,0.0021233903244137764,0.002121699508279562,0.0021218894980847836,0.0021211858838796616,0.0021237321197986603,0.0021240198984742165,0.0021211723797023296,0.0021210508421063423,0.0021210270933806896,0.002121112309396267,0.002121386118233204,0.002121321391314268,0.002121860394254327,0.002122314879670739,0.002122679492458701,0.0021215493325144053,0.0021216687746345997,0.0021210038103163242,0.002121681347489357,0.002120509510859847,0.002121260389685631,0.002122682984918356,0.0021224135998636484,0.0021231910213828087,0.0021232054568827152,0.0021227924153208733,0.002123607089743018,0.0021211300045251846,0.002121714176610112,0.0021214887965470552,0.0021213290747255087,0.002122788690030575,0.0021219076588749886,0.002121644327417016,0.002121163997799158,0.00212136865593493,0.0021212296560406685,0.002121938858181238,0.0021225931122899055
nerthus_bowel_cleansing_quality,0.002111006062477827,0.0021113541442900896,0.0021107462234795094,0.0021100242156535387,0.002112738322466612,0.00214706314727664,0.002121841302141547,0.0,0.002112101297825575,0.0021134167909622192,0.002111461479216814,0.002112004207447171,0.0021121061872690916,0.002112055430188775,0.0021147471852600574,0.0021154889836907387,0.0021121108438819647,0.0021113138645887375,0.0021105522755533457,0.002110077068209648,0.0021102025639265776,0.0021111525129526854,0.0021108021028339863,0.002111047273501754,0.002111119218170643,0.002110063564032316,0.0021104952320456505,0.002112239133566618,0.0021106000058352947,0.0021125783678144217,0.0021128279622644186,0.0021175178699195385,0.002111155539751053,0.0021120626479387283,0.0021114007104188204,0.0021111846435815096,0.0021115830168128014,0.0021108142100274563,0.002111258218064904,0.0021117310971021652,0.002110664499923587,0.0021110763773322105,0.0021122610196471214,0.002111863810569048,0.002110519213601947,0.002111089415848255,0.0021100672893226147,0.002113297116011381,0.0021106647327542305,0.0021118493750691414,0.0021115057170391083,0.002109792549163103,0.002110401401296258,0.002116823336109519,0.0021119979210197926,0.0021114530973136425,0.00211232528090477,0.002114714588969946,0.002111306181177497,0.002112029120326042,0.002112595597282052,0.0021162391640245914,0.002111083595082164,0.002110562054440379,0.002111941110342741,0.002110891044139862,0.0021118123549968004,0.002111647976562381,0.0021121306344866753,0.0021153693087399006,0.002110926201567054,0.0021119664888828993,0.00211142934858799,0.002110842615365982,0.002110527828335762,0.0021219432819634676,,0.00211525266058743,0.0021124298218637705,0.0021181455813348293,0.0021122845355421305,0.0021106794010847807,0.0021115904673933983,0.002110550180077553,0.0021117825526744127,0.002110531320795417,0.0021096656564623117,0.0021094814874231815,0.0021130151581019163,0.0021113245747983456,0.00211151409894228,0.002110810950398445,0.0021133567206561565,0.0021136444993317127,0.0021107972133904696,0.0021106756757944822,0.0021106519270688295,0.002110737143084407,0.002111010951921344,0.002110946225002408,0.0021114852279424667,0.002111939713358879,0.002112304326146841,0.002111174166202545,0.0021112936083227396,0.002110628644004464,0.0021113059483468533,0.002110134344547987,0.0021108854562044144,0.002112307818606496,0.0021120384335517883,0.002112815622240305,0.002112830290570855,0.002112417249009013,0.002113231923431158,0.002110754605382681,0.002111339010298252,0.002111113630235195,0.0021109539084136486,0.0021124135237187147,0.0021115324925631285,0.002111269161105156,0.0021107890643179417,0.0021109934896230698,0.0021108544897288084,0.002111563691869378,0.002112218178808689
stanford_dogs_image_categorization,0.002111641224473715,0.0021119893062859774,0.002111381385475397,0.0021106593776494265,0.0021133734844624996,0.0021476983092725277,0.002122476464137435,0.002112101297825575,0.0,0.002114051952958107,0.002112096641212702,0.002112639369443059,0.0021127413492649794,0.002112690592184663,0.002115382347255945,0.0021161241456866264,0.0021127460058778524,0.0021119490265846252,0.0021111893001943827,0.002110712230205536,0.0021108377259224653,0.002111787674948573,0.002111437264829874,0.0021116824354976416,0.0021117543801665306,0.002110698726028204,0.0021111303940415382,0.0021128742955625057,0.0021112351678311825,0.0021132135298103094,0.0021134631242603064,0.0021181530319154263,0.0021117907017469406,0.002112697809934616,0.002112035872414708,0.0021118198055773973,0.002112218178808689,0.002111449372023344,0.002111893380060792,0.002112366259098053,0.0021112996619194746,0.0021117115393280983,0.002112896181643009,0.0021124989725649357,0.0021111543755978346,0.002111724577844143,0.0021107024513185024,0.002113932278007269,0.0021112998947501183,0.002112484537065029,0.002112140879034996,0.002110427711158991,0.0021110365632921457,0.0021174584981054068,0.0021126330830156803,0.0021120882593095303,0.0021129604429006577,0.0021153497509658337,0.0021119413431733847,0.00211266428232193,0.00211323075927794,0.002116874326020479,0.0021117187570780516,0.002111197216436267,0.0021125762723386288,0.00211152620613575,0.002112447516992688,0.0021122831385582685,0.002112765796482563,0.0021160044707357883,0.0021115613635629416,0.002112601650878787,0.0021120645105838776,0.00211147777736187,0.0021111629903316498,0.0021225784439593554,0.0021116160787642,0.0021158878225833178,0.0021130649838596582,0.002118780743330717,0.0021129196975380182,0.0021113145630806684,0.0021122274920344353,0.0021111853420734406,0.0021124177146703005,0.0021111664827913046,0.0021103008184581995,0.0021101166494190693,0.002113650320097804,0.0021119597367942333,0.0021121492609381676,0.002111446112394333,0.0021139918826520443,0.0021142796613276005,0.0021114323753863573,0.00211131083779037,0.0021112870890647173,0.0021113723050802946,0.0021116461139172316,0.002111581386998296,0.0021121203899383545,0.002112574875354767,0.002112939488142729,0.002111809328198433,0.0021119287703186274,0.002111263806000352,0.002111941110342741,0.0021107695065438747,0.002111520618200302,0.0021129429806023836,0.002112673595547676,0.0021134507842361927,0.002113465452566743,0.002113052411004901,0.002113867085427046,0.0021113897673785686,0.00211197417229414,0.002111748792231083,0.0021115890704095364,0.0021130486857146025,0.0021121676545590162,0.0021119043231010437,0.0021114242263138294,0.0021116286516189575,0.002111489651724696,0.002112198853865266,0.002112853340804577
svhn,0.002112956717610359,0.0021133047994226217,0.0021126968786120415,0.002111974870786071,0.002114688977599144,0.002149013802409172,0.002123788697645068,0.0021134167909622192,0.002114051952958107,0.0,0.002113412134349346,0.0021139548625797033,0.0021140568424016237,0.002114006085321307,0.002116697607561946,0.002117439405992627,0.002114061499014497,0.0021132645197212696,0.002112504793331027,0.0021120277233421803,0.0021121532190591097,0.0021131031680852175,0.0021127527579665184,0.002112997928634286,0.002113069873303175,0.0021120142191648483,0.0021124458871781826,0.00211418978869915,0.002112550660967827,0.0021145290229469538,0.0021147786173969507,0.0021194685250520706,0.002113106194883585,0.0021140133030712605,0.0021133513655513525,0.0021131352987140417,0.0021135336719453335,0.0021127648651599884,0.0021132088731974363,0.0021136817522346973,0.002112615155056119,0.0021130270324647427,0.0021142116747796535,0.00211381446570158,0.002112469868734479,0.0021130400709807873,0.002112017944455147,0.0021152477711439133,0.0021126153878867626,0.0021138000302016735,0.0021134563721716404,0.0021117432042956352,0.00211235205642879,0.002118773991242051,0.0021139485761523247,0.0021134037524461746,0.002114275936037302,0.002116665244102478,0.002113256836310029,0.0021139797754585743,0.002114546252414584,0.0021181898191571236,0.002113034250214696,0.0021125127095729113,0.002113891765475273,0.002112841699272394,0.0021137630101293325,0.002113598631694913,0.0021140812896192074,0.0021173199638724327,0.002112876856699586,0.0021139171440154314,0.002113380003720522,0.002112793270498514,0.002112478483468294,0.0021238909102976322,0.0021129315719008446,,0.0021143804769963026,0.002120096003636718,0.0021142351906746626,0.002112630056217313,0.0021135429851710796,0.002112500835210085,0.002113733207806945,0.002112481975927949,0.002111616311594844,0.0021114321425557137,0.0021149658132344484,0.0021132752299308777,0.002113464754074812,0.0021127616055309772,0.0021153073757886887,0.002115595154464245,0.0021127478685230017,0.0021126263309270144,0.0021126025822013617,0.002112687798216939,0.002112961607053876,0.00211289688013494,0.002113435883074999,0.002113890368491411,0.002114254981279373,0.0021131248213350773,0.0021132442634552717,0.0021125792991369963,0.0021132566034793854,0.002112084999680519,0.0021128361113369465,0.002114258473739028,0.0021139890886843204,0.002114766277372837,0.0021147809457033873,0.0021143679041415453,0.00211518257856369,0.002112705260515213,0.0021132896654307842,0.0021130642853677273,0.0021129045635461807,0.002114364178851247,0.0021134831476956606,0.002113219816237688,0.002112739719450474,0.002112944144755602,0.0021128051448613405,0.00211351434700191,0.0021141688339412212
caltech101_object_classification,0.002111001405864954,0.00211134972050786,0.0021107415668666363,0.0021100197918713093,0.002112733665853739,0.002147058490663767,0.0021218368783593178,0.002111461479216814,0.002112096641212702,0.002113412134349346,0.0,0.0021119604352861643,0.002112101763486862,0.0021120510064065456,0.0021147425286471844,0.0021154843270778656,0.0021121064200997353,0.002111309440806508,0.0021105497144162655,0.002110072411596775,0.002110198140144348,0.002111148089170456,0.002110797446221113,0.0021110428497195244,0.0021111147943884134,0.002110058907419443,0.002110490808263421,0.002112234476953745,0.0021105953492224216,0.0021125739440321922,0.002112823538482189,0.0021175132133066654,0.0021111508831381798,0.0021120579913258553,0.002111396286636591,0.00211118021979928,0.0021115783601999283,0.002110809553414583,0.002111253794282675,0.002111726440489292,0.0021106600761413574,0.002111071953549981,0.002112256595864892,0.002111859153956175,0.0021105147898197174,0.0021110849920660257,0.0021100626327097416,0.0021132926922291517,0.002110660308972001,0.0021118447184562683,0.002111501060426235,0.0021097881253808737,0.0021103969775140285,0.0021168189123272896,0.0021119932644069195,0.0021114484407007694,0.002112320624291897,0.002114709932357073,0.0021113017573952675,0.002112024463713169,0.0021125911734998226,0.002116234740242362,0.0021110791712999344,0.0021105576306581497,0.002111936453729868,0.002110886387526989,0.002111807931214571,0.0021116435527801514,0.002112125977873802,0.002115364884957671,0.0021109217777848244,0.00211196206510067,0.0021114249248057604,0.002110837958753109,0.002110523171722889,0.002121938858181238,0.0021109762601554394,0.0021152482368052006,0.002112425398081541,0.0021181409247219563,0.002112280111759901,0.0021106749773025513,0.0021115876734256744,0.0021105457562953234,0.0021117781288921833,0.0021105268970131874,0.0021096612326800823,0.0021094768308103085,0.002113010734319687,0.0021113199181854725,0.0021115096751600504,0.002110806293785572,0.002113352296873927,0.0021136400755494833,0.00211079278960824,0.002110671252012253,0.0021106475032866,0.0021107327193021774,0.0021110065281391144,0.0021109418012201786,0.0021114805713295937,0.002111935056746006,0.002112299669533968,0.002111169509589672,0.00211128918454051,0.0021106242202222347,0.002111301524564624,0.002110129687935114,0.0021108807995915413,0.0021123033948242664,0.0021120337769389153,0.0021128111984580755,0.0021128258667886257,0.0021124128252267838,0.002113227266818285,0.0021107501816004515,0.002111334353685379,0.002111108973622322,0.0021109492518007755,0.0021124090999364853,0.002111528068780899,0.002111264504492283,0.0021107844077050686,0.0021109888330101967,0.002110850065946579,0.0021115592680871487,0.002112213522195816
caltech256_object_classification,0.002111544134095311,0.0021118922159075737,0.00211128406226635,0.002110562287271023,0.0021132761612534523,0.0021476009860634804,0.0021223793737590313,0.002112004207447171,0.002112639369443059,0.0021139548625797033,0.0021119604352861643,0.0,0.0021126442588865757,0.002112593501806259,0.0021152852568775415,0.0021160270553082228,0.0021126489154994488,0.0021118521690368652,0.002111092209815979,0.0021106151398271322,0.0021107406355440617,0.0021116905845701694,0.0021113401744514704,0.002111585345119238,0.0021116575226187706,0.0021106014028191566,0.0021110335364937782,0.002112777205184102,0.002111138077452779,0.0021131164394319057,0.0021133660338819027,0.002118055708706379,0.002111693611368537,0.0021126004867255688,0.0021119387820363045,0.0021117227151989937,0.0021121210884302855,0.0021113522816449404,0.0021117962896823883,0.0021122691687196493,0.002111202571541071,0.0021116146817803383,0.002112799324095249,0.002112401882186532,0.002111057285219431,0.002111627720296383,0.002110605128109455,0.002113835420459509,0.0021112030372023582,0.0021123874466866255,0.0021120437886565924,0.002110330853611231,0.002110939472913742,0.002117361407727003,0.0021125359926372766,0.002111990936100483,0.002112863352522254,0.00211525266058743,0.002111844252794981,0.0021125671919435263,0.002113133668899536,0.002116777468472719,0.002111621666699648,0.0021111001260578632,0.002112479181960225,0.0021114288829267025,0.0021123504266142845,0.002112186048179865,0.0021126684732735157,0.0021159076131880283,0.002111464273184538,0.0021125045605003834,0.0021119676530361176,0.002111380686983466,0.002111065899953246,0.0021224813535809517,0.0021115189883857965,0.002115790732204914,0.0021129678934812546,0.0021186836529523134,0.0021128226071596146,0.002111217472702265,0.0021121304016560316,0.0021110884845256805,0.002112320624291897,0.002111069392412901,0.002110203728079796,0.0021100195590406656,0.0021135532297194004,0.002111862413585186,0.0021120524033904076,0.0021113487891852856,0.0021138950251042843,0.0021141828037798405,0.0021113352850079536,0.0021112137474119663,0.0021111899986863136,0.002111275214701891,0.002111549023538828,0.002111484296619892,0.002112023299559951,0.002112477784976363,0.002112842397764325,0.0021117122378200293,0.0021118316799402237,0.0021111667156219482,0.002111844252794981,0.002110672416165471,0.002111423294991255,0.00211284589022398,0.0021125765051692724,0.0021133539266884327,0.0021133683621883392,0.0021129553206264973,0.002113769995048642,0.0021112929098308086,0.002111877081915736,0.0021116517018526793,0.0021114919800311327,0.002112951595336199,0.0021120705641806126,0.00211180723272264,0.002111326903104782,0.002111531561240554,0.0021113925613462925,0.002112101763486862,0.0021127560175955296
cifar10_object_classification,0.0021116461139172316,0.002111994195729494,0.00211138604208827,0.002110664267092943,0.0021133781410753727,0.0021477029658854008,0.0021224813535809517,0.0021121061872690916,0.0021127413492649794,0.0021140568424016237,0.002112101763486862,0.0021126442588865757,0.0,0.0021126954816281796,0.002115387236699462,0.002116129035130143,0.002112750895321369,0.0021119541488587856,0.0021111941896378994,0.0021107171196490526,0.002110842615365982,0.00211179256439209,0.0021114421542733908,0.0021116873249411583,0.002111759502440691,0.002110703382641077,0.0021111355163156986,0.0021128791850060225,0.002111240057274699,0.002113218419253826,0.002113468013703823,0.0021181576885282993,0.0021117955911904573,0.002112702466547489,0.002112040761858225,0.002111824695020914,0.002112223068252206,0.0021114542614668608,0.0021118982695043087,0.0021123711485415697,0.0021113045513629913,0.0021117166616022587,0.0021129013039171696,0.0021125038620084524,0.0021111592650413513,0.0021117297001183033,0.0021107071079313755,0.0021139374002814293,0.0021113050170242786,0.002112489426508546,0.0021121457684785128,0.0021104328334331512,0.0021110414527356625,0.0021174633875489235,0.002112637972459197,0.0021120929159224033,0.0021129653323441744,0.0021153546404093504,0.0021119462326169014,0.0021126691717654467,0.0021132356487214565,0.0021168794482946396,0.0021117236465215683,0.0021112021058797836,0.0021125811617821455,0.002111530862748623,0.002112452406436205,0.0021122880280017853,0.002112770453095436,0.0021160095930099487,0.0021115662530064583,0.0021126065403223038,0.002112069632858038,0.0021114826668053865,0.0021111678797751665,0.002122583333402872,0.002111620968207717,0.0021158927120268345,,0.002118785632774234,0.002112924586981535,0.002111319452524185,0.002112232381477952,0.002111190464347601,0.002112422604113817,0.0021111713722348213,0.0021103057079017162,0.002110121538862586,0.002113655209541321,0.0021119643934071064,0.002112154383212328,0.002111450769007206,0.0021139970049262047,0.002114284783601761,0.002111437264829874,0.0021113157272338867,0.002111291978508234,0.0021113771945238113,0.0021116510033607483,0.0021115862764418125,0.0021121252793818712,0.0021125797647982836,0.0021129443775862455,0.0021118142176419497,0.002111933659762144,0.0021112686954438686,0.0021119462326169014,0.0021107743959873915,0.002111525274813175,0.0021129478700459003,0.002112678484991193,0.002113455906510353,0.0021134703420102596,0.0021130573004484177,0.0021138719748705626,0.002111394889652729,0.0021119790617376566,0.0021117536816745996,0.002111593959853053,0.002113053575158119,0.002112172544002533,0.0021119092125445604,0.0021114288829267025,0.0021116335410624743,0.002111494541168213,0.0021122037433087826,0.00211285799741745
