,lapgyn4_anatomical_structures,lapgyn4_surgical_actions,lapgyn4_instrument_count,lapgyn4_anatomical_actions,sklin2_skin_lesions,identify_nbi_infframes,laryngeal_tissues,nerthus_bowel_cleansing_quality,stanford_dogs_image_categorization,svhn,caltech101_object_classification,caltech256_object_classification,cifar10_object_classification,cifar100_object_classification,mnist_digit_classification,emnist_digit_classification,hyperkvasir_anatomical-landmarks,hyperkvasir_pathological-findings,hyperkvasir_quality-of-mucosal-views,hyperkvasir_therapeutic-interventions,cholec80_grasper_presence,cholec80_bipolar_presence,cholec80_hook_presence,cholec80_scissors_presence,cholec80_clipper_presence,cholec80_irrigator_presence,cholec80_specimenbag_presence,derm7pt_skin_lesions,idle_action_recognition,barretts_esophagus_diagnosis,brain_tumor_classification,mednode_melanoma_classification,brain_tumor_type_classification,chexpert_enlarged_cardiomediastinum,chexpert_cardiomegaly,chexpert_lung_opacity,chexpert_lung_lesion,chexpert_edema,chexpert_consolidation,chexpert_pneumonia,chexpert_atelectasis,chexpert_pneumothorax,chexpert_pleural_effusion,chexpert_pleural_other,chexpert_fracture,chexpert_support_devices,pneumonia_classification,ph2-melanocytic-lesions-classification,covid_xray_classification,isic20_melanoma_classification,deep_drid_dr_level,shenzen_chest_xray_tuberculosis,crawled_covid_ct_classification,deep_drid_quality,deep_drid_clarity,deep_drid_field,deep_drid_artifact,kvasir_capsule_anatomy,kvasir_capsule_content,kvasir_capsule_pathologies,breast_cancer_classification_v2,eye_condition_classification,mura_xr_wrist,mura_xr_shoulder,mura_xr_humerus,mura_xr_hand,mura_xr_forearm,mura_xr_finger,mura_xr_elbow,bean_plant_disease_classification,aptos19_blindness_detection,lapgyn4_anatomical_structures --shrink_train 800,lapgyn4_surgical_actions --shrink_train 800,lapgyn4_instrument_count --shrink_train 800,lapgyn4_anatomical_actions --shrink_train 800,laryngeal_tissues --shrink_train 800,nerthus_bowel_cleansing_quality --shrink_train 800,svhn --shrink_train 800,cifar10_object_classification --shrink_train 800,mnist_digit_classification --shrink_train 800,hyperkvasir_anatomical-landmarks --shrink_train 800,hyperkvasir_pathological-findings --shrink_train 800,hyperkvasir_quality-of-mucosal-views --shrink_train 800,hyperkvasir_therapeutic-interventions --shrink_train 800,cholec80_grasper_presence --shrink_train 800,cholec80_bipolar_presence --shrink_train 800,cholec80_hook_presence --shrink_train 800,cholec80_scissors_presence --shrink_train 800,cholec80_clipper_presence --shrink_train 800,cholec80_irrigator_presence --shrink_train 800,cholec80_specimenbag_presence --shrink_train 800,idle_action_recognition --shrink_train 800,brain_tumor_classification --shrink_train 800,brain_tumor_type_classification --shrink_train 800,chexpert_enlarged_cardiomediastinum --shrink_train 800,chexpert_cardiomegaly --shrink_train 800,chexpert_lung_opacity --shrink_train 800,chexpert_lung_lesion --shrink_train 800,chexpert_edema --shrink_train 800,chexpert_consolidation --shrink_train 800,chexpert_pneumonia --shrink_train 800,chexpert_atelectasis --shrink_train 800,chexpert_pneumothorax --shrink_train 800,chexpert_pleural_effusion --shrink_train 800,chexpert_pleural_other --shrink_train 800,chexpert_fracture --shrink_train 800,chexpert_support_devices --shrink_train 800,pneumonia_classification --shrink_train 800,covid_xray_classification --shrink_train 800,isic20_melanoma_classification --shrink_train 800,deep_drid_dr_level --shrink_train 800,deep_drid_quality --shrink_train 800,deep_drid_clarity --shrink_train 800,deep_drid_field --shrink_train 800,deep_drid_artifact --shrink_train 800,kvasir_capsule_anatomy --shrink_train 800,kvasir_capsule_content --shrink_train 800,kvasir_capsule_pathologies --shrink_train 800,mura_xr_wrist --shrink_train 800,mura_xr_shoulder --shrink_train 800,mura_xr_humerus --shrink_train 800,mura_xr_hand --shrink_train 800,mura_xr_forearm --shrink_train 800,mura_xr_finger --shrink_train 800,mura_xr_elbow --shrink_train 800,bean_plant_disease_classification --shrink_train 800,aptos19_blindness_detection --shrink_train 800
lapgyn4_anatomical_structures,0.0,0.0005301169585436583,0.0005835728370584548,0.0008898957166820765,0.0019532754085958004,0.0026354261208325624,0.004702657926827669,0.0017344284569844604,0.0015711793676018715,0.0040841600857675076,0.0014358446933329105,0.001347395358607173,0.0018361731199547648,0.0017636376433074474,0.005614527501165867,0.005631671287119389,0.001099298126064241,0.0010259379632771015,0.0014897239161655307,0.0012083188630640507,0.0008207381470128894,0.0008315978338941932,0.0008256959263235331,0.0008242551703006029,0.0008201749296858907,0.0008233694243244827,0.0008201487362384796,0.001910899649374187,0.0017553884536027908,0.001928074168972671,0.003251248737797141,0.0024451203644275665,0.0032965855207294226,0.0019836202263832092,0.0020100302062928677,0.0021147450897842646,0.0019712026696652174,0.0021396861411631107,0.001953847473487258,0.0019475128501653671,0.002161146141588688,0.002096906304359436,0.0020499855745583773,0.0019402547040954232,0.0020247800275683403,0.002196147106587887,0.002720304997637868,0.0021539994049817324,0.002718036761507392,0.0023972366470843554,0.004198004957288504,0.002880532993003726,0.00216558831743896,0.004212365485727787,0.004210096783936024,0.00421688100323081,0.0042383382096886635,0.0023503201082348824,0.002261156216263771,0.00227324478328228,0.0035016473848372698,0.006649428512901068,0.002364009153097868,0.0019407912623137236,0.0022023634519428015,0.0024094947148114443,0.002056104363873601,0.0021104267798364162,0.002229897305369377,0.002730944426730275,0.0033866672310978174,,0.0006239443900994956,0.0005828126450069249,0.0009069295483641326,0.004678134806454182,0.0017370858695358038,0.004036718513816595,0.0018589135725051165,0.0056497687473893166,0.0010974591132253408,0.0010214062640443444,0.0014970676274970174,0.001206317450851202,0.0008322418434545398,0.0008320390479639173,0.0008387194247916341,0.0008492053020745516,0.0008452283800579607,0.0008166662300936878,0.0008487891172990203,0.0017774342559278011,0.003251715563237667,0.0032882830128073692,0.002021638210862875,0.0020178062841296196,0.0021126093342900276,0.0019925925880670547,0.0021387841552495956,0.00197009788826108,0.001940439105965197,0.002129280474036932,0.0021264711394906044,0.0020745645742863417,0.0019347788766026497,0.0020233893301337957,0.002208050573244691,0.0027332038152962923,0.002728258026763797,0.0024172638077288866,0.004212201107293367,0.004224587697535753,0.0042242808267474174,0.004205111414194107,0.004234276246279478,0.00233412510715425,0.0022792008239775896,0.002271610079333186,0.0023870121221989393,0.001917462912388146,0.0022000831086188555,0.0024117024149745703,0.0020585174206644297,0.0021356544457376003,0.0022201547399163246,0.002740493044257164,0.0033347387798130512
lapgyn4_surgical_actions,0.0005301169585436583,0.0,0.0003106962249148637,0.00040973391151055694,0.0019119794014841318,0.0026250225491821766,0.0046169147826731205,0.0016340172151103616,0.0014010225422680378,0.003922446630895138,0.001251061912626028,0.0011449226876720786,0.0016451189294457436,0.001587781822308898,0.005437609739601612,0.005457476247102022,0.0011683127377182245,0.0011007715947926044,0.0014478203374892473,0.0011071504559367895,0.0006192662403918803,0.0006270290468819439,0.0006205940735526383,0.0006213327869772911,0.0006173477158881724,0.0006208982667885721,0.0006170478882268071,0.0018280346412211657,0.0015165890799835324,0.0018429094925522804,0.003205949906259775,0.0024364457931369543,0.0031256191432476044,0.0018280339427292347,0.0018491311930119991,0.0019468856044113636,0.0018188570393249393,0.001971930032595992,0.0017978997202590108,0.0017933594062924385,0.0019977169577032328,0.001931549166329205,0.0018859445117413998,0.0017865953268483281,0.001874540001153946,0.002025291556492448,0.002572956494987011,0.0020942562259733677,0.0025647487491369247,0.0023935355711728334,0.004087347537279129,0.0026884868275374174,0.001949004246853292,0.004101146943867207,0.004098281264305115,0.004103538580238819,0.004125862382352352,0.00215823738835752,0.0020924019627273083,0.0021101513411849737,0.0033354265615344048,0.006488422397524118,0.002101081656292081,0.0017458118963986635,0.002007479080930352,0.0021537370048463345,0.0018040887080132961,0.0018719014478847384,0.0019931287970393896,0.0026013331953436136,0.0032513842452317476,0.0005396254709921777,,0.0003088494122494012,0.0004167589358985424,0.004591860342770815,0.001638704095967114,0.0038739347364753485,0.0016684180591255426,0.005472585558891296,0.0011768653057515621,0.0010922281071543694,0.0014509621541947126,0.0011108022881671786,0.0006295775528997183,0.000629759335424751,0.000631454517133534,0.0006433639791794121,0.0006285593844950199,0.0006172049324959517,0.0006439117714762688,0.0015320160891860723,0.0032041496597230434,0.003118325024843216,0.0018631378188729286,0.001855017151683569,0.001943929004482925,0.001837545889429748,0.0019737600814551115,0.001814547460526228,0.0017895562341436744,0.0019641409162431955,0.0019585902336984873,0.0019113243324682117,0.001781177124939859,0.0018685540417209268,0.0020365084055811167,0.0025828133802860975,0.002576446160674095,0.0024169140961021185,0.004101143218576908,0.004113481380045414,0.004112406633794308,0.004092250484973192,0.0041230726055800915,0.002142429118975997,0.002108728513121605,0.002106450032442808,0.0021244508679956198,0.00172103859949857,0.002000480191782117,0.002157539129257202,0.0018091134261339903,0.0018992896657437086,0.001986468443647027,0.002610386349260807,0.003198523074388504
lapgyn4_instrument_count,0.0005835728370584548,0.0003106962249148637,0.0,0.00034750867052935064,0.0018095603445544839,0.002584972186014056,0.0045340051874518394,0.0016065872041508555,0.0013432236155495048,0.0038487515412271023,0.0011912856716662645,0.0010879943147301674,0.0015920620644465089,0.0015323447296395898,0.005352041218429804,0.005370525177568197,0.00112286233343184,0.0010491810971871018,0.0014512146590277553,0.001158249331638217,0.0005347296828404069,0.0005444699781946838,0.0005368207930587232,0.0005371283041313291,0.0005347160622477531,0.0005373648600652814,0.000532551493961364,0.001764893066138029,0.0015528732910752296,0.0018340895185247064,0.003111982485279441,0.002343102591112256,0.003089939011260867,0.0018193392315879464,0.0018491062801331282,0.0019518259214237332,0.001809591893106699,0.001977409003302455,0.0017906951252371073,0.0017853742465376854,0.002001016167923808,0.0019334859680384398,0.0018858677940443158,0.0017750917468219995,0.0018691312288865447,0.0020321158226579428,0.002546956529840827,0.002034357748925686,0.0025434058625251055,0.002335526281967759,0.003972100093960762,0.0026952605694532394,0.0019307928159832954,0.003985660150647163,0.0039831288158893585,0.003989012446254492,0.0040106400847435,0.0020784034859389067,0.002025388181209564,0.0020441189408302307,0.0033144953195005655,0.0063863713294267654,0.002058622892946005,0.0017014018958434463,0.0019306490430608392,0.00213929102756083,0.0017460461240261793,0.0018270495347678661,0.0019359159050509334,0.0025664549320936203,0.0031498605385422707,0.0005907273152843118,0.00035510642919689417,,0.00036322526284493506,0.0045088473707437515,0.0016123423120006919,0.003801009152084589,0.0016148205613717437,0.005386446136981249,0.0011308171087875962,0.0010394032578915358,0.0014544649748131633,0.0011618081480264664,0.0005476800142787397,0.0005468277959153056,0.0005521854036487639,0.0005567247862927616,0.0005452783079817891,0.0005314030568115413,0.0005558371194638312,0.001571462955325842,0.0031105002854019403,0.00308279343880713,0.0018573715351521969,0.0018558531301096082,0.0019477709429338574,0.001830005319789052,0.0019770737271755934,0.0018076695268973708,0.0017807474359869957,0.001967531628906727,0.0019636747892946005,0.001911837956868112,0.0017687559593468904,0.0018656625179573894,0.0020435270853340626,0.0025590232107788324,0.0025549985002726316,0.0023592065554112196,0.00398599449545145,0.0039980774745345116,0.003997363615781069,0.003977694548666477,0.004007688723504543,0.002063942374661565,0.0020401733927428722,0.0020416441839188337,0.002081672428175807,0.0016758234705775976,0.0019242179114371538,0.002143091754987836,0.0017502527916803956,0.0018528687069192529,0.0019283187575638294,0.002575481776148081,0.003098180051892996
lapgyn4_anatomical_actions,0.0008898957166820765,0.00040973391151055694,0.00034750867052935064,0.0,0.002140019554644823,0.0028988891281187534,0.0048126638866961,0.001952907769009471,0.0015720812371000648,0.004104086197912693,0.0014235484413802624,0.0013157384237274528,0.0018283628160133958,0.00177641527261585,0.005604674108326435,0.00562684191390872,0.0015222574584186077,0.0014432646567001939,0.0017949878238141537,0.0014735548757016659,0.000836964522022754,0.0008470669272355735,0.0008367507834918797,0.0008388687274418771,0.0008360221982002258,0.0008395794429816306,0.0008335384191013873,0.002070404589176178,0.0017804143717512488,0.002123977290466428,0.0034434315748512745,0.0026642659213393927,0.003357192501425743,0.0020938431844115257,0.002120411489158869,0.0022160003427416086,0.002088516252115369,0.002241187496110797,0.0020658953581005335,0.0020644504111260176,0.0022671299520879984,0.0021979883313179016,0.002154072979465127,0.002055324148386717,0.00214093248359859,0.002291010459885001,0.0028121299110352993,0.0023437216877937317,0.002806241624057293,0.002659834921360016,0.004300024826079607,0.002929898677393794,0.00219505256973207,0.00431396346539259,0.004310899414122105,0.004315506666898727,0.004338358994573355,0.0023881362285465,0.0023386147804558277,0.0023601925931870937,0.0035795937292277813,0.006679137237370014,0.0022976621985435486,0.0019858693704009056,0.0022075765300542116,0.002370695350691676,0.0019916656892746687,0.002062833169475198,0.002194041386246681,0.002818304579705,0.0034630780573934317,0.0008979440317489207,0.0004641178238671273,0.00035143858985975385,,0.004787373822182417,0.001958707580342889,0.004056497476994991,0.0018518143333494663,0.005638717673718929,0.0015323902480304241,0.0014336417661979795,0.0017965743318200111,0.0014789481647312641,0.0008517017122358084,0.000849581731017679,0.0008546234457753599,0.0008617772837169468,0.0008382118539884686,0.0008355207974091172,0.0008590641082264483,0.0017962177516892552,0.003441154956817627,0.003351636463776231,0.002129191532731056,0.0021265700925141573,0.0022125239484012127,0.0021075336262583733,0.0022422124166041613,0.0020830444991588593,0.002060515806078911,0.00223355321213603,0.0022246381267905235,0.0021796864457428455,0.0020509036257863045,0.0021344872657209635,0.002302750013768673,0.0028231062460690737,0.0028177087660878897,0.002685423009097576,0.004313325509428978,0.004326502326875925,0.004325194749981165,0.004304213915020227,0.00433568749576807,0.0023729484528303146,0.0023536572698503733,0.002355727832764387,0.0023206782061606646,0.0019586810376495123,0.0021991198882460594,0.002375073963776231,0.001997777260839939,0.0020896901842206717,0.002187371952459216,0.002827032469213009,0.0034112625289708376
sklin2_skin_lesions,0.0019532754085958004,0.0019119794014841318,0.0018095603445544839,0.002140019554644823,0.0,0.0028183318208903074,0.004448137246072292,0.0021014735102653503,0.0015853075310587883,0.0038787873927503824,0.0014372119912877679,0.0013458499452099204,0.0018129106611013412,0.0017184477765113115,0.005387346260249615,0.0053826929070055485,0.001507274340838194,0.0015357843367382884,0.002038941951468587,0.0018571959808468819,0.0017477701185271144,0.0017535182414576411,0.0017535528168082237,0.001750483876094222,0.0017490574391558766,0.0017534918151795864,0.0017497099470347166,0.0009807824390009046,0.0020481606479734182,0.0017506317235529423,0.00305290799587965,0.001741548883728683,0.003118982072919607,0.002159723313525319,0.002196924528107047,0.002299332758411765,0.0021454570814967155,0.0023255147971212864,0.0021288662683218718,0.0021153322886675596,0.0023501270916312933,0.0022939506452530622,0.0022268686443567276,0.002088804729282856,0.0022236418444663286,0.0023807850666344166,0.0029558136593550444,0.0010634184582158923,0.0029601706191897392,0.0014729521935805678,0.0035954094491899014,0.00316260801628232,0.0021598890889436007,0.0036121204029768705,0.0036098842974752188,0.0036172871477901936,0.0036385252606123686,0.0021189693361520767,0.0019960112404078245,0.0020180856809020042,0.0032490603625774384,0.006150264758616686,0.0024326962884515524,0.002050291746854782,0.0022583429235965014,0.002616056939586997,0.00213638786226511,0.0022203694097697735,0.0022457910235971212,0.0026244143955409527,0.0027384900022298098,0.0019574686884880066,0.001923708594404161,0.0018429821357131004,0.002144642872735858,0.004424192477017641,0.0021021240390837193,0.003832967486232519,0.0018351288745179772,0.00542322127148509,0.0015229970449581742,0.0015175726730376482,0.0020373202860355377,0.001870809937827289,0.0017410387517884374,0.0017657537246122956,0.001780953723937273,0.0017658037832006812,0.0017831752775236964,0.001751847448758781,0.0017413502791896462,0.0020836566109210253,0.003054945031180978,0.0031100104097276926,0.002206573262810707,0.0022125891409814358,0.0022932777646929026,0.002169314306229353,0.0023144264705479145,0.0021414482034742832,0.002106644446030259,0.0023171750362962484,0.0023244968615472317,0.0022547661792486906,0.0020824556704610586,0.002231223275884986,0.002396330703049898,0.0029702377505600452,0.002970014698803425,0.0014998832484707236,0.0036106822080910206,0.0036194217391312122,0.003628472564741969,0.003604864701628685,0.0036318611819297075,0.002102647442370653,0.0020063144620507956,0.002018300350755453,0.002455564681440592,0.0020247374195605516,0.0022591669112443924,0.0026190727949142456,0.002136913826689124,0.002241695299744606,0.0022315988317131996,0.002629652852192521,0.0026879862416535616
identify_nbi_infframes,0.0026354261208325624,0.0026250225491821766,0.002584972186014056,0.0028988891281187534,0.0028183318208903074,0.0,0.004491917323321104,0.003101868089288473,0.002388992579653859,0.00422950554639101,0.002264854032546282,0.002187188481912017,0.002605690388008952,0.002487273421138525,0.005860032048076391,0.005834869109094143,0.002485784003511071,0.0024818165693432093,0.0029366943053901196,0.002666705520823598,0.00256680347956717,0.0025799197610467672,0.002572020050138235,0.002568374155089259,0.0025712104979902506,0.0025736168026924133,0.0025796149857342243,0.0025883237831294537,0.0027959756553173065,0.002582331420853734,0.00362811959348619,0.0032043771352618933,0.0040726675651967525,0.002994431648403406,0.002968837507069111,0.003048911225050688,0.0029890297446399927,0.003060531336814165,0.0029586730524897575,0.0029530818574130535,0.0030840043909847736,0.0030664424411952496,0.003000438679009676,0.0029516902286559343,0.0029980437830090523,0.0031081403139978647,0.0037325737066566944,0.002825869247317314,0.00375326257199049,0.0028820312581956387,0.004883873276412487,0.004060761071741581,0.003152465680614114,0.004895024001598358,0.004895602818578482,0.00490174675360322,0.004924467299133539,0.0034409211948513985,0.0033314961474388838,0.0033485612366348505,0.0037196108605712652,0.007295509334653616,0.003233651164919138,0.0028925868682563305,0.003017456503584981,0.00348044210113585,0.002916898811236024,0.00296776439063251,0.0030883518047630787,0.0035672776866704226,0.004187718965113163,0.002638439880684018,0.002610332565382123,0.002607557224109769,0.0029153525829315186,0.004465078003704548,0.003098685061559081,0.004206996876746416,0.0026263706386089325,0.005891276057809591,0.00248817284591496,0.0024612555280327797,0.0029399788472801447,0.0026756892912089825,0.0025650179013609886,0.0025698281824588776,0.002605304354801774,0.0025996402837336063,0.0026037408970296383,0.002578446175903082,0.002561028813943267,0.002833024365827441,0.0036422123666852713,0.004063543863594532,0.003027197904884815,0.002986990613862872,0.0030503724701702595,0.003025902435183525,0.0030456173699349165,0.002965405583381653,0.002943602856248617,0.0030571436509490013,0.0030902433209121227,0.0030227932147681713,0.002957371762022376,0.003004079684615135,0.0031283667776733637,0.003749989904463291,0.003762100823223591,0.0029055122286081314,0.004895926918834448,0.004911035764962435,0.0049057211726903915,0.004889480769634247,0.004921377170830965,0.003429718781262636,0.003342229872941971,0.003345294389873743,0.0032565793953835964,0.0028721701819449663,0.003025059588253498,0.003479945007711649,0.002920362167060375,0.002979537472128868,0.003075100015848875,0.003575526876375079,0.004139173310250044
laryngeal_tissues,0.004702657926827669,0.0046169147826731205,0.0045340051874518394,0.0048126638866961,0.004448137246072292,0.004491917323321104,0.0,0.004946764558553696,0.003783304011449218,0.004021299071609974,0.0035938755609095097,0.0035996646620333195,0.0034325411543250084,0.003242884296923876,0.006567272357642651,0.006555727683007717,0.004532943945378065,0.004494689870625734,0.004847837146371603,0.004670428112149239,0.004619001876562834,0.004630561452358961,0.004623754881322384,0.004620024468749762,0.004620983265340328,0.004625343717634678,0.004627702292054892,0.004139371681958437,0.004656627308577299,0.004409875720739365,0.0050592743791639805,0.004735833499580622,0.005712536163628101,0.004910468589514494,0.004905319306999445,0.004971368238329887,0.004914008546620607,0.004985989537090063,0.004882367327809334,0.004880388732999563,0.005010202061384916,0.004985508043318987,0.004924697335809469,0.00488352170214057,0.004918388556689024,0.005025255493819714,0.005548529792577028,0.004564165137708187,0.0055695269256830215,0.0042835115455091,0.006581727880984545,0.005913863889873028,0.004873357247561216,0.006595170125365257,0.0065935635939240456,0.006598471198230982,0.006622667424380779,0.005045172292739153,0.0049273231998085976,0.004951277282088995,0.005403089802712202,0.00894447136670351,0.004897372331470251,0.0047295275144279,0.004826527554541826,0.00521447416394949,0.004659190773963928,0.004686498548835516,0.0047937729395926,0.0052177454344928265,0.005921460688114166,0.004707093816250563,0.004667967092245817,0.004564124159514904,0.004817265551537275,,0.00494596641510725,0.004041408654302359,0.0034384571481496096,0.006593230180442333,0.004542829468846321,0.004483978729695082,0.004848386626690626,0.0046835048124194145,0.00461079366505146,0.004633226897567511,0.00465463288128376,0.004648013040423393,0.0046542189083993435,0.004627593327313662,0.004612110089510679,0.0047015040181577206,0.005063678603619337,0.005707259755581617,0.004946623928844929,0.004922183230519295,0.004970583599060774,0.004948660731315613,0.004974307958036661,0.004893049132078886,0.0048737055622041225,0.004983766935765743,0.005007247440516949,0.00494629330933094,0.004889048635959625,0.0049200886860489845,0.005049227271229029,0.005566196981817484,0.0055769276805222034,0.004316694103181362,0.006594606209546328,0.00660969503223896,0.006604299880564213,0.006585113238543272,0.006619505118578672,0.0050324201583862305,0.004937819670885801,0.004951306618750095,0.004919459577649832,0.004706470761448145,0.004828615579754114,0.005216163117438555,0.004660853650420904,0.0047059739008545876,0.004784077871590853,0.005225739441812038,0.0058739036321640015
nerthus_bowel_cleansing_quality,0.0017344284569844604,0.0016340172151103616,0.0016065872041508555,0.001952907769009471,0.0021014735102653503,0.003101868089288473,0.004946764558553696,0.0,0.001807479653507471,0.004120802041143179,0.0015575014986097813,0.0014536950038746,0.0019346531480550766,0.0018580668838694692,0.005634106229990721,0.005649330094456673,0.0010630578035488725,0.0008782284567132592,0.000529428303707391,0.0008875307976268232,0.00134041637647897,0.0013371596578508615,0.0013387227663770318,0.0013430587714537978,0.0013409528182819486,0.001341405906714499,0.0013412043917924166,0.00203703879378736,0.001452315947972238,0.0021825474686920643,0.003466556314378977,0.0027935896068811417,0.003183703636750579,0.0020779799669981003,0.0020624997559934855,0.002162270713597536,0.002056373981758952,0.002178064314648509,0.0020355309825390577,0.002019819337874651,0.002209644066169858,0.002171178348362446,0.002101962687447667,0.0020158349070698023,0.0021271049045026302,0.0022410922683775425,0.002925310516729951,0.0022897396702319384,0.0029156338423490524,0.002657962730154395,0.0040899235755205154,0.0030589988455176353,0.0020098609384149313,0.004100928083062172,0.0040981401689350605,0.004106712061911821,0.0041257161647081375,0.001833020825870335,0.0017560409614816308,0.0017543002031743526,0.003633315209299326,0.006548892240971327,0.0023440367076545954,0.0018011999782174826,0.002036817604675889,0.002426678780466318,0.001987337600439787,0.00201452081091702,0.0020900422241538763,0.003084383672103286,0.0032153287902474403,0.0017426504055038095,0.0017061899416148663,0.0016210986068472266,0.0019496902823448181,0.004921731539070606,,0.004067591857165098,0.001954026520252228,0.005672033876180649,0.001072472077794373,0.0009081749012693763,0.0005322386859916151,0.0008891706820577383,0.0013352499809116125,0.0013585661072283983,0.0013613991905003786,0.0013545321999117732,0.0013627565931528807,0.001347698736935854,0.0013414265122264624,0.0014667046489194036,0.0034676992800086737,0.0031746728345751762,0.0021199120674282312,0.0020741394255310297,0.0021583091001957655,0.002081377897411585,0.002174446592107415,0.0020486810244619846,0.0020158321131020784,0.0021762738469988108,0.00220413226634264,0.002129873726516962,0.0020096669904887676,0.0021246459800750017,0.002254886319860816,0.002932967385277152,0.002928119385614991,0.002684192731976509,0.0041052610613405704,0.004111687187105417,0.004110327921807766,0.004095533862709999,0.004121747799217701,0.00182124855928123,0.0017744330689311028,0.001748293754644692,0.002368903486058116,0.0017745799850672483,0.0020353675354272127,0.002430352382361889,0.0019875913858413696,0.0020383906085044146,0.0020786437671631575,0.0030937124975025654,0.0031591986771672964
stanford_dogs_image_categorization,0.0015711793676018715,0.0014010225422680378,0.0013432236155495048,0.0015720812371000648,0.0015853075310587883,0.002388992579653859,0.003783304011449218,0.001807479653507471,0.0,0.003105086274445057,0.0005518160760402679,0.0004903528606519103,0.0008492718916386366,0.0008617924759164453,0.004651099909096956,0.0046690101735293865,0.0014359565684571862,0.001408165437169373,0.0017245402559638023,0.0014528237516060472,0.0014327281387522817,0.0014394681202247739,0.0014357425970956683,0.0014334123115986586,0.0014319720212370157,0.0014381497167050838,0.0014365731040015817,0.0014852604363113642,0.001622236566618085,0.0014137969119474292,0.0026245012413710356,0.0019920591730624437,0.002630741335451603,0.0017402583034709096,0.0017483553383499384,0.0018293374450877309,0.0017403034726157784,0.0018494082614779472,0.0017148316837847233,0.0017084944993257523,0.0018729879520833492,0.001827490283176303,0.001778080826625228,0.0017152924556285143,0.0017736995359882712,0.001895906520076096,0.002382702426984906,0.0017450244631618261,0.0023889848962426186,0.0019812777172774076,0.0035803907085210085,0.002620350569486618,0.0016480808844789863,0.003593098372220993,0.0035916627384722233,0.0035947926808148623,0.003618358401581645,0.001955901738256216,0.0018304934492334723,0.001854195143096149,0.002768363803625107,0.005892211105674505,0.0017635340336710215,0.0015761221293359995,0.0016797856660559773,0.0020318939350545406,0.0014778709737583995,0.0015859196428209543,0.001655643922276795,0.00219579110853374,0.0028142586816102266,0.0015746362041682005,0.00142916408367455,0.0013662854908034205,0.0015714976470917463,0.0037559422198683023,0.001811524387449026,0.003060778370127082,0.0008748256368562579,0.004687011241912842,0.0014491189504042268,0.0014014592161402106,0.001720381435006857,0.0014639096334576607,0.0014289227547124028,0.001453347853384912,0.0014639203436672688,0.0014531005872413516,0.0014622522285208106,0.0014427024871110916,0.0014288175152614713,0.0016488861292600632,0.0026224874891340733,0.002628191839903593,0.001776671502739191,0.0017594448290765285,0.001831082976423204,0.0017685276689007878,0.0018453176598995924,0.0017317380988970399,0.0017046852735802531,0.001841505290940404,0.0018525226041674614,0.0018002495635300875,0.0017154068918898702,0.0017675264971330762,0.0019155709305778146,0.0023962839040905237,0.0023981465492397547,0.0020167322363704443,0.0035925612319260836,0.003608034923672676,0.003603820689022541,0.00358222727663815,0.003615181427448988,0.00194119184743613,0.001846212544478476,0.0018513686954975128,0.0017863201210275292,0.0015474859392270446,0.0016758490819483995,0.002035825978964567,0.001480754348449409,0.0016082515940070152,0.0016450227703899145,0.0022021953482180834,0.002764200558885932
svhn,0.0040841600857675076,0.003922446630895138,0.0038487515412271023,0.004104086197912693,0.0038787873927503824,0.00422950554639101,0.004021299071609974,0.004120802041143179,0.003105086274445057,0.0,0.0028828924987465143,0.002833600854501128,0.002223132411018014,0.0020219108555465937,0.004878910258412361,0.004865629132837057,0.003815603209659457,0.003777200821787119,0.004060196690261364,0.003836504416540265,0.0038551974575966597,0.0038643230218440294,0.003858465002849698,0.00385624379850924,0.0038576587103307247,0.0038616450037807226,0.0038633595686405897,0.0037157631013542414,0.0038765149656683207,0.003753307508304715,0.004427730571478605,0.004389566369354725,0.004915079101920128,0.004058508202433586,0.004053925164043903,0.0041262311860919,0.004059781786054373,0.004141021519899368,0.0040315319783985615,0.004028188530355692,0.004162062890827656,0.00413188012316823,0.004075969103723764,0.004030077252537012,0.004066335037350655,0.004181263502687216,0.004690540488809347,0.0040251463651657104,0.004705927334725857,0.004103928338736296,0.0058686076663434505,0.005042822565883398,0.003955525811761618,0.005881008226424456,0.005879893898963928,0.005884112324565649,0.005907444283366203,0.0042592310346663,0.00412956764921546,0.004154443275183439,0.004911506548523903,0.008206330239772797,0.003928986843675375,0.0038308880757540464,0.0038839546032249928,0.004275365732610226,0.003697466803714633,0.003666120348498225,0.003827923210337758,0.004641424864530563,0.005161326844245195,0.004092027433216572,0.00393194193020463,0.00387462112121284,0.004103810526430607,0.004021419212222099,0.0041200160048902035,,0.002213909989222884,0.004913483280688524,0.0038280480075627565,0.0037686461582779884,0.0040565175004303455,0.0038515550550073385,0.003848349442705512,0.0038694185204803944,0.0038895169273018837,0.0038809303659945726,0.0038872072473168373,0.0038678564596921206,0.003846142441034317,0.003915267996490002,0.0044265794567763805,0.004910972435027361,0.004094157367944717,0.004068716429173946,0.004122868645936251,0.004093057010322809,0.004129732958972454,0.004042907152324915,0.004021606408059597,0.004135159309953451,0.004154951311647892,0.004099678713828325,0.004036484286189079,0.004066313151270151,0.004203280434012413,0.004707258194684982,0.004713543690741062,0.004139014054089785,0.005880683194845915,0.0058955480344593525,0.005889938212931156,0.005870922934263945,0.00590443005785346,0.004245129879564047,0.004138809163123369,0.004154198337346315,0.003952693194150925,0.003808659268543124,0.0038836761377751827,0.004277901723980904,0.0037003555335104465,0.0036826622672379017,0.003820909885689616,0.004648315720260143,0.0051123914308846
caltech101_object_classification,0.0014358446933329105,0.001251061912626028,0.0011912856716662645,0.0014235484413802624,0.0014372119912877679,0.002264854032546282,0.0035938755609095097,0.0015575014986097813,0.0005518160760402679,0.0028828924987465143,0.0,0.0002613175893202424,0.0007490734569728374,0.0007011143025010824,0.004285343922674656,0.004332281649112701,0.0012634234735742211,0.001198659185320139,0.001495039789006114,0.001238143304362893,0.0012426415923982859,0.001248493674211204,0.0012449371861293912,0.0012431269278749824,0.0012423902517184615,0.0012483303435146809,0.0012460806174203753,0.0013282957952469587,0.0013562209205701947,0.0013487437972798944,0.0023484572302550077,0.0019273547222837806,0.0024039833806455135,0.0015923784812912345,0.0016058300388976932,0.0016890275292098522,0.0015921995509415865,0.0017085998551920056,0.0015667754923924804,0.001562295714393258,0.0017316709272563457,0.001682569389231503,0.0016321203438565135,0.0015631956048309803,0.0016277505783364177,0.0017531332559883595,0.002240288071334362,0.0016281852731481194,0.0022432974074035883,0.0018147415248677135,0.003347165882587433,0.002472423482686281,0.0013964090030640364,0.0033611231483519077,0.0033584977500140667,0.003362376242876053,0.003386208787560463,0.00165647326502949,0.001548795960843563,0.0015723787946626544,0.0026245275512337685,0.005680822301656008,0.0015355307841673493,0.0013497535837814212,0.0014324027579277754,0.001768556539900601,0.001232188893482089,0.0012938446598127484,0.0013996721245348454,0.002036170568317175,0.002600849838927388,0.0014405755791813135,0.001297440961934626,0.0012164288200438023,0.0014218519208952785,0.0035669186618179083,0.001560994191095233,0.002834932180121541,0.000773529231082648,0.004320604261010885,0.0012770140310749412,0.0011942762648686767,0.001491652219556272,0.0012505411868914962,0.0012393867364153266,0.0012623389484360814,0.0012748652370646596,0.0012639667838811874,0.001269498374313116,0.0012527798535302281,0.0012374932412058115,0.0013847730588167906,0.0023482725955545902,0.0024009135086089373,0.0016293523367494345,0.0016179217491298914,0.0016869115643203259,0.0016194512136280537,0.001704073161818087,0.001583077828399837,0.001558159478008747,0.00170154869556427,0.0017077893717214465,0.0016561197116971016,0.001563846250064671,0.0016228384338319302,0.0017715946305543184,0.002253082813695073,0.002253136597573757,0.0018480279250070453,0.003360041184350848,0.003374253399670124,0.00337007618509233,0.0033508408814668655,0.0033825987484306097,0.0016422902699559927,0.001563673373311758,0.0015699568903073668,0.0015583910280838609,0.0013196268118917942,0.0014272112166509032,0.0017715096473693848,0.00123601034283638,0.0013176685897633433,0.001389007200486958,0.0020432425662875175,0.0025529011618345976
caltech256_object_classification,0.001347395358607173,0.0011449226876720786,0.0010879943147301674,0.0013157384237274528,0.0013458499452099204,0.002187188481912017,0.0035996646620333195,0.0014536950038746,0.0004903528606519103,0.002833600854501128,0.0002613175893202424,0.0,0.0006965490756556392,0.0006440809229388833,0.004269961733371019,0.004310671240091324,0.0011610871879383922,0.0011032309848815203,0.0014020474627614021,0.0011237944709137082,0.0011207152856513858,0.00112624850589782,0.0011227671056985855,0.0011211824603378773,0.0011204809416085482,0.0011260942555963993,0.00112428842112422,0.0012509031221270561,0.0012427056208252907,0.0012650234857574105,0.002322477288544178,0.0018520643934607506,0.002300984924659133,0.0014652075478807092,0.0014813460875302553,0.0015670781722292304,0.0014657480642199516,0.001587368780747056,0.001440558466129005,0.0014360767090693116,0.0016103796660900116,0.0015588905662298203,0.0015090127708390355,0.001437086728401482,0.0015061738668009639,0.0016325815813615918,0.002114139264449477,0.0015377907548099756,0.0021163655910640955,0.0017507636221125722,0.003226869273930788,0.002346040913835168,0.0012894499814137816,0.003240360878407955,0.0032378705218434334,0.003241587895900011,0.003265460953116417,0.0015609093243256211,0.001453844946809113,0.0014787149848416448,0.0025426934007555246,0.005550201050937176,0.0014017234789207578,0.0012184621300548315,0.0013019683538004756,0.0016518781194463372,0.0010940209031105042,0.0011636394774541259,0.0012665187241509557,0.0019580002408474684,0.0024793031625449657,0.0013536857441067696,0.001177071826532483,0.0011124792508780956,0.0013122068485245109,0.0035724781919270754,0.0014577672118321061,0.0027854731306433678,0.0007193092023953795,0.004305655136704445,0.0011765018571168184,0.0010985141852870584,0.0013975451001897454,0.0011367494007572532,0.0011164930183440447,0.001140294480137527,0.0011511893244460225,0.0011417903006076813,0.0011475414503365755,0.0011321604251861572,0.00111484678927809,0.0012711193412542343,0.002321832114830613,0.002297152066603303,0.0015027562621980906,0.001493127434514463,0.0015645731473341584,0.0014921394176781178,0.0015831850469112396,0.0014567540492862463,0.0014322403585538268,0.0015798581298440695,0.0015844125300645828,0.0015332313487306237,0.001437166123650968,0.0015008972259238362,0.0016510236309841275,0.002126893028616905,0.0021259598433971405,0.001784631283953786,0.0032401978969573975,0.003253970295190811,0.0032490750309079885,0.0032301596365869045,0.003262199927121401,0.0015460996655747294,0.001468327478505671,0.0014764650259166956,0.0014251226093620062,0.0011882912367582321,0.0012961773900315166,0.0016554876929149032,0.0010976936900988221,0.0011878033401444554,0.001256347168236971,0.0019650813192129135,0.002431053202599287
cifar10_object_classification,0.0018361731199547648,0.0016451189294457436,0.0015920620644465089,0.0018283628160133958,0.0018129106611013412,0.002605690388008952,0.0034325411543250084,0.0019346531480550766,0.0008492718916386366,0.002223132411018014,0.0007490734569728374,0.0006965490756556392,0.0,0.0002714296861086041,0.004125639796257019,0.0041563925333321095,0.0016441859770566225,0.0015979943564161658,0.0018847634783014655,0.0016047452809289098,0.0016171971801668406,0.00162348966114223,0.0016198712401092052,0.0016189973102882504,0.0016172336181625724,0.001622474635951221,0.0016215128125622869,0.0016956456238403916,0.0017610772047191858,0.0016459230100736022,0.0026852262672036886,0.002299311337992549,0.0028928692918270826,0.0019290786003693938,0.0019356405828148127,0.002019340405240655,0.001927349017933011,0.0020378935150802135,0.0019022577907890081,0.0018957024440169334,0.0020630036015063524,0.0020181946456432343,0.001966832671314478,0.0019004851346835494,0.001962368143722415,0.0020874054171144962,0.0026222625747323036,0.0019745538011193275,0.002623677719384432,0.002237914362922311,0.003814785508438945,0.002845298731699586,0.001799653167836368,0.0038280480075627565,0.0038251392543315887,0.0038292324170470238,0.00385278114117682,0.002108717570081353,0.00199557445012033,0.0020213720854371786,0.0029232152737677097,0.006141483783721924,0.0019668384920805693,0.0017643518513068557,0.001890223124064505,0.002188217593356967,0.0016839250456541777,0.001744159497320652,0.0018441531574353576,0.0024666907265782356,0.003048698650673032,0.0018419154221192002,0.0016708847833797336,0.0016147756250575185,0.0018249604618176818,0.0034141356591135263,0.001937338151037693,0.0021771062165498734,,0.0041615101508796215,0.0016585290431976318,0.0015926406485959888,0.0018804152496159077,0.0016175642376765609,0.0016122231027111411,0.0016365768387913704,0.0016475172014907002,0.0016364037292078137,0.0016456125304102898,0.001629698439501226,0.001611993764527142,0.0017889499431475997,0.002681039273738861,0.00288948742672801,0.001964826602488756,0.0019468046957626939,0.002018456347286701,0.001954455394297838,0.00203371187672019,0.001918062218464911,0.0018932194216176867,0.0020319398026913404,0.0020435936748981476,0.0019909145776182413,0.0019000133033841848,0.001955745043233037,0.002106525469571352,0.00263476581312716,0.0026332177221775055,0.002270583063364029,0.0038278468418866396,0.0038419493939727545,0.0038372711278498173,0.003816938027739525,0.003850588807836175,0.00209330883808434,0.0020081629045307636,0.0020205990877002478,0.0019905520603060722,0.0017359433695673943,0.0018851292552426457,0.0021922579035162926,0.0016877874732017517,0.0017673264956101775,0.00183579558506608,0.0024735580664128065,0.0029979252722114325
