,lapgyn4_anatomical_structures,lapgyn4_surgical_actions,lapgyn4_instrument_count,lapgyn4_anatomical_actions,sklin2_skin_lesions,identify_nbi_infframes,laryngeal_tissues,nerthus_bowel_cleansing_quality,stanford_dogs_image_categorization,svhn,caltech101_object_classification,caltech256_object_classification,cifar10_object_classification,cifar100_object_classification,mnist_digit_classification,emnist_digit_classification,hyperkvasir_anatomical-landmarks,hyperkvasir_pathological-findings,hyperkvasir_quality-of-mucosal-views,hyperkvasir_therapeutic-interventions,cholec80_grasper_presence,cholec80_bipolar_presence,cholec80_hook_presence,cholec80_scissors_presence,cholec80_clipper_presence,cholec80_irrigator_presence,cholec80_specimenbag_presence,derm7pt_skin_lesions,idle_action_recognition,barretts_esophagus_diagnosis,brain_tumor_classification,mednode_melanoma_classification,brain_tumor_type_classification,chexpert_enlarged_cardiomediastinum,chexpert_cardiomegaly,chexpert_lung_opacity,chexpert_lung_lesion,chexpert_edema,chexpert_consolidation,chexpert_pneumonia,chexpert_atelectasis,chexpert_pneumothorax,chexpert_pleural_effusion,chexpert_pleural_other,chexpert_fracture,chexpert_support_devices,pneumonia_classification,ph2-melanocytic-lesions-classification,covid_xray_classification,isic20_melanoma_classification,deep_drid_dr_level,shenzen_chest_xray_tuberculosis,crawled_covid_ct_classification,deep_drid_quality,deep_drid_clarity,deep_drid_field,deep_drid_artifact,kvasir_capsule_anatomy,kvasir_capsule_content,kvasir_capsule_pathologies,breast_cancer_classification_v2,eye_condition_classification,mura_xr_wrist,mura_xr_shoulder,mura_xr_humerus,mura_xr_hand,mura_xr_forearm,mura_xr_finger,mura_xr_elbow,bean_plant_disease_classification,aptos19_blindness_detection,lapgyn4_anatomical_structures --shrink_train 800,lapgyn4_surgical_actions --shrink_train 800,lapgyn4_instrument_count --shrink_train 800,lapgyn4_anatomical_actions --shrink_train 800,laryngeal_tissues --shrink_train 800,nerthus_bowel_cleansing_quality --shrink_train 800,svhn --shrink_train 800,cifar10_object_classification --shrink_train 800,mnist_digit_classification --shrink_train 800,hyperkvasir_anatomical-landmarks --shrink_train 800,hyperkvasir_pathological-findings --shrink_train 800,hyperkvasir_quality-of-mucosal-views --shrink_train 800,hyperkvasir_therapeutic-interventions --shrink_train 800,cholec80_grasper_presence --shrink_train 800,cholec80_bipolar_presence --shrink_train 800,cholec80_hook_presence --shrink_train 800,cholec80_scissors_presence --shrink_train 800,cholec80_clipper_presence --shrink_train 800,cholec80_irrigator_presence --shrink_train 800,cholec80_specimenbag_presence --shrink_train 800,idle_action_recognition --shrink_train 800,brain_tumor_classification --shrink_train 800,brain_tumor_type_classification --shrink_train 800,chexpert_enlarged_cardiomediastinum --shrink_train 800,chexpert_cardiomegaly --shrink_train 800,chexpert_lung_opacity --shrink_train 800,chexpert_lung_lesion --shrink_train 800,chexpert_edema --shrink_train 800,chexpert_consolidation --shrink_train 800,chexpert_pneumonia --shrink_train 800,chexpert_atelectasis --shrink_train 800,chexpert_pneumothorax --shrink_train 800,chexpert_pleural_effusion --shrink_train 800,chexpert_pleural_other --shrink_train 800,chexpert_fracture --shrink_train 800,chexpert_support_devices --shrink_train 800,pneumonia_classification --shrink_train 800,covid_xray_classification --shrink_train 800,isic20_melanoma_classification --shrink_train 800,deep_drid_dr_level --shrink_train 800,deep_drid_quality --shrink_train 800,deep_drid_clarity --shrink_train 800,deep_drid_field --shrink_train 800,deep_drid_artifact --shrink_train 800,kvasir_capsule_anatomy --shrink_train 800,kvasir_capsule_content --shrink_train 800,kvasir_capsule_pathologies --shrink_train 800,mura_xr_wrist --shrink_train 800,mura_xr_shoulder --shrink_train 800,mura_xr_humerus --shrink_train 800,mura_xr_hand --shrink_train 800,mura_xr_forearm --shrink_train 800,mura_xr_finger --shrink_train 800,mura_xr_elbow --shrink_train 800,bean_plant_disease_classification --shrink_train 800,aptos19_blindness_detection --shrink_train 800
lapgyn4_anatomical_structures,0.0,0.00010014632425736636,0.00010014630970545113,0.00010020589979831129,0.0001012274733511731,0.00010242622374789789,0.00010090026626130566,0.00010017637396231294,0.00010015472071245313,0.00010014094732468948,0.00010017595195677131,0.00010014517465606332,0.00010017573367804289,0.00010013800783781335,0.00010013717837864533,0.00010013565770350397,0.00010022612696047872,0.00010023597133113071,0.00010029607801698148,0.00010029648547060788,0.00010014595318352804,0.00010014088184107095,0.00010014616418629885,0.00010013628343585879,0.0001001361888484098,0.00010019567707786337,0.00010013647261075675,0.00010062621731776744,0.00010016586020356044,0.00010126634151674807,0.00010018463945016265,0.000101805868325755,0.00010020512854680419,0.00010014542931457981,0.00010013563587563112,0.00010013630526373163,0.00010016633314080536,0.00010013587598223239,0.00010014581494033337,0.00010016530723078176,0.00010013580322265625,0.00010013651626650244,0.00010013589053414762,0.00010020607442129403,0.00010018505417974666,0.00010013609426096082,0.00010019545879913494,0.00010157598444493487,0.00010028581891674548,0.0001001442433334887,0.00010033817670773715,0.0001006661041174084,0.00010048529657069594,0.0001004186924546957,0.00010041246423497796,0.00010040878260042518,0.00010038331674877554,0.00010018641478382051,0.00010014654253609478,0.00010014592407969758,0.0001007060200208798,0.00010067326365970075,0.00010016480518970639,0.00010016493615694344,0.00010105613910127431,0.00010019601904787123,0.00010024508083006367,0.0001002321660052985,0.0001001753771561198,0.00010036546154879034,0.00010027513053501025,,0.00010034620208898559,0.00010039579501608387,0.00010039564222097397,0.00010108202695846558,0.00010039631888503209,0.00010093795572174713,0.00010053828009404242,0.00010063257650472224,0.0001004661971819587,0.00010041671339422464,0.00010041623318102211,0.00010044734517578036,0.00010044642840512097,0.00010044834925793111,0.00010045292583527043,0.00010044631198979914,0.0001004459845717065,0.00010044810187537223,0.00010044671944342554,0.00010045495582744479,0.00010044780356111005,0.00010041540372185409,0.00010044610826298594,0.00010044651571661234,0.00010044559166999534,0.00010044591908808798,0.00010044602822745219,0.00010044580994872376,0.00010044628288596869,0.00010044592636404559,0.00010044687951449305,0.00010044491500593722,0.00010044527880381793,0.00010034581646323204,0.00010044705413747579,0.00010044539521913975,0.00010044514783658087,0.00010034878505393863,0.00010047182149719447,0.00010045823728432879,0.00010047282557934523,0.00010047333489637822,0.0001004798396024853,0.00010044629743788391,0.00010039613698609173,0.00010045642557088286,0.00010044503142125905,0.00010047551768366247,0.00010063226363854483,0.00010044565715361387,0.00010044530063169077,0.00010044610826298594,0.00010044609371107072,0.00010041586210718378,0.00010039633343694732
lapgyn4_surgical_actions,0.00010014632425736636,0.0,0.00010001710325013846,0.00010007669334299862,0.00010109826689586043,0.00010229701729258522,0.00010077105980599299,0.00010004716750700027,0.00010002551425714046,0.00010001174086937681,0.00010004674550145864,0.00010001596820075065,0.00010004652722273022,0.00010000880138250068,0.00010000797192333266,0.0001000064512481913,0.00010009692050516605,0.00010010676487581804,0.00010016687156166881,0.00010016727901529521,0.00010001674672821537,0.00010001167538575828,0.00010001695773098618,0.00010000707698054612,0.00010000698239309713,0.0001000664706225507,0.00010000726615544409,0.00010049701086245477,0.00010003665374824777,0.0001011371350614354,0.00010005543299484998,0.00010167666187044233,0.00010007592209149152,0.00010001622285926715,0.00010000642942031845,0.00010000709880841896,0.0001000371266854927,0.00010000666952691972,0.0001000166084850207,0.0001000361007754691,0.00010000659676734358,0.00010000730981118977,0.00010000668407883495,0.00010007686796598136,0.00010005584772443399,0.00010000688780564815,0.00010006625234382227,0.0001014467779896222,0.00010015661246143281,0.00010001503687817603,0.00010020897025242448,0.00010053689766209573,0.00010035609011538327,0.00010028948599938303,0.00010028325777966529,0.00010027957614511251,0.00010025411029346287,0.00010005720832850784,0.00010001733608078212,0.00010001671762438491,0.00010057681356556714,0.00010054405720438808,0.00010003559873439372,0.00010003572970163077,0.00010092693264596164,0.00010006681259255856,0.000100115874374751,0.00010010295954998583,0.00010004617070080712,0.00010023625509347767,0.00010014592407969758,0.00010025683150161058,,0.0001002665885607712,0.0001002664357656613,0.00010095282050315291,0.00010026711242971942,0.00010080874926643446,0.00010040907363872975,0.00010050337004940957,0.00010033699072664604,0.00010028750693891197,0.00010028702672570944,0.00010031813872046769,0.0001003172219498083,0.00010031914280261844,0.00010032371937995777,0.00010031710553448647,0.00010031677811639383,0.00010031889542005956,0.00010031751298811287,0.00010032574937213212,0.00010031859710579738,0.00010028619726654142,0.00010031690180767328,0.00010031730926129967,0.00010031638521468267,0.0001003167126327753,0.00010031682177213952,0.0001003166034934111,0.00010031707643065602,0.00010031671990873292,0.00010031767305918038,0.00010031570855062455,0.00010031607234850526,0.00010021661000791937,0.00010031784768216312,0.00010031618876382709,0.0001003159413812682,0.00010021957859862596,0.0001003426150418818,0.00010032903082901612,0.00010034361912403256,0.00010034412844106555,0.00010035063314717263,0.00010031709098257124,0.00010026693053077906,0.00010032721911557019,0.00010031582496594638,0.0001003463112283498,0.00010050305718323216,0.0001003164506983012,0.0001003160941763781,0.00010031690180767328,0.00010031688725575805,0.00010028665565187111,0.00010026712698163465
lapgyn4_instrument_count,0.00010014630970545113,0.00010001710325013846,0.0,0.0001000766787910834,0.0001010982523439452,0.00010229701001662761,0.00010077105253003538,0.00010004716023104265,0.00010002549970522523,0.0001000117335934192,0.00010004673822550103,0.00010001595364883542,0.00010004651267081499,0.00010000879410654306,0.00010000796464737505,0.00010000643669627607,0.00010009691322920844,0.00010010675759986043,0.0001001668642857112,0.0001001672717393376,0.00010001673945225775,0.00010001166810980067,0.00010001694317907095,0.00010000706242863089,0.00010000697511713952,0.00010006646334659308,0.00010000725160352886,0.00010049699631053954,0.00010003664647229016,0.00010113712050952017,0.00010005541844293475,0.00010167665459448472,0.00010007590753957629,0.00010001621558330953,0.00010000642214436084,0.00010000709153246135,0.00010003711213357747,0.00010000666225096211,0.00010001659393310547,0.00010003609349951148,0.00010000658949138597,0.00010000729525927454,0.00010000666952691972,0.00010007685341406614,0.00010005584044847637,0.00010000688052969053,0.00010006624506786466,0.00010144677071366459,0.00010015659790951759,0.0001000150223262608,0.00010020895570050925,0.0001005368831101805,0.00010035607556346804,0.0001002894714474678,0.00010028324322775006,0.00010027956159319729,0.00010025409574154764,0.00010005719377659261,0.00010001732152886689,0.0001000167103484273,0.00010057679901365191,0.00010054404265247285,0.0001000355914584361,0.00010003572242567316,0.00010092692537000403,0.00010006680531660095,0.00010011586709879339,0.0001001029449980706,0.00010004616342484951,0.00010023624054156244,0.00010014591680373996,0.00010025681694969535,0.00010021698835771531,,0.00010026642121374607,0.00010095280595123768,0.0001002671051537618,0.00010080874199047685,0.00010040906636277214,0.00010050335549749434,0.00010033698345068842,0.00010028749238699675,0.00010028701217379421,0.00010031812416855246,0.00010031720739789307,0.00010031912825070322,0.00010032371210400015,0.00010031709825852886,0.00010031677084043622,0.00010031888086814433,0.00010031750571215525,0.0001003257348202169,0.00010031858982983977,0.00010028618271462619,0.00010031688725575805,0.00010031730198534206,0.00010031637793872505,0.00010031669808086008,0.0001003168144961819,0.00010031659621745348,0.00010031706187874079,0.0001003167126327753,0.00010031766578322276,0.00010031569399870932,0.00010031605779659003,0.00010021659545600414,0.00010031783313024789,0.00010031617421191186,0.00010031592682935297,0.00010021957132266834,0.00010034260048996657,0.0001003290235530585,0.00010034361184807494,0.00010034411388915032,0.0001003506185952574,0.00010031707643065602,0.00010026691597886384,0.00010032720456365496,0.00010031581041403115,0.00010034629667643458,0.00010050304990727454,0.00010031643614638597,0.00010031608690042049,0.00010031688725575805,0.00010031687270384282,0.0001002866483759135,0.00010026711970567703
lapgyn4_anatomical_actions,0.00010020589979831129,0.00010007669334299862,0.0001000766787910834,0.0,0.00010115784243680537,0.00010235659283353016,0.00010083063534693792,0.0001001067430479452,0.00010008508979808539,0.00010007131641032174,0.00010010632104240358,0.00010007554374169558,0.00010010610276367515,0.00010006837692344561,0.0001000675474642776,0.00010006602678913623,0.00010015649604611099,0.00010016634041676298,0.00010022644710261375,0.00010022685455624014,0.0001000763222691603,0.00010007125092670321,0.00010007653327193111,0.00010006665252149105,0.00010006655793404207,0.00010012604616349563,0.00010006684169638902,0.0001005565864033997,0.0001000962292891927,0.00010119671060238034,0.00010011500853579491,0.00010173623741138726,0.00010013549763243645,0.00010007579840021208,0.00010006600496126339,0.0001000666743493639,0.00010009670222643763,0.00010006624506786466,0.00010007618402596563,0.00010009567631641403,0.00010006617230828851,0.0001000668853521347,0.00010006625961977988,0.0001001364435069263,0.00010011542326537892,0.00010006646334659308,0.0001001258278847672,0.00010150635353056714,0.00010021618800237775,0.00010007461241912097,0.00010026854579336941,0.00010059647320304066,0.0001004156656563282,0.00010034906154032797,0.00010034283332061023,0.00010033915168605745,0.0001003136858344078,0.00010011678386945277,0.00010007691162172705,0.00010007629316532984,0.00010063638910651207,0.00010060363274533302,0.00010009517427533865,0.0001000953052425757,0.00010098650818690658,0.0001001263881335035,0.00010017544991569594,0.00010016253509093076,0.00010010574624175206,0.0001002958306344226,0.00010020549962064251,0.00010031640704255551,0.00010027657117461786,0.00010032616410171613,,0.00010101239604409784,0.00010032668797066435,0.0001008683248073794,0.00010046864917967469,0.0001005629455903545,0.00010039656626759097,0.00010034708247985691,0.00010034660226665437,0.00010037771426141262,0.00010037679749075323,0.00010037871834356338,0.0001003832949209027,0.0001003766810754314,0.00010037635365733877,0.0001003784709610045,0.0001003770885290578,0.00010038532491307706,0.00010037817264674231,0.00010034577280748636,0.00010037647734861821,0.0001003768848022446,0.0001003759607556276,0.00010037628817372024,0.00010037639731308445,0.00010037617903435603,0.00010037665197160095,0.00010037629544967785,0.00010037724860012531,0.00010037528409156948,0.00010037564788945019,0.0001002761855488643,0.00010037742322310805,0.00010037576430477202,0.00010037551692221314,0.00010027915413957089,0.00010040219058282673,0.00010038860636996105,0.00010040319466497749,0.00010040370398201048,0.00010041020868811756,0.00010037666652351618,0.000100326506071724,0.00010038679465651512,0.00010037540050689131,0.00010040588676929474,0.00010056263272417709,0.00010037602623924613,0.00010037566971732304,0.00010037647734861821,0.00010037646279670298,0.00010034623119281605,0.00010032670252257958
sklin2_skin_lesions,0.0001012274733511731,0.00010109826689586043,0.0001010982523439452,0.00010115784243680537,0.0,0.00010337816638639197,0.00010185220889979973,0.00010112831660080701,0.0001011066633509472,0.00010109288996318355,0.00010112789459526539,0.00010109711729455739,0.00010112767631653696,0.00010108995047630742,0.0001010891210171394,0.00010108760034199804,0.0001011780695989728,0.00010118791396962479,0.00010124802065547556,0.00010124842810910195,0.00010109789582202211,0.00010109282447956502,0.00010109810682479292,0.00010108822607435286,0.00010108813148690388,0.00010114761971635744,0.00010108841524925083,0.00010157815995626152,0.00010111780284205452,0.00010221828415524215,0.00010113658208865672,0.00010275781096424907,0.00010115707118529826,0.00010109737195307389,0.0001010875785141252,0.0001010882479022257,0.00010111827577929944,0.00010108781862072647,0.00010109775757882744,0.00010111724986927584,0.00010108774586115032,0.00010108845890499651,0.0001010878331726417,0.00010115801705978811,0.00010113699681824073,0.00010108803689945489,0.00010114740143762901,0.00010252792708342895,0.00010123776155523956,0.00010109618597198278,0.00010129011934623122,0.00010161804675590247,0.00010143723920919001,0.00010137063509318978,0.00010136440687347203,0.00010136072523891926,0.00010133525938726962,0.00010113835742231458,0.00010109848517458886,0.00010109786671819165,0.00010165796265937388,0.00010162520629819483,0.00010111674782820046,0.00010111687879543751,0.00010200808173976839,0.0001011479616863653,0.00010119702346855775,0.00010118410864379257,0.00010112731979461387,0.00010131740418728441,0.00010122707317350432,0.00010133798059541732,0.00010129814472747967,0.00010134773765457794,0.00010134758485946804,0.00010203396959695965,0.00010134826152352616,0.0001018898983602412,0.0001014902227325365,0.00010158451914321631,0.00010141813982045278,0.00010136865603271872,0.00010136817581951618,0.00010139928781427443,0.00010139837104361504,0.00010140029189642519,0.00010140486847376451,0.00010139825462829322,0.00010139792721020058,0.0001014000445138663,0.00010139866208191961,0.00010140689846593887,0.00010139974619960412,0.00010136734636034817,0.00010139805090148002,0.00010139845835510641,0.00010139753430848941,0.00010139786172658205,0.00010139797086594626,0.00010139775258721784,0.00010139822552446276,0.00010139786900253966,0.00010139882215298712,0.00010139685764443129,0.000101397221442312,0.00010129775910172611,0.00010139899677596986,0.00010139733785763383,0.00010139709047507495,0.0001013007276924327,0.00010142376413568854,0.00010141017992282286,0.0001014247682178393,0.0001014252775348723,0.00010143178224097937,0.00010139824007637799,0.00010134807962458581,0.00010140836820937693,0.00010139697405975312,0.00010142746032215655,0.0001015842062770389,0.00010139759979210794,0.00010139724327018484,0.00010139805090148002,0.00010139803634956479,0.00010136780474567786,0.00010134827607544139
identify_nbi_infframes,0.00010242622374789789,0.00010229701729258522,0.00010229701001662761,0.00010235659283353016,0.00010337816638639197,0.0,0.00010305095929652452,0.00010232707427348942,0.00010230541374767199,0.00010229164035990834,0.00010232665226794779,0.00010229586769128218,0.00010232642671326175,0.00010228870087303221,0.0001022878714138642,0.00010228634346276522,0.0001023768272716552,0.00010238666436634958,0.00010244677832815796,0.00010244718578178436,0.0001022966462187469,0.00010229158215224743,0.0001022968499455601,0.00010228697647107765,0.00010228688188362867,0.00010234637011308223,0.000102287158370018,0.0001027769103529863,0.0001023165532387793,0.00010341702727600932,0.00010233533248538151,0.00010395656863693148,0.00010235581430606544,0.00010229612234979868,0.00010228632891084999,0.0001022869982989505,0.00010231701890006661,0.00010228657629340887,0.00010229650069959462,0.00010231600026600063,0.00010228650353383273,0.0001022872093017213,0.00010228658356936648,0.0001023567674565129,0.00010233574721496552,0.0001022867945721373,0.0001023461518343538,0.00010372667748015374,0.00010243651195196435,0.00010229493636870757,0.0001024888624669984,0.00010281679715262726,0.0001026359896059148,0.00010256937821395695,0.00010256315727019683,0.00010255947563564405,0.0001025340097839944,0.00010233710781903937,0.00010229723557131365,0.00010229661711491644,0.00010285671305609867,0.000102823949418962,0.00010231550550088286,0.00010231563646811992,0.00010320683941245079,0.00010234671935904771,0.00010239577386528254,0.00010238285904051736,0.00010232607019133866,0.00010251614730805159,0.00010242582357022911,0.00010253673099214211,0.00010249689512420446,0.00010254648805130273,0.00010254633525619283,0.00010323271999368444,0.00010254701192025095,0.000103088648756966,0.0001026889804052189,0.0001027832695399411,0.00010261689021717757,0.0001025673991534859,0.00010256692621624097,0.0001025980309350416,0.00010259712144033983,0.00010259904229314998,0.0001026036188704893,0.00010259701230097562,0.00010259667760692537,0.0001025987949105911,0.00010259741975460202,0.00010260564886266366,0.00010259849659632891,0.00010256608948111534,0.0001025967940222472,0.00010259721602778882,0.0001025962847052142,0.00010259661212330684,0.00010259672126267105,0.00010259650298394263,0.00010259697592118755,0.00010259661939926445,0.00010259757982566953,0.00010259560804115608,0.00010259597183903679,0.0001024965094984509,0.00010259774717269465,0.000102596080978401,0.00010259584087179974,0.0001024994853651151,0.00010262251453241333,0.00010260893031954765,0.0001026235258905217,0.00010262402793159708,0.00010263053263770416,0.00010259699047310278,0.0001025468300213106,0.00010260711860610172,0.00010259572445647791,0.00010262621071888134,0.00010278295667376369,0.00010259635018883273,0.00010259599366690964,0.0001025967940222472,0.00010259678674628958,0.00010256655514240265,0.00010254702647216618
laryngeal_tissues,0.00010090026626130566,0.00010077105980599299,0.00010077105253003538,0.00010083063534693792,0.00010185220889979973,0.00010305095929652452,0.0,0.00010080111678689718,0.00010077945626107976,0.00010076568287331611,0.00010080069478135556,0.00010076991020468995,0.00010080046922666952,0.00010076274338643998,0.00010076191392727196,0.00010076038597617298,0.00010085086978506297,0.00010086070687975734,0.00010092082084156573,0.00010092122829519212,0.00010077068873215467,0.0001007656246656552,0.00010077089245896786,0.00010076101898448542,0.00010076092439703643,0.00010082041262649,0.00010076120088342577,0.00010125095286639407,0.00010079059575218707,0.00010189106978941709,0.00010080937499878928,0.00010243061115033925,0.00010082985681947321,0.00010077016486320645,0.00010076037142425776,0.00010076104081235826,0.00010079106141347438,0.00010076061880681664,0.00010077054321300238,0.0001007900427794084,0.0001007605460472405,0.00010076125181512907,0.00010076062608277425,0.00010083080996992067,0.00010080978972837329,0.00010076083708554506,0.00010082019434776157,0.0001022007199935615,0.00010091055446537212,0.00010076897888211533,0.00010096290498040617,0.00010129083966603503,0.00010111003211932257,0.00010104342072736472,0.00010103719978360459,0.00010103351814905182,0.00010100805229740217,0.00010081115033244714,0.00010077127808472142,0.00010077065962832421,0.00010133075556950644,0.00010129799193236977,0.00010078954801429063,0.00010078967898152769,0.00010168088192585856,0.00010082076187245548,0.0001008698163786903,0.00010085690155392513,0.00010080011270474643,0.00010099018982145935,0.00010089986608363688,0.00010101077350554988,0.00010097093763761222,0.0001010205305647105,0.0001010203777696006,,0.00010102105443365872,0.00010156269127037376,0.00010116302291862667,0.00010125731205334887,0.00010109093273058534,0.00010104144166689366,0.00010104096872964874,0.00010107207344844937,0.0001010711639537476,0.00010107308480655774,0.00010107766138389707,0.00010107105481438339,0.00010107072012033314,0.00010107283742399886,0.00010107146226800978,0.00010107969137607142,0.00010107253910973668,0.00010104013199452311,0.00010107083653565496,0.00010107125854119658,0.00010107032721862197,0.00010107065463671461,0.00010107076377607882,0.0001010705454973504,0.00010107101843459532,0.00010107066191267222,0.0001010716223390773,0.00010106965055456385,0.00010107001435244456,0.00010097055201185867,0.00010107178968610242,0.00010107012349180877,0.0001010698833852075,0.00010097352787852287,0.0001010965570458211,0.00010108297283295542,0.00010109756840392947,0.00010109807044500485,0.00010110457515111193,0.00010107103298651055,0.00010102087253471836,0.00010108116111950949,0.00010106976696988568,0.0001011002532322891,0.00010125699918717146,0.0001010703927022405,0.0001010700361803174,0.00010107083653565496,0.00010107082925969735,0.00010104059765581042,0.00010102106898557395
nerthus_bowel_cleansing_quality,0.00010017637396231294,0.00010004716750700027,0.00010004716023104265,0.0001001067430479452,0.00010112831660080701,0.00010232707427348942,0.00010080111678689718,0.0,0.00010005556396208704,0.000100041797850281,0.00010007680248236284,0.00010004601790569723,0.0001000765769276768,0.00010003885836340487,0.00010003802890423685,0.00010003650095313787,0.00010012697748607025,0.00010013682185672224,0.000100196928542573,0.0001001973359961994,0.00010004680370911956,0.00010004173236666247,0.00010004700743593276,0.0001000371266854927,0.00010003703937400132,0.00010009652760345489,0.00010003731586039066,0.00010052706056740135,0.00010006671072915196,0.00010116718476638198,0.00010008548269979656,0.00010170671885134652,0.0001001059717964381,0.00010004627984017134,0.00010003648640122265,0.00010003715578932315,0.00010006717639043927,0.00010003672650782391,0.00010004665818996727,0.00010006615775637329,0.00010003665374824777,0.00010003735951613635,0.00010003673378378153,0.00010010691767092794,0.00010008590470533818,0.00010003694478655234,0.00010009630932472646,0.0001014768349705264,0.00010018666216637939,0.00010004508658312261,0.00010023901995737106,0.0001005669473670423,0.00010038613982032984,0.00010031953570432961,0.00010031330748461187,0.00010030962585005909,0.00010028415999840945,0.00010008725803345442,0.00010004738578572869,0.0001000467746052891,0.00010060686327051371,0.00010057410690933466,0.00010006565571529791,0.00010006578668253496,0.00010095698962686583,0.00010009686957346275,0.0001001459313556552,0.0001001330092549324,0.00010007622768171132,0.00010026630479842424,0.00010017598106060177,0.00010028688120655715,0.00010024705261457711,0.00010029664554167539,0.00010029648547060788,0.00010098287020809948,,0.00010083880624733865,0.00010043913061963394,0.00010053341975435615,0.00010036704770755023,0.00010031755664385855,0.00010031707643065602,0.00010034818842541426,0.00010034727165475488,0.00010034919250756502,0.00010035377636086196,0.00010034716251539066,0.00010034683509729803,0.00010034894512500614,0.00010034756996901706,0.0001003557990770787,0.00010034865408670157,0.000100316246971488,0.00010034695151261985,0.00010034736624220386,0.00010034644219558686,0.00010034676233772188,0.00010034687875304371,0.00010034666047431529,0.0001003471261356026,0.00010034677688963711,0.00010034773004008457,0.00010034575825557113,0.00010034612205345184,0.00010024665971286595,0.0001003478973871097,0.00010034623846877366,0.00010034599108621478,0.00010024963557953015,0.00010037266474682838,0.00010035908780992031,0.00010037367610493675,0.00010037417814601213,0.00010038068285211921,0.00010034714068751782,0.00010029698023572564,0.00010035726882051677,0.00010034587467089295,0.00010037636093329638,0.00010053311416413635,0.00010034650040324777,0.00010034615115728229,0.00010034695151261985,0.00010034693696070462,0.0001003167126327753,0.00010029718396253884
stanford_dogs_image_categorization,0.00010015472071245313,0.00010002551425714046,0.00010002549970522523,0.00010008508979808539,0.0001011066633509472,0.00010230541374767199,0.00010077945626107976,0.00010005556396208704,0.0,0.00010002013732446358,0.00010005514195654541,0.00010002436465583742,0.00010005492367781699,0.00010001719783758745,0.00010001636837841943,0.00010001484770327806,0.00010010531696025282,0.00010011516133090481,0.00010017526801675558,0.00010017567547038198,0.00010002514318330213,0.00010002007184084505,0.00010002535418607295,0.00010001547343563288,0.0001000153788481839,0.00010007486707763746,0.00010001566261053085,0.00010050540731754154,0.00010004505020333454,0.00010114553151652217,0.00010006382944993675,0.0001016850583255291,0.00010008431854657829,0.00010002461931435391,0.00010001482587540522,0.00010001549526350573,0.00010004552314057946,0.00010001506598200649,0.00010002500494010746,0.00010004449723055586,0.00010001499322243035,0.00010001570626627654,0.00010001508053392172,0.00010008526442106813,0.00010006424417952076,0.00010001528426073492,0.00010007464879890904,0.00010145517444470897,0.00010016500891651958,0.0001000234333332628,0.00010021736670751125,0.00010054529411718249,0.00010036448657047004,0.0001002978824544698,0.00010029165423475206,0.00010028797260019928,0.00010026250674854964,0.00010006560478359461,0.00010002573253586888,0.00010002511407947168,0.0001005852100206539,0.00010055245365947485,0.00010004399518948048,0.00010004412615671754,0.00010093532910104841,0.00010007520904764533,0.00010012427082983777,0.0001001113560050726,0.00010005456715589389,0.00010024465154856443,0.00010015432053478435,0.00010026522795669734,0.00010022539208875969,0.00010027498501585796,0.00010027483222074807,0.00010096121695823967,0.00010027550888480619,0.00010081714572152123,0.00010041747009381652,0.00010051176650449634,0.0001003453871817328,0.00010029590339399874,0.0001002954231807962,0.00010032653517555445,0.00010032561840489507,0.00010032753925770521,0.00010033211583504453,0.00010032550198957324,0.0001003251745714806,0.00010032729187514633,0.00010032590944319963,0.00010033414582721889,0.00010032699356088415,0.00010029459372162819,0.00010032529826276004,0.00010032570571638644,0.00010032478166976944,0.00010032510908786207,0.00010032521822722629,0.00010032499994849786,0.00010032547288574278,0.00010032511636381969,0.00010032606951426715,0.00010032410500571132,0.00010032446880359203,0.00010022500646300614,0.00010032624413724989,0.00010032458521891385,0.00010032433783635497,0.00010022797505371273,0.00010035101149696857,0.00010033742728410289,0.00010035201557911932,0.00010035252489615232,0.0001003590296022594,0.00010032548743765801,0.00010027532698586583,0.00010033561557065696,0.00010032422142103314,0.00010035470768343657,0.00010051145363831893,0.00010032484715338796,0.00010032449063146487,0.00010032529826276004,0.00010032528371084481,0.00010029505210695788,0.00010027552343672141
svhn,0.00010014094732468948,0.00010001174086937681,0.0001000117335934192,0.00010007131641032174,0.00010109288996318355,0.00010229164035990834,0.00010076568287331611,0.000100041797850281,0.00010002013732446358,0.0,0.00010004137584473938,0.00010001059126807377,0.00010004115029005334,0.0001000034244498238,0.00010000259499065578,0.0001000010670395568,0.00010009155084844679,0.00010010138794314116,0.00010016150190494955,0.00010016190935857594,0.00010001136979553849,0.00010000630572903901,0.00010001157352235168,0.00010000170004786924,0.00010000160546042025,0.00010006109368987381,0.00010000188194680959,0.00010049163392977789,0.00010003127681557089,0.0001011317508528009,0.0001000500560621731,0.00010167129221372306,0.00010007053788285702,0.00010001084592659026,0.00010000105248764157,0.00010000172187574208,0.0001000317424768582,0.00010000129987020046,0.0001000112242763862,0.00010003072384279221,0.00010000122711062431,0.00010000193287851289,0.00010000130714615807,0.00010007149103330448,0.00010005047079175711,0.00010000151814892888,0.00010006087541114539,0.00010144140105694532,0.00010015123552875593,0.00010000965994549915,0.00010020358604378998,0.00010053152072941884,0.00010035071318270639,0.00010028410179074854,0.00010027788084698841,0.00010027419921243563,0.00010024873336078599,0.00010005183139583096,0.00010001195914810523,0.00010001134069170803,0.00010057143663289025,0.00010053867299575359,0.00010003022907767445,0.0001000303600449115,0.00010092156298924237,0.0001000614429358393,0.00010011049744207412,0.00010009758261730894,0.00010004079376813024,0.00010023087088484317,0.0001001405471470207,0.0001002514545689337,0.00010021161870099604,0.00010026121162809432,0.00010026105883298442,0.00010094744357047603,0.00010026173549704254,,0.00010040370398201048,0.00010049799311673269,0.00010033161379396915,0.00010028212273027748,0.00010028164979303256,0.00010031275451183319,0.00010031184501713142,0.00010031376586994156,0.00010031834244728088,0.0001003117358777672,0.00010031140118371695,0.00010031351848738268,0.0001003121433313936,0.00010032037243945524,0.0001003132201731205,0.00010028081305790693,0.00010031151759903878,0.0001003119396045804,0.00010031100828200579,0.00010031133570009843,0.00010031144483946264,0.00010031122656073421,0.00010031169949797913,0.00010031134297605604,0.00010031230340246111,0.00010031033161794767,0.00010031069541582838,0.00010021123307524249,0.00010031247074948624,0.00010031080455519259,0.00010031056444859132,0.00010021420894190669,0.00010033723810920492,0.00010032365389633924,0.00010033824946731329,0.00010033875150838867,0.00010034525621449575,0.00010031171404989436,0.00010026155359810218,0.0001003218421828933,0.0001003104480332695,0.00010034093429567292,0.00010049768025055528,0.00010031107376562431,0.00010031071724370122,0.00010031151759903878,0.00010031151032308117,0.00010028127871919423,0.00010026175004895777
caltech101_object_classification,0.00010017595195677131,0.00010004674550145864,0.00010004673822550103,0.00010010632104240358,0.00010112789459526539,0.00010232665226794779,0.00010080069478135556,0.00010007680248236284,0.00010005514195654541,0.00010004137584473938,0.0,0.00010004555224440992,0.00010007615492213517,0.00010003843635786325,0.00010003760689869523,0.00010003607894759625,0.00010012655548052862,0.00010013639985118061,0.00010019650653703138,0.00010019691399065778,0.00010004638170357794,0.00010004131036112085,0.00010004658543039113,0.00010003670467995107,0.0001000366173684597,0.00010009610559791327,0.00010003689385484904,0.00010052663856185973,0.00010006628872361034,0.00010116676276084036,0.00010008506069425493,0.0001017062968458049,0.00010010554979089648,0.00010004585783462971,0.00010003606439568102,0.00010003673378378153,0.00010006675438489765,0.00010003630450228229,0.00010004623618442565,0.00010006573575083166,0.00010003623174270615,0.00010003693751059473,0.0001000363117782399,0.00010010649566538632,0.00010008548269979656,0.00010003652278101072,0.00010009588731918484,0.00010147641296498477,0.00010018624016083777,0.00010004466457758099,0.00010023859795182943,0.00010056652536150068,0.00010038571781478822,0.00010031911369878799,0.00010031288547907025,0.00010030920384451747,0.00010028373799286783,0.0001000868360279128,0.00010004696378018707,0.00010004635259974748,0.00010060644126497209,0.00010057368490379304,0.00010006523370975628,0.00010006536467699334,0.00010095656762132421,0.00010009644756792113,0.00010014550935011357,0.00010013258724939078,0.0001000758056761697,0.00010026588279288262,0.00010017555905506015,0.00010028645920101553,0.00010024663060903549,0.00010029622353613377,0.00010029606346506625,0.00010098244820255786,0.00010029674740508199,0.00010083838424179703,0.00010043870861409232,0.00010053299774881452,0.0001003666257020086,0.00010031713463831693,0.0001003166544251144,0.00010034776641987264,0.00010034684964921325,0.0001003487705020234,0.00010035335435532033,0.00010034674050984904,0.0001003464130917564,0.00010034852311946452,0.00010034714796347544,0.00010035537707153708,0.00010034823208115995,0.00010031582496594638,0.00010034652950707823,0.00010034694423666224,0.00010034602019004524,0.00010034634033218026,0.00010034645674750209,0.00010034623846877366,0.00010034670413006097,0.00010034635488409549,0.00010034730803454295,0.0001003453362500295,0.00010034570004791021,0.00010024623770732433,0.00010034747538156807,0.00010034581646323204,0.00010034556908067316,0.00010024921357398853,0.00010037224274128675,0.00010035866580437869,0.00010037325409939513,0.0001003737561404705,0.00010038026084657758,0.0001003467186819762,0.00010029655823018402,0.00010035684681497514,0.00010034545266535133,0.00010037593892775476,0.00010053269215859473,0.00010034607839770615,0.00010034572915174067,0.00010034652950707823,0.000100346514955163,0.00010031629062723368,0.00010029676195699722
caltech256_object_classification,0.00010014517465606332,0.00010001596820075065,0.00010001595364883542,0.00010007554374169558,0.00010109711729455739,0.00010229586769128218,0.00010076991020468995,0.00010004601790569723,0.00010002436465583742,0.00010001059126807377,0.00010004555224440992,0.0,0.00010004537762142718,0.00010000765178119764,0.00010000682232202962,0.00010000530164688826,0.00010009577090386301,0.000100105615274515,0.00010016572196036577,0.00010016612941399217,0.00010001559712691233,0.00010001052578445524,0.00010001580812968314,0.00010000592737924308,0.00010000583279179409,0.00010006532102124766,0.00010000611655414104,0.00010049586126115173,0.00010003550414694473,0.00010113598546013236,0.00010005428339354694,0.00010167551226913929,0.00010007477249018848,0.0001000150732579641,0.00010000527981901541,0.00010000594920711592,0.00010003597708418965,0.00010000551992561668,0.00010001545888371766,0.00010003495117416605,0.00010000544716604054,0.00010000616020988673,0.00010000553447753191,0.00010007571836467832,0.00010005469812313095,0.00010000573820434511,0.00010006510274251923,0.00010144562838831916,0.00010015546286012977,0.00010001388727687299,0.00010020782065112144,0.00010053574806079268,0.00010035494051408023,0.00010028833639807999,0.00010028210817836225,0.00010027842654380947,0.00010025296069215983,0.0001000560587272048,0.00010001618647947907,0.00010001556802308187,0.0001005756639642641,0.00010054290760308504,0.00010003444913309067,0.00010003458010032773,0.0001009257830446586,0.00010006566299125552,0.00010011472477344796,0.00010010180994868279,0.00010004502109950408,0.00010023510549217463,0.00010014477447839454,0.00010025568190030754,0.00010021584603236988,0.00010026543895946816,0.00010026528616435826,0.00010095167090184987,0.00010026596282841638,0.00010080759966513142,0.00010040792403742671,0.00010050222044810653,0.000100335841125343,0.00010028635733760893,0.0001002858771244064,0.00010031698911916465,0.00010031607234850526,0.0001003179932013154,0.00010032256977865472,0.00010031595593318343,0.0001003156285150908,0.00010031774581875652,0.00010031636338680983,0.00010032459977082908,0.00010031744750449434,0.00010028504766523838,0.00010031575220637023,0.00010031615965999663,0.00010031523561337963,0.00010031556303147227,0.00010031567217083648,0.00010031545389210805,0.00010031592682935297,0.00010031557030742988,0.00010031652345787734,0.00010031455894932151,0.00010031492274720222,0.00010021546040661633,0.00010031669808086008,0.00010031503916252404,0.00010031479177996516,0.00010021842899732292,0.00010034146544057876,0.00010032788122771308,0.00010034246952272952,0.00010034297883976251,0.00010034948354586959,0.0001003159413812682,0.00010026578092947602,0.00010032606951426715,0.00010031467536464334,0.00010034516162704676,0.00010050190758192912,0.00010031530109699816,0.00010031494457507506,0.00010031575220637023,0.000100315737654455,0.00010028550605056807,0.0001002659773803316
