,lapgyn4_anatomical_structures,lapgyn4_surgical_actions,lapgyn4_instrument_count,lapgyn4_anatomical_actions,sklin2_skin_lesions,identify_nbi_infframes,laryngeal_tissues,nerthus_bowel_cleansing_quality,stanford_dogs_image_categorization,svhn,caltech101_object_classification,caltech256_object_classification,cifar10_object_classification,cifar100_object_classification,mnist_digit_classification,emnist_digit_classification,hyperkvasir_anatomical-landmarks,hyperkvasir_pathological-findings,hyperkvasir_quality-of-mucosal-views,hyperkvasir_therapeutic-interventions,cholec80_grasper_presence,cholec80_bipolar_presence,cholec80_hook_presence,cholec80_scissors_presence,cholec80_clipper_presence,cholec80_irrigator_presence,cholec80_specimenbag_presence,derm7pt_skin_lesions,idle_action_recognition,barretts_esophagus_diagnosis,brain_tumor_classification,mednode_melanoma_classification,brain_tumor_type_classification,chexpert_enlarged_cardiomediastinum,chexpert_cardiomegaly,chexpert_lung_opacity,chexpert_lung_lesion,chexpert_edema,chexpert_consolidation,chexpert_pneumonia,chexpert_atelectasis,chexpert_pneumothorax,chexpert_pleural_effusion,chexpert_pleural_other,chexpert_fracture,chexpert_support_devices,pneumonia_classification,ph2-melanocytic-lesions-classification,covid_xray_classification,isic20_melanoma_classification,deep_drid_dr_level,shenzen_chest_xray_tuberculosis,crawled_covid_ct_classification,deep_drid_quality,deep_drid_clarity,deep_drid_field,deep_drid_artifact,kvasir_capsule_anatomy,kvasir_capsule_content,kvasir_capsule_pathologies,breast_cancer_classification_v2,eye_condition_classification,mura_xr_wrist,mura_xr_shoulder,mura_xr_humerus,mura_xr_hand,mura_xr_forearm,mura_xr_finger,mura_xr_elbow,bean_plant_disease_classification,aptos19_blindness_detection,lapgyn4_anatomical_structures --shrink_train 800,lapgyn4_surgical_actions --shrink_train 800,lapgyn4_instrument_count --shrink_train 800,lapgyn4_anatomical_actions --shrink_train 800,laryngeal_tissues --shrink_train 800,nerthus_bowel_cleansing_quality --shrink_train 800,svhn --shrink_train 800,cifar10_object_classification --shrink_train 800,mnist_digit_classification --shrink_train 800,hyperkvasir_anatomical-landmarks --shrink_train 800,hyperkvasir_pathological-findings --shrink_train 800,hyperkvasir_quality-of-mucosal-views --shrink_train 800,hyperkvasir_therapeutic-interventions --shrink_train 800,cholec80_grasper_presence --shrink_train 800,cholec80_bipolar_presence --shrink_train 800,cholec80_hook_presence --shrink_train 800,cholec80_scissors_presence --shrink_train 800,cholec80_clipper_presence --shrink_train 800,cholec80_irrigator_presence --shrink_train 800,cholec80_specimenbag_presence --shrink_train 800,idle_action_recognition --shrink_train 800,brain_tumor_classification --shrink_train 800,brain_tumor_type_classification --shrink_train 800,chexpert_enlarged_cardiomediastinum --shrink_train 800,chexpert_cardiomegaly --shrink_train 800,chexpert_lung_opacity --shrink_train 800,chexpert_lung_lesion --shrink_train 800,chexpert_edema --shrink_train 800,chexpert_consolidation --shrink_train 800,chexpert_pneumonia --shrink_train 800,chexpert_atelectasis --shrink_train 800,chexpert_pneumothorax --shrink_train 800,chexpert_pleural_effusion --shrink_train 800,chexpert_pleural_other --shrink_train 800,chexpert_fracture --shrink_train 800,chexpert_support_devices --shrink_train 800,pneumonia_classification --shrink_train 800,covid_xray_classification --shrink_train 800,isic20_melanoma_classification --shrink_train 800,deep_drid_dr_level --shrink_train 800,deep_drid_quality --shrink_train 800,deep_drid_clarity --shrink_train 800,deep_drid_field --shrink_train 800,deep_drid_artifact --shrink_train 800,kvasir_capsule_anatomy --shrink_train 800,kvasir_capsule_content --shrink_train 800,kvasir_capsule_pathologies --shrink_train 800,mura_xr_wrist --shrink_train 800,mura_xr_shoulder --shrink_train 800,mura_xr_humerus --shrink_train 800,mura_xr_hand --shrink_train 800,mura_xr_forearm --shrink_train 800,mura_xr_finger --shrink_train 800,mura_xr_elbow --shrink_train 800,bean_plant_disease_classification --shrink_train 800,aptos19_blindness_detection --shrink_train 800
lapgyn4_anatomical_structures,0.0,0.21599388122558594,0.2792811393737793,0.4922637939453125,1.442885398864746,1.1895866394042969,2.553809642791748,1.160313606262207,1.5721015930175781,2.764866352081299,1.2327079772949219,1.2065649032592773,1.8045506477355957,1.7024917602539062,2.8527727127075195,2.9534597396850586,0.6086969375610352,0.5757060050964355,0.8938899040222168,0.804314136505127,0.44353675842285156,0.4458327293395996,0.4579620361328125,0.45356225967407227,0.4396090507507324,0.45163917541503906,0.45197105407714844,1.3987841606140137,1.3207693099975586,1.4817485809326172,2.0193357467651367,1.7393770217895508,2.3573384284973145,1.5220022201538086,1.6014842987060547,1.6604547500610352,1.5491523742675781,1.6645078659057617,1.5607972145080566,1.523313045501709,1.6547789573669434,1.5972042083740234,1.593099594116211,1.54056978225708,1.5651159286499023,1.7170319557189941,1.972407341003418,1.5571269989013672,1.9778251647949219,1.6005558967590332,2.547306537628174,2.066669464111328,1.8233237266540527,2.5642762184143066,2.537794589996338,2.530655860900879,2.5423994064331055,1.8487873077392578,1.8220038414001465,1.7660560607910156,2.2539634704589844,3.209138870239258,2.074038028717041,1.5662117004394531,1.8039746284484863,1.8633193969726562,1.8338260650634766,1.7889094352722168,1.8629512786865234,1.9250636100769043,2.304083824157715,,0.28934669494628906,0.25995349884033203,0.5263075828552246,2.5321450233459473,1.1646990776062012,2.7748379707336426,1.8308253288269043,2.849886417388916,0.6113348007202148,0.5769290924072266,0.927398681640625,0.8005928993225098,0.46532201766967773,0.4440441131591797,0.4469566345214844,0.48008012771606445,0.4692859649658203,0.4561643600463867,0.4772653579711914,1.367887020111084,2.0161666870117188,2.330059051513672,1.5723505020141602,1.5709686279296875,1.6418471336364746,1.56964111328125,1.6592950820922852,1.5249662399291992,1.5316781997680664,1.6543865203857422,1.6544971466064453,1.6067490577697754,1.5425329208374023,1.5529680252075195,1.68607759475708,1.9753365516662598,1.9785528182983398,1.6183032989501953,2.5355215072631836,2.583205223083496,2.565342426300049,2.5641140937805176,2.5410728454589844,1.8182849884033203,1.8085103034973145,1.7524843215942383,2.0717663764953613,1.5398101806640625,1.8306026458740234,1.861903190612793,1.799891471862793,1.7810158729553223,1.8356108665466309,1.8807849884033203,2.3327341079711914
lapgyn4_surgical_actions,0.21599388122558594,0.0,0.08552789688110352,0.15763378143310547,1.6150164604187012,1.3312616348266602,2.7097716331481934,1.1816000938415527,1.6495332717895508,2.8211913108825684,1.2377586364746094,1.1839303970336914,1.8170595169067383,1.7350406646728516,2.8592357635498047,2.972114086151123,0.7685580253601074,0.7436919212341309,0.9464554786682129,0.8034672737121582,0.3190174102783203,0.3241596221923828,0.33220958709716797,0.32623291015625,0.32539939880371094,0.3366580009460449,0.3354344367980957,1.499420166015625,1.1963014602661133,1.6223154067993164,2.195491313934326,1.9855575561523438,2.3911781311035156,1.5490102767944336,1.611231803894043,1.6715240478515625,1.5702199935913086,1.6712045669555664,1.5853571891784668,1.54742431640625,1.6573114395141602,1.6085081100463867,1.6069531440734863,1.5557918548583984,1.5860953330993652,1.7192697525024414,2.027996063232422,1.7044448852539062,2.0205492973327637,1.8139104843139648,2.6667046546936035,2.043078899383545,1.7559399604797363,2.6823387145996094,2.6586403846740723,2.646059989929199,2.6611857414245605,1.7935066223144531,1.81298828125,1.7645926475524902,2.269101142883301,3.279858112335205,1.9429817199707031,1.5234856605529785,1.7643909454345703,1.7467808723449707,1.723954677581787,1.6847748756408691,1.7719974517822266,1.9861469268798828,2.3839049339294434,0.20710468292236328,,0.07839822769165039,0.17599725723266602,2.6864113807678223,1.1878490447998047,2.8316688537597656,1.8488802909851074,2.8582534790039062,0.7915735244750977,0.7411012649536133,0.9737935066223145,0.7998805046081543,0.33196115493774414,0.31303882598876953,0.33095455169677734,0.3403759002685547,0.3211956024169922,0.3304719924926758,0.36205482482910156,1.2306861877441406,2.1924643516540527,2.3677916526794434,1.596360683441162,1.5775794982910156,1.6415019035339355,1.5961227416992188,1.6680097579956055,1.546133041381836,1.5561456680297852,1.6728720664978027,1.665029525756836,1.623579978942871,1.5579938888549805,1.5810413360595703,1.6854028701782227,2.0282745361328125,2.023469924926758,1.8344120979309082,2.656536102294922,2.7034530639648438,2.6815438270568848,2.68100643157959,2.6613106727600098,1.7652206420898438,1.7953166961669922,1.750859260559082,1.9378514289855957,1.4964370727539062,1.7887020111083984,1.7456560134887695,1.6846575736999512,1.6854910850524902,1.7506012916564941,1.9428443908691406,2.4196434020996094
lapgyn4_instrument_count,0.2792811393737793,0.08552789688110352,0.0,0.10624408721923828,1.5091753005981445,1.3123645782470703,2.6256508827209473,1.1744513511657715,1.579690933227539,2.7238001823425293,1.1657094955444336,1.1073060035705566,1.7464570999145508,1.6601386070251465,2.7510757446289062,2.8591694831848145,0.7489547729492188,0.7196574211120605,0.9741873741149902,0.8825168609619141,0.2551240921020508,0.25924158096313477,0.2653942108154297,0.25467872619628906,0.25508546829223633,0.2688784599304199,0.27213525772094727,1.4583616256713867,1.258899211883545,1.6402268409729004,2.0906057357788086,1.916243553161621,2.3659491539001465,1.5475826263427734,1.628645420074463,1.693270206451416,1.5726399421691895,1.6975278854370117,1.5890212059020996,1.5504155158996582,1.6837396621704102,1.6281332969665527,1.6227350234985352,1.5514416694641113,1.5959033966064453,1.7464780807495117,1.9957842826843262,1.677126407623291,1.995265007019043,1.8050031661987305,2.5332565307617188,2.0529189109802246,1.7415847778320312,2.547121524810791,2.5247039794921875,2.5112829208374023,2.5265064239501953,1.6889533996582031,1.734971523284912,1.6856684684753418,2.2804617881774902,3.148949146270752,1.878054141998291,1.4685969352722168,1.6684436798095703,1.7144503593444824,1.6387619972229004,1.6168212890625,1.6904072761535645,1.9565629959106445,2.2597570419311523,0.2701129913330078,0.11278295516967773,,0.13405418395996094,2.6026291847229004,1.1812686920166016,2.7363290786743164,1.7791156768798828,2.749976634979248,0.7725939750671387,0.7158231735229492,1.0042505264282227,0.8765487670898438,0.26111888885498047,0.25054216384887695,0.268402099609375,0.272310733795166,0.2578616142272949,0.261629581451416,0.2912626266479492,1.291489601135254,2.088965892791748,2.343860149383545,1.6020641326904297,1.5982451438903809,1.6604065895080566,1.5981736183166504,1.6940999031066895,1.549405574798584,1.5571351051330566,1.6952848434448242,1.6851739883422852,1.6378579139709473,1.557201862335205,1.5912609100341797,1.7132506370544434,1.9985065460205078,1.9989681243896484,1.829451560974121,2.521470546722412,2.568300247192383,2.5457611083984375,2.5455894470214844,2.5244994163513184,1.6613192558288574,1.7117629051208496,1.674532413482666,1.8702144622802734,1.4400067329406738,1.6919326782226562,1.714986801147461,1.6034789085388184,1.614156723022461,1.6708989143371582,1.9117684364318848,2.294078826904297
lapgyn4_anatomical_actions,0.4922637939453125,0.15763378143310547,0.10624408721923828,0.0,1.8451042175292969,1.5955853462219238,2.895933151245117,1.5159120559692383,1.8009033203125,2.9853663444519043,1.3794865608215332,1.3191571235656738,1.9842090606689453,1.9118390083312988,2.984769821166992,3.10318660736084,1.1185598373413086,1.0840024948120117,1.2955937385559082,1.1830687522888184,0.4946012496948242,0.4979557991027832,0.5036611557006836,0.493804931640625,0.4935755729675293,0.5171175003051758,0.5134735107421875,1.7414140701293945,1.4687557220458984,1.952162265777588,2.444591522216797,2.2252912521362305,2.6521153450012207,1.8336467742919922,1.9083466529846191,1.9676017761230469,1.8564043045043945,1.967423439025879,1.8732175827026367,1.838592529296875,1.9504270553588867,1.8979544639587402,1.8984870910644531,1.8385601043701172,1.8695735931396484,2.0054454803466797,2.2778024673461914,1.9711480140686035,2.2713747024536133,2.1010475158691406,2.89332914352417,2.28078031539917,2.030510425567627,2.9074783325195312,2.885040283203125,2.8720712661743164,2.8880629539489746,2.018446445465088,2.0750107765197754,2.031611442565918,2.5412802696228027,3.4796299934387207,2.1206393241882324,1.7576203346252441,1.9408459663391113,1.9382281303405762,1.8820881843566895,1.832376480102539,1.950239658355713,2.1907663345336914,2.6070756912231445,0.48163557052612305,0.18296289443969727,0.10875225067138672,,2.870297908782959,1.5234737396240234,2.9990715980529785,2.021984577178955,2.983755588531494,1.145479679107666,1.0793886184692383,1.324167251586914,1.1771879196166992,0.5014262199401855,0.4771728515625,0.5140633583068848,0.5066838264465332,0.48311471939086914,0.5036506652832031,0.5396089553833008,1.498086929321289,2.4430785179138184,2.6319804191589355,1.8856210708618164,1.8751716613769531,1.9277739524841309,1.8890089988708496,1.9623241424560547,1.833378791809082,1.8420391082763672,1.9685239791870117,1.9515223503112793,1.9170193672180176,1.8464059829711914,1.8652963638305664,1.975508213043213,2.279247283935547,2.276012420654297,2.132171630859375,2.881779193878174,2.929172992706299,2.904613494873047,2.9050979614257812,2.885392189025879,1.9925413131713867,2.053234577178955,2.0203471183776855,2.1121668815612793,1.7229561805725098,1.9656801223754883,1.9346604347229004,1.8456268310546875,1.8328566551208496,1.931689739227295,2.144759178161621,2.6405282020568848
sklin2_skin_lesions,1.442885398864746,1.6150164604187012,1.5091753005981445,1.8451042175292969,0.0,1.2361092567443848,2.081058979034424,1.5485987663269043,1.4720478057861328,2.2930989265441895,1.114609718322754,1.0708661079406738,1.6498785018920898,1.5085206031799316,2.3952159881591797,2.4394569396972656,0.9671425819396973,1.0348172187805176,1.4633007049560547,1.5287518501281738,1.3731565475463867,1.39229154586792,1.3517990112304688,1.3802471160888672,1.3463006019592285,1.3736071586608887,1.3927626609802246,0.44956493377685547,1.6240119934082031,1.1673331260681152,1.6688036918640137,0.9080595970153809,1.9911727905273438,1.6924262046813965,1.7840304374694824,1.8466768264770508,1.7289056777954102,1.8511486053466797,1.7317171096801758,1.692213535308838,1.8563017845153809,1.7934045791625977,1.7729978561401367,1.6807456016540527,1.766885757446289,1.899435043334961,2.2322421073913574,0.43571901321411133,2.261155128479004,0.6306695938110352,1.6537022590637207,2.4267148971557617,1.7086195945739746,1.6658000946044922,1.6405887603759766,1.6399235725402832,1.656327247619629,1.422741413116455,1.3570199012756348,1.3162107467651367,1.802670955657959,2.3180980682373047,2.082845687866211,1.605656623840332,1.7580995559692383,2.0936665534973145,1.8213844299316406,1.852485179901123,1.7615561485290527,1.6732678413391113,1.3621635437011719,1.4352469444274902,1.6148605346679688,1.4980754852294922,1.8714075088500977,2.0531983375549316,1.537137508392334,2.3070693016052246,1.666947364807129,2.395677089691162,0.9871244430541992,1.007596492767334,1.4602365493774414,1.5396499633789062,1.358839511871338,1.3553109169006348,1.3849983215332031,1.3831562995910645,1.4104809761047363,1.3493518829345703,1.331151008605957,1.6727800369262695,1.691965103149414,1.9623594284057617,1.7658724784851074,1.7776999473571777,1.8332996368408203,1.7547292709350586,1.8234953880310059,1.672475814819336,1.6967134475708008,1.8274292945861816,1.86643648147583,1.7727971076965332,1.6913094520568848,1.775148868560791,1.8857150077819824,2.2335662841796875,2.270303249359131,0.6578230857849121,1.639904499053955,1.688316822052002,1.6726312637329102,1.6615591049194336,1.6456608772277832,1.3988456726074219,1.3650670051574707,1.316340446472168,2.064809799194336,1.5943994522094727,1.786008358001709,2.091792106628418,1.8008112907409668,1.8328967094421387,1.7380590438842773,1.6316676139831543,1.3936429023742676
identify_nbi_infframes,1.1895866394042969,1.3312616348266602,1.3123645782470703,1.5955853462219238,1.2361092567443848,0.0,1.3346242904663086,1.6331472396850586,1.2237567901611328,1.659703254699707,0.9496288299560547,0.9181876182556152,1.4147796630859375,1.2608027458190918,1.9222688674926758,1.942674160003662,1.0310888290405273,1.0614514350891113,1.4598784446716309,1.3975229263305664,1.264108657836914,1.2865056991577148,1.239109992980957,1.2932510375976562,1.2525486946105957,1.2712688446044922,1.292320728302002,1.0360841751098633,1.4254159927368164,1.053830623626709,1.3824634552001953,1.4133739471435547,2.0155630111694336,1.5631074905395508,1.5727415084838867,1.6043453216552734,1.6140403747558594,1.584702968597412,1.585087776184082,1.5728511810302734,1.6117606163024902,1.5895557403564453,1.5756721496582031,1.602066993713379,1.5620737075805664,1.623399257659912,1.9950480461120605,1.16563081741333,2.053812026977539,1.0461091995239258,2.0789031982421875,2.377073287963867,1.8203125,2.1005678176879883,2.0726728439331055,2.0720372200012207,2.0840301513671875,1.9387907981872559,1.8914179801940918,1.8382024765014648,1.3571686744689941,2.629338264465332,1.8655476570129395,1.5052990913391113,1.5201983451843262,1.970292091369629,1.5749106407165527,1.5971741676330566,1.637498378753662,1.6906976699829102,2.0008983612060547,1.1806244850158691,1.3116412162780762,1.305619239807129,1.6403474807739258,1.3373932838439941,1.6359257698059082,1.684739112854004,1.4349346160888672,1.9110188484191895,1.0358009338378906,1.0242433547973633,1.4670438766479492,1.421302318572998,1.2688069343566895,1.2497682571411133,1.2985620498657227,1.2927703857421875,1.3183627128601074,1.2602806091308594,1.2467222213745117,1.4631052017211914,1.4254612922668457,1.987520694732666,1.6238927841186523,1.5949110984802246,1.6123900413513184,1.6619973182678223,1.551102638244629,1.553565502166748,1.565638542175293,1.573760986328125,1.6419291496276855,1.5789084434509277,1.6300902366638184,1.5694708824157715,1.61942720413208,1.9965882301330566,2.0535473823547363,1.0526418685913086,2.0667357444763184,2.1054773330688477,2.093120574951172,2.094761371612549,2.080538272857666,1.9323558807373047,1.9023962020874023,1.8368306159973145,1.8582677841186523,1.4993391036987305,1.5582056045532227,1.9738373756408691,1.5652961730957031,1.5571174621582031,1.6089167594909668,1.6534919738769531,2.0036444664001465
laryngeal_tissues,2.553809642791748,2.7097716331481934,2.6256508827209473,2.895933151245117,2.081058979034424,1.3346242904663086,0.0,2.817910671234131,1.718644618988037,1.0589170455932617,1.3853497505187988,1.477879524230957,1.296196460723877,1.0978026390075684,1.873612642288208,1.8787713050842285,2.3845252990722656,2.382404327392578,2.693462371826172,2.796722412109375,2.7189841270446777,2.7379746437072754,2.6873631477355957,2.7298059463500977,2.6905884742736816,2.7278013229370117,2.760387420654297,1.7885823249816895,2.6011481285095215,2.125636577606201,1.9553413391113281,2.1555280685424805,2.901031017303467,2.8780946731567383,2.9114108085632324,2.910257339477539,2.936710834503174,2.889340400695801,2.9115447998046875,2.895277976989746,2.912203788757324,2.896437168121338,2.894865036010742,2.932704448699951,2.855276584625244,2.908144950866699,3.170577049255371,2.1033596992492676,3.2508773803710938,1.6417932510375977,3.004941463470459,3.706223964691162,2.8672642707824707,3.0373263359069824,3.0060815811157227,3.007962226867676,3.0229997634887695,2.7817883491516113,2.728911876678467,2.6860198974609375,2.174107074737549,3.5137691497802734,2.7943758964538574,2.680607795715332,2.6468024253845215,3.0535502433776855,2.6195902824401855,2.6020684242248535,2.630801200866699,2.549189567565918,3.036080837249756,2.539700508117676,2.775834560394287,2.6221208572387695,2.9213037490844727,,2.8186511993408203,1.0976362228393555,1.2940635681152344,1.8578605651855469,2.3899121284484863,2.3594775199890137,2.6936044692993164,2.8223657608032227,2.7082772254943848,2.681766986846924,2.757082462310791,2.7481789588928223,2.772528648376465,2.6893839836120605,2.6886229515075684,2.6451659202575684,1.9930391311645508,2.871188163757324,2.951143741607666,2.932638168334961,2.913094997406006,2.9888248443603516,2.848910331726074,2.8726282119750977,2.888629913330078,2.8704190254211426,2.9446897506713867,2.886813163757324,2.967845916748047,2.864614486694336,2.922086715698242,3.1759023666381836,3.2545223236083984,1.6612968444824219,2.99769926071167,3.035287857055664,3.025315284729004,3.0252609252929688,3.0203065872192383,2.775700092315674,2.746976375579834,2.6954164505004883,2.78690242767334,2.6623706817626953,2.681753158569336,3.052250385284424,2.6209216117858887,2.5565013885498047,2.611083984375,2.5168089866638184,3.03767728805542
nerthus_bowel_cleansing_quality,1.160313606262207,1.1816000938415527,1.1744513511657715,1.5159120559692383,1.5485987663269043,1.6331472396850586,2.817910671234131,0.0,1.8795709609985352,2.688248634338379,1.2910890579223633,1.2221074104309082,1.8304100036621094,1.7234482765197754,2.7563772201538086,2.846963882446289,0.5806155204772949,0.44513463973999023,0.16665983200073242,0.4747500419616699,0.8692822456359863,0.8736057281494141,0.8534817695617676,0.865839958190918,0.8571791648864746,0.8630437850952148,0.8758988380432129,1.4851384162902832,0.8932843208312988,1.752373218536377,2.2234582901000977,2.147456645965576,2.098402976989746,1.54754638671875,1.545569896697998,1.6249608993530273,1.5657968521118164,1.6025094985961914,1.567960262298584,1.5156726837158203,1.6108336448669434,1.589700698852539,1.570786952972412,1.531857967376709,1.600503921508789,1.682096004486084,2.160139560699463,1.677537441253662,2.157339572906494,1.8736391067504883,2.2940521240234375,2.1841273307800293,1.491621494293213,2.30816650390625,2.288849353790283,2.269864082336426,2.285612106323242,1.1541686058044434,1.1461811065673828,1.055954933166504,2.3312034606933594,2.92031192779541,1.9136557579040527,1.270535945892334,1.4657559394836426,1.7680597305297852,1.6049981117248535,1.544309139251709,1.5487213134765625,2.3538098335266113,1.9614248275756836,1.133169174194336,1.2687077522277832,1.137929916381836,1.5371441841125488,2.8003811836242676,,2.697042942047119,1.8418803215026855,2.760763645172119,0.6094517707824707,0.501345157623291,0.17148590087890625,0.44841575622558594,0.8542804718017578,0.8595108985900879,0.8690299987792969,0.869692325592041,0.873389720916748,0.8445348739624023,0.8538689613342285,0.9230561256408691,2.242816925048828,2.074789047241211,1.5917115211486816,1.5500335693359375,1.5997023582458496,1.5796632766723633,1.6020522117614746,1.5358896255493164,1.5378813743591309,1.6320772171020508,1.6680054664611816,1.5931611061096191,1.5368762016296387,1.6003923416137695,1.626939296722412,2.167623996734619,2.1606998443603516,1.8766937255859375,2.280986785888672,2.3252687454223633,2.3073835372924805,2.2983269691467285,2.2877421379089355,1.134836196899414,1.1299891471862793,1.0425138473510742,1.9051599502563477,1.2629728317260742,1.4776530265808105,1.7941250801086426,1.5650501251220703,1.5334267616271973,1.513190746307373,2.310295581817627,2.006345272064209
stanford_dogs_image_categorization,1.5721015930175781,1.6495332717895508,1.579690933227539,1.8009033203125,1.4720478057861328,1.2237567901611328,1.718644618988037,1.8795709609985352,0.0,1.8233842849731445,0.47103118896484375,0.4948759078979492,0.8701114654541016,0.9243412017822266,1.9605703353881836,2.0503921508789062,1.457676887512207,1.486623764038086,1.7373099327087402,1.7341723442077637,1.6949105262756348,1.7187771797180176,1.6775579452514648,1.702016830444336,1.6658439636230469,1.70843505859375,1.7326765060424805,1.3254952430725098,1.8311371803283691,1.33882474899292,1.6360673904418945,1.6730542182922363,2.013888359069824,1.9462933540344238,1.9915728569030762,2.0162858963012695,1.9850797653198242,1.9890718460083008,1.9802923202514648,1.9405865669250488,1.9889531135559082,1.963550090789795,1.9739570617675781,1.9867639541625977,1.9327664375305176,2.0205345153808594,2.2258591651916504,1.537179946899414,2.2807579040527344,1.530522346496582,2.2547879219055176,2.5477333068847656,1.767507553100586,2.2764806747436523,2.251265525817871,2.2487010955810547,2.259829521179199,1.9231481552124023,1.85587739944458,1.8211193084716797,1.7572441101074219,2.7200822830200195,1.888770580291748,1.7106537818908691,1.6869854927062988,2.078941822052002,1.6352968215942383,1.6814894676208496,1.6962990760803223,1.7039027214050293,2.142852783203125,1.5515341758728027,1.6661291122436523,1.5748300552368164,1.817453384399414,1.7031078338623047,1.888082504272461,1.826141357421875,0.8921809196472168,1.9523754119873047,1.4764418601989746,1.480666160583496,1.7386884689331055,1.7553048133850098,1.6750659942626953,1.6706161499023438,1.7194819450378418,1.7036433219909668,1.7378745079040527,1.668891429901123,1.6740460395812988,1.872276782989502,1.6508607864379883,1.998034954071045,2.0035295486450195,1.982898235321045,1.9946680068969727,2.0336928367614746,1.9717965126037598,1.9550352096557617,1.936708927154541,1.9687976837158203,2.028313636779785,1.9649620056152344,2.010694980621338,1.936999797821045,2.0180020332336426,2.232516288757324,2.2803893089294434,1.57399320602417,2.2428817749023438,2.2800607681274414,2.2688236236572266,2.2696661949157715,2.2490363121032715,1.8986005783081055,1.8615145683288574,1.8233790397644043,1.888777256011963,1.6896839141845703,1.7088851928710938,2.076564311981201,1.6228647232055664,1.6607050895690918,1.6693530082702637,1.6572670936584473,2.145026683807373
svhn,2.764866352081299,2.8211913108825684,2.7238001823425293,2.9853663444519043,2.2930989265441895,1.659703254699707,1.0589170455932617,2.688248634338379,1.8233842849731445,0.0,1.3951725959777832,1.401731014251709,0.7633962631225586,0.5939497947692871,1.2233943939208984,1.2228240966796875,2.4218645095825195,2.4222707748413086,2.6258397102355957,2.6466479301452637,2.690469741821289,2.7178378105163574,2.6506309509277344,2.7101330757141113,2.6633801460266113,2.6983680725097656,2.7346577644348145,2.113666534423828,2.548499584197998,2.2471365928649902,1.9982671737670898,2.6695518493652344,2.814906120300293,2.7130117416381836,2.7286295890808105,2.7512221336364746,2.7580971717834473,2.7280941009521484,2.733612060546875,2.7173852920532227,2.7385220527648926,2.7204604148864746,2.7270994186401367,2.74222469329834,2.6821889877319336,2.7476658821105957,2.989992618560791,2.3603196144104004,3.0518813133239746,2.169027805328369,3.0455782413482666,3.4810190200805664,2.620190143585205,3.0751495361328125,3.047362804412842,3.045593738555908,3.0561327934265137,2.7045722007751465,2.632347583770752,2.6003379821777344,2.4172511100769043,3.525437355041504,2.4298267364501953,2.42830228805542,2.3326621055603027,2.724794864654541,2.2708277702331543,2.1785831451416016,2.2788643836975098,2.7908401489257812,3.0133438110351562,2.7382030487060547,2.8023815155029297,2.7197952270507812,3.011025905609131,1.064004898071289,2.683652877807617,,0.7516961097717285,1.2112679481506348,2.4355602264404297,2.405458927154541,2.618960380554199,2.6813230514526367,2.678006172180176,2.6491379737854004,2.7361416816711426,2.692164897918701,2.7336626052856445,2.6554665565490723,2.6646900177001953,2.5831708908081055,2.0309720039367676,2.7954368591308594,2.7732887268066406,2.7568774223327637,2.7392702102661133,2.8095755577087402,2.6868553161621094,2.7060647010803223,2.7118887901306152,2.7146944999694824,2.7766237258911133,2.728950023651123,2.7859926223754883,2.7003860473632812,2.754772663116455,2.9953603744506836,3.051863670349121,2.188446044921875,3.036952495574951,3.0729622840881348,3.061591148376465,3.064479351043701,3.0514016151428223,2.697849750518799,2.646505832672119,2.6093192100524902,2.4231104850769043,2.4155850410461426,2.3594961166381836,2.729602813720703,2.2711033821105957,2.1339011192321777,2.2652969360351562,2.7505903244018555,3.0156807899475098
caltech101_object_classification,1.2327079772949219,1.2377586364746094,1.1657094955444336,1.3794865608215332,1.114609718322754,0.9496288299560547,1.3853497505187988,1.2910890579223633,0.47103118896484375,1.3951725959777832,0.0,0.05890989303588867,0.6186180114746094,0.5712137222290039,1.3989381790161133,1.4937376976013184,1.0561580657958984,1.0064964294433594,1.214907169342041,1.1859946250915527,1.2091083526611328,1.2266883850097656,1.1778364181518555,1.208911418914795,1.1779651641845703,1.2157320976257324,1.2389121055603027,0.9785585403442383,1.1996679306030273,1.1153969764709473,1.1557598114013672,1.4706549644470215,1.5133590698242188,1.5034613609313965,1.5539741516113281,1.5970783233642578,1.5398893356323242,1.578658103942871,1.5352120399475098,1.5091986656188965,1.5732083320617676,1.5354599952697754,1.5483083724975586,1.5270719528198242,1.5125327110290527,1.6087112426757812,1.8076200485229492,1.2370147705078125,1.841386318206787,1.1736211776733398,1.7519545555114746,2.072481155395508,1.184483528137207,1.7769317626953125,1.7497482299804688,1.7444190979003906,1.757309913635254,1.2522053718566895,1.2148628234863281,1.1788082122802734,1.4329347610473633,2.2301430702209473,1.3342514038085938,1.1766767501831055,1.1426563262939453,1.4440813064575195,1.0793452262878418,1.059828281402588,1.1210765838623047,1.3537483215332031,1.6390047073364258,1.206094741821289,1.2822632789611816,1.1604080200195312,1.3924226760864258,1.3683905601501465,1.2916364669799805,1.4007067680358887,0.6429967880249023,1.3941540718078613,1.0725946426391602,1.0086603164672852,1.212881088256836,1.2117767333984375,1.1803960800170898,1.169271469116211,1.2345666885375977,1.2016773223876953,1.2344818115234375,1.1758503913879395,1.1882243156433105,1.235753059387207,1.1751222610473633,1.4943456649780273,1.5628013610839844,1.5546998977661133,1.5672478675842285,1.5856351852416992,1.5539941787719727,1.5063605308532715,1.5041751861572266,1.5653047561645508,1.5994315147399902,1.5470199584960938,1.5561175346374512,1.520721435546875,1.5937600135803223,1.8109354972839355,1.8424077033996582,1.2051382064819336,1.741373062133789,1.7828502655029297,1.7697234153747559,1.769763469696045,1.7533392906188965,1.2336430549621582,1.215743064880371,1.180556297302246,1.3253183364868164,1.1585235595703125,1.1611347198486328,1.4401359558105469,1.0579051971435547,1.0396432876586914,1.098158359527588,1.3085741996765137,1.6464500427246094
caltech256_object_classification,1.2065649032592773,1.1839303970336914,1.1073060035705566,1.3191571235656738,1.0708661079406738,0.9181876182556152,1.477879524230957,1.2221074104309082,0.4948759078979492,1.401731014251709,0.05890989303588867,0.0,0.6363635063171387,0.5846939086914062,1.4070992469787598,1.5120954513549805,0.9891552925109863,0.9544029235839844,1.1608943939208984,1.1077461242675781,1.1080923080444336,1.1285018920898438,1.0770282745361328,1.114314079284668,1.0819931030273438,1.1165781021118164,1.1406536102294922,0.9488015174865723,1.1130084991455078,1.097412109375,1.1864542961120605,1.4663939476013184,1.4299025535583496,1.4003148078918457,1.4502792358398438,1.498763084411621,1.4364032745361328,1.4822297096252441,1.4296717643737793,1.4039297103881836,1.4735984802246094,1.4348955154418945,1.448183536529541,1.4215574264526367,1.415548324584961,1.5126047134399414,1.7049055099487305,1.198716163635254,1.7370343208312988,1.1682281494140625,1.63051176071167,1.9735493659973145,1.101761817932129,1.6564817428588867,1.630824089050293,1.623013973236084,1.6371746063232422,1.1868176460266113,1.1518526077270508,1.1197566986083984,1.3907699584960938,2.086508274078369,1.1974353790283203,1.033869743347168,0.9966726303100586,1.3383784294128418,0.9266357421875,0.9234199523925781,0.9731712341308594,1.3453397750854492,1.527256965637207,1.1774005889892578,1.1933155059814453,1.1004962921142578,1.331071376800537,1.461693286895752,1.2218842506408691,1.4098334312438965,0.6612787246704102,1.403101921081543,1.0088777542114258,0.9545445442199707,1.1544442176818848,1.1346664428710938,1.07960844039917,1.0710210800170898,1.1347217559814453,1.098759651184082,1.1337594985961914,1.076171875,1.0879249572753906,1.1468615531921387,1.2055587768554688,1.4090933799743652,1.4582972526550293,1.4515085220336914,1.4674959182739258,1.4791007041931152,1.4581212997436523,1.397782325744629,1.400892734527588,1.4703540802001953,1.4990911483764648,1.446641445159912,1.4503726959228516,1.4259333610534668,1.4962177276611328,1.708777904510498,1.7368111610412598,1.2006049156188965,1.6226305961608887,1.6627388000488281,1.6484160423278809,1.6493473052978516,1.6339502334594727,1.1695342063903809,1.1540203094482422,1.1219944953918457,1.1870746612548828,1.0161738395690918,1.011953353881836,1.3377761840820312,0.9038271903991699,0.9062762260437012,0.9526433944702148,1.3011846542358398,1.5320425033569336
cifar10_object_classification,1.8045506477355957,1.8170595169067383,1.7464570999145508,1.9842090606689453,1.6498785018920898,1.4147796630859375,1.296196460723877,1.8304100036621094,0.8701114654541016,0.7633962631225586,0.6186180114746094,0.6363635063171387,0.0,0.07397747039794922,1.2745380401611328,1.3411140441894531,1.5829401016235352,1.5763864517211914,1.7546334266662598,1.7161755561828613,1.7408065795898438,1.757786750793457,1.7146658897399902,1.7465286254882812,1.7089014053344727,1.7485408782958984,1.7758440971374512,1.4892363548278809,1.7875337600708008,1.527369499206543,1.6157140731811523,2.0012197494506836,2.2458853721618652,1.9876480102539062,2.019681930541992,2.0597848892211914,2.0188937187194824,2.0394039154052734,2.012972831726074,1.9769048690795898,2.0368900299072266,2.0087766647338867,2.01163911819458,2.0086774826049805,1.9800901412963867,2.0787405967712402,2.377835273742676,1.7211031913757324,2.41103458404541,1.7766609191894531,2.4450173377990723,2.638044834136963,1.7800259590148926,2.470062255859375,2.4408607482910156,2.435588836669922,2.450467109680176,1.9296083450317383,1.8825478553771973,1.8555326461791992,1.8463611602783203,2.930112361907959,1.9865436553955078,1.7734665870666504,1.8059492111206055,2.066713333129883,1.75618314743042,1.7121305465698242,1.7708730697631836,1.9544706344604492,2.3142142295837402,1.7803163528442383,1.8240957260131836,1.7390117645263672,1.995748519897461,1.2948975563049316,1.8275794982910156,0.7544498443603516,,1.2667760848999023,1.6034975051879883,1.5730242729187012,1.7578229904174805,1.7321252822875977,1.7179174423217773,1.7064356803894043,1.7623672485351562,1.7303752899169922,1.7655396461486816,1.708653450012207,1.715446949005127,1.827012538909912,1.6293015480041504,2.2307772636413574,2.0388522148132324,2.0159263610839844,2.0355472564697266,2.0564165115356445,2.014036178588867,1.9806938171386719,1.9825291633605957,2.028883934020996,2.0744590759277344,2.013835906982422,2.033369541168213,1.9875822067260742,2.0675415992736816,2.3830976486206055,2.4146409034729004,1.807755470275879,2.4334607124328613,2.474703788757324,2.4613494873046875,2.4605045318603516,2.4457921981811523,1.9092226028442383,1.8834586143493652,1.861401081085205,1.9784388542175293,1.7539987564086914,1.8288874626159668,2.066981315612793,1.7316203117370605,1.6897153854370117,1.7481789588928223,1.909675121307373,2.330415725708008
cifar100_object_classification,1.7024917602539062,1.7350406646728516,1.6601386070251465,1.9118390083312988,1.5085206031799316,1.2608027458190918,1.0978026390075684,1.7234482765197754,0.9243412017822266,0.5939497947692871,0.5712137222290039,0.5846939086914062,0.07397747039794922,0.0,1.1289238929748535,1.183891773223877,1.4776368141174316,1.4584674835205078,1.6502666473388672,1.6171207427978516,1.6404147148132324,1.6577329635620117,1.6119251251220703,1.6480045318603516,1.608616828918457,1.6471176147460938,1.674330711364746,1.3550844192504883,1.6704349517822266,1.4364113807678223,1.3877034187316895,1.8815569877624512,2.0646748542785645,1.8779387474060059,1.9191131591796875,1.9593310356140137,1.9119138717651367,1.9436330795288086,1.9062094688415527,1.8745231628417969,1.9410643577575684,1.9079957008361816,1.911452293395996,1.8989534378051758,1.8732314109802246,1.9816169738769531,2.2346882820129395,1.5962343215942383,2.26759672164917,1.6169180870056152,2.2623000144958496,2.5403389930725098,1.6623797416687012,2.287848472595215,2.259942054748535,2.2538928985595703,2.2682456970214844,1.7969284057617188,1.7471256256103516,1.7194552421569824,1.7550897598266602,2.765864849090576,1.855726718902588,1.6709957122802734,1.707040786743164,1.9382410049438477,1.6478991508483887,1.5878515243530273,1.6687631607055664,1.8818187713623047,2.1505260467529297,1.678032398223877,1.746932029724121,1.6532974243164062,1.9271693229675293,1.0972270965576172,1.7185206413269043,0.5909934043884277,0.07505464553833008,1.1207160949707031,1.497692584991455,1.454336166381836,1.6501622200012207,1.6381287574768066,1.6204419136047363,1.6072101593017578,1.6641550064086914,1.6334986686706543,1.669081687927246,1.6079330444335938,1.6140365600585938,1.7087187767028809,1.4013643264770508,2.0471043586730957,1.9316091537475586,1.9181137084960938,1.9373602867126465,1.9499969482421875,1.9151878356933594,1.871798038482666,1.877824306488037,1.9293150901794434,1.9732799530029297,1.9143147468566895,1.925628662109375,1.8813977241516113,1.9713468551635742,2.239623546600342,2.2707529067993164,1.642923355102539,2.251016616821289,2.293313980102539,2.28029727935791,2.278756618499756,2.264620304107666,1.7801251411437988,1.7480840682983398,1.724113941192627,1.8490614891052246,1.6512951850891113,1.7311172485351562,1.9403753280639648,1.6270785331726074,1.564237117767334,1.648205280303955,1.8380708694458008,2.1647186279296875
mnist_digit_classification,2.8527727127075195,2.8592357635498047,2.7510757446289062,2.984769821166992,2.3952159881591797,1.9222688674926758,1.873612642288208,2.7563772201538086,1.9605703353881836,1.2233943939208984,1.3989381790161133,1.4070992469787598,1.2745380401611328,1.1289238929748535,0.0,0.18651199340820312,2.432401657104492,2.445824146270752,2.6843008995056152,2.789217472076416,2.7024402618408203,2.727017879486084,2.665196418762207,2.7158217430114746,2.676724910736084,2.717710018157959,2.736107349395752,2.184208869934082,2.630343437194824,2.387159824371338,1.7133135795593262,2.6640963554382324,2.5801992416381836,2.9057130813598633,2.938209056854248,2.9765625,2.9602394104003906,2.95477294921875,2.934427261352539,2.9203615188598633,2.961414337158203,2.930115222930908,2.9382553100585938,2.9401416778564453,2.8972764015197754,2.9781851768493652,3.172689437866211,2.4315505027770996,3.2179436683654785,2.3188657760620117,2.9155259132385254,3.531620979309082,2.4491119384765625,2.944586753845215,2.918334484100342,2.9158077239990234,2.9256935119628906,2.7779574394226074,2.7212138175964355,2.6773829460144043,2.609248161315918,3.3859128952026367,2.497936725616455,2.465790271759033,2.2372379302978516,2.630068778991699,2.186882495880127,2.1318612098693848,2.271573066711426,2.8929171562194824,2.9426140785217285,2.823997974395752,2.8250913619995117,2.7449235916137695,3.007960319519043,1.8628084659576416,2.751807689666748,1.2073335647583008,1.2838568687438965,,2.439540386199951,2.4368844032287598,2.677379608154297,2.815277099609375,2.6934471130371094,2.6675591468811035,2.7480530738830566,2.695247173309326,2.7397513389587402,2.677414894104004,2.6778125762939453,2.6589231491088867,1.7405781745910645,2.5531749725341797,2.969980239868164,2.953162670135498,2.9546637535095215,3.0117263793945312,2.9171032905578613,2.9033875465393066,2.9068174362182617,2.936115264892578,2.9918417930603027,2.941899299621582,2.983818531036377,2.9153213500976562,2.9713921546936035,3.173473358154297,3.2191076278686523,2.3401575088500977,2.9065070152282715,2.9415664672851562,2.930985927581787,2.93710994720459,2.9219260215759277,2.773139476776123,2.734531879425049,2.683584213256836,2.482100009918213,2.4616613388061523,2.26273775100708,2.6313633918762207,2.168907642364502,2.088845729827881,2.251837730407715,2.8446106910705566,2.9313740730285645
