,lapgyn4_anatomical_structures,lapgyn4_surgical_actions,lapgyn4_instrument_count,lapgyn4_anatomical_actions,sklin2_skin_lesions,identify_nbi_infframes,laryngeal_tissues,nerthus_bowel_cleansing_quality,stanford_dogs_image_categorization,svhn,caltech101_object_classification,caltech256_object_classification,cifar10_object_classification,cifar100_object_classification,mnist_digit_classification,emnist_digit_classification,hyperkvasir_anatomical-landmarks,hyperkvasir_pathological-findings,hyperkvasir_quality-of-mucosal-views,hyperkvasir_therapeutic-interventions,cholec80_grasper_presence,cholec80_bipolar_presence,cholec80_hook_presence,cholec80_scissors_presence,cholec80_clipper_presence,cholec80_irrigator_presence,cholec80_specimenbag_presence,derm7pt_skin_lesions,idle_action_recognition,barretts_esophagus_diagnosis,brain_tumor_classification,mednode_melanoma_classification,brain_tumor_type_classification,chexpert_enlarged_cardiomediastinum,chexpert_cardiomegaly,chexpert_lung_opacity,chexpert_lung_lesion,chexpert_edema,chexpert_consolidation,chexpert_pneumonia,chexpert_atelectasis,chexpert_pneumothorax,chexpert_pleural_effusion,chexpert_pleural_other,chexpert_fracture,chexpert_support_devices,pneumonia_classification,ph2-melanocytic-lesions-classification,covid_xray_classification,isic20_melanoma_classification,deep_drid_dr_level,shenzen_chest_xray_tuberculosis,crawled_covid_ct_classification,deep_drid_quality,deep_drid_clarity,deep_drid_field,deep_drid_artifact,kvasir_capsule_anatomy,kvasir_capsule_content,kvasir_capsule_pathologies,breast_cancer_classification_v2,eye_condition_classification,mura_xr_wrist,mura_xr_shoulder,mura_xr_humerus,mura_xr_hand,mura_xr_forearm,mura_xr_finger,mura_xr_elbow,bean_plant_disease_classification,aptos19_blindness_detection,lapgyn4_anatomical_structures --shrink_train 800,lapgyn4_surgical_actions --shrink_train 800,lapgyn4_instrument_count --shrink_train 800,lapgyn4_anatomical_actions --shrink_train 800,laryngeal_tissues --shrink_train 800,nerthus_bowel_cleansing_quality --shrink_train 800,svhn --shrink_train 800,cifar10_object_classification --shrink_train 800,mnist_digit_classification --shrink_train 800,hyperkvasir_anatomical-landmarks --shrink_train 800,hyperkvasir_pathological-findings --shrink_train 800,hyperkvasir_quality-of-mucosal-views --shrink_train 800,hyperkvasir_therapeutic-interventions --shrink_train 800,cholec80_grasper_presence --shrink_train 800,cholec80_bipolar_presence --shrink_train 800,cholec80_hook_presence --shrink_train 800,cholec80_scissors_presence --shrink_train 800,cholec80_clipper_presence --shrink_train 800,cholec80_irrigator_presence --shrink_train 800,cholec80_specimenbag_presence --shrink_train 800,idle_action_recognition --shrink_train 800,brain_tumor_classification --shrink_train 800,brain_tumor_type_classification --shrink_train 800,chexpert_enlarged_cardiomediastinum --shrink_train 800,chexpert_cardiomegaly --shrink_train 800,chexpert_lung_opacity --shrink_train 800,chexpert_lung_lesion --shrink_train 800,chexpert_edema --shrink_train 800,chexpert_consolidation --shrink_train 800,chexpert_pneumonia --shrink_train 800,chexpert_atelectasis --shrink_train 800,chexpert_pneumothorax --shrink_train 800,chexpert_pleural_effusion --shrink_train 800,chexpert_pleural_other --shrink_train 800,chexpert_fracture --shrink_train 800,chexpert_support_devices --shrink_train 800,pneumonia_classification --shrink_train 800,covid_xray_classification --shrink_train 800,isic20_melanoma_classification --shrink_train 800,deep_drid_dr_level --shrink_train 800,deep_drid_quality --shrink_train 800,deep_drid_clarity --shrink_train 800,deep_drid_field --shrink_train 800,deep_drid_artifact --shrink_train 800,kvasir_capsule_anatomy --shrink_train 800,kvasir_capsule_content --shrink_train 800,kvasir_capsule_pathologies --shrink_train 800,mura_xr_wrist --shrink_train 800,mura_xr_shoulder --shrink_train 800,mura_xr_humerus --shrink_train 800,mura_xr_hand --shrink_train 800,mura_xr_forearm --shrink_train 800,mura_xr_finger --shrink_train 800,mura_xr_elbow --shrink_train 800,bean_plant_disease_classification --shrink_train 800,aptos19_blindness_detection --shrink_train 800
lapgyn4_anatomical_structures,0.0,0.0002665033098310232,0.00027722958475351334,0.00033877789974212646,0.0005538452533073723,0.0006943654734641314,0.0011069024913012981,0.0005081549170427024,0.00047520003863610327,0.0009802572894841433,0.0004481795185711235,0.000430344749474898,0.000528350006788969,0.0005137517000548542,0.0012891256483271718,0.0012927278876304626,0.000380846846383065,0.0003661286609712988,0.00045929968473501503,0.00040276447543874383,0.00032480523805134,0.0003269701555836946,0.00032580006518401206,0.00032549549359828234,0.0003246767446398735,0.0003254135954193771,0.0003246715641580522,0.0005442952387966216,0.0005122711881995201,0.0005487590678967535,0.0008129516500048339,0.0006540113827213645,0.0008218471775762737,0.0005579938879236579,0.0005632736720144749,0.0005842902464792132,0.0005555371753871441,0.0005892965127713978,0.0005520182312466204,0.0005507788737304509,0.0005936087691225111,0.0005807114066556096,0.0005712948041036725,0.0005493913777172565,0.0005663297488354146,0.0006006305338814855,0.0007059911149553955,0.0005947136669419706,0.0007056744652800262,0.0006412493530660868,0.001003697863779962,0.0007389268721453846,0.0005950056365691125,0.0010067091789096594,0.0010062407236546278,0.0010076138423755765,0.0010118952486664057,0.0006316740182228386,0.000613686628639698,0.0006161205237731338,0.0008640427840873599,0.0014990306226536632,0.0006342863780446351,0.0005494127981364727,0.000602979795075953,0.0006435691611841321,0.0005726437666453421,0.000583525572437793,0.0006074492703191936,0.0007085600518621504,0.000840131426230073,,0.0002856565697584301,0.0002774897147901356,0.00034250563476234674,0.0011021699756383896,0.0005090514314360917,0.0009716696804389358,0.0005335184396244586,0.0012972542317584157,0.0003808756882790476,0.000365516752935946,0.0004609648894984275,0.00040260906098410487,0.00032760354224592447,0.0003275671333540231,0.00032891007140278816,0.0003310054016765207,0.0003302106342744082,0.00032448433921672404,0.00033092309604398906,0.0005171573138795793,0.0008135107927955687,0.0008205500198528171,0.0005661105969920754,0.0005653363186866045,0.0005843658000230789,0.0005602858727797866,0.0005896191578358412,0.0005557676195167005,0.0005498165264725685,0.0005877091316506267,0.0005871470202691853,0.000576731632463634,0.000548683456145227,0.0005663097254000604,0.0006035233964212239,0.0007089926511980593,0.000707991246599704,0.0006457091658376157,0.0010067836847156286,0.0010092583252117038,0.0010092087322846055,0.001005356665700674,0.0010112473974004388,0.0006288417498581111,0.0006177148898132145,0.0006162927020341158,0.0006393727962858975,0.0005452180048450828,0.0006021168082952499,0.0006444368627853692,0.000573461118619889,0.0005889741005375981,0.0006059496663510799,0.0007105628028512001,0.00082989945076406
lapgyn4_surgical_actions,0.0002665033098310232,0.0,0.00022224448912311345,0.00024221290368586779,0.0005452531622722745,0.0006919870502315462,0.0010893954895436764,0.00048772853915579617,0.0004407752421684563,0.0009475263068452477,0.0004108295252081007,0.0003894503752235323,0.0004897415055893362,0.0004781883617397398,0.001253350987099111,0.0012574978172779083,0.0003943970368709415,0.00038084821426309645,0.00045060805859975517,0.00038219348061829805,0.0002841340028680861,0.0002856772916857153,0.00028440062305890024,0.0002845328999683261,0.0002837336214724928,0.0002845415147021413,0.000283673289231956,0.0005273744463920593,0.000464103912236169,0.0005313722067512572,0.0008035540813580155,0.0006519512971863151,0.000787265133112669,0.0005264992360025644,0.0005307142273522913,0.0005503358552232385,0.0005246922955848277,0.0005553627270273864,0.0005204512272030115,0.0005195715348236263,0.0005605421029031277,0.0005472585908137262,0.0005381057853810489,0.0005182833410799503,0.0005359068745747209,0.0005660756141878664,0.0006761442054994404,0.0005824239924550056,0.0006746373255737126,0.0006401928258128464,0.0009811982745304704,0.0007001256453804672,0.0005512865027412772,0.0009840973652899265,0.0009835092350840569,0.0009845762979239225,0.0009890315122902393,0.000592866272199899,0.0005795519100502133,0.0005831202724948525,0.0008304129005409777,0.0014664402697235346,0.000581282889470458,0.0005100248963572085,0.0005636090645566583,0.0005920027615502477,0.0005218265578150749,0.0005354115855880082,0.0005596866831183434,0.0006822687573730946,0.0008126985048875213,0.00026859898935072124,,0.00022228815942071378,0.000243932765442878,0.0010845563374459743,0.0004890318959951401,0.0009387241443619132,0.0004950218135491014,0.0012614266015589237,0.00039651067345403135,0.0003794317308347672,0.00045143047464080155,0.00038317195139825344,0.00028669278253801167,0.0002867333241738379,0.0002870770404115319,0.00028945805388502777,0.0002864916168618947,0.00028421616298146546,0.0002895682700909674,0.00046766383456997573,0.0008036585641093552,0.000786170014180243,0.0005340318894013762,0.000532398174982518,0.0005502470303326845,0.0005288997199386358,0.0005562328151427209,0.0005242803017608821,0.0005192645476199687,0.0005542996223084629,0.0005531886126846075,0.0005437029176391661,0.0005175871774554253,0.0005349659477360547,0.0005688309902325273,0.0006785362493246794,0.0006772498600184917,0.0006453251698985696,0.00098420400172472,0.0009866688633337617,0.0009864653693512082,0.0009824155131354928,0.000988638261333108,0.0005901114200241864,0.000583235640078783,0.0005828781868331134,0.0005864425911568105,0.000505540519952774,0.0005618008435703814,0.0005931899650022388,0.000523167138453573,0.0005412928876467049,0.0005588046042248607,0.000684172089677304,0.0008022796828299761
lapgyn4_instrument_count,0.00027722958475351334,0.00022224448912311345,0.0,0.0002297288301633671,0.0005247332155704498,0.0006839695270173252,0.0010727886110544205,0.00048223286285065114,0.000429202540544793,0.000932768452912569,0.00039885943988338113,0.0003780510451178998,0.0004791181127075106,0.00046708781155757606,0.001236213487572968,0.0012400837149471045,0.00038528855657204986,0.00037050858372822404,0.00045129057252779603,0.0003924389311578125,0.00026718113804236054,0.0002691211993806064,0.00026760093169286847,0.00026764682843349874,0.00026716288994066417,0.00026778981555253267,0.00026672836975194514,0.0005147243500687182,0.0004713806265499443,0.0005296086892485619,0.000784729840233922,0.000633251154795289,0.0007801206083968282,0.0005247598164714873,0.0005307120154611766,0.0005513287032954395,0.0005228383815847337,0.0005564635503105819,0.0005190102965570986,0.0005179740837775171,0.0005612060776911676,0.0005476496298797429,0.0005380932707339525,0.0005159807624295354,0.0005348260165192187,0.000567446113564074,0.0006709390436299145,0.0005704237264581025,0.0006703652325086296,0.0006285695126280189,0.0009581102058291435,0.0007014863076619804,0.0005476415390148759,0.0009609612170606852,0.0009604402002878487,0.0009616328170523047,0.000965948449447751,0.000576873600948602,0.0005661282921209931,0.0005698932218365371,0.0008262235787697136,0.0014459997182711959,0.0005727812531404197,0.000501129892654717,0.0005482201813720167,0.0005891128093935549,0.0005102026625536382,0.0005264300853013992,0.0005482286214828491,0.0006752847111783922,0.0007923606317490339,0.0002788531710393727,0.00023148386389948428,,0.00023319231695495546,0.001067928853444755,0.00048375045298598707,0.0009241203661076725,0.0004842901835218072,0.0012441747821867466,0.00038728219806216657,0.0003688447759486735,0.00045213475823402405,0.00039339883369393647,0.00027026934549212456,0.00027010278427042067,0.0002711807901505381,0.00027208359097130597,0.0002697907038964331,0.0002670090470928699,0.00027190640685148537,0.0004755742847919464,0.0007848981767892838,0.000779055233579129,0.0005328792030923069,0.0005325684323906898,0.0005510197952389717,0.0005273912684060633,0.0005568997585214674,0.000522904796525836,0.0005175020778551698,0.0005549819907173514,0.0005542103317566216,0.0005438087391667068,0.0005151007208041847,0.0005343895754776895,0.000570240372326225,0.0006737737567164004,0.000672956695780158,0.0006337621598504484,0.0009611356072127819,0.0009635495371185243,0.0009634182788431644,0.0009594661532901227,0.0009655229514464736,0.000574388774111867,0.0005695032305084169,0.0005698968889191747,0.0005778769263997674,0.0004964842810295522,0.0005465256981551647,0.0005902997800149024,0.0005113794468343258,0.0005319970077835023,0.0005471588228829205,0.0006771828047931194,0.0007821782492101192
lapgyn4_anatomical_actions,0.00033877789974212646,0.00024221290368586779,0.0002297288301633671,0.0,0.000591084361076355,0.0007470124983228743,0.0011287560919299722,0.0005517684621736407,0.0004751876404043287,0.0009840585989877582,0.00044552882900461555,0.0004238147521391511,0.000526594347320497,0.0005161211010999978,0.001286964165046811,0.001291571999900043,0.00046546963858418167,0.00044962670654058456,0.0005203198525123298,0.0004557603970170021,0.0003278997610323131,0.0003299121162854135,0.00032785721123218536,0.0003282662364654243,0.00032769530662335455,0.0003285044222138822,0.00032719672890380025,0.000576078484300524,0.0005171083030290902,0.0005878249066881835,0.0008512760978192091,0.0006977376760914922,0.0008338001789525151,0.0005798954516649246,0.0005852064932696521,0.0006043941248208284,0.000578859995584935,0.0006094494601711631,0.0005742855719290674,0.0005740259657613933,0.0006146601517684758,0.0006007809424772859,0.0005919665563851595,0.0005722647765651345,0.0005894205532968044,0.0006194534944370389,0.0007242029532790184,0.0006325485301204026,0.0007231608033180237,0.0006936914287507534,0.0010239483090117574,0.0007486331160180271,0.0006007218034937978,0.0010268751066178083,0.0010262473952025175,0.0010271841892972589,0.0010317453416064382,0.0006390686030499637,0.0006290213786996901,0.0006333569763228297,0.0008794728200882673,0.0015047896886244416,0.0006208081031218171,0.0005582622834481299,0.0006038400460965931,0.0006356118828989565,0.0005595486145466566,0.0005738063482567668,0.0006000802968628705,0.0007258813129737973,0.000855251622851938,0.0003405807656235993,0.0002534525701776147,0.00023093115305528045,,0.0011238697916269302,0.0005532948998734355,0.0009754412458278239,0.0005319052143022418,0.0012948531657457352,0.00046790059423074126,0.00044799389434047043,0.0005208301590755582,0.0004570882301777601,0.0003313456254545599,0.0003309252206236124,0.00033194024581462145,0.000333367264829576,0.0003286443243268877,0.0003281060780864209,0.00033282351796515286,0.0005207436042837799,0.0008512850035913289,0.0008330532582476735,0.0005874769994989038,0.0005869450978934765,0.0006042012246325612,0.0005831332528032362,0.00061015848768875,0.0005782151711173356,0.0005736927851103246,0.0006084173801355064,0.0006066325586289167,0.0005976104876026511,0.0005717686144635081,0.000588387600146234,0.000622313586063683,0.000726819213014096,0.0007257271208800375,0.000699266733136028,0.0010268547339364886,0.001029487932100892,0.0010292375227436423,0.0010250224731862545,0.0010313757229596376,0.0006364381406456232,0.0006324479472823441,0.0006329619791358709,0.0006258970242924988,0.0005532939685508609,0.0006017397390678525,0.0006369145703501999,0.0005611070082522929,0.0005795812467113137,0.0005991964135318995,0.0007277195109054446,0.0008450421737506986
sklin2_skin_lesions,0.0005538452533073723,0.0005452531622722745,0.0005247332155704498,0.000591084361076355,0.0,0.0007327647763304412,0.0010576092172414064,0.0005834221956320107,0.0004797416040673852,0.0009408219484612346,0.0004501625371631235,0.0004317439452279359,0.0005254004499875009,0.0005064084543846548,0.0012453149538487196,0.0012445527827367187,0.00046433648094534874,0.0004700448480434716,0.0005710902041755617,0.0005345222889445722,0.0005123572191223502,0.0005134952953085303,0.0005135158426128328,0.0005128852208144963,0.0005125982570461929,0.0005135837709531188,0.0005127297481521964,0.0003594872250687331,0.0005726482486352324,0.0005149029893800616,0.0007749071810394526,0.0005146610783413053,0.0007879699696786702,0.0005949828773736954,0.0006024249596521258,0.000622979539912194,0.0005921553820371628,0.0006282346439547837,0.000588789873290807,0.0005861076642759144,0.0006331785698421299,0.0006218964699655771,0.0006084403721615672,0.0005808589048683643,0.0006078799488022923,0.0006393301300704479,0.000754883571062237,0.0003777066303882748,0.0007558936486020684,0.0004576049104798585,0.0008846389246173203,0.0007971466984599829,0.0005955700180493295,0.0008881217218004167,0.0008876602514646947,0.0008891579345799983,0.0008933948120102286,0.0005870148888789117,0.0005622553289867938,0.0005666899960488081,0.0008151335641741753,0.0014007259160280228,0.0006497548893094063,0.0005730589618906379,0.000615903059951961,0.0006866607582196593,0.0005904359859414399,0.000607259338721633,0.0006123406928963959,0.0006889195065014064,0.000711935805156827,0.00055487803183496,0.0005479368846863508,0.000531846540980041,0.000592317315749824,0.0010529926512390375,0.000583916436880827,0.0009325590799562633,0.0005304645746946335,0.0012535707792267203,0.00046788828331045806,0.000466690311441198,0.0005709575489163399,0.0005374975153245032,0.0005114985979162157,0.0005164577160030603,0.000519508495926857,0.0005164634203538299,0.0005199479055590928,0.0005136712570674717,0.0005115630337968469,0.0005802290979772806,0.0007757811108604074,0.0007865384104661644,0.0006048694485798478,0.0006060681771486998,0.0006222697556950152,0.000597398029640317,0.000626516412012279,0.0005918040405958891,0.0005848222062923014,0.00062706129392609,0.0006285288254730403,0.0006145421066321433,0.0005799757782369852,0.0006096577271819115,0.0006429526838473976,0.0007581904646940529,0.0007581349927932024,0.0004634470387827605,0.0008879407541826367,0.0008896841900423169,0.0008915112703107297,0.000886770139914006,0.0008922250126488507,0.0005841571255587041,0.0005647315410897136,0.0005672331899404526,0.0006548143574036658,0.000568418123293668,0.0006156621966511011,0.0006876905681565404,0.0005908753373660147,0.0006119261961430311,0.0006099496968090534,0.0006900582811795175,0.0007019895128905773
identify_nbi_infframes,0.0006943654734641314,0.0006919870502315462,0.0006839695270173252,0.0007470124983228743,0.0007327647763304412,0.0,0.0010700870770961046,0.0007877532625570893,0.0006446681800298393,0.0010149249574169517,0.0006198817864060402,0.0006042071036063135,0.0006881363224238157,0.0006643408560194075,0.0013438649475574493,0.001338993082754314,0.0006642811931669712,0.0006634782184846699,0.0007548470166511834,0.0007005923544056714,0.0006803283467888832,0.0006829464109614491,0.00068137317430228,0.0006806264282204211,0.0006811956409364939,0.0006817732937633991,0.0006828826735727489,0.0006855959072709084,0.0007263536681421101,0.0006854225066490471,0.0008939768886193633,0.0008117266115732491,0.0009829459013417363,0.000766115146689117,0.0007609734311699867,0.0007770524825900793,0.000765063741710037,0.000779389520175755,0.0007589395972900093,0.0007578491931781173,0.0007841052138246596,0.0007805615314282477,0.0007673208019696176,0.000757636793423444,0.0007669267361052334,0.0007889498374424875,0.0009144088835455477,0.0007349072839133441,0.0009186913957819343,0.0007439272594638169,0.0011467165313661098,0.0009809938492253423,0.0007983375107869506,0.001149084884673357,0.0011491869809105992,0.001150432275608182,0.0011549667688086629,0.0008557915571145713,0.0008337434846907854,0.0008371748263016343,0.0009132518898695707,0.0016340865986421704,0.0008141262223944068,0.0007457088795490563,0.0007718856795690954,0.0008637437713332474,0.0007507129921577871,0.000760891882237047,0.0007850479451008141,0.0008817245252430439,0.0010062336223199964,0.000695162161719054,0.0006893782992847264,0.000688911066390574,0.0007506197434850037,0.0010648902971297503,0.000787479046266526,0.0010113382013514638,0.0006928923539817333,0.001351192477159202,0.0006651593139395118,0.0006596528692170978,0.0007556974305771291,0.0007026393432170153,0.0006804634467698634,0.0006814227090217173,0.0006885484326630831,0.0006874026730656624,0.0006882292218506336,0.0006831614300608635,0.0006796632660552859,0.0007342459284700453,0.0008972705691121519,0.0009814841905608773,0.0007731795194558799,0.00076511554652825,0.0007778488798066974,0.0007729149074293673,0.0007769045187160373,0.0007607816951349378,0.0007564052357338369,0.000779208610765636,0.0007858423632569611,0.0007723118760623038,0.0007591645116917789,0.0007683948497287929,0.0007935104658827186,0.0009183152578771114,0.0009207313996739686,0.000749077822547406,0.0011493732454255223,0.0011523934081196785,0.001151340315118432,0.0011480755638331175,0.001154513331130147,0.0008539595291949809,0.0008363067172467709,0.0008370199939236045,0.0008191981469281018,0.0007420979673042893,0.0007730046636424959,0.0008640699670650065,0.0007517407066188753,0.0007636438822373748,0.0007828455418348312,0.0008834667387418449,0.0009966797661036253
laryngeal_tissues,0.0011069024913012981,0.0010893954895436764,0.0010727886110544205,0.0011287560919299722,0.0010576092172414064,0.0010700870770961046,0.0,0.0011556928511708975,0.0009223216911777854,0.0009710221784189343,0.0008844456751830876,0.0008854970801621675,0.0008520362316630781,0.0008139409474097192,0.0014837279450148344,0.001481593120843172,0.0010727784829214215,0.001065100310370326,0.0011360709322616458,0.0011003623949363828,0.0010898219188675284,0.001092124730348587,0.0010907738469541073,0.0010900107445195317,0.0010902021313086152,0.0010911723366007209,0.0010915495222434402,0.000994657864794135,0.0010974581819027662,0.0010499004274606705,0.0011790216667577624,0.0011168584460392594,0.0013098000781610608,0.0011483031557872891,0.0011472604237496853,0.001160530257038772,0.0011490436736494303,0.001163469161838293,0.0011426626006141305,0.0011422958923503757,0.001168333226814866,0.0011633579852059484,0.0011511590564623475,0.0011429907754063606,0.0011499824468046427,0.0011713581625372171,0.0012765394058078527,0.0010815039277076721,0.0012808821629732847,0.0010230039479210973,0.001485195360146463,0.0013505577808246017,0.0011414196342229843,0.0014880226226523519,0.0014876872301101685,0.0014886840945109725,0.0014935143990442157,0.0011755082523450255,0.0011517718667164445,0.0011565835447981954,0.0012488748179748654,0.001962765119969845,0.0011457594810053706,0.0011120514245703816,0.0011326454114168882,0.0012094577541574836,0.0010980863589793444,0.0011035515926778316,0.0011250359239056706,0.001210707938298583,0.0013518969062715769,0.0011079845717176795,0.0010999577352777123,0.0010792398825287819,0.001129983807913959,,0.0011558971600607038,0.000976002193056047,0.0008538298425264657,0.0014899939997121692,0.001075160806067288,0.0010632503544911742,0.0011363726807758212,0.0011032301699742675,0.0010886662639677525,0.001093168742954731,0.0010974619071930647,0.0010961276711896062,0.0010973744792863727,0.0010920417262241244,0.001088933553546667,0.0011069197207689285,0.0011803709203377366,0.0013091090368106961,0.0011560464045032859,0.0011511436896398664,0.001160876709036529,0.0011564495507627726,0.001161632826551795,0.0011452967301011086,0.0011414127657189965,0.0011635211994871497,0.0011682262411341071,0.0011559980921447277,0.0011444869451224804,0.0011505808215588331,0.00117666891310364,0.0012804954312741756,0.0012826339807361364,0.0010300998110324144,0.001488017151132226,0.0014910331228747964,0.0014899640809744596,0.0014861088711768389,0.0014930465258657932,0.0011733657447621226,0.0011542876018211246,0.0011570892529562116,0.001150663010776043,0.001107910880818963,0.0011326579842716455,0.0012102221371605992,0.0010987534187734127,0.0011078481329604983,0.0011235460406169295,0.001212399103678763,0.001342540723271668
nerthus_bowel_cleansing_quality,0.0005081549170427024,0.00048772853915579617,0.00048223286285065114,0.0005517684621736407,0.0005834221956320107,0.0007877532625570893,0.0011556928511708975,0.0,0.0005224182968959212,0.0009874810930341482,0.00047243520384654403,0.00045152418897487223,0.0005479644751176238,0.0005325541133061051,0.0012929285876452923,0.0012961473548784852,0.0003734256897587329,0.00033635456929914653,0.0002664896019268781,0.0003383025759831071,0.0004288825730327517,0.000428215746069327,0.00042854296043515205,0.0004293968086130917,0.0004289737553335726,0.0004291609220672399,0.0004290241631679237,0.0005694499122910202,0.0004513920284807682,0.0005996287218295038,0.0008559728739783168,0.0007237156387418509,0.0007991103339008987,0.000576778722461313,0.0005736640305258334,0.00059369025984779,0.0005724808434024453,0.0005968635086901486,0.0005682628252543509,0.0005651444662362337,0.0006032035453245044,0.0005954710650257766,0.0005815867916680872,0.0005644126795232296,0.0005867104628123343,0.0006095134885981679,0.0007469471311196685,0.0006217905902303755,0.0007451459532603621,0.0006933754775673151,0.0009819215629249811,0.0007745654438622296,0.0005636807763949037,0.000984260463155806,0.000983688049018383,0.000985419494099915,0.0009892093949019909,0.0005278591415844858,0.0005123204900883138,0.0005119798588566482,0.0008903048583306372,0.001478774007409811,0.0006301659159362316,0.00052131328266114,0.0005696823354810476,0.0006468914216384292,0.000558744533918798,0.0005641849129460752,0.0005793042364530265,0.000779257679823786,0.0008056791266426444,0.0005099943955428898,0.0005025261198170483,0.0004855564038734883,0.0005514308577403426,0.0011508581228554249,,0.0009777378290891647,0.0005524585722014308,0.0013015955919399858,0.00037571165012195706,0.0003426577022764832,0.0002672483096830547,0.0003388762124814093,0.0004283383605070412,0.0004330170340836048,0.000433589011663571,0.00043220428051427007,0.0004338548460509628,0.0004308388161007315,0.0004295777762308717,0.0004547435382846743,0.0008566673495806754,0.0007976667839102447,0.0005856797797605395,0.0005765007808804512,0.0005933999200351536,0.0005779534112662077,0.0005966415046714246,0.0005713907885365188,0.000564800517167896,0.0005970023921690881,0.0006025860784575343,0.0005876910290680826,0.000563566165510565,0.0005864765262231231,0.0006127850501798093,0.0007488982519134879,0.0007479164050891995,0.0006990794208832085,0.0009852361399680376,0.0009865163592621684,0.0009862560546025634,0.0009832809446379542,0.0009885799372568727,0.0005259137833490968,0.0005164183094166219,0.0005112756043672562,0.0006356259109452367,0.0005164594040252268,0.0005689862300641835,0.0006480527226813138,0.0005591292283497751,0.0005693610874004662,0.0005774730234406888,0.0007812163094058633,0.00079460529377684
stanford_dogs_image_categorization,0.00047520003863610327,0.0004407752421684563,0.000429202540544793,0.0004751876404043287,0.0004797416040673852,0.0006446681800298393,0.0009223216911777854,0.0005224182968959212,0.0,0.0007837124285288155,0.00027067281189374626,0.000258243759162724,0.0003302350814919919,0.00033267633989453316,0.0010957132326439023,0.0010994701879099011,0.0004479834751691669,0.00044240031274966896,0.0005060039693489671,0.0004513965977821499,0.00044713608804158866,0.00044847256503999233,0.00044773975969292223,0.00044725718908011913,0.00044696766417473555,0.00044830230763182044,0.0004478904011193663,0.0004586396098602563,0.0004852015699725598,0.00044533328036777675,0.000686999352183193,0.0005628570215776563,0.000688049360178411,0.0005088295438326895,0.0005104410811327398,0.0005267031956464052,0.0005088704056106508,0.0005307339015416801,0.0005037249648012221,0.000502485316246748,0.0005354714230634272,0.0005263277562335134,0.0005164130707271397,0.0005039140814915299,0.0005156232509762049,0.0005400720983743668,0.000637945078779012,0.0005123924347572029,0.0006393396179191768,0.0005575378309004009,0.0008795631001703441,0.0006863832240924239,0.0004909195122309029,0.0008822435047477484,0.0008819418726488948,0.000882582797203213,0.0008872867911122739,0.0005522538558579981,0.0005270033143460751,0.0005317647010087967,0.0007167385774664581,0.0013469256227836013,0.0005135758547112346,0.0004759503062814474,0.0004978817887604237,0.0005675071734003723,0.0004563916882034391,0.00047803870984353125,0.0004919947823509574,0.0006009543430991471,0.0007250500493682921,0.0004760860465466976,0.0004467471153475344,0.00043423890019766986,0.0004753760586027056,0.0009170204866677523,0.0005235933349467814,0.0007757524726912379,0.0003359673428349197,0.0011039762757718563,0.000451022875495255,0.0004413529532030225,0.0005053621134720743,0.00045386538840830326,0.00044686367618851364,0.0004517652268987149,0.0004538869543466717,0.00045171056990511715,0.000453547720098868,0.0004496327310334891,0.00044684484601020813,0.0004910092684440315,0.0006870609358884394,0.000687904772348702,0.0005166243645362556,0.0005131674697622657,0.0005275564617477357,0.0005149877979420125,0.0005304185324348509,0.0005076061352156103,0.0005021777469664812,0.0005296478047966957,0.0005318556795828044,0.0005213668919168413,0.0005043260753154755,0.000514644430950284,0.0005445196875371039,0.0006410827627405524,0.0006414442323148251,0.000565089751034975,0.0008822432719171047,0.0008853365434333682,0.0008845038828440011,0.0008801660733297467,0.0008868160657584667,0.0005497188540175557,0.0005305654485709965,0.0005316981114447117,0.0005186189082451165,0.0004706918844021857,0.0004966868436895311,0.0005687208031304181,0.0004573035112116486,0.00048290734412148595,0.0004903195076622069,0.0006023270543664694,0.0007151926402002573
svhn,0.0009802572894841433,0.0009475263068452477,0.000932768452912569,0.0009840585989877582,0.0009408219484612346,0.0010149249574169517,0.0009710221784189343,0.0009874810930341482,0.0007837124285288155,0.0,0.0007392797851935029,0.0007292925147339702,0.0006069540977478027,0.0005665278877131641,0.001142446999438107,0.001139965490438044,0.0009263306274078786,0.0009186223614960909,0.0009755375212989748,0.00093055609613657,0.000934064039029181,0.000935878895688802,0.0009347184095531702,0.0009342576377093792,0.000934540294110775,0.0009354358771815896,0.0009356836089864373,0.0009070949163287878,0.0009384351433254778,0.0009156346786767244,0.0010497954208403826,0.0010447793174535036,0.0011472998885437846,0.0009748845477588475,0.0009739551460370421,0.000988478772342205,0.000975171395111829,0.0009914514375850558,0.0009694693726487458,0.0009688293794170022,0.0009956801077350974,0.0009896053234115243,0.0009783880086615682,0.0009692749008536339,0.0009765448630787432,0.0009995360160246491,0.0011019129306077957,0.0009707954013720155,0.0011051320470869541,0.0009843810694292188,0.0013395933201536536,0.001173317665234208,0.0009548001689836383,0.0013422121992334723,0.001341974944807589,0.0013428340898826718,0.0013474909355863929,0.0010153151815757155,0.000989212072454393,0.0009942081524059176,0.0011476873187348247,0.001812148722819984,0.0009490146767348051,0.0009292803006246686,0.0009410717175342143,0.0010185802821069956,0.0009026765474118292,0.0008963849977590144,0.0009287978755310178,0.001092518330551684,0.0011968733742833138,0.0009820266859605908,0.0009497635765001178,0.000938367797061801,0.000984308891929686,0.0009712427854537964,0.0009876878466457129,,0.0006057113059796393,0.0011504408903419971,0.0009292259928770363,0.0009172043646685779,0.0009749917080625892,0.000933819217607379,0.0009331818437203765,0.0009374104556627572,0.0009414414525963366,0.0009397128014825284,0.0009409736376255751,0.0009370987536385655,0.000932742259465158,0.0009466688497923315,0.0010500299977138638,0.0011468433076515794,0.0009825264569371939,0.0009774231584742665,0.000988308689557016,0.000982300960458815,0.000989693682640791,0.0009722422691993415,0.0009679661015979946,0.0009907742496579885,0.0009947402868419886,0.000983650330454111,0.0009709475561976433,0.0009767984738573432,0.0010044550290331244,0.0011056790826842189,0.0011069271713495255,0.0009918587747961283,0.0013422543415799737,0.0013452257262542844,0.001344113377854228,0.0013402925105765462,0.0013470530975610018,0.0010129022412002087,0.000991476234048605,0.0009946589125320315,0.0009542424813844264,0.000925305939745158,0.0009406102471984923,0.0010195140494033694,0.0009035893599502742,0.0009000931167975068,0.0009278453071601689,0.0010939884232357144,0.0011872410541400313
caltech101_object_classification,0.0004481795185711235,0.0004108295252081007,0.00039885943988338113,0.00044552882900461555,0.0004501625371631235,0.0006198817864060402,0.0008844456751830876,0.00047243520384654403,0.00027067281189374626,0.0007392797851935029,0.0,0.00021241384092718363,0.00031024834606796503,0.00030057362164370716,0.0010225004516541958,0.0010320802684873343,0.0004135114431846887,0.0004005215596407652,0.0004601196851581335,0.00040848631761036813,0.00040915238787420094,0.0004103111568838358,0.0004096121992915869,0.0004092337330803275,0.00040908518712967634,0.00041037227492779493,0.0004098254139535129,0.0004272798541933298,0.00043200774234719574,0.00043238975922577083,0.0006317695369943976,0.0005499833496287465,0.0006427126354537904,0.0004793028929270804,0.00048198632430285215,0.0004986918065696955,0.00047929876018315554,0.000502622511703521,0.00047416280722245574,0.0004732951638288796,0.0005072580534033477,0.0004973930190317333,0.00048727000830695033,0.00047354260459542274,0.000486481876578182,0.000511566991917789,0.0006095125572755933,0.0004890745040029287,0.0006102521438151598,0.0005242601037025452,0.0008329307893291116,0.0006568493554368615,0.0004405953222885728,0.0008358615450561047,0.0008353215525858104,0.0008361124782823026,0.0008408698486164212,0.0004923628293909132,0.0004706642939709127,0.0004754015535581857,0.0006880077417008579,0.0013046714011579752,0.00046799631672911346,0.00043069571256637573,0.000448414619313553,0.0005148505442775786,0.000407268205890432,0.0004196182417217642,0.00044080897350795567,0.0005690621910616755,0.0006823912262916565,0.00044932038872502744,0.0004204552969895303,0.0004043131193611771,0.0004454947484191507,0.0008792253793217242,0.0004734993271995336,0.0007305881008505821,0.00031576110632158816,0.0010306329932063818,0.0004166362341493368,0.00039993945392780006,0.0004596325452439487,0.0004112179740332067,0.0004089904250577092,0.0004135967174079269,0.0004161102988291532,0.0004139180527999997,0.0004150299064349383,0.0004116817144677043,0.0004086132103111595,0.00043819707934744656,0.0006321979453787208,0.0006424637394957244,0.00048720999620854855,0.00048491350025869906,0.0004987716092728078,0.00048522138968110085,0.0005022195400670171,0.00047792287659831345,0.00047292193630710244,0.0005017071962356567,0.0005029584863223135,0.0004925904795527458,0.0004740621370729059,0.00048575576511211693,0.0005157736013643444,0.0006124929059296846,0.0006124924984760582,0.0005313774454407394,0.0008357521146535873,0.0008385926485061646,0.0008377673220820725,0.0008339021587744355,0.0008403123938478529,0.0004899335326626897,0.00047405780060216784,0.0004754160181619227,0.00047305424232035875,0.0004251387726981193,0.0004469684208743274,0.0005158677813597023,0.00040836783591657877,0.00042478545219637454,0.00043912476394325495,0.0005705686053261161,0.0006729566375724971
caltech256_object_classification,0.000430344749474898,0.0003894503752235323,0.0003780510451178998,0.0004238147521391511,0.0004317439452279359,0.0006042071036063135,0.0008854970801621675,0.00045152418897487223,0.000258243759162724,0.0007292925147339702,0.00021241384092718363,0.0,0.0002996134862769395,0.0002890345058403909,0.001019313232973218,0.0010276425164192915,0.0003928948426619172,0.0003812889917753637,0.0004413759452290833,0.0003854628885164857,0.00038461069925688207,0.00038570555625483394,0.00038502164534293115,0.00038468840648420155,0.00038454687455669045,0.00038576850784011185,0.00038531061727553606,0.00041166055598296225,0.0004091509326826781,0.0004155016504228115,0.000626455876044929,0.0005347836413420737,0.0006219639908522367,0.00045371035230346024,0.0004569321172311902,0.00047414531582035124,0.00045385039993561804,0.0004782199684996158,0.00044876133324578404,0.0004478932823985815,0.0004828434612136334,0.00047250016359612346,0.00046249156002886593,0.0004481629002839327,0.0004620101535692811,0.00048730053822509944,0.0005841248203068972,0.0004708492197096348,0.000584707478992641,0.0005113281076774001,0.00080871518002823,0.0006314149359241128,0.00041905304533429444,0.0008115523960441351,0.0008110395865514874,0.0008117982652038336,0.0008165637264028192,0.0004731036024168134,0.00045152779784984887,0.00045652297558262944,0.0006714987684972584,0.0012783878482878208,0.00044107474968768656,0.0004042786604259163,0.000422169134253636,0.0004913609591312706,0.0003794732328969985,0.0003934185951948166,0.00041401872294954956,0.0005532865761779249,0.000657925324048847,0.00043179813656024635,0.00039622554322704673,0.00038337279693223536,0.0004234130319673568,0.0008802308002486825,0.0004527045239228755,0.0007205674191936851,0.00030478619737550616,0.0010275323875248432,0.00039638514863327146,0.000380640005460009,0.00044066543341614306,0.000388306041713804,0.00038425493403337896,0.00038903133827261627,0.00039121805457398295,0.00038932624738663435,0.00039048201870173216,0.0003874018439091742,0.00038392722490243614,0.0004153125046286732,0.0006267919670790434,0.0006215621833689511,0.0004617326194420457,0.000459797156509012,0.0004741471784655005,0.00045960070565342903,0.00047788562369532883,0.0004525001277215779,0.00044758006697520614,0.0004772125685121864,0.00047812616685405374,0.0004678558907471597,0.0004485679673962295,0.0004612109623849392,0.000491503335069865,0.0005870968452654779,0.0005868987645953894,0.0005185619229450822,0.0008116271928884089,0.0008143796003423631,0.0008134104427881539,0.0008096093661151826,0.0008160762372426689,0.00047054875176399946,0.00045484217116609216,0.0004565718991216272,0.00044624070869758725,0.0003987129603046924,0.0004206029698252678,0.0004925096873193979,0.0003805431188084185,0.00039865399594418705,0.0004124334082007408,0.0005547946784645319,0.0006484303157776594
