,lapgyn4_anatomical_structures,lapgyn4_surgical_actions,lapgyn4_instrument_count,lapgyn4_anatomical_actions,sklin2_skin_lesions,identify_nbi_infframes,laryngeal_tissues,nerthus_bowel_cleansing_quality,stanford_dogs_image_categorization,svhn,caltech101_object_classification,caltech256_object_classification,cifar10_object_classification,cifar100_object_classification,mnist_digit_classification,emnist_digit_classification,hyperkvasir_anatomical-landmarks,hyperkvasir_pathological-findings,hyperkvasir_quality-of-mucosal-views,hyperkvasir_therapeutic-interventions,cholec80_grasper_presence,cholec80_bipolar_presence,cholec80_hook_presence,cholec80_scissors_presence,cholec80_clipper_presence,cholec80_irrigator_presence,cholec80_specimenbag_presence,derm7pt_skin_lesions,idle_action_recognition,barretts_esophagus_diagnosis,brain_tumor_classification,mednode_melanoma_classification,brain_tumor_type_classification,chexpert_enlarged_cardiomediastinum,chexpert_cardiomegaly,chexpert_lung_opacity,chexpert_lung_lesion,chexpert_edema,chexpert_consolidation,chexpert_pneumonia,chexpert_atelectasis,chexpert_pneumothorax,chexpert_pleural_effusion,chexpert_pleural_other,chexpert_fracture,chexpert_support_devices,pneumonia_classification,ph2-melanocytic-lesions-classification,covid_xray_classification,isic20_melanoma_classification,deep_drid_dr_level,shenzen_chest_xray_tuberculosis,crawled_covid_ct_classification,deep_drid_quality,deep_drid_clarity,deep_drid_field,deep_drid_artifact,kvasir_capsule_anatomy,kvasir_capsule_content,kvasir_capsule_pathologies,breast_cancer_classification_v2,eye_condition_classification,mura_xr_wrist,mura_xr_shoulder,mura_xr_humerus,mura_xr_hand,mura_xr_forearm,mura_xr_finger,mura_xr_elbow,bean_plant_disease_classification,aptos19_blindness_detection,lapgyn4_anatomical_structures --shrink_train 800,lapgyn4_surgical_actions --shrink_train 800,lapgyn4_instrument_count --shrink_train 800,lapgyn4_anatomical_actions --shrink_train 800,laryngeal_tissues --shrink_train 800,nerthus_bowel_cleansing_quality --shrink_train 800,svhn --shrink_train 800,cifar10_object_classification --shrink_train 800,mnist_digit_classification --shrink_train 800,hyperkvasir_anatomical-landmarks --shrink_train 800,hyperkvasir_pathological-findings --shrink_train 800,hyperkvasir_quality-of-mucosal-views --shrink_train 800,hyperkvasir_therapeutic-interventions --shrink_train 800,cholec80_grasper_presence --shrink_train 800,cholec80_bipolar_presence --shrink_train 800,cholec80_hook_presence --shrink_train 800,cholec80_scissors_presence --shrink_train 800,cholec80_clipper_presence --shrink_train 800,cholec80_irrigator_presence --shrink_train 800,cholec80_specimenbag_presence --shrink_train 800,idle_action_recognition --shrink_train 800,brain_tumor_classification --shrink_train 800,brain_tumor_type_classification --shrink_train 800,chexpert_enlarged_cardiomediastinum --shrink_train 800,chexpert_cardiomegaly --shrink_train 800,chexpert_lung_opacity --shrink_train 800,chexpert_lung_lesion --shrink_train 800,chexpert_edema --shrink_train 800,chexpert_consolidation --shrink_train 800,chexpert_pneumonia --shrink_train 800,chexpert_atelectasis --shrink_train 800,chexpert_pneumothorax --shrink_train 800,chexpert_pleural_effusion --shrink_train 800,chexpert_pleural_other --shrink_train 800,chexpert_fracture --shrink_train 800,chexpert_support_devices --shrink_train 800,pneumonia_classification --shrink_train 800,covid_xray_classification --shrink_train 800,isic20_melanoma_classification --shrink_train 800,deep_drid_dr_level --shrink_train 800,deep_drid_quality --shrink_train 800,deep_drid_clarity --shrink_train 800,deep_drid_field --shrink_train 800,deep_drid_artifact --shrink_train 800,kvasir_capsule_anatomy --shrink_train 800,kvasir_capsule_content --shrink_train 800,kvasir_capsule_pathologies --shrink_train 800,mura_xr_wrist --shrink_train 800,mura_xr_shoulder --shrink_train 800,mura_xr_humerus --shrink_train 800,mura_xr_hand --shrink_train 800,mura_xr_forearm --shrink_train 800,mura_xr_finger --shrink_train 800,mura_xr_elbow --shrink_train 800,bean_plant_disease_classification --shrink_train 800,aptos19_blindness_detection --shrink_train 800
lapgyn4_anatomical_structures,0.0,0.005849410314112902,0.005932279396802187,0.007647542282938957,0.012507175095379353,0.015500638633966446,0.025050075724720955,0.01179299596697092,0.010853774845600128,0.02281859517097473,0.010170449502766132,0.009792824275791645,0.012154437601566315,0.011782798916101456,0.030778832733631134,0.02991248480975628,0.00857660174369812,0.008157625794410706,0.010439996607601643,0.009062252007424831,0.007089939434081316,0.00712891248986125,0.007212825119495392,0.007145463023334742,0.007270624861121178,0.007134431041777134,0.007198326755315065,0.012581249698996544,0.011830571107566357,0.012639171443879604,0.01879771053791046,0.01536722294986248,0.019698461517691612,0.01268880907446146,0.012903976254165173,0.013450833037495613,0.012896424159407616,0.01364851463586092,0.012674788944423199,0.012650152668356895,0.013629850931465626,0.013503354974091053,0.013095822185277939,0.012516085989773273,0.013005262240767479,0.014026002027094364,0.016319043934345245,0.013807041570544243,0.016470467671751976,0.014673096127808094,0.023873664438724518,0.017148682847619057,0.01370315719395876,0.023578999564051628,0.023596929386258125,0.023301638662815094,0.02368578128516674,0.014543326571583748,0.014294828288257122,0.014138925820589066,0.020223509520292282,0.03585821017622948,0.014697402715682983,0.01256074570119381,0.013788732700049877,0.014884792268276215,0.013268955983221531,0.013281171210110188,0.013967825099825859,0.016708025708794594,0.019236376509070396,,0.006159330252557993,0.006178296636790037,0.007451439276337624,0.025933343917131424,0.011579164303839207,0.022600248456001282,0.012287398800253868,0.02994898520410061,0.008530091494321823,0.008198470808565617,0.01028146967291832,0.00910235196352005,0.007447391748428345,0.007249542511999607,0.007287545129656792,0.0072822873480618,0.007241354323923588,0.0071019395254552364,0.007287933956831694,0.011896566487848759,0.019105827435851097,0.01886979304254055,0.013063031248748302,0.01296599954366684,0.013491992838680744,0.012853105552494526,0.01345198042690754,0.012840443290770054,0.01259639859199524,0.013321874663233757,0.013431844301521778,0.013029593974351883,0.0125033063814044,0.01318801287561655,0.013851214200258255,0.016418002545833588,0.01652461104094982,0.015147116035223007,0.02388453483581543,0.023243971168994904,0.0239472147077322,0.023273171856999397,0.023748891428112984,0.014685691334307194,0.014401300810277462,0.0143350288271904,0.01484370231628418,0.012424828484654427,0.013815893791615963,0.014635448344051838,0.013139501214027405,0.01345593761652708,0.014079257845878601,0.016709009185433388,0.020158398896455765
lapgyn4_surgical_actions,0.005849410314112902,0.0,0.004688977729529142,0.005327587481588125,0.012524967081844807,0.015705781057476997,0.024841805920004845,0.011434357613325119,0.010125098749995232,0.022200629115104675,0.009412630461156368,0.008939757943153381,0.011349489912390709,0.011075873859226704,0.03006472997367382,0.029210558161139488,0.009061223827302456,0.008714220486581326,0.010330433957278728,0.008736399933695793,0.006159634795039892,0.006227675825357437,0.006167842540889978,0.006185910198837519,0.0062600900419056416,0.006297566462308168,0.00617951201274991,0.012395721860229969,0.010845595970749855,0.012353484518826008,0.018772350624203682,0.015482199378311634,0.01899535581469536,0.012009789235889912,0.012201009318232536,0.012737734243273735,0.0122572286054492,0.012941692024469376,0.012020976282656193,0.011962419375777245,0.012918703258037567,0.012755420058965683,0.01237297710031271,0.011866440996527672,0.012409321963787079,0.0132883470505476,0.015680769458413124,0.01371409185230732,0.01581771858036518,0.01485435664653778,0.023516526445746422,0.016276612877845764,0.012731652706861496,0.023231569677591324,0.023230968043208122,0.022927144542336464,0.023323141038417816,0.013774747028946877,0.013619275763630867,0.013511277735233307,0.019565675407648087,0.035227030515670776,0.013491949997842312,0.011716651730239391,0.012963462620973587,0.013724680058658123,0.012138355523347855,0.012242298573255539,0.012924312613904476,0.016266515478491783,0.01874423772096634,0.005914302542805672,,0.004726745188236237,0.005162535700947046,0.025715097784996033,0.011281369253993034,0.021972419694066048,0.011494453065097332,0.029235918074846268,0.009039300493896008,0.008743331767618656,0.010220189578831196,0.008755654096603394,0.006396646611392498,0.00625957315787673,0.006211368832737207,0.0062523651868104935,0.006305503658950329,0.006180572789162397,0.006377320270985365,0.010859867557883263,0.019073352217674255,0.01816793903708458,0.01238399650901556,0.012252996675670147,0.01277968194335699,0.012185506522655487,0.012793146073818207,0.012144917622208595,0.01199975423514843,0.012618958950042725,0.012679052539169788,0.012345030903816223,0.01184556633234024,0.01250048540532589,0.013113176450133324,0.015778519213199615,0.01587168499827385,0.01536640152335167,0.023513656109571457,0.022893065586686134,0.02357644960284233,0.022906696423888206,0.02337905392050743,0.013902418315410614,0.013759722001850605,0.01370262261480093,0.01363472267985344,0.011576871387660503,0.01296125166118145,0.013495099730789661,0.01200177613645792,0.012438087724149227,0.013045872561633587,0.016245301812887192,0.019655359908938408
lapgyn4_instrument_count,0.005932279396802187,0.004688977729529142,0.0,0.004982012324035168,0.011805392801761627,0.0153102558106184,0.02424655668437481,0.011174183338880539,0.009795907884836197,0.021746128797531128,0.009057359769940376,0.008618681691586971,0.011051107197999954,0.010752036236226559,0.029560398310422897,0.028702953830361366,0.00862857885658741,0.008248324505984783,0.010184824466705322,0.008882037363946438,0.005634229630231857,0.0057162754237651825,0.005684767384082079,0.005694231484085321,0.005765426903963089,0.005802484229207039,0.005711051635444164,0.011827883310616016,0.0109030120074749,0.012199199758470058,0.01816110871732235,0.014767829328775406,0.018753375858068466,0.01193037535995245,0.012185501866042614,0.012735706754028797,0.012182900682091713,0.012944097630679607,0.011957240290939808,0.011924265883862972,0.01291369553655386,0.012760871089994907,0.012330290861427784,0.011768301017582417,0.012347253039479256,0.013296540826559067,0.015552121214568615,0.013173060491681099,0.01572415977716446,0.014260306023061275,0.022852519527077675,0.016338275745511055,0.012640508823096752,0.022556757554411888,0.022567035630345345,0.02227170020341873,0.022654935717582703,0.013276427984237671,0.013198097236454487,0.013073421083390713,0.019340677186846733,0.034661464393138885,0.013296357356011868,0.011449159123003483,0.012561549432575703,0.013666144572198391,0.011840754188597202,0.012018026784062386,0.012610175646841526,0.015927808359265327,0.018167907372117043,0.00597020098939538,0.0049357060343027115,,0.004869523458182812,0.025123530998826027,0.011010415852069855,0.021527007222175598,0.011183732189238071,0.028731465339660645,0.008610040880739689,0.008260766044259071,0.010062656365334988,0.008902470581233501,0.00594785250723362,0.005796452052891254,0.005764298606663942,0.005803688429296017,0.005799972452223301,0.005654844921082258,0.005857050884515047,0.010942850261926651,0.018465891480445862,0.017932070419192314,0.012336308136582375,0.012237878516316414,0.012774202041327953,0.012116978876292706,0.01275782659649849,0.012102428823709488,0.011906629428267479,0.012593208812177181,0.012700263410806656,0.012309384532272816,0.011745595373213291,0.01247471198439598,0.01310643833130598,0.015652209520339966,0.01576639711856842,0.014773030765354633,0.022848524153232574,0.022226011380553246,0.022914160043001175,0.02224557474255562,0.02271636761724949,0.01340232603251934,0.01331650372594595,0.013277765363454819,0.013444792479276657,0.011307614855468273,0.012538984417915344,0.013424173928797245,0.011717893183231354,0.012201054021716118,0.012736424803733826,0.015913059934973717,0.01907568797469139
lapgyn4_anatomical_actions,0.007647542282938957,0.005327587481588125,0.004982012324035168,0.0,0.013604563660919666,0.017101909965276718,0.02578790672123432,0.013045591302216053,0.011005689390003681,0.023070955649018288,0.01025458425283432,0.009779638610780239,0.012282181531190872,0.012027470394968987,0.030847851186990738,0.030016159638762474,0.010829083621501923,0.010410369373857975,0.012055722996592522,0.01062226202338934,0.0073076942935585976,0.007386654149740934,0.007235084660351276,0.007319445256143808,0.007405885495245457,0.007506623398512602,0.007310657761991024,0.013556741178035736,0.012154544703662395,0.01378535758703947,0.019935261458158493,0.016564007848501205,0.020150408148765564,0.013409687206149101,0.013643363490700722,0.014179462566971779,0.01368192583322525,0.014393851161003113,0.013450760394334793,0.013410447165369987,0.014345372095704079,0.014155006036162376,0.013775563798844814,0.013291068375110626,0.01382522564381361,0.01470663771033287,0.016940711066126823,0.014916706830263138,0.017108386382460594,0.016082558780908585,0.02455516718327999,0.01756739802658558,0.013996710069477558,0.02428543195128441,0.024271110072731972,0.02395840920507908,0.024367069825530052,0.014900917187333107,0.014835572801530361,0.014737431891262531,0.020775074139237404,0.03617347776889801,0.014464488252997398,0.012945076450705528,0.01396407000720501,0.014812158420681953,0.013043571263551712,0.013169456273317337,0.013901076279580593,0.017345167696475983,0.01978873461484909,0.0077025406062603,0.005663672927767038,0.004893274512141943,,0.026655128225684166,0.012907682918012142,0.022847328335046768,0.012422771193087101,0.030015673488378525,0.010802357457578182,0.01043726596981287,0.011941087432205677,0.010631558485329151,0.007580408360809088,0.007423762232065201,0.00733604934066534,0.007439692039042711,0.007441894616931677,0.007298603188246489,0.007521586026996374,0.012170743197202682,0.020245566964149475,0.01934560015797615,0.013811261393129826,0.013692604377865791,0.01420430839061737,0.013622947037220001,0.014225947670638561,0.013568238355219364,0.0134489256888628,0.014049351215362549,0.01409948244690895,0.013786153867840767,0.013270785100758076,0.013904261402785778,0.014525906182825565,0.017035754397511482,0.01714289002120495,0.01661638543009758,0.02454589121043682,0.02394205890595913,0.02461434341967106,0.02393951080739498,0.02442157454788685,0.015011278912425041,0.014965834096074104,0.014937474392354488,0.014606215059757233,0.012798106297850609,0.013917765580117702,0.014573289081454277,0.012925880961120129,0.013358189724385738,0.014030183665454388,0.01732388325035572,0.020688341930508614
sklin2_skin_lesions,0.012507175095379353,0.012524967081844807,0.011805392801761627,0.013604563660919666,0.0,0.01654842682182789,0.023745790123939514,0.013513441197574139,0.010884100571274757,0.02176537923514843,0.010139759629964828,0.009738513268530369,0.012003632262349129,0.011524111963808537,0.02964477613568306,0.0286618210375309,0.010427247732877731,0.010596953332424164,0.012903464958071709,0.012158394791185856,0.011519026942551136,0.011602777056396008,0.011583722196519375,0.011558623984456062,0.011734679341316223,0.011421170085668564,0.011481189168989658,0.007927078753709793,0.013096919283270836,0.011646593920886517,0.017705289646983147,0.011732843704521656,0.018762132152915,0.013398761861026287,0.013739698566496372,0.014256030321121216,0.013695241883397102,0.014523601159453392,0.013473629020154476,0.013477753847837448,0.014488451182842255,0.014432149939239025,0.013774607330560684,0.013087689876556396,0.01387401856482029,0.014820515178143978,0.017396843060851097,0.008326214738190174,0.017595604062080383,0.010168975219130516,0.020868709310889244,0.018462741747498512,0.013617997989058495,0.020593373104929924,0.02062499336898327,0.020378032699227333,0.02070789784193039,0.013446611352264881,0.012929576449096203,0.012793534435331821,0.018938809633255005,0.033379849046468735,0.01497328095138073,0.012999636121094227,0.014000792987644672,0.01586417853832245,0.013588931411504745,0.013789256103336811,0.013950729742646217,0.016106782481074333,0.016084132716059685,0.012524880468845367,0.012551789171993732,0.012279711663722992,0.013411912135779858,0.024615760892629623,0.013308939523994923,0.021556003019213676,0.012152968905866146,0.028827684000134468,0.010465907864272594,0.01030768919736147,0.012816093862056732,0.012240132316946983,0.011703788302838802,0.011695065535604954,0.011674867011606693,0.0117154810577631,0.011872281320393085,0.011759111657738686,0.011518482118844986,0.013281185179948807,0.018094226717948914,0.017976311966776848,0.013881874270737171,0.013863306492567062,0.01429734192788601,0.013621009886264801,0.014220361597836018,0.013609372079372406,0.013288815505802631,0.014102023094892502,0.014347104355692863,0.013758822344243526,0.013091912493109703,0.014133148826658726,0.014606607146561146,0.017491910606622696,0.017644960433244705,0.010521527379751205,0.02092081867158413,0.020236363634467125,0.020996367558836937,0.02027837187051773,0.020777294412255287,0.013495220802724361,0.012981201522052288,0.012987838126718998,0.015151464380323887,0.01288257259875536,0.014006778597831726,0.015546589158475399,0.013467338867485523,0.013920394703745842,0.014101489447057247,0.016119366511702538,0.016945786774158478
identify_nbi_infframes,0.015500638633966446,0.015705781057476997,0.0153102558106184,0.017101909965276718,0.01654842682182789,0.0,0.02401214838027954,0.01825478859245777,0.014694314450025558,0.0234556645154953,0.014028173871338367,0.013712550513446331,0.015794090926647186,0.015197607688605785,0.03190702944993973,0.030829859897494316,0.015040060505270958,0.015002617612481117,0.017197266221046448,0.0158927571028471,0.015332660637795925,0.015494312159717083,0.015461931005120277,0.01535277534276247,0.015550101175904274,0.015172814019024372,0.01539066806435585,0.01579178310930729,0.016773225739598274,0.015598091296851635,0.020426301285624504,0.01872580125927925,0.023308394476771355,0.017393099144101143,0.017482271417975426,0.017877938225865364,0.01769755594432354,0.01805051602423191,0.01746823824942112,0.01746288686990738,0.017997199669480324,0.018106991425156593,0.017492882907390594,0.017270980402827263,0.01760871335864067,0.01829986460506916,0.021099137142300606,0.016998164355754852,0.021344047039747238,0.01691448874771595,0.02707849256694317,0.022673185914754868,0.018429730087518692,0.02674059197306633,0.026779156178236008,0.026522912085056305,0.026890918612480164,0.01976632885634899,0.019350584596395493,0.019179876893758774,0.02125360816717148,0.03885987028479576,0.01877441629767418,0.016926081851124763,0.017609577625989914,0.01991356909275055,0.01724408008158207,0.017299527302384377,0.017902672290802002,0.020643463358283043,0.023008791729807854,0.015511054545640945,0.01557179819792509,0.01577194221317768,0.01701008901000023,0.024869931861758232,0.018059801310300827,0.023395616561174393,0.015888651832938194,0.031062539666891098,0.014989441260695457,0.014873395673930645,0.017118491232395172,0.01605028100311756,0.015652509406208992,0.015425224788486958,0.01553974486887455,0.015689149498939514,0.01568475551903248,0.01555761881172657,0.015352729707956314,0.016855118796229362,0.02081104926764965,0.022510433569550514,0.01777881197631359,0.017574064433574677,0.017898786813020706,0.01778295449912548,0.017735527828335762,0.017577102407813072,0.017274808138608932,0.01769239827990532,0.017995227128267288,0.01750178076326847,0.01735600084066391,0.017893867567181587,0.018094738945364952,0.0211696345359087,0.021399926394224167,0.01742546074092388,0.027056222781538963,0.026450371369719505,0.027122385799884796,0.02647736482322216,0.026965627446770668,0.01985621638596058,0.019441397860646248,0.01942358911037445,0.018949316814541817,0.016878897324204445,0.017619464546442032,0.019602147862315178,0.01717965118587017,0.017352430149912834,0.01808146759867668,0.02064005471765995,0.023878956213593483
laryngeal_tissues,0.025050075724720955,0.024841805920004845,0.02424655668437481,0.02578790672123432,0.023745790123939514,0.02401214838027954,0.0,0.026531491428613663,0.020686157047748566,0.021514274179935455,0.019722972065210342,0.01980937086045742,0.019127050414681435,0.017944833263754845,0.03444854915142059,0.033425793051719666,0.024358756840229034,0.02419324964284897,0.02574516460299492,0.025050580501556396,0.024698441848158836,0.02486754022538662,0.02475528046488762,0.024744687601923943,0.0249465499073267,0.024586176499724388,0.024674437940120697,0.022476887330412865,0.024992898106575012,0.023709194734692574,0.026601517572999,0.025349143892526627,0.030543960630893707,0.025985514745116234,0.02614698000252247,0.026493949815630913,0.026374390348792076,0.026721663773059845,0.026105808094143867,0.026112262159585953,0.026628410443663597,0.026685724034905434,0.026111194863915443,0.02598031423985958,0.02624676749110222,0.026875343173742294,0.029200593009591103,0.024653811007738113,0.029475219547748566,0.022964414209127426,0.03452983498573303,0.031033074483275414,0.026022115722298622,0.03423100709915161,0.034278322011232376,0.03397917002439499,0.03436668962240219,0.02683177776634693,0.02633659727871418,0.02620014362037182,0.02855491451919079,0.046096011996269226,0.026102164760231972,0.02519170753657818,0.02570219337940216,0.027649695053696632,0.02501637674868107,0.024992743507027626,0.025479502975940704,0.027933089062571526,0.030673157423734665,0.025086764246225357,0.02509750798344612,0.024709397926926613,0.025663981214165688,,0.026365183293819427,0.021524639800190926,0.01899726875126362,0.03368932753801346,0.024317413568496704,0.024069128558039665,0.025696001946926117,0.025142913684248924,0.0249488428235054,0.02485128492116928,0.024857046082615852,0.025005338713526726,0.025097116827964783,0.024963699281215668,0.024716047570109367,0.025137558579444885,0.02698754519224167,0.02977895364165306,0.026418412104249,0.026252152398228645,0.02650928497314453,0.026405248790979385,0.02642766386270523,0.02620263211429119,0.025988172739744186,0.026332858949899673,0.02658887766301632,0.02613925375044346,0.026033461093902588,0.026478078216314316,0.026684699580073357,0.02927248738706112,0.029499515891075134,0.023443130776286125,0.034542638808488846,0.03395808860659599,0.03459218516945839,0.03394601494073868,0.03445419669151306,0.026884838938713074,0.02646271139383316,0.026480307802557945,0.026296038180589676,0.025085093453526497,0.025705303996801376,0.027359794825315475,0.024934835731983185,0.025035401806235313,0.025669172406196594,0.027942348271608353,0.03150669112801552
nerthus_bowel_cleansing_quality,0.01179299596697092,0.011434357613325119,0.011174183338880539,0.013045591302216053,0.013513441197574139,0.01825478859245777,0.026531491428613663,0.0,0.012207305990159512,0.023252489045262337,0.010996824130415916,0.010466160252690315,0.01283686701208353,0.012501169927418232,0.03115176595747471,0.030260922387242317,0.008621926419436932,0.00788277667015791,0.0058007207699120045,0.007582459133118391,0.009945922531187534,0.010024775750935078,0.009859965182840824,0.009895414113998413,0.010015370324254036,0.009850929491221905,0.009801956824958324,0.013399701565504074,0.010385445319116116,0.014110519550740719,0.02014395222067833,0.01725548505783081,0.01935741677880287,0.013253719545900822,0.013347890228033066,0.013872765935957432,0.013546931557357311,0.014007828198373318,0.013271442614495754,0.013173719868063927,0.014087952673435211,0.014059706591069698,0.013470831327140331,0.013084298931062222,0.013729862868785858,0.014441242441534996,0.017527921125292778,0.0146405640989542,0.017654428258538246,0.016219470649957657,0.023581862449645996,0.01819656230509281,0.013125023804605007,0.023260921239852905,0.02329123206436634,0.023058155551552773,0.0233954805880785,0.012163780629634857,0.01199751440435648,0.01175516564399004,0.021113339811563492,0.035592660307884216,0.014832422137260437,0.012009846046566963,0.013113593682646751,0.015213062055408955,0.013139021582901478,0.01303759403526783,0.01344336662441492,0.01872532069683075,0.01866624876856804,0.011938115581870079,0.01181215699762106,0.011528238654136658,0.012757629156112671,0.027405066415667534,,0.022992512211203575,0.0129851084202528,0.03033052384853363,0.00862113293260336,0.008047512732446194,0.005839536432176828,0.007694722153246403,0.009906444698572159,0.010040322318673134,0.00994977355003357,0.00998540036380291,0.010241051204502583,0.010129517875611782,0.009858163073658943,0.01047241035848856,0.02045532874763012,0.018535735085606575,0.01368873193860054,0.013369872234761715,0.013952458277344704,0.013455982320010662,0.013817114755511284,0.01336706057190895,0.013172072358429432,0.013671538792550564,0.013986063189804554,0.01339090708643198,0.013036217540502548,0.013873494230210781,0.014235779643058777,0.017619570717215538,0.01773533970117569,0.016617408022284508,0.02358848974108696,0.022944917902350426,0.023636426776647568,0.022992879152297974,0.023426730185747147,0.012371142394840717,0.012143107131123543,0.011912479996681213,0.014993557706475258,0.011891725473105907,0.01322269532829523,0.014887374825775623,0.01297003123909235,0.013220214284956455,0.013589495792984962,0.018686100840568542,0.01956905797123909
stanford_dogs_image_categorization,0.010853774845600128,0.010125098749995232,0.009795907884836197,0.011005689390003681,0.010884100571274757,0.014694314450025558,0.020686157047748566,0.012207305990159512,0.0,0.01810779795050621,0.005915796849876642,0.005680280737578869,0.007330718915909529,0.0074367462657392025,0.026170577853918076,0.025299077853560448,0.01030038669705391,0.010175577364861965,0.011513075791299343,0.010392708703875542,0.010195935145020485,0.010326765477657318,0.0101699847728014,0.010226057842373848,0.010379340499639511,0.010169515386223793,0.010123505257070065,0.01064887922257185,0.011233174242079258,0.01013881340622902,0.01582021452486515,0.01315263845026493,0.016542809084057808,0.011567004956305027,0.011748986318707466,0.012184330262243748,0.01188413705676794,0.01240482833236456,0.011630527675151825,0.011571675539016724,0.012309251353144646,0.012257283553481102,0.011837072670459747,0.01153605617582798,0.01194783952087164,0.012648195959627628,0.014764237217605114,0.011939575895667076,0.01497622299939394,0.012736137956380844,0.02096196822822094,0.01595759391784668,0.011280741542577744,0.020707374438643456,0.020697783678770065,0.020375050604343414,0.02078726887702942,0.012716068886220455,0.012238501571118832,0.012125021778047085,0.01669527217745781,0.03227140009403229,0.011852961033582687,0.010836471803486347,0.011357651092112064,0.013156377710402012,0.010546457022428513,0.010860847309231758,0.011201693676412106,0.014229035004973412,0.01657642237842083,0.01086986530572176,0.010351116769015789,0.010111193172633648,0.010823541320860386,0.021513117477297783,0.012096663005650043,0.01793442666530609,0.007495530415326357,0.02533976547420025,0.010259001515805721,0.010054743848741055,0.011455141007900238,0.010408853180706501,0.01036380510777235,0.010359779000282288,0.01026279665529728,0.010389110073447227,0.010568326339125633,0.010443808510899544,0.010223119519650936,0.011321941390633583,0.01615745574235916,0.015747224912047386,0.011963841505348682,0.011806625872850418,0.0122371269389987,0.011890560388565063,0.012206824496388435,0.011763125658035278,0.011590580455958843,0.012002691626548767,0.01216456014662981,0.01182342879474163,0.011554654687643051,0.012065685354173183,0.012464284896850586,0.014841562137007713,0.014999478124082088,0.013306457549333572,0.020952148362994194,0.02037668786942959,0.021016668528318405,0.020358841866254807,0.02084268629550934,0.012792770750820637,0.01238525751978159,0.012380360625684261,0.01202702522277832,0.010740181431174278,0.011376466602087021,0.01284943986684084,0.010444019921123981,0.010987935587763786,0.011373871006071568,0.014233656227588654,0.017394645139575005
svhn,0.02281859517097473,0.022200629115104675,0.021746128797531128,0.023070955649018288,0.02176537923514843,0.0234556645154953,0.021514274179935455,0.023252489045262337,0.01810779795050621,0.0,0.01697857677936554,0.016740206629037857,0.013849474489688873,0.012756716459989548,0.026926718652248383,0.02584792487323284,0.021649332717061043,0.021500950679183006,0.022663669660687447,0.021751651540398598,0.02180182933807373,0.021935049444437027,0.02176421694457531,0.021804124116897583,0.02199861966073513,0.02168693020939827,0.021713590249419212,0.021250540390610695,0.021962590515613556,0.021298479288816452,0.024274243041872978,0.0245173629373312,0.027396511286497116,0.0226021446287632,0.022761275991797447,0.023165110498666763,0.022995224222540855,0.023382239043712616,0.022742046043276787,0.022733241319656372,0.023278743028640747,0.023292742669582367,0.02274678461253643,0.022624922916293144,0.02288849651813507,0.023556528612971306,0.025784578174352646,0.0228233952075243,0.026040319353342056,0.022880813106894493,0.031832605600357056,0.027556000277400017,0.022334648296236992,0.0315374918282032,0.031571198254823685,0.0312662310898304,0.03165944293141365,0.023746229708194733,0.023205503821372986,0.023093828931450844,0.026903491467237473,0.04327080398797989,0.022133123129606247,0.021547703072428703,0.021868303418159485,0.023825539276003838,0.021054184064269066,0.0207505039870739,0.021480431780219078,0.025893056765198708,0.02773972414433956,0.022897735238075256,0.02231198363006115,0.02213350310921669,0.022960785776376724,0.0222554299980402,0.023095037788152695,,0.01377122849225998,0.026162000373005867,0.021592730656266212,0.021374370902776718,0.02261098474264145,0.02183183841407299,0.021953046321868896,0.021901194006204605,0.02187315933406353,0.022037308663129807,0.02218015305697918,0.02205008640885353,0.021774232387542725,0.02210514433681965,0.024633463472127914,0.026623953133821487,0.023029739037156105,0.02286495827138424,0.023170992732048035,0.023022504523396492,0.02309676632285118,0.02283550053834915,0.022641906514763832,0.02296075038611889,0.023202329874038696,0.02278885804116726,0.022656435146927834,0.02306835539638996,0.0233547855168581,0.02586216852068901,0.026071542873978615,0.023370131850242615,0.03182745724916458,0.031243031844496727,0.03188161179423332,0.031232917681336403,0.0317365825176239,0.02380981296300888,0.02332204207777977,0.02337804064154625,0.022319922223687172,0.02147066593170166,0.02186303585767746,0.0235244482755661,0.02097589708864689,0.020780429244041443,0.021699709817767143,0.025869015604257584,0.02856525033712387
caltech101_object_classification,0.010170449502766132,0.009412630461156368,0.009057359769940376,0.01025458425283432,0.010139759629964828,0.014028173871338367,0.019722972065210342,0.010996824130415916,0.005915796849876642,0.01697857677936554,0.0,0.004417290911078453,0.006877947133034468,0.006656039971858263,0.02429182454943657,0.023565372452139854,0.009476947598159313,0.009173027239739895,0.01041367743164301,0.009343164041638374,0.00926802959293127,0.009404830634593964,0.009218646213412285,0.009280395694077015,0.009450423531234264,0.009239362552762032,0.009159868583083153,0.009884661994874477,0.009882330894470215,0.009838622063398361,0.014424892142415047,0.012826110236346722,0.015414007939398289,0.010824273340404034,0.011044726707041264,0.011490966193377972,0.011176538653671741,0.011707414872944355,0.010916336439549923,0.010882827453315258,0.011639115400612354,0.011546699330210686,0.011085995472967625,0.010805179364979267,0.011228086426854134,0.01195660699158907,0.014071953482925892,0.011364894919097424,0.014263992197811604,0.011927896179258823,0.0197945274412632,0.015247954986989498,0.009985757060348988,0.01952090486884117,0.01953599974513054,0.01921439915895462,0.01962059549987316,0.011262225918471813,0.01086400169879198,0.01075138058513403,0.015966694802045822,0.03121238946914673,0.010714075528085232,0.00970492698252201,0.010126214474439621,0.01183269266039133,0.00930077861994505,0.009391164407134056,0.009907069616019726,0.013397942297160625,0.015509327873587608,0.010234277695417404,0.00969160906970501,0.009379301220178604,0.010089642368257046,0.02054586447775364,0.010858616791665554,0.016786545515060425,0.007003947626799345,0.02347428910434246,0.009426546283066273,0.009076199494302273,0.0103374645113945,0.009372417815029621,0.00941030029207468,0.009421716444194317,0.009337945841252804,0.009463565424084663,0.009632912464439869,0.009512118995189667,0.00927946250885725,0.009973093867301941,0.014763738960027695,0.014643402770161629,0.011247999966144562,0.011128450743854046,0.011525209061801434,0.011157357133924961,0.011510804295539856,0.011050717905163765,0.010873664170503616,0.011324265971779823,0.01147528924047947,0.011100289411842823,0.010801141150295734,0.011342205107212067,0.011755715124309063,0.01414443925023079,0.014302990399301052,0.012450705282390118,0.019787980243563652,0.019208474084734917,0.01985466480255127,0.019204508513212204,0.019691970199346542,0.011342579498887062,0.011010371148586273,0.011010127142071724,0.01089452300220728,0.009588553570210934,0.010132054798305035,0.011556636542081833,0.009180576540529728,0.00951472669839859,0.010083513334393501,0.013383525423705578,0.0163417961448431
caltech256_object_classification,0.009792824275791645,0.008939757943153381,0.008618681691586971,0.009779638610780239,0.009738513268530369,0.013712550513446331,0.01980937086045742,0.010466160252690315,0.005680280737578869,0.016740206629037857,0.004417290911078453,0.0,0.006654153577983379,0.00641759904101491,0.024234283715486526,0.023486264050006866,0.008981432765722275,0.008721394464373589,0.009951554238796234,0.008808954618871212,0.008729969151318073,0.008849624544382095,0.00866030529141426,0.00872876774519682,0.008894167840480804,0.008688859641551971,0.008605267852544785,0.009544788859784603,0.009348994120955467,0.00949820689857006,0.014342999085783958,0.012514695525169373,0.0148933669552207,0.010197531431913376,0.010426345281302929,0.010882352478802204,0.010558824986219406,0.011101246811449528,0.010297935456037521,0.010264597833156586,0.011030093766748905,0.01092795841395855,0.010473882779479027,0.010190521366894245,0.010632756166160107,0.011356119997799397,0.013446995057165623,0.010979978367686272,0.013643976300954819,0.011646057479083538,0.019188791513442993,0.014619078487157822,0.009504763409495354,0.018916277214884758,0.01892830803990364,0.018609758466482162,0.019014934077858925,0.010794202797114849,0.01038974616676569,0.010284307412803173,0.01564657874405384,0.030538659542798996,0.010034538805484772,0.009037398733198643,0.009457658976316452,0.011253898032009602,0.008604389615356922,0.008730334229767323,0.00923025794327259,0.013100587762892246,0.014911563135683537,0.009876592084765434,0.009165627881884575,0.008922027423977852,0.009615320712327957,0.020639056339859962,0.010339024476706982,0.01654401607811451,0.0067907036282122135,0.023408152163028717,0.00893592368811369,0.008614202961325645,0.009876810945570469,0.008831308223307133,0.008838449604809284,0.008862234652042389,0.008764000609517097,0.008906173519790173,0.00908651389181614,0.008970191702246666,0.008722853846848011,0.009446775540709496,0.014678246341645718,0.014108431525528431,0.010625151917338371,0.010504585690796375,0.010919279418885708,0.010534250177443027,0.010907268151640892,0.010423569940030575,0.010265782475471497,0.010714184492826462,0.010861284099519253,0.01048538088798523,0.010178345255553722,0.010730464942753315,0.01114885974675417,0.01352689415216446,0.013678934425115585,0.012172428891062737,0.019184967502951622,0.01860288344323635,0.019246062263846397,0.018601277843117714,0.01908399909734726,0.010873368009924889,0.010531701147556305,0.010547156445682049,0.010206066071987152,0.008926339447498322,0.009460661560297012,0.010969758033752441,0.008481098338961601,0.00885730143636465,0.009408971294760704,0.013079832307994366,0.015745071694254875
cifar10_object_classification,0.012154437601566315,0.011349489912390709,0.011051107197999954,0.012282181531190872,0.012003632262349129,0.015794090926647186,0.019127050414681435,0.01283686701208353,0.007330718915909529,0.013849474489688873,0.006877947133034468,0.006654153577983379,0.0,0.0045156232081353664,0.02353387139737606,0.02275782823562622,0.01133803278207779,0.011121870949864388,0.01232267264276743,0.01112417969852686,0.011125505901873112,0.01125368382781744,0.011063077487051487,0.011145218275487423,0.011305047199130058,0.011076841503381729,0.01103170495480299,0.01171794906258583,0.011903246864676476,0.011292851530015469,0.016118519008159637,0.014696975238621235,0.01785198040306568,0.012505453079938889,0.012678291648626328,0.013137886300683022,0.012833716347813606,0.013349355198442936,0.012581692077219486,0.012526124715805054,0.013277492485940456,0.013214529491961002,0.012772207148373127,0.01246248371899128,0.0128968870267272,0.013621615245938301,0.015957452356815338,0.013074344024062157,0.016140878200531006,0.014053226448595524,0.022086884826421738,0.017092913389205933,0.012007882818579674,0.021810397505760193,0.021814046427607536,0.02150409296154976,0.02190697193145752,0.013462735339999199,0.013048343360424042,0.012946093454957008,0.01750241033732891,0.03346521779894829,0.012881241738796234,0.011765367351472378,0.012415764853358269,0.013946417719125748,0.011575981043279171,0.011670343577861786,0.01215039100497961,0.015538888983428478,0.017684001475572586,0.012214737944304943,0.011583488434553146,0.011361818760633469,0.012088587507605553,0.019902605563402176,0.01270776055753231,0.01360525656491518,,0.022758333012461662,0.01130164135247469,0.011030341498553753,0.012257646769285202,0.011161369271576405,0.011254084296524525,0.011259583756327629,0.011172189377248287,0.011286577209830284,0.011496560648083687,0.011375715024769306,0.011129634454846382,0.012000298127532005,0.016462713479995728,0.017047468572854996,0.012899884954094887,0.012747898697853088,0.013184220530092716,0.012832595966756344,0.0131615549325943,0.012692330405116081,0.012536650523543358,0.012972576543688774,0.013130715116858482,0.01276653353124857,0.012466377578675747,0.012989438138902187,0.013435814529657364,0.01604088954627514,0.016180461272597313,0.014584535732865334,0.02208351157605648,0.02149338833987713,0.02213684283196926,0.021486056968569756,0.021972008049488068,0.013539896346628666,0.013184660114347935,0.013206515461206436,0.013041880913078785,0.011672616936266422,0.012421667575836182,0.013656266033649445,0.011469102464616299,0.011798021383583546,0.01232482586055994,0.015532898716628551,0.01851736754179001
