,lapgyn4_anatomical_structures,lapgyn4_surgical_actions,lapgyn4_instrument_count,lapgyn4_anatomical_actions,sklin2_skin_lesions,identify_nbi_infframes,laryngeal_tissues,nerthus_bowel_cleansing_quality,stanford_dogs_image_categorization,svhn,caltech101_object_classification,caltech256_object_classification,cifar10_object_classification,cifar100_object_classification,mnist_digit_classification,emnist_digit_classification,hyperkvasir_anatomical-landmarks,hyperkvasir_pathological-findings,hyperkvasir_quality-of-mucosal-views,hyperkvasir_therapeutic-interventions,cholec80_grasper_presence,cholec80_bipolar_presence,cholec80_hook_presence,cholec80_scissors_presence,cholec80_clipper_presence,cholec80_irrigator_presence,cholec80_specimenbag_presence,derm7pt_skin_lesions,idle_action_recognition,barretts_esophagus_diagnosis,brain_tumor_classification,mednode_melanoma_classification,brain_tumor_type_classification,chexpert_enlarged_cardiomediastinum,chexpert_cardiomegaly,chexpert_lung_opacity,chexpert_lung_lesion,chexpert_edema,chexpert_consolidation,chexpert_pneumonia,chexpert_atelectasis,chexpert_pneumothorax,chexpert_pleural_effusion,chexpert_pleural_other,chexpert_fracture,chexpert_support_devices,pneumonia_classification,ph2-melanocytic-lesions-classification,covid_xray_classification,isic20_melanoma_classification,deep_drid_dr_level,shenzen_chest_xray_tuberculosis,crawled_covid_ct_classification,deep_drid_quality,deep_drid_clarity,deep_drid_field,deep_drid_artifact,kvasir_capsule_anatomy,kvasir_capsule_content,kvasir_capsule_pathologies,breast_cancer_classification_v2,eye_condition_classification,mura_xr_wrist,mura_xr_shoulder,mura_xr_humerus,mura_xr_hand,mura_xr_forearm,mura_xr_finger,mura_xr_elbow,bean_plant_disease_classification,aptos19_blindness_detection,lapgyn4_anatomical_structures --shrink_train 800,lapgyn4_surgical_actions --shrink_train 800,lapgyn4_instrument_count --shrink_train 800,lapgyn4_anatomical_actions --shrink_train 800,laryngeal_tissues --shrink_train 800,nerthus_bowel_cleansing_quality --shrink_train 800,svhn --shrink_train 800,cifar10_object_classification --shrink_train 800,mnist_digit_classification --shrink_train 800,hyperkvasir_anatomical-landmarks --shrink_train 800,hyperkvasir_pathological-findings --shrink_train 800,hyperkvasir_quality-of-mucosal-views --shrink_train 800,hyperkvasir_therapeutic-interventions --shrink_train 800,cholec80_grasper_presence --shrink_train 800,cholec80_bipolar_presence --shrink_train 800,cholec80_hook_presence --shrink_train 800,cholec80_scissors_presence --shrink_train 800,cholec80_clipper_presence --shrink_train 800,cholec80_irrigator_presence --shrink_train 800,cholec80_specimenbag_presence --shrink_train 800,idle_action_recognition --shrink_train 800,brain_tumor_classification --shrink_train 800,brain_tumor_type_classification --shrink_train 800,chexpert_enlarged_cardiomediastinum --shrink_train 800,chexpert_cardiomegaly --shrink_train 800,chexpert_lung_opacity --shrink_train 800,chexpert_lung_lesion --shrink_train 800,chexpert_edema --shrink_train 800,chexpert_consolidation --shrink_train 800,chexpert_pneumonia --shrink_train 800,chexpert_atelectasis --shrink_train 800,chexpert_pneumothorax --shrink_train 800,chexpert_pleural_effusion --shrink_train 800,chexpert_pleural_other --shrink_train 800,chexpert_fracture --shrink_train 800,chexpert_support_devices --shrink_train 800,pneumonia_classification --shrink_train 800,covid_xray_classification --shrink_train 800,isic20_melanoma_classification --shrink_train 800,deep_drid_dr_level --shrink_train 800,deep_drid_quality --shrink_train 800,deep_drid_clarity --shrink_train 800,deep_drid_field --shrink_train 800,deep_drid_artifact --shrink_train 800,kvasir_capsule_anatomy --shrink_train 800,kvasir_capsule_content --shrink_train 800,kvasir_capsule_pathologies --shrink_train 800,mura_xr_wrist --shrink_train 800,mura_xr_shoulder --shrink_train 800,mura_xr_humerus --shrink_train 800,mura_xr_hand --shrink_train 800,mura_xr_forearm --shrink_train 800,mura_xr_finger --shrink_train 800,mura_xr_elbow --shrink_train 800,bean_plant_disease_classification --shrink_train 800,aptos19_blindness_detection --shrink_train 800
lapgyn4_anatomical_structures,0.0,0.002071982715278864,0.0020715277642011642,0.0020718728192150593,0.0020756572484970093,0.0020756367594003677,0.002071438357234001,0.002071607392281294,0.0020715566352009773,0.0020717058796435595,0.0020717550069093704,0.00207143509760499,0.002071630908176303,0.0020717764273285866,0.0020717508159577847,0.0020717643201351166,0.0020717172883450985,0.002071707509458065,0.002071764785796404,0.0020718087907880545,0.0020716239232569933,0.0020718369632959366,0.0020716586150228977,0.0020717766601592302,0.0020715082064270973,0.00207184418104589,0.002072014845907688,0.002071584574878216,0.002071893308311701,0.0020756986923515797,0.0020715976133942604,0.0020715161226689816,0.002071445807814598,0.00207177409902215,0.002071718219667673,0.0020716083236038685,0.0020718788728117943,0.0020717335864901543,0.0020718425512313843,0.0020718006417155266,0.0020722057670354843,0.002071874449029565,0.002071663737297058,0.002072032541036606,0.00207177409902215,0.0020718295127153397,0.002071854192763567,0.002071672584861517,0.0020716143772006035,0.0020716246217489243,0.0020718108862638474,0.002071612048894167,0.0020715640857815742,0.0020716795697808266,0.0020717496518045664,0.0020715640857815742,0.002071613911539316,0.0020718099549412727,0.0020716791041195393,0.002071716822683811,0.0020715841092169285,0.0020792752038687468,0.0020716991275548935,0.002071608789265156,0.0020741992630064487,0.0020721256732940674,0.0020717987790703773,0.0020717065781354904,0.0020715761929750443,0.002071619499474764,0.0020715924911201,,0.0020721820183098316,0.0020758453756570816,0.0020758691243827343,0.0020756861194968224,0.0020757527090609074,0.002071536146104336,0.0020718160085380077,0.0020716493017971516,0.002071476774290204,0.002071546856313944,0.002071839291602373,0.0020717387087643147,0.0020717487204819918,0.002071486786007881,0.0020720320753753185,0.0020715459249913692,0.0020717522129416466,0.002071965951472521,0.0020715841092169285,0.0020716669969260693,0.0020713503472507,0.002071693539619446,0.002072012983262539,0.0020716055296361446,0.0020717396400868893,0.0020717575680464506,0.002071583643555641,0.0020716595463454723,0.0020715328864753246,0.0020716730505228043,0.0020717002917081118,0.0020716055296361446,0.002071320079267025,0.00207185884937644,0.0020717978477478027,0.0020714441780000925,0.0020718679297715425,0.0020715580321848392,0.002075830940157175,0.002071566414088011,0.002075660042464733,0.002075420692563057,0.002072129398584366,0.00207186839543283,0.0020756064914166927,0.0020754733122885227,0.00207187095656991,0.0020716446451842785,0.0020717456936836243,0.002071793656796217,0.0020717689767479897,0.002071663271635771,0.002071698661893606,0.002071702852845192,0.002071649767458439
lapgyn4_surgical_actions,0.002071982715278864,0.0,0.0020717789884656668,0.002072123810648918,0.0020759087055921555,0.0020758879836648703,0.00207168934866786,0.00207185884937644,0.002071807626634836,0.002071957103908062,0.0020720059983432293,0.002071686554700136,0.0020718821324408054,0.0020720274187624454,0.0020720018073916435,0.0020720153115689754,0.0020719687454402447,0.002071958966553211,0.0020720160100609064,0.002072060015052557,0.002071875147521496,0.0020720884203910828,0.002071910072118044,0.0020720278844237328,0.002071759197860956,0.0020720954053103924,0.0020722663030028343,0.0020718355663120747,0.0020721442997455597,0.002075949916616082,0.0020718486048281193,0.0020717675797641277,0.0020716970320791006,0.002072025090456009,0.0020719696767628193,0.0020718593150377274,0.0020721303299069405,0.0020719850435853004,0.002072093542665243,0.0020720516331493855,0.0020724572241306305,0.0020721256732940674,0.0020719151943922043,0.0020722835324704647,0.0020720255561172962,0.0020720805041491985,0.0020721054170280695,0.002071923576295376,0.0020718658342957497,0.0020718760788440704,0.0020720623433589935,0.0020718632731586695,0.0020718155428767204,0.0020719310268759727,0.002072000876069069,0.002071815077215433,0.002071864902973175,0.0020720609463751316,0.002071930095553398,0.0020719682797789574,0.0020718351006507874,0.0020795264281332493,0.0020719501189887524,0.0020718600135296583,0.0020744504872709513,0.0020723771303892136,0.0020720497705042362,0.0020719580352306366,0.002071827184408903,0.0020718704909086227,0.002071843948215246,0.002071875147521496,,0.0020760963670909405,0.002076120115816593,0.0020759371109306812,0.0020760041661560535,0.002071787603199482,0.0020720669999718666,0.0020719002932310104,0.0020717279985547066,0.00207179831340909,0.0020720907486975193,0.002071989933028817,0.0020719999447464943,0.00207173777744174,0.002072283299639821,0.0020717971492558718,0.002072003437206149,0.002072217408567667,0.0020718351006507874,0.0020719184540212154,0.002071601338684559,0.002071944996714592,0.0020722639746963978,0.002071856753900647,0.0020719910971820354,0.002072008792310953,0.0020718346349895,0.002071910537779331,0.002071784343570471,0.002071924041956663,0.0020719515159726143,0.0020718565210700035,0.002071571070700884,0.002072109840810299,0.0020720488391816616,0.002071695402264595,0.002072119154036045,0.0020718094892799854,0.002076081931591034,0.0020718176383525133,0.0020759114995598793,0.002075672149658203,0.002072380855679512,0.0020721196196973324,0.002075857948511839,0.0020757245365530252,0.0020721224136650562,0.0020718956366181374,0.002071996685117483,0.002072044648230076,0.0020720199681818485,0.0020719144959002733,0.0020719501189887524,0.002071954309940338,0.002071901224553585
lapgyn4_instrument_count,0.0020715277642011642,0.0020717789884656668,0.0,0.0020716688595712185,0.002075453754514456,0.0020754330325871706,0.0020712343975901604,0.0020714038982987404,0.0020713526755571365,0.0020715021528303623,0.0020715510472655296,0.0020712316036224365,0.0020714271813631058,0.002071572467684746,0.002071546856313944,0.002071560360491276,0.002071513794362545,0.0020715040154755116,0.0020715610589832067,0.0020716050639748573,0.002071420196443796,0.002071633469313383,0.0020714551210403442,0.002071572933346033,0.0020713042467832565,0.0020716404542326927,0.0020718113519251347,0.002071380615234375,0.00207168934866786,0.0020754949655383825,0.0020713936537504196,0.002071312628686428,0.002071242081001401,0.0020715701393783092,0.0020715147256851196,0.0020714043639600277,0.002071675378829241,0.002071530092507601,0.0020716385915875435,0.002071596682071686,0.002072002273052931,0.0020716707222163677,0.0020714602433145046,0.002071828581392765,0.0020715706050395966,0.002071625553071499,0.00207165046595037,0.002071468625217676,0.00207141088321805,0.0020714211277663708,0.002071607392281294,0.00207140832208097,0.0020713605917990208,0.002071476075798273,0.0020715459249913692,0.0020713601261377335,0.0020714099518954754,0.002071605995297432,0.0020714751444756985,0.0020715133287012577,0.0020713801495730877,0.0020790714770555496,0.0020714951679110527,0.0020714050624519587,0.0020739955361932516,0.002071922179311514,0.0020715948194265366,0.002071503084152937,0.0020713722333312035,0.002071415539830923,0.0020713889971375465,0.002071420196443796,0.002071978058665991,,0.0020756651647388935,0.0020754821598529816,0.002075549215078354,0.0020713326521217823,0.002071612048894167,0.0020714453421533108,0.002071273047477007,0.0020713433623313904,0.0020716357976198196,0.0020715349819511175,0.0020715449936687946,0.0020712828263640404,0.0020718283485621214,0.002071342198178172,0.0020715484861284494,0.0020717624574899673,0.0020713801495730877,0.0020714635029435158,0.002071146387606859,0.0020714900456368923,0.002071809023618698,0.0020714018028229475,0.002071536146104336,0.0020715538412332535,0.0020713796839118004,0.0020714555867016315,0.002071329392492771,0.0020714690908789635,0.0020714965648949146,0.002071401569992304,0.002071116119623184,0.0020716548897325993,0.002071593888103962,0.0020712404511868954,0.0020716642029583454,0.0020713545382022858,0.0020756269805133343,0.0020713626872748137,0.0020754565484821796,0.0020752171985805035,0.0020719259046018124,0.0020716646686196327,0.0020754029974341393,0.0020752695854753256,0.0020716674625873566,0.0020714406855404377,0.0020715417340397835,0.002071589697152376,0.002071565017104149,0.0020714595448225737,0.0020714951679110527,0.0020714993588626385,0.0020714462734758854
lapgyn4_anatomical_actions,0.0020718728192150593,0.002072123810648918,0.0020716688595712185,0.0,0.002075798576697707,0.002075777854770422,0.0020715794526040554,0.0020717487204819918,0.0020716977305710316,0.0020718472078442574,0.0020718961022794247,0.002071576425805688,0.002071772236377001,0.002071917522698641,0.002071891911327839,0.002071905415505171,0.0020718586165457964,0.002071848837658763,0.002071905881166458,0.0020719501189887524,0.002071765251457691,0.0020719782914966345,0.0020717999432235956,0.002071917988359928,0.0020716493017971516,0.0020719855092465878,0.002072156174108386,0.00207172567024827,0.002072034403681755,0.002075839787721634,0.0020717387087643147,0.0020716574508696795,0.0020715869031846523,0.0020719151943922043,0.002071859547868371,0.0020717494189739227,0.002072020201012492,0.002071874914690852,0.0020719836466014385,0.002071941737085581,0.002072347095236182,0.0020720157772302628,0.002071805065497756,0.00207217363640666,0.002071915427222848,0.002071970608085394,0.002071995288133621,0.002071813680231571,0.0020717557054013014,0.002071765949949622,0.0020719522144645452,0.002071753144264221,0.002071705413982272,0.0020718208979815245,0.0020718909800052643,0.0020717051811516285,0.0020717550069093704,0.002071951050311327,0.0020718201994895935,0.002071858150884509,0.0020717252045869827,0.0020794165320694447,0.0020718402229249477,0.00207174988463521,0.002074340358376503,0.0020722670014947653,0.0020719398744404316,0.0020718479063361883,0.0020717172883450985,0.002071760594844818,0.002071733819320798,0.0020717650186270475,0.002072323113679886,0.002075986471027136,,0.0020758272148668766,0.0020758940372616053,0.0020716774743050337,0.002071957103908062,0.002071790397167206,0.002071618102490902,0.0020716881845146418,0.002071980619803071,0.002071879804134369,0.0020718900486826897,0.0020716278813779354,0.0020721731707453728,0.0020716870203614235,0.002071893308311701,0.0020721072796732187,0.0020717252045869827,0.002071808325126767,0.0020714914426207542,0.0020718348678201437,0.002072154078632593,0.002071746625006199,0.002071880968287587,0.0020718988962471485,0.0020717247389256954,0.0020718006417155266,0.0020716742146760225,0.0020718141458928585,0.0020718416199088097,0.002071746625006199,0.0020714611746370792,0.0020719999447464943,0.002071938943117857,0.0020715855062007904,0.0020720092579722404,0.002071699360385537,0.0020759720355272293,0.002071707509458065,0.002075801370665431,0.002075562020763755,0.0020722707267850637,0.0020720097236335278,0.0020757478196173906,0.002075614407658577,0.002072012284770608,0.0020717857405543327,0.0020718867890536785,0.002071934752166271,0.002071910072118044,0.002071804367005825,0.002071839990094304,0.00207184418104589,0.0020717910956591368
sklin2_skin_lesions,0.0020756572484970093,0.0020759087055921555,0.002075453754514456,0.002075798576697707,0.0,0.0020795627497136593,0.002075364114716649,0.0020755333825945854,0.0020754823926836252,0.0020756316371262074,0.0020756807643920183,0.0020753610879182816,0.002075556665658951,0.0020757021848112345,0.0020756765734404325,0.0020756900776177645,0.00207564327865839,0.0020756334997713566,0.0020756907761096954,0.0020757345482707024,0.002075549680739641,0.002075762953609228,0.0020755846053361893,0.002075702417641878,0.002075433963909745,0.0020757699385285378,0.0020759408362209797,0.0020755103323608637,0.0020758190657943487,0.002079624682664871,0.0020755233708769083,0.002075442112982273,0.0020753717981278896,0.002075699856504798,0.0020756442099809647,0.0020755340810865164,0.002075804863125086,0.002075659576803446,0.002075768308714032,0.0020757263991981745,0.002076131757348776,0.0020758002065122128,0.0020755897276103497,0.0020759582985192537,0.0020757000893354416,0.0020757552701979876,0.0020757801830768585,0.002075598342344165,0.002075540367513895,0.002075550612062216,0.002075736876577139,0.0020755380392074585,0.002075490076094866,0.002075605560094118,0.0020756754092872143,0.002075489843264222,0.002075539669021964,0.0020757357124239206,0.002075604861602187,0.0020756428129971027,0.0020755098666995764,0.0020832009613513947,0.0020756248850375414,0.0020755347795784473,0.0020781252533197403,0.002076051663607359,0.0020757245365530252,0.002075632568448782,0.002075501950457692,0.0020755452569574118,0.0020755184814333916,0.002075549680739641,0.0020761077757924795,0.0020797711331397295,0.002079794881865382,0.0020796118769794703,0.002079678699374199,0.0020754621364176273,0.0020757417660206556,0.0020755750592797995,0.002075402531772852,0.0020754728466272354,0.0020757652819156647,0.002075664699077606,0.0020756744779646397,0.002075412543490529,0.00207595806568861,0.002075471915304661,0.002075678203254938,0.0020758919417858124,0.0020755098666995764,0.002075592987239361,0.002075276104733348,0.0020756195299327374,0.002075938740745187,0.002075531519949436,0.002075665630400181,0.0020756833255290985,0.002075509401038289,0.0020755853038281202,0.002075458876788616,0.002075598808005452,0.0020756260491907597,0.0020755312871187925,0.002075245836749673,0.002075784606859088,0.0020757236052304506,0.0020753699354827404,0.0020757936872541904,0.002075484022498131,0.002079756697639823,0.0020754924044013023,0.0020795860327780247,0.0020793466828763485,0.0020760553888976574,0.0020757941529154778,0.0020795324817299843,0.0020793993026018143,0.0020757969468832016,0.0020755704026669264,0.002075671451166272,0.002075719414278865,0.0020756947342306376,0.0020755892619490623,0.0020756246522068977,0.0020756288431584835,0.0020755757577717304
identify_nbi_infframes,0.0020756367594003677,0.0020758879836648703,0.0020754330325871706,0.002075777854770422,0.0020795627497136593,0.0,0.002075343392789364,0.002075512893497944,0.00207546167075634,0.002075611148029566,0.002075660042464733,0.00207534059882164,0.0020755361765623093,0.0020756814628839493,0.0020756558515131474,0.0020756693556904793,0.0020756227895617485,0.002075613010674715,0.0020756700541824102,0.002075714059174061,0.0020755291916429996,0.0020757424645125866,0.0020755641162395477,0.0020756819285452366,0.00207541324198246,0.002075749449431896,0.002075920347124338,0.0020754896104335785,0.0020757983438670635,0.002079603960737586,0.002075502648949623,0.0020754216238856316,0.0020753510762006044,0.0020756791345775127,0.002075623720884323,0.002075513359159231,0.0020757843740284443,0.0020756390877068043,0.002075747586786747,0.0020757056772708893,0.0020761112682521343,0.002075779717415571,0.002075569238513708,0.0020759375765919685,0.0020756796002388,0.0020757345482707024,0.0020757594611495733,0.0020755776204168797,0.0020755198784172535,0.0020755301229655743,0.0020757163874804974,0.0020755173172801733,0.0020754695869982243,0.0020755850709974766,0.0020756549201905727,0.002075469121336937,0.002075518947094679,0.0020757149904966354,0.002075584139674902,0.002075622323900461,0.002075489144772291,0.002083180472254753,0.002075604163110256,0.002075514057651162,0.002078104531392455,0.0020760311745107174,0.00207570381462574,0.0020756120793521404,0.002075481228530407,0.0020755245350301266,0.00207549799233675,0.0020755291916429996,0.0020760870538651943,0.0020797504112124443,0.002079774159938097,0.002079591155052185,0.0020796582102775574,0.002075441647320986,0.0020757210440933704,0.0020755543373525143,0.0020753820426762104,0.002075452357530594,0.002075744792819023,0.002075643977150321,0.002075653988867998,0.002075391821563244,0.002075937343761325,0.0020754511933773756,0.002075657481327653,0.002075871452689171,0.002075489144772291,0.0020755724981427193,0.0020752553828060627,0.002075599040836096,0.0020759180188179016,0.002075510798022151,0.0020756451413035393,0.002075662836432457,0.002075488679111004,0.002075564581900835,0.0020754383876919746,0.002075578086078167,0.002075605560094118,0.0020755105651915073,0.0020752251148223877,0.0020757638849318027,0.0020757028833031654,0.002075349446386099,0.002075773198157549,0.0020754635334014893,0.0020797359757125378,0.002075471682474017,0.002079565543681383,0.002079326193779707,0.002076034899801016,0.002075773663818836,0.0020795119926333427,0.002079378580674529,0.00207577645778656,0.002075549680739641,0.002075650729238987,0.0020756986923515797,0.0020756740123033524,0.002075568540021777,0.002075604163110256,0.002075608354061842,0.002075555268675089
laryngeal_tissues,0.002071438357234001,0.00207168934866786,0.0020712343975901604,0.0020715794526040554,0.002075364114716649,0.002075343392789364,0.0,0.0020713142585009336,0.0020712632685899734,0.0020714127458631992,0.0020714616402983665,0.00207114196382463,0.0020713377743959427,0.0020714830607175827,0.0020714574493467808,0.0020714709535241127,0.0020714241545647383,0.002071414375677705,0.0020714714191854,0.0020715156570076942,0.002071330789476633,0.0020715438295155764,0.0020713654812425375,0.00207148352637887,0.0020712148398160934,0.0020715510472655296,0.002071721712127328,0.002071291208267212,0.002071599941700697,0.002075405325740576,0.0020713042467832565,0.0020712229888886213,0.002071152441203594,0.002071480732411146,0.002071425085887313,0.0020713149569928646,0.002071585739031434,0.002071440452709794,0.0020715491846203804,0.0020715072751045227,0.002071912633255124,0.0020715813152492046,0.002071370603516698,0.002071739174425602,0.00207148096524179,0.002071536146104336,0.002071560826152563,0.002071379218250513,0.0020713212434202433,0.002071331487968564,0.002071517752483487,0.002071318682283163,0.002071270952001214,0.0020713864360004663,0.002071456518024206,0.0020712707191705704,0.0020713205449283123,0.002071516588330269,0.0020713857375085354,0.002071423688903451,0.0020712907426059246,0.0020789820700883865,0.0020714057609438896,0.002071315422654152,0.002073905896395445,0.002071832539513707,0.0020715054124593735,0.00207141344435513,0.0020712828263640404,0.00207132613286376,0.00207129935733974,0.0020713305566459894,0.0020718886516988277,0.0020755520090460777,0.0020755757577717304,,0.002075459575280547,0.0020712430123239756,0.002071522641927004,0.0020713559351861477,0.002071183640509844,0.0020712537225335836,0.002071546157822013,0.0020714453421533108,0.0020714555867016315,0.0020711934193968773,0.0020717387087643147,0.0020712525583803654,0.0020714588463306427,0.0020716728176921606,0.0020712907426059246,0.002071373863145709,0.002071056980639696,0.0020714004058390856,0.002071719616651535,0.0020713121630251408,0.002071446506306529,0.0020714644342660904,0.0020712902769446373,0.0020713661797344685,0.0020712397526949644,0.0020713796839118004,0.0020714071579277515,0.0020713121630251408,0.002071026712656021,0.002071565482765436,0.002071504481136799,0.0020711510442197323,0.0020715747959911823,0.002071264898404479,0.002075537573546171,0.002071273047477007,0.002075366908684373,0.0020751275587826967,0.0020718362648040056,0.0020715752616524696,0.0020753133576363325,0.002075179945677519,0.00207157782278955,0.0020713512785732746,0.0020714523270726204,0.002071500290185213,0.0020714756101369858,0.002071369905024767,0.002071405528113246,0.0020714097190648317,0.0020713566336780787
nerthus_bowel_cleansing_quality,0.002071607392281294,0.00207185884937644,0.0020714038982987404,0.0020717487204819918,0.0020755333825945854,0.002075512893497944,0.0020713142585009336,0.0,0.00207143253646791,0.002071581780910492,0.002071630908176303,0.002071311231702566,0.0020715068094432354,0.002071652328595519,0.002071626717224717,0.002071640221402049,0.0020715934224426746,0.002071583643555641,0.00207164091989398,0.002071684692054987,0.0020714998245239258,0.0020717130973935127,0.002071534749120474,0.0020716525614261627,0.00207138410769403,0.0020717200823128223,0.0020718909800052643,0.0020714604761451483,0.0020717692095786333,0.002075574826449156,0.002071473514661193,0.0020713922567665577,0.0020713219419121742,0.0020716500002890825,0.0020715943537652493,0.002071484224870801,0.0020717550069093704,0.0020716097205877304,0.0020717184524983168,0.002071676542982459,0.0020720819011330605,0.0020717503502964973,0.0020715398713946342,0.0020719084423035383,0.002071650233119726,0.002071705413982272,0.002071730326861143,0.0020715484861284494,0.0020714905112981796,0.0020715007558465004,0.0020716870203614235,0.002071488182991743,0.0020714402198791504,0.0020715557038784027,0.002071625553071499,0.0020714399870485067,0.0020714898128062487,0.0020716858562082052,0.0020715550053864717,0.0020715929567813873,0.002071460010483861,0.0020791511051356792,0.002071575028821826,0.002071484923362732,0.002074075397104025,0.0020720018073916435,0.00207167468033731,0.0020715827122330666,0.0020714520942419767,0.0020714954007416964,0.002071468625217676,0.0020714998245239258,0.002072057919576764,0.002075721276924014,0.002075745025649667,0.002075562020763755,,0.002071412280201912,0.0020716919098049402,0.002071525203064084,0.0020713526755571365,0.00207142299041152,0.0020717154256999493,0.002071614842861891,0.0020716246217489243,0.0020713626872748137,0.0020719082094728947,0.0020714220590889454,0.0020716283470392227,0.002071842085570097,0.002071460010483861,0.0020715431310236454,0.0020712262485176325,0.002071569673717022,0.0020718888845294714,0.0020714816637337208,0.0020716157741844654,0.002071633469313383,0.0020714595448225737,0.002071535447612405,0.0020714090205729008,0.0020715489517897367,0.0020715761929750443,0.002071481430903077,0.0020711959805339575,0.0020717347506433725,0.0020716737490147352,0.002071320079267025,0.002071743831038475,0.0020714341662824154,0.0020757068414241076,0.002071442548185587,0.0020755361765623093,0.002075296826660633,0.002072005532681942,0.0020717442966997623,0.002075482625514269,0.002075349446386099,0.002071747090667486,0.002071520546451211,0.0020716215949505568,0.0020716695580631495,0.002071644878014922,0.002071539405733347,0.0020715747959911823,0.002071578986942768,0.002071525901556015
stanford_dogs_image_categorization,0.0020715566352009773,0.002071807626634836,0.0020713526755571365,0.0020716977305710316,0.0020754823926836252,0.00207546167075634,0.0020712632685899734,0.00207143253646791,0.0,0.0020715310238301754,0.0020715799182653427,0.002071260241791606,0.002071456052362919,0.002071601338684559,0.002071575727313757,0.002071589231491089,0.0020715424325317144,0.002071532653644681,0.002071589697152376,0.0020716339349746704,0.0020714490674436092,0.0020716621074825525,0.0020714837592095137,0.002071601804345846,0.0020713331177830696,0.002071669325232506,0.002071839990094304,0.002071409486234188,0.002071718219667673,0.002075523603707552,0.0020714225247502327,0.0020713412668555975,0.0020712707191705704,0.0020715990103781223,0.002071543363854289,0.0020714332349598408,0.0020717040169984102,0.00207155873067677,0.0020716674625873566,0.002071625553071499,0.0020720309112221003,0.002071699593216181,0.002071488881483674,0.002071857452392578,0.002071599243208766,0.002071654424071312,0.0020716791041195393,0.0020714974962174892,0.0020714395213872194,0.00207144976593554,0.0020716360304504633,0.0020714369602501392,0.00207138922996819,0.0020715047139674425,0.0020715747959911823,0.0020713889971375465,0.0020714388228952885,0.002071634866297245,0.0020715040154755116,0.002071541966870427,0.0020714090205729008,0.0020791003480553627,0.002071524038910866,0.002071433700621128,0.002074024174362421,0.0020719508174806833,0.0020716236904263496,0.0020715317223221064,0.0020714011043310165,0.002071444410830736,0.002071417635306716,0.0020714488346129656,0.002072006929665804,0.002075670287013054,0.0020756940357387066,0.0020755110308527946,0.0020755778532475233,0.0020713612902909517,0.00207164091989398,0.002071474213153124,0.00207130191847682,0.00207137200050056,0.002071664435788989,0.002071563620120287,0.0020715738646686077,0.0020713116973638535,0.002071856986731291,0.0020713708363473415,0.002071577124297619,0.0020717910956591368,0.0020714090205729008,0.002071492141112685,0.0020711752586066723,0.0020715186838060617,0.002071837894618511,0.002071430440992117,0.002071564784273505,0.0020715827122330666,0.0020714085549116135,0.0020714844577014446,0.0020713580306619406,0.0020714979618787766,0.0020715254358947277,0.002071430440992117,0.0020711449906229973,0.0020716837607324123,0.002071622759103775,0.0020712693221867085,0.0020716930739581585,0.002071383176371455,0.0020756558515131474,0.002071391325443983,0.002075485186651349,0.002075245836749673,0.002071954542770982,0.002071693539619446,0.0020754316356033087,0.002075298223644495,0.002071696100756526,0.0020714695565402508,0.0020715706050395966,0.0020716185681521893,0.002071593888103962,0.002071488182991743,0.002071523806080222,0.002071527997031808,0.002071474911645055
svhn,0.0020717058796435595,0.002071957103908062,0.0020715021528303623,0.0020718472078442574,0.0020756316371262074,0.002075611148029566,0.0020714127458631992,0.002071581780910492,0.0020715310238301754,0.0,0.0020717293955385685,0.002071409486234188,0.002071605296805501,0.0020717508159577847,0.0020717252045869827,0.0020717387087643147,0.0020716916769742966,0.002071681898087263,0.002071739174425602,0.0020717831794172525,0.0020715983118861914,0.0020718113519251347,0.002071633003652096,0.0020717510487884283,0.0020714825950562954,0.002071818569675088,0.002071989234536886,0.002071558963507414,0.002071867696940899,0.0020756730809807777,0.0020715720020234585,0.0020714905112981796,0.002071420196443796,0.002071748487651348,0.002071692608296871,0.0020715827122330666,0.0020718532614409924,0.0020717079751193523,0.0020718169398605824,0.0020717750303447247,0.0020721801556646824,0.002071848837658763,0.002071638125926256,0.002072006929665804,0.002071748487651348,0.0020718039013445377,0.002071828581392765,0.002071646973490715,0.0020715887658298016,0.0020715990103781223,0.0020717852748930454,0.002071586437523365,0.0020715384744107723,0.0020716539584100246,0.0020717240404337645,0.0020715384744107723,0.0020715883001685143,0.002071784343570471,0.0020716534927487373,0.0020716912113130093,0.0020715584978461266,0.002079249592497945,0.0020716735161840916,0.002071583177894354,0.002074173651635647,0.0020721000619232655,0.0020717731676995754,0.0020716809667646885,0.0020715505816042423,0.002071593888103962,0.002071566879749298,0.0020715980790555477,0.0020721564069390297,0.0020758197642862797,0.0020758435130119324,0.0020756605081260204,0.0020757270976901054,,0.002071790397167206,0.0020716236904263496,0.002071451162919402,0.002071521244943142,0.002071813680231571,0.0020717130973935127,0.00207172310911119,0.0020714611746370792,0.0020720064640045166,0.0020715203136205673,0.0020717266015708447,0.002071940340101719,0.0020715584978461266,0.0020716413855552673,0.002071324735879898,0.002071667928248644,0.002071987371891737,0.0020715799182653427,0.0020717140287160873,0.0020717319566756487,0.0020715580321848392,0.0020716339349746704,0.0020715072751045227,0.0020716474391520023,0.00207167468033731,0.0020715799182653427,0.002071294467896223,0.002071833238005638,0.002071772236377001,0.0020714185666292906,0.0020718423184007406,0.0020715324208140373,0.002075805328786373,0.002071540802717209,0.002075634431093931,0.002075395081192255,0.002072103787213564,0.002071842784062028,0.002075580880045891,0.002075447700917721,0.002071845345199108,0.0020716190338134766,0.0020717200823128223,0.002071768045425415,0.0020717433653771877,0.002071637660264969,0.0020716730505228043,0.00207167724147439,0.002071624156087637
caltech101_object_classification,0.0020717550069093704,0.0020720059983432293,0.0020715510472655296,0.0020718961022794247,0.0020756807643920183,0.002075660042464733,0.0020714616402983665,0.002071630908176303,0.0020715799182653427,0.0020717293955385685,0.0,0.002071458613499999,0.002071654424071312,0.002071799710392952,0.00207177409902215,0.002071787603199482,0.0020717408042401075,0.002071731025353074,0.0020717880688607693,0.0020718323066830635,0.0020716474391520023,0.0020718604791909456,0.0020716821309179068,0.0020718001760542393,0.0020715314894914627,0.002071867696940899,0.002072038361802697,0.002071607857942581,0.002071916591376066,0.002075721975415945,0.002071620896458626,0.0020715396385639906,0.0020714690908789635,0.0020717973820865154,0.002071741735562682,0.002071631606668234,0.0020719023887068033,0.0020717571023851633,0.0020718658342957497,0.002071823924779892,0.0020722292829304934,0.002071897964924574,0.002071687253192067,0.0020720558241009712,0.002071797614917159,0.002071852795779705,0.0020718774758279324,0.0020716958679258823,0.0020716378930956125,0.0020716481376439333,0.0020718344021588564,0.0020716353319585323,0.0020715876016765833,0.0020717030856758356,0.0020717731676995754,0.0020715873688459396,0.0020716371946036816,0.002071833238005638,0.0020717023871839046,0.0020717403385788202,0.002071607392281294,0.002079298719763756,0.002071722410619259,0.002071632072329521,0.002074222546070814,0.0020721491891890764,0.0020718220621347427,0.0020717300940304995,0.0020715994760394096,0.0020716427825391293,0.002071616007015109,0.0020716472063213587,0.002072205301374197,0.002075868658721447,0.0020758924074470997,0.0020757094025611877,0.0020757762249559164,0.002071559661999345,0.002071839291602373,0.002071672584861517,0.002071500290185213,0.002071570372208953,0.002071862807497382,0.00207176199182868,0.002071772236377001,0.0020715100690722466,0.002072055358439684,0.0020715692080557346,0.002071775496006012,0.00207198946736753,0.002071607392281294,0.0020716905128210783,0.0020713736303150654,0.002071717055514455,0.0020720362663269043,0.00207162881270051,0.0020717631559818983,0.0020717810839414597,0.0020716069266200066,0.0020716828294098377,0.0020715564023703337,0.0020716963335871696,0.002071723807603121,0.00207162881270051,0.0020713433623313904,0.0020718821324408054,0.002071821130812168,0.0020714676938951015,0.0020718914456665516,0.0020715815480798483,0.0020758542232215405,0.002071589697152376,0.002075683558359742,0.002075444208458066,0.002072152914479375,0.002071891911327839,0.0020756300073117018,0.002075496595352888,0.002071894472464919,0.002071667928248644,0.0020717689767479897,0.0020718169398605824,0.002071792259812355,0.002071686554700136,0.0020717221777886152,0.002071726368740201,0.002071673283353448
caltech256_object_classification,0.00207143509760499,0.002071686554700136,0.0020712316036224365,0.002071576425805688,0.0020753610879182816,0.00207534059882164,0.00207114196382463,0.002071311231702566,0.002071260241791606,0.002071409486234188,0.002071458613499999,0.0,0.0020713345147669315,0.002071480033919215,0.0020714544225484133,0.002071467926725745,0.0020714211277663708,0.0020714113488793373,0.002071468625217676,0.002071512397378683,0.002071327529847622,0.002071540802717209,0.00207136245444417,0.002071480266749859,0.002071211813017726,0.0020715477876365185,0.0020717186853289604,0.0020712881814688444,0.0020715969149023294,0.002075402531772852,0.002071301219984889,0.002071219962090254,0.0020711496472358704,0.0020714777056127787,0.0020714220590889454,0.002071311930194497,0.0020715827122330666,0.0020714374259114265,0.002071546157822013,0.002071504248306155,0.0020719096064567566,0.0020715780556201935,0.0020713675767183304,0.0020717361476272345,0.0020714779384434223,0.0020715331193059683,0.0020715580321848392,0.0020713761914521456,0.0020713182166218758,0.0020713284611701965,0.0020715147256851196,0.0020713158883154392,0.0020712679252028465,0.002071383409202099,0.002071453258395195,0.002071267692372203,0.002071317518129945,0.0020715135615319014,0.002071382710710168,0.0020714206621050835,0.002071287715807557,0.0020789788104593754,0.002071402734145522,0.002071312628686428,0.002073903102427721,0.0020718295127153397,0.002071502385661006,0.0020714104175567627,0.002071279799565673,0.0020713231060653925,0.0020712963305413723,0.002071327529847622,0.0020718856249004602,0.0020755489822477102,0.002075572730973363,0.002075389726087451,0.0020754565484821796,0.002071239985525608,0.0020715196151286364,0.00207135290838778,0.0020711803808808327,0.002071250695735216,0.0020715431310236454,0.002071442548185587,0.0020714523270726204,0.00207119039259851,0.002071735914796591,0.0020712497644126415,0.002071456052362919,0.002071669790893793,0.002071287715807557,0.0020713708363473415,0.0020710539538413286,0.002071397379040718,0.0020717165898531675,0.002071309369057417,0.0020714434795081615,0.0020714611746370792,0.00207128725014627,0.002071363152936101,0.002071236725896597,0.002071376657113433,0.0020714038982987404,0.0020713091362267733,0.0020710236858576536,0.0020715624559670687,0.0020715014543384314,0.002071147784590721,0.002071571536362171,0.0020712618716061115,0.0020755345467478037,0.002071270253509283,0.0020753638818860054,0.0020751245319843292,0.002071833238005638,0.0020715720020234585,0.002075310330837965,0.002075177151709795,0.0020715747959911823,0.002071348251774907,0.002071449300274253,0.0020714972633868456,0.0020714725833386183,0.002071367111057043,0.0020714025013148785,0.0020714066922664642,0.002071353606879711
cifar10_object_classification,0.002071630908176303,0.0020718821324408054,0.0020714271813631058,0.002071772236377001,0.002075556665658951,0.0020755361765623093,0.0020713377743959427,0.0020715068094432354,0.002071456052362919,0.002071605296805501,0.002071654424071312,0.0020713345147669315,0.0,0.002071675844490528,0.002071650233119726,0.002071663737297058,0.00207161670550704,0.0020716069266200066,0.0020716642029583454,0.002071708207949996,0.002071523340418935,0.002071736380457878,0.0020715580321848392,0.0020716760773211718,0.002071407623589039,0.0020717435982078314,0.0020719142630696297,0.0020714839920401573,0.0020717927254736423,0.002075598109513521,0.002071497030556202,0.002071415539830923,0.0020713452249765396,0.0020716735161840916,0.0020716176368296146,0.00207150774076581,0.002071778289973736,0.002071633003652096,0.002071741968393326,0.002071700058877468,0.002072105184197426,0.0020717738661915064,0.0020715631544589996,0.0020719319581985474,0.0020716735161840916,0.002071728929877281,0.0020717536099255085,0.0020715720020234585,0.002071513794362545,0.002071524038910866,0.002071710303425789,0.0020715114660561085,0.0020714635029435158,0.002071578986942768,0.002071649068966508,0.0020714635029435158,0.0020715133287012577,0.0020717093721032143,0.002071578521281481,0.0020716162398457527,0.00207148352637887,0.0020791746210306883,0.002071598544716835,0.0020715082064270973,0.0020740986801683903,0.002072025090456009,0.002071698196232319,0.002071605995297432,0.0020714756101369858,0.0020715189166367054,0.0020714919082820415,0.002071523107588291,0.002072081435471773,0.002075744792819023,0.002075768541544676,0.002075585536658764,0.002075652126222849,0.0020714355632662773,,0.002071548718959093,0.0020713761914521456,0.0020714462734758854,0.0020717387087643147,0.002071638125926256,0.0020716481376439333,0.0020713862031698227,0.00207193149253726,0.0020714453421533108,0.002071651630103588,0.0020718653686344624,0.00207148352637887,0.002071566414088011,0.0020712497644126415,0.0020715929567813873,0.0020719124004244804,0.002071504946798086,0.002071639057248831,0.002071656985208392,0.0020714830607175827,0.002071558963507414,0.002071432303637266,0.002071572467684746,0.0020715997088700533,0.002071504946798086,0.0020712194964289665,0.0020717582665383816,0.0020716972649097443,0.002071343595162034,0.002071767346933484,0.0020714574493467808,0.0020757303573191166,0.0020714658312499523,0.0020755594596266747,0.0020753201097249985,0.0020720288157463074,0.0020717678125947714,0.0020755059085786343,0.0020753727294504642,0.0020717703737318516,0.00207154406234622,0.002071645110845566,0.0020716930739581585,0.002071668393909931,0.0020715626887977123,0.0020715980790555477,0.0020716022700071335,0.0020715491846203804
