,lapgyn4_anatomical_structures,lapgyn4_surgical_actions,lapgyn4_instrument_count,lapgyn4_anatomical_actions,sklin2_skin_lesions,identify_nbi_infframes,laryngeal_tissues,nerthus_bowel_cleansing_quality,stanford_dogs_image_categorization,svhn,caltech101_object_classification,caltech256_object_classification,cifar10_object_classification,cifar100_object_classification,mnist_digit_classification,emnist_digit_classification,hyperkvasir_anatomical-landmarks,hyperkvasir_pathological-findings,hyperkvasir_quality-of-mucosal-views,hyperkvasir_therapeutic-interventions,cholec80_grasper_presence,cholec80_bipolar_presence,cholec80_hook_presence,cholec80_scissors_presence,cholec80_clipper_presence,cholec80_irrigator_presence,cholec80_specimenbag_presence,derm7pt_skin_lesions,idle_action_recognition,barretts_esophagus_diagnosis,brain_tumor_classification,mednode_melanoma_classification,brain_tumor_type_classification,chexpert_enlarged_cardiomediastinum,chexpert_cardiomegaly,chexpert_lung_opacity,chexpert_lung_lesion,chexpert_edema,chexpert_consolidation,chexpert_pneumonia,chexpert_atelectasis,chexpert_pneumothorax,chexpert_pleural_effusion,chexpert_pleural_other,chexpert_fracture,chexpert_support_devices,pneumonia_classification,ph2-melanocytic-lesions-classification,covid_xray_classification,isic20_melanoma_classification,deep_drid_dr_level,shenzen_chest_xray_tuberculosis,crawled_covid_ct_classification,deep_drid_quality,deep_drid_clarity,deep_drid_field,deep_drid_artifact,kvasir_capsule_anatomy,kvasir_capsule_content,kvasir_capsule_pathologies,breast_cancer_classification_v2,eye_condition_classification,mura_xr_wrist,mura_xr_shoulder,mura_xr_humerus,mura_xr_hand,mura_xr_forearm,mura_xr_finger,mura_xr_elbow,bean_plant_disease_classification,aptos19_blindness_detection,lapgyn4_anatomical_structures --shrink_train 800,lapgyn4_surgical_actions --shrink_train 800,lapgyn4_instrument_count --shrink_train 800,lapgyn4_anatomical_actions --shrink_train 800,laryngeal_tissues --shrink_train 800,nerthus_bowel_cleansing_quality --shrink_train 800,svhn --shrink_train 800,cifar10_object_classification --shrink_train 800,mnist_digit_classification --shrink_train 800,hyperkvasir_anatomical-landmarks --shrink_train 800,hyperkvasir_pathological-findings --shrink_train 800,hyperkvasir_quality-of-mucosal-views --shrink_train 800,hyperkvasir_therapeutic-interventions --shrink_train 800,cholec80_grasper_presence --shrink_train 800,cholec80_bipolar_presence --shrink_train 800,cholec80_hook_presence --shrink_train 800,cholec80_scissors_presence --shrink_train 800,cholec80_clipper_presence --shrink_train 800,cholec80_irrigator_presence --shrink_train 800,cholec80_specimenbag_presence --shrink_train 800,idle_action_recognition --shrink_train 800,brain_tumor_classification --shrink_train 800,brain_tumor_type_classification --shrink_train 800,chexpert_enlarged_cardiomediastinum --shrink_train 800,chexpert_cardiomegaly --shrink_train 800,chexpert_lung_opacity --shrink_train 800,chexpert_lung_lesion --shrink_train 800,chexpert_edema --shrink_train 800,chexpert_consolidation --shrink_train 800,chexpert_pneumonia --shrink_train 800,chexpert_atelectasis --shrink_train 800,chexpert_pneumothorax --shrink_train 800,chexpert_pleural_effusion --shrink_train 800,chexpert_pleural_other --shrink_train 800,chexpert_fracture --shrink_train 800,chexpert_support_devices --shrink_train 800,pneumonia_classification --shrink_train 800,covid_xray_classification --shrink_train 800,isic20_melanoma_classification --shrink_train 800,deep_drid_dr_level --shrink_train 800,deep_drid_quality --shrink_train 800,deep_drid_clarity --shrink_train 800,deep_drid_field --shrink_train 800,deep_drid_artifact --shrink_train 800,kvasir_capsule_anatomy --shrink_train 800,kvasir_capsule_content --shrink_train 800,kvasir_capsule_pathologies --shrink_train 800,mura_xr_wrist --shrink_train 800,mura_xr_shoulder --shrink_train 800,mura_xr_humerus --shrink_train 800,mura_xr_hand --shrink_train 800,mura_xr_forearm --shrink_train 800,mura_xr_finger --shrink_train 800,mura_xr_elbow --shrink_train 800,bean_plant_disease_classification --shrink_train 800,aptos19_blindness_detection --shrink_train 800
lapgyn4_anatomical_structures,0.0,8.182693272829056e-05,8.16222745925188e-05,8.170232467819005e-05,8.29334749141708e-05,8.302910282509401e-05,8.269147656392306e-05,8.194363908842206e-05,8.20506684249267e-05,8.261336188297719e-05,8.21320791146718e-05,8.17896070657298e-05,8.241005707532167e-05,8.23930386104621e-05,8.271240221802145e-05,8.279001485789195e-05,8.218838775064796e-05,8.209981751861051e-05,8.217951108235866e-05,8.202875324059278e-05,8.178403368219733e-05,8.175084803951904e-05,8.190897642634809e-05,8.180255827028304e-05,8.172735397238284e-05,8.177578274626285e-05,8.168735075742006e-05,8.283964416477829e-05,8.200416050385684e-05,8.268107194453478e-05,8.241565228672698e-05,8.333410369232297e-05,8.199004514608532e-05,8.180363511200994e-05,8.17174295661971e-05,8.182681631296873e-05,8.174871618393809e-05,8.188937499653548e-05,8.179272845154628e-05,8.177405106835067e-05,8.191824599634856e-05,8.1756676081568e-05,8.168426575139165e-05,8.160030120052397e-05,8.183364116121083e-05,8.190574590116739e-05,8.164497558027506e-05,8.351790893357247e-05,8.154269744409248e-05,8.230903767980635e-05,8.195130794774741e-05,8.187336788978428e-05,8.233502740040421e-05,8.209070801967755e-05,8.199120929930359e-05,8.204879122786224e-05,8.197856368497014e-05,8.213112596422434e-05,8.196184353437275e-05,8.19619745016098e-05,8.320169581566006e-05,8.227181388065219e-05,8.146150503307581e-05,8.20070126792416e-05,8.189889194909483e-05,8.132042421493679e-05,8.179096039384604e-05,8.171398076228797e-05,8.169903594534844e-05,8.232530672103167e-05,8.187633648049086e-05,,8.180971053661779e-05,8.190950029529631e-05,8.172585512511432e-05,8.270332182291895e-05,8.203412289731205e-05,8.286581578431651e-05,8.264083589892834e-05,8.296701707877219e-05,8.263526251539588e-05,8.242759213317186e-05,8.228680962929502e-05,8.208844519685954e-05,8.201187301892787e-05,8.204174810089171e-05,8.190888911485672e-05,8.196146518457681e-05,8.226647332776338e-05,8.211046224460006e-05,8.197367424145341e-05,8.19656634121202e-05,8.263232302851975e-05,8.222783799283206e-05,8.190302469301969e-05,8.215147681767121e-05,8.193444955395535e-05,8.192178211174905e-05,8.21153080323711e-05,8.193126996047795e-05,8.186770719476044e-05,8.1950071034953e-05,8.203837205655873e-05,8.197547867894173e-05,8.180899021681398e-05,8.21158682811074e-05,8.190484368242323e-05,8.179760334314778e-05,8.159888966474682e-05,8.230033563449979e-05,8.210451051127166e-05,8.211060048779473e-05,8.205553604057059e-05,8.218026050599292e-05,8.220202289521694e-05,8.247850928455591e-05,8.228505612351e-05,8.218528819270432e-05,8.15630701254122e-05,8.215758862206712e-05,8.210833766497672e-05,8.151969814207405e-05,8.182571036741138e-05,8.17962281871587e-05,8.180818986147642e-05,8.22462752694264e-05,8.216153219109401e-05
lapgyn4_surgical_actions,8.182693272829056e-05,0.0,8.155121759045869e-05,8.163126767612994e-05,8.286241791211069e-05,8.295805309899151e-05,8.262041956186295e-05,8.187258208636194e-05,8.19796186988242e-05,8.254230488091707e-05,8.20610293885693e-05,8.171855006366968e-05,8.233900734921917e-05,8.23219888843596e-05,8.264134521596134e-05,8.271896513178945e-05,8.211733802454546e-05,8.2028767792508e-05,8.210846135625616e-05,8.195770351449028e-05,8.171298395609483e-05,8.167979831341654e-05,8.183792670024559e-05,8.173150126822293e-05,8.165630424628034e-05,8.170473302016035e-05,8.161629375535995e-05,8.276858716271818e-05,8.193311077775434e-05,8.261002221843228e-05,8.234460256062448e-05,8.326305396622047e-05,8.19189881440252e-05,8.173258538590744e-05,8.16463798400946e-05,8.175576658686623e-05,8.167766645783558e-05,8.181832527043298e-05,8.172167872544378e-05,8.170299406629056e-05,8.184718899428844e-05,8.168561907950789e-05,8.161320874933153e-05,8.152924419846386e-05,8.176258415915072e-05,8.183468889910728e-05,8.157391857821494e-05,8.344685193151236e-05,8.147164771798998e-05,8.223798067774624e-05,8.188025822164491e-05,8.180231088772416e-05,8.226397767430171e-05,8.201965829357505e-05,8.192015957320109e-05,8.197774150175974e-05,8.190750668291003e-05,8.206006896216422e-05,8.189079380827025e-05,8.189091749954969e-05,8.313064608955756e-05,8.220076415454969e-05,8.13904480310157e-05,8.193595567718148e-05,8.182784222299233e-05,8.124937448883429e-05,8.171991066774353e-05,8.164293103618547e-05,8.162797894328833e-05,8.225425699492916e-05,8.180528675438836e-05,8.20168643258512e-05,,8.183845056919381e-05,8.16547981230542e-05,8.263227209681645e-05,8.196306589525193e-05,8.279476605821401e-05,8.256977889686823e-05,8.289596007671207e-05,8.256420551333576e-05,8.235654240706936e-05,8.221575990319252e-05,8.201739547075704e-05,8.194082329282537e-05,8.19706910988316e-05,8.18378321127966e-05,8.189041545847431e-05,8.219542360166088e-05,8.203940524253994e-05,8.190262451535091e-05,8.189461368601769e-05,8.256126602645963e-05,8.215678099077195e-05,8.183196769095957e-05,8.208042709156871e-05,8.186339982785285e-05,8.185073238564655e-05,8.20442583062686e-05,8.186021295841783e-05,8.179665019270033e-05,8.187901403289288e-05,8.196731505449861e-05,8.190442895283923e-05,8.173794049071148e-05,8.20448185550049e-05,8.183378668036312e-05,8.172655361704528e-05,8.152783993864432e-05,8.222928590839729e-05,8.203345350921154e-05,8.203955076169223e-05,8.198448631446809e-05,8.210921077989042e-05,8.213096589315683e-05,8.24074522824958e-05,8.221399912144989e-05,8.21142311906442e-05,8.14920203993097e-05,8.208653889596462e-05,8.20372806629166e-05,8.144864114001393e-05,8.175466064130887e-05,8.172517118509859e-05,8.173714013537392e-05,8.217521826736629e-05,8.209048246499151e-05
lapgyn4_instrument_count,8.16222745925188e-05,8.155121759045869e-05,0.0,8.142660954035819e-05,8.265775977633893e-05,8.275339496321976e-05,8.24157614260912e-05,8.16679239505902e-05,8.177496056305245e-05,8.233764674514532e-05,8.185637125279754e-05,8.151389192789793e-05,8.213434921344742e-05,8.211733074858785e-05,8.243668708018959e-05,8.25143069960177e-05,8.191267988877371e-05,8.182410965673625e-05,8.19038032204844e-05,8.175304537871853e-05,8.150832582032308e-05,8.147514017764479e-05,8.163326856447384e-05,8.152684313245118e-05,8.145164611050859e-05,8.15000748843886e-05,8.14116356195882e-05,8.256392902694643e-05,8.172845264198259e-05,8.240536408266053e-05,8.213994442485273e-05,8.305839583044872e-05,8.171433000825346e-05,8.152792725013569e-05,8.144172170432284e-05,8.155110845109448e-05,8.147300832206383e-05,8.161366713466123e-05,8.151702058967203e-05,8.14983359305188e-05,8.164253085851669e-05,8.148096094373614e-05,8.140855061355978e-05,8.13245860626921e-05,8.155792602337897e-05,8.163003076333553e-05,8.136926044244319e-05,8.32421937957406e-05,8.126698958221823e-05,8.203332254197448e-05,8.167560008587316e-05,8.159765275195241e-05,8.205931953852996e-05,8.18150001578033e-05,8.171550143742934e-05,8.177308336598799e-05,8.170284854713827e-05,8.185541082639247e-05,8.16861356724985e-05,8.168625936377794e-05,8.292598795378581e-05,8.199610601877794e-05,8.118578989524394e-05,8.173129754140973e-05,8.162318408722058e-05,8.104471635306254e-05,8.151525253197178e-05,8.143827290041372e-05,8.142332080751657e-05,8.204959885915741e-05,8.160062861861661e-05,8.181220619007945e-05,8.153400267474353e-05,,8.145013998728245e-05,8.24276139610447e-05,8.175840775948018e-05,8.259010792244226e-05,8.236512076109648e-05,8.269130194094032e-05,8.235954737756401e-05,8.21518842712976e-05,8.201110176742077e-05,8.181273733498529e-05,8.173616515705362e-05,8.176603296305984e-05,8.163317397702485e-05,8.168575732270256e-05,8.199076546588913e-05,8.183474710676819e-05,8.169796637957916e-05,8.168995555024594e-05,8.235660789068788e-05,8.19521228550002e-05,8.162730955518782e-05,8.187576895579696e-05,8.16587416920811e-05,8.16460742498748e-05,8.183960017049685e-05,8.165555482264608e-05,8.159199205692858e-05,8.167435589712113e-05,8.176265691872686e-05,8.169977081706747e-05,8.153328235493973e-05,8.184016041923314e-05,8.162912854459137e-05,8.152189548127353e-05,8.132318180287257e-05,8.202462777262554e-05,8.182879537343979e-05,8.183489262592047e-05,8.177982817869633e-05,8.190455264411867e-05,8.192630775738508e-05,8.220279414672405e-05,8.200934098567814e-05,8.190957305487245e-05,8.128736226353794e-05,8.188188076019287e-05,8.183262252714485e-05,8.124398300424218e-05,8.155000250553712e-05,8.152051304932684e-05,8.153248199960217e-05,8.197056013159454e-05,8.188582432921976e-05
lapgyn4_anatomical_actions,8.170232467819005e-05,8.163126767612994e-05,8.142660954035819e-05,0.0,8.273780986201018e-05,8.283344504889101e-05,8.249581151176244e-05,8.174797403626144e-05,8.185501064872369e-05,8.241769683081657e-05,8.193642133846879e-05,8.159394201356918e-05,8.221439929911867e-05,8.219738083425909e-05,8.251673716586083e-05,8.259435708168894e-05,8.199272997444496e-05,8.19041597424075e-05,8.198385330615565e-05,8.183309546438977e-05,8.158837590599433e-05,8.155519026331604e-05,8.171331865014508e-05,8.160689321812242e-05,8.153169619617984e-05,8.158012497005984e-05,8.149168570525944e-05,8.264397911261767e-05,8.180850272765383e-05,8.248541416833177e-05,8.221999451052397e-05,8.313844591611996e-05,8.17943800939247e-05,8.160797733580694e-05,8.152177178999409e-05,8.163115853676572e-05,8.155305840773508e-05,8.169371722033247e-05,8.159707067534328e-05,8.157838601619005e-05,8.172258094418794e-05,8.156101102940738e-05,8.148860069923103e-05,8.140463614836335e-05,8.163797610905021e-05,8.171008084900677e-05,8.144931052811444e-05,8.332224388141185e-05,8.134703966788948e-05,8.211337262764573e-05,8.17556501715444e-05,8.167770283762366e-05,8.213936962420121e-05,8.189505024347454e-05,8.179555152310058e-05,8.185313345165923e-05,8.178289863280952e-05,8.193546091206372e-05,8.176618575816974e-05,8.176630944944918e-05,8.300603803945705e-05,8.207615610444918e-05,8.126583998091519e-05,8.181134762708098e-05,8.170323417289183e-05,8.112476643873379e-05,8.159530261764303e-05,8.151832298608497e-05,8.150337089318782e-05,8.212964894482866e-05,8.168067870428786e-05,8.18922562757507e-05,8.161405276041478e-05,8.17138425190933e-05,,8.250766404671595e-05,8.183845784515142e-05,8.26701580081135e-05,8.244517084676772e-05,8.277135202661157e-05,8.243959746323526e-05,8.223193435696885e-05,8.209115185309201e-05,8.189278742065653e-05,8.181621524272487e-05,8.184608304873109e-05,8.17132240626961e-05,8.17658074083738e-05,8.207081555156037e-05,8.191479719243944e-05,8.17780164652504e-05,8.177000563591719e-05,8.243665797635913e-05,8.203217294067144e-05,8.170735964085907e-05,8.19558190414682e-05,8.173879177775234e-05,8.172612433554605e-05,8.19196502561681e-05,8.173560490831733e-05,8.167204214259982e-05,8.175440598279238e-05,8.184270700439811e-05,8.177982090273872e-05,8.161333244061098e-05,8.192021050490439e-05,8.170917863026261e-05,8.160194556694478e-05,8.140323188854381e-05,8.210467785829678e-05,8.190884545911103e-05,8.191494271159172e-05,8.185987826436758e-05,8.198460272978991e-05,8.200635784305632e-05,8.228284423239529e-05,8.208939107134938e-05,8.19896231405437e-05,8.136741234920919e-05,8.196193084586412e-05,8.19126726128161e-05,8.132403308991343e-05,8.163005259120837e-05,8.160056313499808e-05,8.161253208527341e-05,8.205061021726578e-05,8.1965874414891e-05
sklin2_skin_lesions,8.29334749141708e-05,8.286241791211069e-05,8.265775977633893e-05,8.273780986201018e-05,0.0,8.406459528487176e-05,8.372696174774319e-05,8.297912427224219e-05,8.308616088470444e-05,8.364884706679732e-05,8.316757157444954e-05,8.282509224954993e-05,8.344554953509942e-05,8.342853107023984e-05,8.374788740184158e-05,8.382550731766969e-05,8.32238802104257e-05,8.313530997838825e-05,8.32150035421364e-05,8.306424570037052e-05,8.281952614197508e-05,8.278634049929678e-05,8.294446888612583e-05,8.283804345410317e-05,8.276284643216059e-05,8.281127520604059e-05,8.272283594124019e-05,8.387512934859842e-05,8.303965296363458e-05,8.371656440431252e-05,8.345114474650472e-05,8.436959615210071e-05,8.302553032990545e-05,8.283912757178769e-05,8.275292202597484e-05,8.286230877274647e-05,8.278420864371583e-05,8.292486745631322e-05,8.282822091132402e-05,8.28095362521708e-05,8.295373118016869e-05,8.279216126538813e-05,8.271975093521178e-05,8.26357863843441e-05,8.286912634503096e-05,8.294123108498752e-05,8.268046076409519e-05,8.45533941173926e-05,8.257818990387022e-05,8.334452286362648e-05,8.298680040752515e-05,8.29088530736044e-05,8.337051986018196e-05,8.312620047945529e-05,8.302670175908133e-05,8.308428368763998e-05,8.301404886879027e-05,8.316661114804447e-05,8.299733599415049e-05,8.299745968542993e-05,8.42371882754378e-05,8.330730634042993e-05,8.249699021689594e-05,8.304249786306173e-05,8.293438440887257e-05,8.235591667471454e-05,8.282645285362378e-05,8.274947322206572e-05,8.273452112916857e-05,8.336079918080941e-05,8.29118289402686e-05,8.312340651173145e-05,8.284520299639553e-05,8.294499275507405e-05,8.276134030893445e-05,8.37388142826967e-05,8.306960808113217e-05,8.390130824409425e-05,8.367632108274847e-05,8.400250226259232e-05,8.367074769921601e-05,8.34630845929496e-05,8.332230208907276e-05,8.312393765663728e-05,8.304736547870561e-05,8.307723328471184e-05,8.294437429867685e-05,8.299695764435455e-05,8.330196578754112e-05,8.314594742842019e-05,8.300916670123115e-05,8.300115587189794e-05,8.366780821233988e-05,8.326332317665219e-05,8.293850987683982e-05,8.318696927744895e-05,8.296994201373309e-05,8.29572745715268e-05,8.315080049214885e-05,8.296675514429808e-05,8.290319237858057e-05,8.298555621877313e-05,8.307385724037886e-05,8.301097113871947e-05,8.284448267659172e-05,8.315136074088514e-05,8.294032886624336e-05,8.283309580292553e-05,8.263438212452456e-05,8.333582809427753e-05,8.313999569509178e-05,8.314609294757247e-05,8.309102850034833e-05,8.321575296577066e-05,8.323750807903707e-05,8.351399446837604e-05,8.332054130733013e-05,8.322077337652445e-05,8.259856258518994e-05,8.319308108184487e-05,8.314382284879684e-05,8.255518332589418e-05,8.286120282718912e-05,8.283171337097883e-05,8.284368232125416e-05,8.328176045324653e-05,8.319702465087175e-05
identify_nbi_infframes,8.302910282509401e-05,8.295805309899151e-05,8.275339496321976e-05,8.283344504889101e-05,8.406459528487176e-05,0.0,8.382259693462402e-05,8.307475945912302e-05,8.318178879562765e-05,8.374448225367814e-05,8.326319948537275e-05,8.292072743643075e-05,8.354117744602263e-05,8.352415898116305e-05,8.384352258872241e-05,8.39211352285929e-05,8.331950812134892e-05,8.323093788931146e-05,8.331063145305961e-05,8.315987361129373e-05,8.291515405289829e-05,8.288196841022e-05,8.304009679704905e-05,8.2933678640984e-05,8.28584743430838e-05,8.29069031169638e-05,8.281847112812102e-05,8.397076453547925e-05,8.313528087455779e-05,8.381219231523573e-05,8.354677265742794e-05,8.446522406302392e-05,8.312116551678628e-05,8.29347554827109e-05,8.284854993689805e-05,8.295793668366969e-05,8.287983655463904e-05,8.302049536723644e-05,8.292384882224724e-05,8.290517143905163e-05,8.304936636704952e-05,8.288779645226896e-05,8.28153861220926e-05,8.273142157122493e-05,8.296476153191179e-05,8.303686627186835e-05,8.277609595097601e-05,8.464902930427343e-05,8.267381781479344e-05,8.344015805050731e-05,8.308242831844836e-05,8.300448826048523e-05,8.346614777110517e-05,8.32218283903785e-05,8.312232967000455e-05,8.31799115985632e-05,8.31096840556711e-05,8.32622463349253e-05,8.30929639050737e-05,8.309309487231076e-05,8.433281618636101e-05,8.340293425135314e-05,8.259262540377676e-05,8.313813304994255e-05,8.303001231979579e-05,8.245154458563775e-05,8.292208076454699e-05,8.284510113298893e-05,8.28301563160494e-05,8.345642709173262e-05,8.300745685119182e-05,8.321904169861227e-05,8.294083090731874e-05,8.304062066599727e-05,8.285697549581528e-05,8.383444219361991e-05,8.3165243268013e-05,8.399693615501747e-05,8.37719562696293e-05,8.409813744947314e-05,8.376638288609684e-05,8.355871250387281e-05,8.341792999999598e-05,8.32195655675605e-05,8.314299338962883e-05,8.317286847159266e-05,8.304000948555768e-05,8.309258555527776e-05,8.339759369846433e-05,8.324158261530101e-05,8.310479461215436e-05,8.309678378282115e-05,8.37634433992207e-05,8.335895836353302e-05,8.303414506372064e-05,8.328259718837216e-05,8.30655699246563e-05,8.305290248245001e-05,8.324642840307206e-05,8.30623903311789e-05,8.29988275654614e-05,8.308119140565395e-05,8.316949242725968e-05,8.310659904964268e-05,8.294011058751494e-05,8.324698865180835e-05,8.303596405312419e-05,8.292872371384874e-05,8.273001003544778e-05,8.343145600520074e-05,8.323563088197261e-05,8.324172085849568e-05,8.318665641127154e-05,8.331138087669387e-05,8.33331432659179e-05,8.360962965525687e-05,8.341617649421096e-05,8.331640856340528e-05,8.269419049611315e-05,8.328870899276808e-05,8.323945803567767e-05,8.2650818512775e-05,8.295683073811233e-05,8.292734855785966e-05,8.293931023217738e-05,8.337739564012736e-05,8.329265256179497e-05
laryngeal_tissues,8.269147656392306e-05,8.262041956186295e-05,8.24157614260912e-05,8.249581151176244e-05,8.372696174774319e-05,8.382259693462402e-05,0.0,8.273712592199445e-05,8.28441625344567e-05,8.340684871654958e-05,8.29255732242018e-05,8.258309389930218e-05,8.320355118485168e-05,8.31865327199921e-05,8.350588905159384e-05,8.358350896742195e-05,8.298188186017796e-05,8.289331162814051e-05,8.297300519188866e-05,8.282224735012278e-05,8.257752779172733e-05,8.254434214904904e-05,8.270247053587809e-05,8.259604510385543e-05,8.252084808191285e-05,8.256927685579285e-05,8.248083759099245e-05,8.363313099835068e-05,8.279765461338684e-05,8.347456605406478e-05,8.320914639625698e-05,8.412759780185297e-05,8.278353197965771e-05,8.259712922153994e-05,8.25109236757271e-05,8.262031042249873e-05,8.254221029346809e-05,8.268286910606548e-05,8.258622256107628e-05,8.256753790192306e-05,8.271173282992095e-05,8.255016291514039e-05,8.247775258496404e-05,8.239378803409636e-05,8.262712799478322e-05,8.269923273473978e-05,8.243846241384745e-05,8.431139576714486e-05,8.233619155362248e-05,8.310252451337874e-05,8.274480205727741e-05,8.266685472335666e-05,8.312852150993422e-05,8.288420212920755e-05,8.278470340883359e-05,8.284228533739224e-05,8.277205051854253e-05,8.292461279779673e-05,8.275533764390275e-05,8.275546133518219e-05,8.399518992519006e-05,8.306530799018219e-05,8.22549918666482e-05,8.280049951281399e-05,8.269238605862483e-05,8.21139183244668e-05,8.258445450337604e-05,8.250747487181798e-05,8.249252277892083e-05,8.311880083056167e-05,8.266983059002087e-05,8.28814081614837e-05,8.260320464614779e-05,8.270299440482631e-05,8.251934195868671e-05,,8.282760973088443e-05,8.365930989384651e-05,8.343432273250073e-05,8.376050391234457e-05,8.342874934896827e-05,8.322108624270186e-05,8.308030373882502e-05,8.288193930638954e-05,8.280536712845787e-05,8.28352349344641e-05,8.270237594842911e-05,8.275495929410681e-05,8.305996743729338e-05,8.290394907817245e-05,8.276716835098341e-05,8.27591575216502e-05,8.342580986209214e-05,8.302132482640445e-05,8.269651152659208e-05,8.294497092720121e-05,8.272794366348535e-05,8.271527622127905e-05,8.29088021419011e-05,8.272475679405034e-05,8.266119402833283e-05,8.274355786852539e-05,8.283185889013112e-05,8.276897278847173e-05,8.260248432634398e-05,8.29093623906374e-05,8.269833051599562e-05,8.259109745267779e-05,8.239238377427682e-05,8.309382974402979e-05,8.289799734484404e-05,8.290409459732473e-05,8.284903015010059e-05,8.297375461552292e-05,8.299550972878933e-05,8.32719961181283e-05,8.307854295708239e-05,8.297877502627671e-05,8.23565642349422e-05,8.295108273159713e-05,8.29018244985491e-05,8.231318497564644e-05,8.261920447694138e-05,8.258971502073109e-05,8.260168397100642e-05,8.303976210299879e-05,8.295502630062401e-05
nerthus_bowel_cleansing_quality,8.194363908842206e-05,8.187258208636194e-05,8.16679239505902e-05,8.174797403626144e-05,8.297912427224219e-05,8.307475945912302e-05,8.273712592199445e-05,0.0,8.209633233491331e-05,8.265901124104857e-05,8.21777357487008e-05,8.183525642380118e-05,8.245572098530829e-05,8.24386952444911e-05,8.275805885205045e-05,8.283567149192095e-05,8.223405166063458e-05,8.214547415263951e-05,8.222517499234527e-05,8.207441715057939e-05,8.182969759218395e-05,8.179650467354804e-05,8.19546403363347e-05,8.184821490431204e-05,8.177301788236946e-05,8.182144665624946e-05,8.173300011549145e-05,8.288529352284968e-05,8.204982441384345e-05,8.27267358545214e-05,8.246130892075598e-05,8.337976760230958e-05,8.203569450415671e-05,8.184929902199656e-05,8.176309347618371e-05,8.187248022295535e-05,8.17943800939247e-05,8.19350389065221e-05,8.183838508557528e-05,8.181970042642206e-05,8.196389535441995e-05,8.180232543963939e-05,8.172991510946304e-05,8.164595783455297e-05,8.187929051928222e-05,8.19514025351964e-05,8.169062493834645e-05,8.356356556760147e-05,8.158835407812148e-05,8.235468703787774e-05,8.199697185773402e-05,8.191901724785566e-05,8.238069131039083e-05,8.213636465370655e-05,8.20368732092902e-05,8.209445513784885e-05,8.202422031899914e-05,8.217677532229573e-05,8.200750744435936e-05,8.20076311356388e-05,8.324735972564667e-05,8.23174777906388e-05,8.150716166710481e-05,8.205266203731298e-05,8.194455585908145e-05,8.136608812492341e-05,8.183662430383265e-05,8.175964467227459e-05,8.174468530341983e-05,8.237097063101828e-05,8.192200039047748e-05,8.213357796194032e-05,8.185536717064679e-05,8.195516420528293e-05,8.177151175914332e-05,8.274898573290557e-05,,8.291147241834551e-05,8.268648525699973e-05,8.301267371280119e-05,8.268091187346727e-05,8.247325604315847e-05,8.233246626332402e-05,8.213410910684615e-05,8.205753692891449e-05,8.20873974589631e-05,8.195454574888572e-05,8.200712909456342e-05,8.231213723775e-05,8.215611160267144e-05,8.201933815144002e-05,8.20113200461492e-05,8.267797238659114e-05,8.227348735090345e-05,8.194867405109107e-05,8.219713345170021e-05,8.198010618798435e-05,8.196744602173567e-05,8.216097194235772e-05,8.197691931854934e-05,8.191335655283183e-05,8.199572039302438e-05,8.208402141463012e-05,8.202114258892834e-05,8.18546541268006e-05,8.21615249151364e-05,8.195049304049462e-05,8.184325997717679e-05,8.164455357473344e-05,8.23459995444864e-05,8.215015986934304e-05,8.215625712182373e-05,8.210119267459959e-05,8.222591714002192e-05,8.224767225328833e-05,8.252416591858491e-05,8.233070548158139e-05,8.22309375507757e-05,8.16087267594412e-05,8.220324525609612e-05,8.21539870230481e-05,8.156535477610305e-05,8.187137427739799e-05,8.184187754523009e-05,8.185385377146304e-05,8.229192462749779e-05,8.220718882512301e-05
stanford_dogs_image_categorization,8.20506684249267e-05,8.19796186988242e-05,8.177496056305245e-05,8.185501064872369e-05,8.308616088470444e-05,8.318178879562765e-05,8.28441625344567e-05,8.209633233491331e-05,0.0,8.276604785351083e-05,8.228476508520544e-05,8.194229303626344e-05,8.256275032181293e-05,8.254572458099574e-05,8.28650954645127e-05,8.294270082842559e-05,8.234108099713922e-05,8.225250348914415e-05,8.233220432884991e-05,8.218144648708403e-05,8.193672692868859e-05,8.190353401005268e-05,8.206166967283934e-05,8.19552515167743e-05,8.18800472188741e-05,8.19284759927541e-05,8.18400367279537e-05,8.299233013531193e-05,8.215685375034809e-05,8.283376519102603e-05,8.256833825726062e-05,8.348679693881422e-05,8.214273111661896e-05,8.19563283585012e-05,8.187012281268835e-05,8.197950955945998e-05,8.190140943042934e-05,8.204206824302673e-05,8.194541442207992e-05,8.192673703888431e-05,8.20709319668822e-05,8.190936205210164e-05,8.183695172192529e-05,8.175299444701523e-05,8.198632713174447e-05,8.205843914765865e-05,8.17976615508087e-05,8.367060218006372e-05,8.169538341462612e-05,8.246172365033999e-05,8.210400119423866e-05,8.202605386031792e-05,8.248772064689547e-05,8.224339399021119e-05,8.214390254579484e-05,8.220148447435349e-05,8.21312569314614e-05,8.228381193475798e-05,8.2114536780864e-05,8.211466774810106e-05,8.335438906215131e-05,8.242450712714344e-05,8.161419827956706e-05,8.215969864977524e-05,8.205158519558609e-05,8.147311746142805e-05,8.194365364033729e-05,8.186667400877923e-05,8.185172191588208e-05,8.247799996752292e-05,8.202902972698212e-05,8.224061457440257e-05,8.196239650715142e-05,8.206219354178756e-05,8.187854837160558e-05,8.28560150694102e-05,8.218680886784568e-05,8.301850175485015e-05,8.279352186946198e-05,8.311971032526344e-05,8.278794848592952e-05,8.258028537966311e-05,8.243949559982866e-05,8.224113844335079e-05,8.216456626541913e-05,8.219443407142535e-05,8.206158236134797e-05,8.211415843106806e-05,8.241916657425463e-05,8.22631482151337e-05,8.212636748794466e-05,8.211834938265383e-05,8.278500899905339e-05,8.23805239633657e-05,8.205571066355333e-05,8.230416278820485e-05,8.208713552448899e-05,8.20744753582403e-05,8.226800127886236e-05,8.208395593101159e-05,8.202039316529408e-05,8.210275700548664e-05,8.219105802709237e-05,8.212817192543298e-05,8.196168346330523e-05,8.226855425164104e-05,8.205752965295687e-05,8.195028931368142e-05,8.175158291123807e-05,8.245302888099104e-05,8.22571964818053e-05,8.226328645832837e-05,8.220822201110423e-05,8.233294647652656e-05,8.235470886575058e-05,8.263120253104717e-05,8.243774209404364e-05,8.233797416323796e-05,8.171575609594584e-05,8.231027459260076e-05,8.226102363551036e-05,8.16723913885653e-05,8.197840361390263e-05,8.194891415769234e-05,8.196088310796767e-05,8.239896123996004e-05,8.231421816162765e-05
svhn,8.261336188297719e-05,8.254230488091707e-05,8.233764674514532e-05,8.241769683081657e-05,8.364884706679732e-05,8.374448225367814e-05,8.340684871654958e-05,8.265901124104857e-05,8.276604785351083e-05,0.0,8.284745854325593e-05,8.250497921835631e-05,8.31254365039058e-05,8.310841803904623e-05,8.342777437064797e-05,8.350539428647608e-05,8.290376717923209e-05,8.281519694719464e-05,8.289489051094279e-05,8.27441326691769e-05,8.249941311078146e-05,8.246622746810317e-05,8.262435585493222e-05,8.251793042290956e-05,8.244273340096697e-05,8.249116217484698e-05,8.240272291004658e-05,8.35550163174048e-05,8.271953993244097e-05,8.339645137311891e-05,8.313103171531111e-05,8.40494831209071e-05,8.270541729871184e-05,8.251901454059407e-05,8.243280899478123e-05,8.254219574155286e-05,8.246409561252221e-05,8.260475442511961e-05,8.250810788013041e-05,8.248942322097719e-05,8.263361814897507e-05,8.247204823419452e-05,8.239963790401816e-05,8.231567335315049e-05,8.254901331383735e-05,8.262111805379391e-05,8.236034773290157e-05,8.423328108619899e-05,8.225807687267661e-05,8.302440983243287e-05,8.266668737633154e-05,8.258874004241079e-05,8.305040682898834e-05,8.280608744826168e-05,8.270658872788772e-05,8.276417065644637e-05,8.269393583759665e-05,8.284649811685085e-05,8.267722296295688e-05,8.267734665423632e-05,8.391707524424419e-05,8.298719330923632e-05,8.217687718570232e-05,8.272238483186811e-05,8.261427137767896e-05,8.203580364352092e-05,8.250633982243016e-05,8.24293601908721e-05,8.241440809797496e-05,8.30406861496158e-05,8.259171590907499e-05,8.280329348053783e-05,8.252508996520191e-05,8.262487972388044e-05,8.244122727774084e-05,8.341870125150308e-05,8.274949504993856e-05,,8.335620805155486e-05,8.36823892313987e-05,8.33506346680224e-05,8.314297156175599e-05,8.300218905787915e-05,8.280382462544367e-05,8.2727252447512e-05,8.275712025351822e-05,8.262426126748323e-05,8.267684461316094e-05,8.298185275634751e-05,8.282583439722657e-05,8.268905367003754e-05,8.268104284070432e-05,8.334769518114626e-05,8.294321014545858e-05,8.26183968456462e-05,8.286685624625534e-05,8.264982898253947e-05,8.263716154033318e-05,8.283068746095523e-05,8.264664211310446e-05,8.258307934738696e-05,8.266544318757951e-05,8.275374420918524e-05,8.269085810752586e-05,8.252436964539811e-05,8.283124770969152e-05,8.262021583504975e-05,8.251298277173191e-05,8.231426909333095e-05,8.301571506308392e-05,8.281988266389817e-05,8.282597991637886e-05,8.277091546915472e-05,8.289563993457705e-05,8.291739504784346e-05,8.319388143718243e-05,8.300042827613652e-05,8.290066034533083e-05,8.227844955399632e-05,8.287296805065125e-05,8.282370981760323e-05,8.223507029470056e-05,8.25410897959955e-05,8.251160033978522e-05,8.252356929006055e-05,8.296164742205292e-05,8.287691161967814e-05
caltech101_object_classification,8.21320791146718e-05,8.20610293885693e-05,8.185637125279754e-05,8.193642133846879e-05,8.316757157444954e-05,8.326319948537275e-05,8.29255732242018e-05,8.21777357487008e-05,8.228476508520544e-05,8.284745854325593e-05,0.0,8.202370372600853e-05,8.264415373560041e-05,8.262713527074084e-05,8.294649887830019e-05,8.302411151817068e-05,8.24224844109267e-05,8.233391417888924e-05,8.24136077426374e-05,8.226284990087152e-05,8.201813034247607e-05,8.198494469979778e-05,8.214307308662683e-05,8.203665493056178e-05,8.196145063266158e-05,8.200987940654159e-05,8.19214474176988e-05,8.307374082505703e-05,8.223825716413558e-05,8.291516860481352e-05,8.264974894700572e-05,8.356820035260171e-05,8.222414180636406e-05,8.203773177228868e-05,8.195152622647583e-05,8.206091297324747e-05,8.198281284421682e-05,8.212347165681422e-05,8.202682511182502e-05,8.200814772862941e-05,8.21523426566273e-05,8.199077274184674e-05,8.191836241167039e-05,8.183439786080271e-05,8.206773782148957e-05,8.213984256144613e-05,8.18790722405538e-05,8.375200559385121e-05,8.177679410437122e-05,8.254313434008509e-05,8.218540460802615e-05,8.210746455006301e-05,8.256912406068295e-05,8.232480467995629e-05,8.222530595958233e-05,8.228288788814098e-05,8.221266034524888e-05,8.236522262450308e-05,8.219594019465148e-05,8.219607116188854e-05,8.34357924759388e-05,8.250591054093093e-05,8.169560169335455e-05,8.224110933952034e-05,8.213298860937357e-05,8.155452087521553e-05,8.202505705412477e-05,8.194807742256671e-05,8.193313260562718e-05,8.25594033813104e-05,8.21104331407696e-05,8.232201798819005e-05,8.204380719689652e-05,8.214359695557505e-05,8.195995178539306e-05,8.293741848319769e-05,8.226821955759078e-05,8.309991244459525e-05,8.287493255920708e-05,8.320111373905092e-05,8.286935917567462e-05,8.26616887934506e-05,8.252090628957376e-05,8.232254185713828e-05,8.224596967920661e-05,8.227584476117045e-05,8.214298577513546e-05,8.219556184485555e-05,8.250056998804212e-05,8.23445589048788e-05,8.220777090173215e-05,8.219976007239893e-05,8.286641968879849e-05,8.24619346531108e-05,8.213712135329843e-05,8.238557347794995e-05,8.216854621423408e-05,8.215587877202779e-05,8.234940469264984e-05,8.216536662075669e-05,8.210180385503918e-05,8.218416769523174e-05,8.227246871683747e-05,8.220957533922046e-05,8.204308687709272e-05,8.234996494138613e-05,8.213894034270197e-05,8.203170000342652e-05,8.183298632502556e-05,8.253443229477853e-05,8.233860717155039e-05,8.234469714807346e-05,8.228963270084932e-05,8.241435716627166e-05,8.243611955549568e-05,8.271260594483465e-05,8.251915278378874e-05,8.241938485298306e-05,8.179716678569093e-05,8.239168528234586e-05,8.234243432525545e-05,8.175379480235279e-05,8.205980702769011e-05,8.203032484743744e-05,8.204228652175516e-05,8.248037192970514e-05,8.239562885137275e-05
caltech256_object_classification,8.17896070657298e-05,8.171855006366968e-05,8.151389192789793e-05,8.159394201356918e-05,8.282509224954993e-05,8.292072743643075e-05,8.258309389930218e-05,8.183525642380118e-05,8.194229303626344e-05,8.250497921835631e-05,8.202370372600853e-05,0.0,8.230168168665841e-05,8.228466322179884e-05,8.260401955340058e-05,8.268163946922868e-05,8.20800123619847e-05,8.199144212994725e-05,8.20711356936954e-05,8.192037785192952e-05,8.167565829353407e-05,8.164247265085578e-05,8.180060103768483e-05,8.169417560566217e-05,8.161897858371958e-05,8.166740735759959e-05,8.157896809279919e-05,8.273126150015742e-05,8.189578511519358e-05,8.257269655587152e-05,8.230727689806372e-05,8.322572830365971e-05,8.188166248146445e-05,8.169525972334668e-05,8.160905417753384e-05,8.171844092430547e-05,8.164034079527482e-05,8.178099960787222e-05,8.168435306288302e-05,8.16656684037298e-05,8.180986333172768e-05,8.164829341694713e-05,8.157588308677077e-05,8.14919185359031e-05,8.172525849658996e-05,8.179736323654652e-05,8.153659291565418e-05,8.34095262689516e-05,8.143432205542922e-05,8.220065501518548e-05,8.184293255908415e-05,8.17649852251634e-05,8.222665201174095e-05,8.198233263101429e-05,8.188283391064033e-05,8.194041583919898e-05,8.187018102034926e-05,8.202274329960346e-05,8.185346814570948e-05,8.185359183698893e-05,8.30933204269968e-05,8.216343849198893e-05,8.135312236845493e-05,8.189863001462072e-05,8.179051656043157e-05,8.121204882627353e-05,8.168258500518277e-05,8.160560537362471e-05,8.159065328072757e-05,8.22169313323684e-05,8.17679610918276e-05,8.197953866329044e-05,8.170133514795452e-05,8.180112490663305e-05,8.161747246049345e-05,8.259494643425569e-05,8.192574023269117e-05,8.275744039565325e-05,8.253245323430747e-05,8.285863441415131e-05,8.2526879850775e-05,8.23192167445086e-05,8.217843424063176e-05,8.198006980819628e-05,8.190349763026461e-05,8.193336543627083e-05,8.180050645023584e-05,8.185308979591355e-05,8.215809793910012e-05,8.200207957997918e-05,8.186529885279015e-05,8.185728802345693e-05,8.252394036389887e-05,8.211945532821119e-05,8.179464202839881e-05,8.204310142900795e-05,8.182607416529208e-05,8.181340672308579e-05,8.200693264370784e-05,8.182288729585707e-05,8.175932453013957e-05,8.184168837033212e-05,8.192998939193785e-05,8.186710329027846e-05,8.170061482815072e-05,8.200749289244413e-05,8.179646101780236e-05,8.168922795448452e-05,8.149051427608356e-05,8.219196024583653e-05,8.199612784665078e-05,8.200222509913146e-05,8.194716065190732e-05,8.207188511732966e-05,8.209364023059607e-05,8.237012661993504e-05,8.217667345888913e-05,8.207690552808344e-05,8.145469473674893e-05,8.204921323340386e-05,8.199995500035584e-05,8.141131547745317e-05,8.171733497874811e-05,8.168784552253783e-05,8.169981447281316e-05,8.213789260480553e-05,8.205315680243075e-05
