,lapgyn4_anatomical_structures,lapgyn4_surgical_actions,lapgyn4_instrument_count,lapgyn4_anatomical_actions,sklin2_skin_lesions,identify_nbi_infframes,laryngeal_tissues,nerthus_bowel_cleansing_quality,stanford_dogs_image_categorization,svhn,caltech101_object_classification,caltech256_object_classification,cifar10_object_classification,cifar100_object_classification,mnist_digit_classification,emnist_digit_classification,hyperkvasir_anatomical-landmarks,hyperkvasir_pathological-findings,hyperkvasir_quality-of-mucosal-views,hyperkvasir_therapeutic-interventions,cholec80_grasper_presence,cholec80_bipolar_presence,cholec80_hook_presence,cholec80_scissors_presence,cholec80_clipper_presence,cholec80_irrigator_presence,cholec80_specimenbag_presence,derm7pt_skin_lesions,idle_action_recognition,barretts_esophagus_diagnosis,brain_tumor_classification,mednode_melanoma_classification,brain_tumor_type_classification,chexpert_enlarged_cardiomediastinum,chexpert_cardiomegaly,chexpert_lung_opacity,chexpert_lung_lesion,chexpert_edema,chexpert_consolidation,chexpert_pneumonia,chexpert_atelectasis,chexpert_pneumothorax,chexpert_pleural_effusion,chexpert_pleural_other,chexpert_fracture,chexpert_support_devices,pneumonia_classification,ph2-melanocytic-lesions-classification,covid_xray_classification,isic20_melanoma_classification,deep_drid_dr_level,shenzen_chest_xray_tuberculosis,crawled_covid_ct_classification,deep_drid_quality,deep_drid_clarity,deep_drid_field,deep_drid_artifact,kvasir_capsule_anatomy,kvasir_capsule_content,kvasir_capsule_pathologies,breast_cancer_classification_v2,eye_condition_classification,mura_xr_wrist,mura_xr_shoulder,mura_xr_humerus,mura_xr_hand,mura_xr_forearm,mura_xr_finger,mura_xr_elbow,bean_plant_disease_classification,aptos19_blindness_detection,lapgyn4_anatomical_structures --shrink_train 800,lapgyn4_surgical_actions --shrink_train 800,lapgyn4_instrument_count --shrink_train 800,lapgyn4_anatomical_actions --shrink_train 800,laryngeal_tissues --shrink_train 800,nerthus_bowel_cleansing_quality --shrink_train 800,svhn --shrink_train 800,cifar10_object_classification --shrink_train 800,mnist_digit_classification --shrink_train 800,hyperkvasir_anatomical-landmarks --shrink_train 800,hyperkvasir_pathological-findings --shrink_train 800,hyperkvasir_quality-of-mucosal-views --shrink_train 800,hyperkvasir_therapeutic-interventions --shrink_train 800,cholec80_grasper_presence --shrink_train 800,cholec80_bipolar_presence --shrink_train 800,cholec80_hook_presence --shrink_train 800,cholec80_scissors_presence --shrink_train 800,cholec80_clipper_presence --shrink_train 800,cholec80_irrigator_presence --shrink_train 800,cholec80_specimenbag_presence --shrink_train 800,idle_action_recognition --shrink_train 800,brain_tumor_classification --shrink_train 800,brain_tumor_type_classification --shrink_train 800,chexpert_enlarged_cardiomediastinum --shrink_train 800,chexpert_cardiomegaly --shrink_train 800,chexpert_lung_opacity --shrink_train 800,chexpert_lung_lesion --shrink_train 800,chexpert_edema --shrink_train 800,chexpert_consolidation --shrink_train 800,chexpert_pneumonia --shrink_train 800,chexpert_atelectasis --shrink_train 800,chexpert_pneumothorax --shrink_train 800,chexpert_pleural_effusion --shrink_train 800,chexpert_pleural_other --shrink_train 800,chexpert_fracture --shrink_train 800,chexpert_support_devices --shrink_train 800,pneumonia_classification --shrink_train 800,covid_xray_classification --shrink_train 800,isic20_melanoma_classification --shrink_train 800,deep_drid_dr_level --shrink_train 800,deep_drid_quality --shrink_train 800,deep_drid_clarity --shrink_train 800,deep_drid_field --shrink_train 800,deep_drid_artifact --shrink_train 800,kvasir_capsule_anatomy --shrink_train 800,kvasir_capsule_content --shrink_train 800,kvasir_capsule_pathologies --shrink_train 800,mura_xr_wrist --shrink_train 800,mura_xr_shoulder --shrink_train 800,mura_xr_humerus --shrink_train 800,mura_xr_hand --shrink_train 800,mura_xr_forearm --shrink_train 800,mura_xr_finger --shrink_train 800,mura_xr_elbow --shrink_train 800,bean_plant_disease_classification --shrink_train 800,aptos19_blindness_detection --shrink_train 800
lapgyn4_anatomical_structures,0.0,0.2160959243774414,0.2650294303894043,0.5091776847839355,1.4155387878417969,1.2834892272949219,2.5570287704467773,1.17118501663208,1.5850186347961426,2.812985897064209,1.2341384887695312,1.1951789855957031,1.8292813301086426,1.738478660583496,2.8670644760131836,2.9275403022766113,0.6359691619873047,0.5944395065307617,0.9283485412597656,0.823850154876709,0.44992685317993164,0.45476675033569336,0.45120668411254883,0.449984073638916,0.4516162872314453,0.4616966247558594,0.42849111557006836,1.4004912376403809,1.3291759490966797,1.5106077194213867,2.0077333450317383,1.7160639762878418,2.3745017051696777,1.5850987434387207,1.6215457916259766,1.6905169486999512,1.564378261566162,1.66375732421875,1.5844306945800781,1.5793046951293945,1.7136726379394531,1.6691060066223145,1.6313815116882324,1.5383186340332031,1.611861228942871,1.7094788551330566,1.9835495948791504,1.5332589149475098,1.987790584564209,1.6193580627441406,2.55325984954834,2.0864176750183105,1.8338704109191895,2.5302562713623047,2.535679340362549,2.5509800910949707,2.5758795738220215,1.8141851425170898,1.8310608863830566,1.7734870910644531,2.2972822189331055,3.2584972381591797,2.1052498817443848,1.5749187469482422,1.804306983947754,1.8876752853393555,1.8149518966674805,1.7698974609375,1.892270565032959,1.9118223190307617,2.4109673500061035,,0.26450014114379883,0.21838140487670898,0.5218768119812012,2.5735483169555664,1.1876988410949707,2.719200611114502,1.862863540649414,2.8558716773986816,0.6126227378845215,0.5910844802856445,0.9035530090332031,0.8018193244934082,0.4518880844116211,0.44165992736816406,0.45133113861083984,0.4628281593322754,0.48185157775878906,0.4450998306274414,0.4650754928588867,1.3440017700195312,2.0167670249938965,2.37418270111084,1.5932369232177734,1.6105122566223145,1.6792926788330078,1.5552992820739746,1.6939582824707031,1.5694174766540527,1.5665221214294434,1.657846450805664,1.672159194946289,1.6451597213745117,1.5534048080444336,1.5799479484558105,1.727165699005127,2.02174711227417,1.9786014556884766,1.592236042022705,2.5311245918273926,2.5736083984375,2.5600929260253906,2.5875535011291504,2.546694755554199,1.8154592514038086,1.7959694862365723,1.788538932800293,2.053116798400879,1.537398338317871,1.8179898262023926,1.8832497596740723,1.8141560554504395,1.7828807830810547,1.8721179962158203,1.895467758178711,2.384108066558838
lapgyn4_surgical_actions,0.2160959243774414,0.0,0.08393478393554688,0.1671581268310547,1.5898303985595703,1.4430408477783203,2.727753162384033,1.2153325080871582,1.6761155128479004,2.8861875534057617,1.251279354095459,1.1851987838745117,1.8526897430419922,1.7759933471679688,2.889713764190674,2.9663453102111816,0.8240222930908203,0.7723679542541504,1.0050525665283203,0.8374929428100586,0.3436717987060547,0.363433837890625,0.3538508415222168,0.3572726249694824,0.34192752838134766,0.35675525665283203,0.3248109817504883,1.5236287117004395,1.2207188606262207,1.6387805938720703,2.2115478515625,1.9803199768066406,2.400430679321289,1.5886073112487793,1.6151165962219238,1.6749496459960938,1.5817108154296875,1.651529312133789,1.5779614448547363,1.583089828491211,1.7089519500732422,1.6583456993103027,1.6199846267700195,1.545945167541504,1.6087985038757324,1.6928253173828125,2.0249195098876953,1.6882777214050293,2.0174078941345215,1.8437752723693848,2.690077781677246,2.0358481407165527,1.7780814170837402,2.667483329772949,2.6709256172180176,2.68428373336792,2.7106432914733887,1.790311336517334,1.8344721794128418,1.7941045761108398,2.328134059906006,3.339653491973877,1.9670720100402832,1.5204377174377441,1.7634739875793457,1.7475080490112305,1.6845073699951172,1.6565747261047363,1.779421329498291,2.00584077835083,2.506075859069824,0.21778059005737305,,0.0806431770324707,0.17346715927124023,2.744178295135498,1.2301149368286133,2.7863078117370605,1.8793435096740723,2.8840770721435547,0.7999701499938965,0.7625536918640137,0.9972810745239258,0.8217177391052246,0.3577585220336914,0.34308719635009766,0.34960508346557617,0.36147403717041016,0.3672051429748535,0.35111141204833984,0.36893463134765625,1.222681999206543,2.222965717315674,2.402738094329834,1.594935417175293,1.598991870880127,1.6451153755187988,1.5595426559448242,1.690591812133789,1.571040153503418,1.5714211463928223,1.644047737121582,1.656646728515625,1.6379928588867188,1.5500907897949219,1.5821738243103027,1.712648868560791,2.0522537231445312,2.008068561553955,1.807438850402832,2.6673054695129395,2.709324836730957,2.695352554321289,2.720493793487549,2.685225486755371,1.7905058860778809,1.8061141967773438,1.808746337890625,1.9089503288269043,1.4855928421020508,1.7693886756896973,1.7482829093933105,1.6876497268676758,1.673703670501709,1.7752032279968262,1.9873437881469727,2.477541446685791
lapgyn4_instrument_count,0.2650294303894043,0.08393478393554688,0.0,0.1097097396850586,1.5193891525268555,1.427809238433838,2.6585288047790527,1.2460498809814453,1.6211166381835938,2.8085708618164062,1.2021231651306152,1.1327648162841797,1.8017535209655762,1.7310795783996582,2.805696964263916,2.877814769744873,0.8271198272705078,0.7740302085876465,1.0676827430725098,0.9386124610900879,0.2975349426269531,0.31603288650512695,0.2994418144226074,0.30812597274780273,0.2930335998535156,0.30979347229003906,0.26990509033203125,1.511998176574707,1.3143162727355957,1.6898455619812012,2.1377410888671875,1.9201107025146484,2.420635223388672,1.6186938285827637,1.65960693359375,1.7287306785583496,1.6064014434814453,1.7042713165283203,1.611785888671875,1.6135058403015137,1.757685661315918,1.701676368713379,1.6645407676696777,1.575674057006836,1.64813232421875,1.7451400756835938,2.0285892486572266,1.6827168464660645,2.028080940246582,1.8424873352050781,2.5923614501953125,2.081949234008789,1.813502311706543,2.5701770782470703,2.5757946968078613,2.588810443878174,2.614058494567871,1.733297348022461,1.797041416168213,1.7586617469787598,2.356163501739502,3.2445802688598633,1.940661907196045,1.5084900856018066,1.6923718452453613,1.762385368347168,1.6360368728637695,1.6301031112670898,1.7377362251281738,2.0076632499694824,2.424853801727295,0.26693153381347656,0.10717964172363281,,0.12596464157104492,2.672109603881836,1.258873462677002,2.7134103775024414,1.832594871520996,2.7997307777404785,0.8079590797424316,0.7614021301269531,1.055572509765625,0.9245572090148926,0.31721973419189453,0.28253841400146484,0.2994546890258789,0.31413888931274414,0.31286048889160156,0.3018960952758789,0.31162261962890625,1.3240156173706055,2.147646903991699,2.4239659309387207,1.6262755393981934,1.645658016204834,1.6991233825683594,1.5917868614196777,1.736046314239502,1.604238510131836,1.605257511138916,1.6905226707458496,1.7057805061340332,1.6790800094604492,1.5789899826049805,1.6150283813476562,1.7674026489257812,2.0574045181274414,2.0204358100891113,1.8073720932006836,2.5729622840881348,2.614254951477051,2.6002063751220703,2.6250739097595215,2.588726043701172,1.7335009574890137,1.7652778625488281,1.7745704650878906,1.8873653411865234,1.4735751152038574,1.7010703086853027,1.759598731994629,1.6397476196289062,1.6416878700256348,1.737739086151123,1.9897689819335938,2.3967432975769043
lapgyn4_anatomical_actions,0.5091776847839355,0.1671581268310547,0.1097097396850586,0.0,1.8349652290344238,1.716526985168457,2.927700996398926,1.5606403350830078,1.8317146301269531,3.063608169555664,1.3995256423950195,1.3229060173034668,2.0267906188964844,1.9627318382263184,3.03753662109375,3.119842052459717,1.1879377365112305,1.1151800155639648,1.3689336776733398,1.2144804000854492,0.5265297889709473,0.5562906265258789,0.5377349853515625,0.5441169738769531,0.5217523574829102,0.545379638671875,0.4912595748901367,1.7949109077453613,1.488145351409912,1.9841442108154297,2.481053352355957,2.249713897705078,2.6828880310058594,1.8909549713134766,1.9248743057250977,1.9850826263427734,1.8860292434692383,1.963625431060791,1.8795146942138672,1.8857231140136719,2.019346237182617,1.9560985565185547,1.924731731414795,1.8488855361938477,1.907125473022461,1.997553825378418,2.2978878021240234,1.97227144241333,2.295029640197754,2.1503396034240723,2.9252333641052246,2.3007421493530273,2.0586166381835938,2.9053030014038086,2.9082837104797363,2.921881675720215,2.9481916427612305,2.0190320014953613,2.1002378463745117,2.067272663116455,2.6049227714538574,3.546642303466797,2.162970542907715,1.7745566368103027,1.9522700309753418,1.9715499877929688,1.858522891998291,1.8309764862060547,1.970644474029541,2.2232799530029297,2.7357187271118164,0.5101213455200195,0.20201969146728516,0.13308429718017578,,2.9412307739257812,1.5753211975097656,2.9669127464294434,2.0590381622314453,3.0328125953674316,1.1687498092651367,1.1018180847167969,1.3587312698364258,1.2005281448364258,0.5571155548095703,0.5135526657104492,0.5337653160095215,0.554903507232666,0.5370655059814453,0.5405659675598145,0.5451407432556152,1.4920101165771484,2.4917054176330566,2.687500476837158,1.8981375694274902,1.9095344543457031,1.9438581466674805,1.8639378547668457,1.9963922500610352,1.8736391067504883,1.8774595260620117,1.9473848342895508,1.9549899101257324,1.9394187927246094,1.8488097190856934,1.8772883415222168,2.016727924346924,2.323831081390381,2.2862348556518555,2.11306095123291,2.907688617706299,2.9482855796813965,2.9346957206726074,2.955869197845459,2.9238367080688477,2.0197787284851074,2.0682764053344727,2.0817089080810547,2.103994369506836,1.7375192642211914,1.9568424224853516,1.9710607528686523,1.8630733489990234,1.8476266860961914,1.975355625152588,2.2078542709350586,2.7084341049194336
sklin2_skin_lesions,1.4155387878417969,1.5898303985595703,1.5193891525268555,1.8349652290344238,0.0,1.244375228881836,2.048431873321533,1.51263427734375,1.4588475227355957,2.309326648712158,1.100118637084961,1.0467348098754883,1.615678310394287,1.5035271644592285,2.385770320892334,2.403003692626953,0.9303631782531738,1.0031070709228516,1.4409399032592773,1.4720377922058105,1.3354830741882324,1.3219547271728516,1.3369746208190918,1.302842140197754,1.3271236419677734,1.3561310768127441,1.3319077491760254,0.4110240936279297,1.559889316558838,1.172576904296875,1.6544523239135742,0.8764133453369141,1.9709997177124023,1.717864990234375,1.7626991271972656,1.84688138961792,1.696291446685791,1.828847885131836,1.7343330383300781,1.7031350135803223,1.8658957481384277,1.8233375549316406,1.7699503898620605,1.647374153137207,1.7972688674926758,1.8642563819885254,2.218842029571533,0.4285306930541992,2.2358617782592773,0.6529531478881836,1.6409087181091309,2.404872417449951,1.7027759552001953,1.6226062774658203,1.6272692680358887,1.6415691375732422,1.6617207527160645,1.3658885955810547,1.3330187797546387,1.319474220275879,1.8070263862609863,2.344308853149414,2.056765556335449,1.608962059020996,1.7391457557678223,2.0789308547973633,1.791377067565918,1.8042974472045898,1.7693829536437988,1.6567869186401367,1.4289860725402832,1.4073762893676758,1.5725936889648438,1.455202579498291,1.8546462059020996,2.0565381050109863,1.496800422668457,2.2304611206054688,1.6549606323242188,2.3747105598449707,0.9310097694396973,0.9780282974243164,1.417093276977539,1.473294734954834,1.334303379058838,1.3306560516357422,1.347020149230957,1.3353829383850098,1.3459649085998535,1.3097591400146484,1.2941827774047852,1.6342964172363281,1.6478614807128906,1.9672980308532715,1.733769416809082,1.766983985900879,1.8343696594238281,1.6839494705200195,1.8000445365905762,1.6842379570007324,1.680081844329834,1.8122596740722656,1.8400044441223145,1.7881393432617188,1.6551685333251953,1.7482686042785645,1.8886141777038574,2.261371612548828,2.226810932159424,0.6533994674682617,1.6283044815063477,1.6603775024414062,1.647596836090088,1.6810383796691895,1.636171817779541,1.3669018745422363,1.2881669998168945,1.3133478164672852,2.023822784423828,1.577531337738037,1.76491117477417,2.059131145477295,1.795074462890625,1.8028583526611328,1.7428250312805176,1.6472959518432617,1.395209789276123
identify_nbi_infframes,1.2834892272949219,1.4430408477783203,1.427809238433838,1.716526985168457,1.244375228881836,0.0,1.3066563606262207,1.7069077491760254,1.2431278228759766,1.6667060852050781,0.9695420265197754,0.9445576667785645,1.4300189018249512,1.3059587478637695,1.954603672027588,1.937309741973877,1.1049189567565918,1.1266226768493652,1.5169897079467773,1.4631567001342773,1.3361091613769531,1.3299355506896973,1.346144676208496,1.3331198692321777,1.3429183959960938,1.3666176795959473,1.3406562805175781,1.0503807067871094,1.4161052703857422,1.1177873611450195,1.4026756286621094,1.4193286895751953,2.057133674621582,1.6634955406188965,1.6056127548217773,1.6446518898010254,1.637979507446289,1.6353635787963867,1.6581840515136719,1.6494474411010742,1.6479120254516602,1.658738613128662,1.6306676864624023,1.6134614944458008,1.646341323852539,1.6409392356872559,2.040905475616455,1.1467971801757812,2.08884334564209,1.0699682235717773,2.088841438293457,2.4132332801818848,1.867265224456787,2.066624641418457,2.0884556770324707,2.0946898460388184,2.118234634399414,1.953155517578125,1.9339351654052734,1.8821563720703125,1.390716552734375,2.687702178955078,1.8962116241455078,1.5562744140625,1.5607094764709473,2.025099754333496,1.6240816116333008,1.6228175163269043,1.704777717590332,1.709559440612793,2.1106953620910645,1.2806329727172852,1.38645601272583,1.3510475158691406,1.7536792755126953,1.3112668991088867,1.7008843421936035,1.6351776123046875,1.4676289558410645,1.9260272979736328,1.0857343673706055,1.097529411315918,1.5016508102416992,1.4640445709228516,1.331803321838379,1.330310344696045,1.3802332878112793,1.3508548736572266,1.3607120513916016,1.3263616561889648,1.2967662811279297,1.4941596984863281,1.3949737548828125,2.0463571548461914,1.6586694717407227,1.6213254928588867,1.6660876274108887,1.642460823059082,1.5809969902038574,1.5928664207458496,1.6032872200012207,1.6357965469360352,1.6746721267700195,1.62408447265625,1.6466097831726074,1.6106438636779785,1.673792839050293,2.0837621688842773,2.0867371559143066,1.041236400604248,2.0918149948120117,2.1228580474853516,2.100008964538574,2.131527900695801,2.10636043548584,1.9700422286987305,1.9006195068359375,1.875016212463379,1.8741965293884277,1.530693531036377,1.5892863273620605,2.0086259841918945,1.6231880187988281,1.595353603363037,1.6825122833251953,1.7033977508544922,2.0714406967163086
laryngeal_tissues,2.5570287704467773,2.727753162384033,2.6585288047790527,2.927700996398926,2.048431873321533,1.3066563606262207,0.0,2.815796375274658,1.6977214813232422,1.0359761714935303,1.380964756011963,1.437932014465332,1.2311763763427734,1.0901155471801758,1.8828134536743164,1.8557548522949219,2.3774538040161133,2.370601177215576,2.668839454650879,2.7742700576782227,2.70735502243042,2.702198028564453,2.7195305824279785,2.6915526390075684,2.7049994468688965,2.74532413482666,2.702359199523926,1.7685866355895996,2.5330610275268555,2.146486759185791,1.9741253852844238,2.133263111114502,2.9000821113586426,2.9089646339416504,2.8686861991882324,2.8804731369018555,2.902097225189209,2.8814597129821777,2.909817695617676,2.9082837104797363,2.8816471099853516,2.895606517791748,2.877823829650879,2.8755111694335938,2.8789520263671875,2.874403953552246,3.162750720977783,2.046372413635254,3.2221131324768066,1.6184272766113281,2.982813596725464,3.6650466918945312,2.8552541732788086,2.959005832672119,2.981395721435547,2.9833428859710693,3.0145061016082764,2.7306580543518066,2.711040496826172,2.664274215698242,2.1824207305908203,3.5261330604553223,2.777345657348633,2.663980484008789,2.629709243774414,3.05434513092041,2.62277889251709,2.5579490661621094,2.639004707336426,2.5335512161254883,3.082094669342041,2.5513710975646973,2.772736072540283,2.590852737426758,2.9586596488952637,,2.7999448776245117,1.0566959381103516,1.270871639251709,1.854532241821289,2.358804702758789,2.3466501235961914,2.6490697860717773,2.7727150917053223,2.713937282562256,2.6932826042175293,2.748265266418457,2.7184534072875977,2.7351832389831543,2.6820807456970215,2.662799835205078,2.6385550498962402,1.9535155296325684,2.887723445892334,2.9191431999206543,2.88118839263916,2.901841163635254,2.89877986907959,2.812465190887451,2.8490147590637207,2.859771728515625,2.880331039428711,2.915454387664795,2.8601250648498535,2.909864902496338,2.8422508239746094,2.90557861328125,3.2056736946105957,3.2208170890808105,1.6011357307434082,2.9859752655029297,3.016030788421631,2.9922940731048584,3.0213422775268555,3.005453586578369,2.745359420776367,2.664292812347412,2.6642918586730957,2.7601089477539062,2.649613857269287,2.6605358123779297,3.02285099029541,2.6230831146240234,2.5475668907165527,2.6243691444396973,2.5274291038513184,3.0393056869506836
nerthus_bowel_cleansing_quality,1.17118501663208,1.2153325080871582,1.2460498809814453,1.5606403350830078,1.51263427734375,1.7069077491760254,2.815796375274658,0.0,1.9167113304138184,2.755891799926758,1.323148250579834,1.2704429626464844,1.865037441253662,1.769826889038086,2.8035826683044434,2.8559112548828125,0.5796070098876953,0.42699337005615234,0.17828083038330078,0.45208120346069336,0.853032112121582,0.8383069038391113,0.8583168983459473,0.8573908805847168,0.8680129051208496,0.8745207786560059,0.8761186599731445,1.5021414756774902,0.9222569465637207,1.7671637535095215,2.2413582801818848,2.1367745399475098,2.100648880004883,1.6045265197753906,1.5685410499572754,1.6264934539794922,1.572493076324463,1.6070308685302734,1.586329460144043,1.574018955230713,1.6699514389038086,1.6543025970458984,1.5846281051635742,1.5537056922912598,1.6331019401550293,1.666032314300537,2.1713690757751465,1.6374435424804688,2.1597890853881836,1.8923711776733398,2.292203426361084,2.2122974395751953,1.5047779083251953,2.270867347717285,2.2678966522216797,2.283442974090576,2.3118839263916016,1.1403727531433105,1.1250810623168945,1.0803704261779785,2.391153335571289,2.9545912742614746,1.947357177734375,1.3089704513549805,1.4833035469055176,1.8065485954284668,1.6018528938293457,1.5595273971557617,1.584672451019287,2.3525938987731934,2.062554359436035,1.1490802764892578,1.2600903511047363,1.1902341842651367,1.5719900131225586,2.8341426849365234,,2.6501011848449707,1.8786907196044922,2.7975921630859375,0.5664196014404297,0.44832944869995117,0.17453384399414062,0.44318580627441406,0.8563179969787598,0.8822932243347168,0.8728499412536621,0.8640270233154297,0.8691926002502441,0.8457708358764648,0.8551549911499023,0.9162783622741699,2.252448558807373,2.1023855209350586,1.6061511039733887,1.5560016632080078,1.621131420135498,1.5697379112243652,1.629817008972168,1.5509538650512695,1.5597882270812988,1.6244430541992188,1.6707258224487305,1.6100244522094727,1.547795295715332,1.5988216400146484,1.6874313354492188,2.2013607025146484,2.1584396362304688,1.8718996047973633,2.2685303688049316,2.3034958839416504,2.2850847244262695,2.3275318145751953,2.282790184020996,1.1334137916564941,1.11777925491333,1.0888028144836426,1.912367343902588,1.2655587196350098,1.5072879791259766,1.8150558471679688,1.6017084121704102,1.5529732704162598,1.5425066947937012,2.3290152549743652,2.023441791534424
stanford_dogs_image_categorization,1.5850186347961426,1.6761155128479004,1.6211166381835938,1.8317146301269531,1.4588475227355957,1.2431278228759766,1.6977214813232422,1.9167113304138184,0.0,1.8559980392456055,0.47896862030029297,0.4939103126525879,0.8676586151123047,0.9480762481689453,1.9685158729553223,2.0246152877807617,1.4913673400878906,1.5040488243103027,1.752936840057373,1.7645721435546875,1.7150039672851562,1.7039685249328613,1.721480369567871,1.7048263549804688,1.713437557220459,1.7483091354370117,1.7058076858520508,1.3448882102966309,1.8240275382995605,1.348618507385254,1.6448655128479004,1.6459579467773438,2.0015597343444824,2.014615058898926,1.9939627647399902,2.0194897651672363,2.0020909309387207,2.0060958862304688,2.00557279586792,2.000095844268799,2.036968231201172,2.0260071754455566,2.0016093254089355,1.9713821411132812,1.992021083831787,2.025238037109375,2.255683422088623,1.5073442459106445,2.295753002166748,1.5332841873168945,2.246436595916748,2.5597610473632812,1.7925119400024414,2.2360177040100098,2.2482995986938477,2.2519783973693848,2.2789430618286133,1.9069018363952637,1.8709592819213867,1.824671745300293,1.79280424118042,2.7550015449523926,1.9068140983581543,1.7438116073608398,1.6922307014465332,2.0999646186828613,1.6414074897766113,1.6679153442382812,1.736454963684082,1.7178459167480469,2.218010425567627,1.585690975189209,1.7102108001708984,1.5660080909729004,1.8797168731689453,1.7251935005187988,1.907031536102295,1.7758541107177734,0.9297986030578613,1.9509735107421875,1.4837894439697266,1.4989328384399414,1.7448077201843262,1.7576532363891602,1.7314338684082031,1.7011871337890625,1.752591609954834,1.7283592224121094,1.7283058166503906,1.6978726387023926,1.6786150932312012,1.8959107398986816,1.6319146156311035,2.009005546569824,2.02622127532959,1.990443229675293,2.027794361114502,1.9987850189208984,1.9906682968139648,1.9633269309997559,1.9734888076782227,1.998152732849121,2.0369110107421875,1.990053653717041,2.0089855194091797,1.9625744819641113,2.058502197265625,2.2954773902893066,2.2908682823181152,1.5215950012207031,2.251619338989258,2.2847719192504883,2.2723350524902344,2.280179023742676,2.256503105163574,1.9156293869018555,1.8351330757141113,1.8346648216247559,1.8754253387451172,1.707521915435791,1.7110958099365234,2.083104133605957,1.649202823638916,1.6741700172424316,1.706855297088623,1.7068562507629395,2.191134452819824
svhn,2.812985897064209,2.8861875534057617,2.8085708618164062,3.063608169555664,2.309326648712158,1.6667060852050781,1.0359761714935303,2.755891799926758,1.8559980392456055,0.0,1.451249122619629,1.4440808296203613,0.7973222732543945,0.633995532989502,1.2694344520568848,1.2448787689208984,2.462824821472168,2.455599308013916,2.6594324111938477,2.6902365684509277,2.7277894020080566,2.724022388458252,2.752987861633301,2.722654342651367,2.7305173873901367,2.7667975425720215,2.733450412750244,2.160037040710449,2.549497604370117,2.302370071411133,2.05855393409729,2.6773672103881836,2.853945016860962,2.7993240356445312,2.7531490325927734,2.771484375,2.7826318740844727,2.773275375366211,2.789686679840088,2.784846782684326,2.7749133110046387,2.7760329246520996,2.7581920623779297,2.7613563537597656,2.7552690505981445,2.7667903900146484,3.0316162109375,2.3562474250793457,3.0821943283081055,2.186516284942627,3.0746026039123535,3.5088248252868652,2.659982204437256,3.0533268451690674,3.075117588043213,3.075801372528076,3.1055946350097656,2.7319703102111816,2.683609962463379,2.6428732872009277,2.494422197341919,3.5891594886779785,2.468264102935791,2.482168197631836,2.3766212463378906,2.7855257987976074,2.3297109603881836,2.200101375579834,2.3438196182250977,2.833218574523926,3.1241109371185303,2.801143169403076,2.861659049987793,2.755098819732666,3.0937557220458984,1.0712440013885498,2.736380100250244,,0.7825078964233398,1.2476484775543213,2.4470720291137695,2.4388160705566406,2.650578498840332,2.6993789672851562,2.747429847717285,2.7246389389038086,2.784456253051758,2.750555992126465,2.7568912506103516,2.717602252960205,2.685295581817627,2.636345863342285,2.0429670810699463,2.8482401371002197,2.8031492233276367,2.7642431259155273,2.7801513671875,2.781834602355957,2.712430953979492,2.731369972229004,2.747145175933838,2.7627902030944824,2.798619270324707,2.745279312133789,2.786949634552002,2.7182836532592773,2.8017897605895996,3.068521022796631,3.0828542709350586,2.175212860107422,3.077897310256958,3.1074025630950928,3.0852489471435547,3.112088680267334,3.0912258625030518,2.740973472595215,2.636310577392578,2.648162841796875,2.454472541809082,2.464171886444092,2.403587818145752,2.758957862854004,2.328071117401123,2.1931467056274414,2.3333263397216797,2.8266782760620117,3.0780608654022217
caltech101_object_classification,1.2341384887695312,1.251279354095459,1.2021231651306152,1.3995256423950195,1.100118637084961,0.9695420265197754,1.380964756011963,1.323148250579834,0.47896862030029297,1.451249122619629,0.0,0.05450296401977539,0.6307392120361328,0.5799779891967773,1.4192523956298828,1.4847402572631836,1.060359001159668,1.0099396705627441,1.219092845916748,1.2007865905761719,1.2009949684143066,1.1909904479980469,1.2181806564331055,1.1977124214172363,1.2012882232666016,1.235720157623291,1.2001972198486328,1.010301113128662,1.1730499267578125,1.138291358947754,1.1897625923156738,1.4446110725402832,1.5109601020812988,1.5582561492919922,1.55155611038208,1.5919880867004395,1.5481019020080566,1.5763640403747559,1.5559430122375488,1.5426573753356934,1.6057043075561523,1.5743327140808105,1.5516834259033203,1.5182619094848633,1.550541877746582,1.5911192893981934,1.8133854866027832,1.2167110443115234,1.837353229522705,1.1839962005615234,1.7421112060546875,2.0677237510681152,1.2043781280517578,1.7262024879455566,1.736666202545166,1.7410073280334473,1.77280855178833,1.2545900344848633,1.2418174743652344,1.2038640975952148,1.4772553443908691,2.251685619354248,1.3308181762695312,1.1935696601867676,1.1324758529663086,1.4552545547485352,1.0609722137451172,1.0327835083007812,1.1405725479125977,1.3638887405395508,1.7115554809570312,1.2313475608825684,1.3046436309814453,1.1545162200927734,1.4312915802001953,1.393770694732666,1.3164644241333008,1.3596620559692383,0.6650547981262207,1.4091196060180664,1.0565643310546875,1.005140781402588,1.2152395248413086,1.2091007232666016,1.2285289764404297,1.199904441833496,1.2451200485229492,1.222172737121582,1.2121057510375977,1.1907386779785156,1.1714487075805664,1.2370476722717285,1.1838932037353516,1.5143756866455078,1.5649700164794922,1.5491256713867188,1.582146167755127,1.5381383895874023,1.5649309158325195,1.512467861175537,1.5258512496948242,1.561385154724121,1.5928735733032227,1.5472493171691895,1.541898250579834,1.5157222747802734,1.6195073127746582,1.849531650543213,1.8350744247436523,1.1718745231628418,1.7435283660888672,1.773789882659912,1.7560763359069824,1.7746973037719727,1.7532968521118164,1.261023998260498,1.202888011932373,1.210949420928955,1.2992687225341797,1.153144359588623,1.1501731872558594,1.4359331130981445,1.0704092979431152,1.038261890411377,1.1128830909729004,1.3507680892944336,1.6816844940185547
caltech256_object_classification,1.1951789855957031,1.1851987838745117,1.1327648162841797,1.3229060173034668,1.0467348098754883,0.9445576667785645,1.437932014465332,1.2704429626464844,0.4939103126525879,1.4440808296203613,0.05450296401977539,0.0,0.6277608871459961,0.5714058876037598,1.4199156761169434,1.4878196716308594,1.0029048919677734,0.9655108451843262,1.1791176795959473,1.1303939819335938,1.106630802154541,1.1012916564941406,1.1283397674560547,1.1059021949768066,1.1083621978759766,1.1413002014160156,1.1084718704223633,0.9718751907348633,1.1119842529296875,1.1123771667480469,1.2087883949279785,1.4217500686645508,1.4449777603149414,1.4621248245239258,1.4622917175292969,1.507399082183838,1.4560694694519043,1.4910149574279785,1.4590139389038086,1.4479761123657227,1.5215964317321777,1.4847140312194824,1.461057186126709,1.4276533126831055,1.4629201889038086,1.5074772834777832,1.7232170104980469,1.1738595962524414,1.7462854385375977,1.1678547859191895,1.6432828903198242,1.974057674407959,1.1483182907104492,1.6270322799682617,1.6379690170288086,1.6418209075927734,1.6738877296447754,1.2097539901733398,1.198638916015625,1.164116382598877,1.433741569519043,2.1338820457458496,1.223388671875,1.0834274291992188,1.0146331787109375,1.3690085411071777,0.9313187599182129,0.9181303977966309,1.020728588104248,1.3341693878173828,1.6180906295776367,1.1906561851501465,1.211195945739746,1.0904560089111328,1.3512635231018066,1.4493498802185059,1.265456199645996,1.3519792556762695,0.6567807197570801,1.4120655059814453,0.9982528686523438,0.9608664512634277,1.1807503700256348,1.1435527801513672,1.1351890563964844,1.110616683959961,1.1525254249572754,1.1312670707702637,1.1210689544677734,1.102053165435791,1.0784926414489746,1.1748170852661133,1.2027082443237305,1.4461374282836914,1.470850944519043,1.4586000442504883,1.490659236907959,1.4436492919921875,1.4806652069091797,1.4180636405944824,1.4329876899719238,1.4748797416687012,1.5033912658691406,1.4582915306091309,1.4465055465698242,1.4274168014526367,1.536548137664795,1.7581729888916016,1.7440605163574219,1.1540393829345703,1.644423484802246,1.6735877990722656,1.655733585357666,1.674248218536377,1.6549248695373535,1.2128219604492188,1.1591997146606445,1.1710624694824219,1.1932811737060547,1.0417137145996094,1.0324888229370117,1.352762222290039,0.938654899597168,0.9223318099975586,0.9976186752319336,1.320474624633789,1.5897765159606934
cifar10_object_classification,1.8292813301086426,1.8526897430419922,1.8017535209655762,2.0267906188964844,1.615678310394287,1.4300189018249512,1.2311763763427734,1.865037441253662,0.8676586151123047,0.7973222732543945,0.6307392120361328,0.6277608871459961,0.0,0.07064628601074219,1.2875947952270508,1.321302890777588,1.6070165634155273,1.5862140655517578,1.7795801162719727,1.739985466003418,1.7517380714416504,1.756631851196289,1.7729105949401855,1.7503957748413086,1.7554497718811035,1.7894339561462402,1.761972427368164,1.50156831741333,1.7843050956726074,1.5410003662109375,1.6365041732788086,1.9620251655578613,2.2523818016052246,2.0563220977783203,2.0336356163024902,2.067599296569824,2.0483012199401855,2.0556797981262207,2.0416483879089355,2.04048490524292,2.0872082710266113,2.074319839477539,2.043431282043457,2.0179648399353027,2.0398263931274414,2.0829572677612305,2.4067602157592773,1.6825122833251953,2.430859088897705,1.769763469696045,2.4232287406921387,2.659872531890869,1.8103103637695312,2.407517910003662,2.419732093811035,2.424776077270508,2.4547605514526367,1.9229731559753418,1.9035758972167969,1.8675246238708496,1.863347053527832,2.946502685546875,2.01442813873291,1.8181843757629395,1.8224420547485352,2.102712631225586,1.7627973556518555,1.7129693031311035,1.8101534843444824,1.9735193252563477,2.3843994140625,1.819972038269043,1.8598556518554688,1.7576193809509277,2.055971145629883,1.2837162017822266,1.8554067611694336,0.7151627540588379,,1.2813072204589844,1.5944347381591797,1.5756192207336426,1.7746529579162598,1.741786003112793,1.772813320159912,1.7604694366455078,1.796133041381836,1.7739191055297852,1.777977466583252,1.748891830444336,1.7274627685546875,1.8464112281799316,1.621565341949463,2.2585620880126953,2.0681772232055664,2.0283117294311523,2.064760684967041,2.0368170738220215,2.0438895225524902,2.002958297729492,2.017941474914551,2.0481748580932617,2.0897560119628906,2.043318271636963,2.0416412353515625,2.0090293884277344,2.1085338592529297,2.442676067352295,2.427440643310547,1.7479286193847656,2.4237771034240723,2.4554057121276855,2.435117721557617,2.4596939086914062,2.4363632202148438,1.9194927215576172,1.8631415367126465,1.886810302734375,1.980578899383545,1.782055377960205,1.838538646697998,2.0871057510375977,1.7665953636169434,1.7149553298950195,1.7944283485412598,1.9624156951904297,2.3487043380737305
cifar100_object_classification,1.738478660583496,1.7759933471679688,1.7310795783996582,1.9627318382263184,1.5035271644592285,1.3059587478637695,1.0901155471801758,1.769826889038086,0.9480762481689453,0.633995532989502,0.5799779891967773,0.5714058876037598,0.07064628601074219,0.0,1.136075496673584,1.1616673469543457,1.5105915069580078,1.482712745666504,1.6838107109069824,1.641087532043457,1.657118797302246,1.6585865020751953,1.6792840957641602,1.653550624847412,1.6604080200195312,1.694127082824707,1.6668701171875,1.3897762298583984,1.659433364868164,1.4731073379516602,1.4334135055541992,1.8722777366638184,2.07064151763916,1.929306983947754,1.915959358215332,1.9550867080688477,1.9220962524414062,1.9422874450683594,1.9187932014465332,1.9160523414611816,1.9684414863586426,1.9514875411987305,1.9234390258789062,1.893139362335205,1.9140491485595703,1.9658079147338867,2.2400941848754883,1.5828857421875,2.263925552368164,1.6392340660095215,2.2776145935058594,2.539203643798828,1.6557402610778809,2.259891986846924,2.27315092086792,2.2777366638183594,2.3086652755737305,1.79510498046875,1.7709589004516602,1.7357406616210938,1.8016681671142578,2.8146166801452637,1.8705978393554688,1.6849241256713867,1.7012557983398438,1.9618582725524902,1.638427734375,1.563246250152588,1.6856770515441895,1.892916202545166,2.246978282928467,1.7297368049621582,1.784764289855957,1.6835012435913086,1.9900617599487305,1.1350011825561523,1.7612009048461914,0.5572466850280762,0.07347297668457031,1.1284432411193848,1.498189926147461,1.4720287322998047,1.6789922714233398,1.647359848022461,1.677046775817871,1.6656789779663086,1.7028098106384277,1.6785883903503418,1.6836133003234863,1.6512174606323242,1.6303467750549316,1.723404884338379,1.4198918342590332,2.073033332824707,1.9397783279418945,1.9120779037475586,1.9487838745117188,1.9113740921020508,1.9276485443115234,1.8799972534179688,1.8956470489501953,1.933225154876709,1.968637466430664,1.9232759475708008,1.91517972946167,1.8813133239746094,1.9922256469726562,2.276829719543457,2.2612547874450684,1.6206750869750977,2.2763748168945312,2.308156967163086,2.2879886627197266,2.314297676086426,2.289198875427246,1.7940120697021484,1.7281899452209473,1.7534799575805664,1.8372392654418945,1.6506681442260742,1.7193632125854492,1.943333625793457,1.642059326171875,1.5679354667663574,1.666534423828125,1.880021095275879,2.2103805541992188
mnist_digit_classification,2.8670644760131836,2.889713764190674,2.805696964263916,3.03753662109375,2.385770320892334,1.954603672027588,1.8828134536743164,2.8035826683044434,1.9685158729553223,1.2694344520568848,1.4192523956298828,1.4199156761169434,1.2875947952270508,1.136075496673584,0.0,0.16934680938720703,2.4476141929626465,2.4611878395080566,2.6966943740844727,2.8046131134033203,2.7085156440734863,2.696850299835205,2.7308712005615234,2.704291820526123,2.7078137397766113,2.7460947036743164,2.7045955657958984,2.218837261199951,2.600381851196289,2.4317641258239746,1.76627779006958,2.661938190460205,2.6105804443359375,2.9817872047424316,2.953461170196533,2.986377239227295,2.961240291595459,2.978379726409912,2.9796509742736816,2.962928295135498,2.992619037628174,2.977405071258545,2.9554848670959473,2.938419818878174,2.9565463066101074,2.9816741943359375,3.195645809173584,2.4192371368408203,3.2305188179016113,2.3396944999694824,2.923685073852539,3.531984329223633,2.471281051635742,2.9053916931152344,2.925379991531372,2.9272823333740234,2.9578046798706055,2.770285129547119,2.736077308654785,2.6903719902038574,2.6704940795898438,3.436859369277954,2.507535934448242,2.5095391273498535,2.253736972808838,2.66890287399292,2.1977553367614746,2.1374902725219727,2.3126039505004883,2.9033355712890625,3.024585723876953,2.860748767852783,2.860623836517334,2.75937557220459,3.0542726516723633,1.8943557739257812,2.7904043197631836,1.1855714321136475,1.2703537940979004,,2.4415721893310547,2.451951503753662,2.687143325805664,2.81540584564209,2.740312099456787,2.705350875854492,2.7665624618530273,2.734037399291992,2.718688488006592,2.705317974090576,2.6528234481811523,2.6827855110168457,1.7489361763000488,2.593611717224121,2.9768524169921875,2.9547109603881836,2.9839305877685547,2.965089797973633,2.9365406036376953,2.915468215942383,2.934229850769043,2.9534034729003906,3.0004982948303223,2.951141357421875,2.962491512298584,2.9131336212158203,3.0076398849487305,3.23298978805542,3.234269618988037,2.3338074684143066,2.9294514656066895,2.959705352783203,2.94254732131958,2.9621169567108154,2.9403891563415527,2.783906936645508,2.69657564163208,2.6915268898010254,2.4992942810058594,2.4661006927490234,2.287407398223877,2.631448745727539,2.205273151397705,2.1256966590881348,2.28853178024292,2.9017491340637207,2.98075532913208
