,lapgyn4_anatomical_structures,lapgyn4_surgical_actions,lapgyn4_instrument_count,lapgyn4_anatomical_actions,sklin2_skin_lesions,identify_nbi_infframes,laryngeal_tissues,nerthus_bowel_cleansing_quality,stanford_dogs_image_categorization,svhn,caltech101_object_classification,caltech256_object_classification,cifar10_object_classification,cifar100_object_classification,mnist_digit_classification,emnist_digit_classification,hyperkvasir_anatomical-landmarks,hyperkvasir_pathological-findings,hyperkvasir_quality-of-mucosal-views,hyperkvasir_therapeutic-interventions,cholec80_grasper_presence,cholec80_bipolar_presence,cholec80_hook_presence,cholec80_scissors_presence,cholec80_clipper_presence,cholec80_irrigator_presence,cholec80_specimenbag_presence,derm7pt_skin_lesions,idle_action_recognition,barretts_esophagus_diagnosis,brain_tumor_classification,mednode_melanoma_classification,brain_tumor_type_classification,chexpert_enlarged_cardiomediastinum,chexpert_cardiomegaly,chexpert_lung_opacity,chexpert_lung_lesion,chexpert_edema,chexpert_consolidation,chexpert_pneumonia,chexpert_atelectasis,chexpert_pneumothorax,chexpert_pleural_effusion,chexpert_pleural_other,chexpert_fracture,chexpert_support_devices,pneumonia_classification,ph2-melanocytic-lesions-classification,covid_xray_classification,isic20_melanoma_classification,deep_drid_dr_level,shenzen_chest_xray_tuberculosis,crawled_covid_ct_classification,deep_drid_quality,deep_drid_clarity,deep_drid_field,deep_drid_artifact,kvasir_capsule_anatomy,kvasir_capsule_content,kvasir_capsule_pathologies,breast_cancer_classification_v2,eye_condition_classification,mura_xr_wrist,mura_xr_shoulder,mura_xr_humerus,mura_xr_hand,mura_xr_forearm,mura_xr_finger,mura_xr_elbow,bean_plant_disease_classification,aptos19_blindness_detection,lapgyn4_anatomical_structures --shrink_train 800,lapgyn4_surgical_actions --shrink_train 800,lapgyn4_instrument_count --shrink_train 800,lapgyn4_anatomical_actions --shrink_train 800,laryngeal_tissues --shrink_train 800,nerthus_bowel_cleansing_quality --shrink_train 800,svhn --shrink_train 800,cifar10_object_classification --shrink_train 800,mnist_digit_classification --shrink_train 800,hyperkvasir_anatomical-landmarks --shrink_train 800,hyperkvasir_pathological-findings --shrink_train 800,hyperkvasir_quality-of-mucosal-views --shrink_train 800,hyperkvasir_therapeutic-interventions --shrink_train 800,cholec80_grasper_presence --shrink_train 800,cholec80_bipolar_presence --shrink_train 800,cholec80_hook_presence --shrink_train 800,cholec80_scissors_presence --shrink_train 800,cholec80_clipper_presence --shrink_train 800,cholec80_irrigator_presence --shrink_train 800,cholec80_specimenbag_presence --shrink_train 800,idle_action_recognition --shrink_train 800,brain_tumor_classification --shrink_train 800,brain_tumor_type_classification --shrink_train 800,chexpert_enlarged_cardiomediastinum --shrink_train 800,chexpert_cardiomegaly --shrink_train 800,chexpert_lung_opacity --shrink_train 800,chexpert_lung_lesion --shrink_train 800,chexpert_edema --shrink_train 800,chexpert_consolidation --shrink_train 800,chexpert_pneumonia --shrink_train 800,chexpert_atelectasis --shrink_train 800,chexpert_pneumothorax --shrink_train 800,chexpert_pleural_effusion --shrink_train 800,chexpert_pleural_other --shrink_train 800,chexpert_fracture --shrink_train 800,chexpert_support_devices --shrink_train 800,pneumonia_classification --shrink_train 800,covid_xray_classification --shrink_train 800,isic20_melanoma_classification --shrink_train 800,deep_drid_dr_level --shrink_train 800,deep_drid_quality --shrink_train 800,deep_drid_clarity --shrink_train 800,deep_drid_field --shrink_train 800,deep_drid_artifact --shrink_train 800,kvasir_capsule_anatomy --shrink_train 800,kvasir_capsule_content --shrink_train 800,kvasir_capsule_pathologies --shrink_train 800,mura_xr_wrist --shrink_train 800,mura_xr_shoulder --shrink_train 800,mura_xr_humerus --shrink_train 800,mura_xr_hand --shrink_train 800,mura_xr_forearm --shrink_train 800,mura_xr_finger --shrink_train 800,mura_xr_elbow --shrink_train 800,bean_plant_disease_classification --shrink_train 800,aptos19_blindness_detection --shrink_train 800
lapgyn4_anatomical_structures,0.0,9.931783279171214e-05,9.933316323440522e-05,9.940093150362372e-05,0.0001032129002851434,0.00018099714361596853,0.00013431455590762198,9.948953811544925e-05,9.950142703019083e-05,0.00010280908463755623,9.993989078793675e-05,9.943666373146698e-05,9.942509495886043e-05,9.938643052009866e-05,0.00011463032569736242,0.00011786664981627837,9.953145490726456e-05,9.953643166227266e-05,9.970883547794074e-05,9.950499952537939e-05,9.93221765384078e-05,9.931631211657077e-05,9.933104593073949e-05,9.931278327712789e-05,9.932077227858827e-05,9.938380389939994e-05,9.932131069945171e-05,0.00010123134416062385,9.951021638698876e-05,0.00010249161277897656,0.0001014959198073484,0.00011663538316497579,0.0001005085650831461,9.93277644738555e-05,9.933167893905193e-05,9.932683315128088e-05,9.935758862411603e-05,9.933742694556713e-05,9.93372086668387e-05,9.93603389360942e-05,9.933445107890293e-05,9.93409485090524e-05,9.933231922332197e-05,9.941170719685033e-05,9.938796574715525e-05,9.934285480994731e-05,9.949734521796927e-05,0.0001037294787238352,9.961368778022006e-05,0.00010008306708186865,0.00010550536535447463,0.00010005804506363347,9.984399366658181e-05,0.00010558657959336415,0.00010560604277998209,0.00010573684994596988,0.00010568233847152442,9.949991363100708e-05,9.940552263287827e-05,9.941733878804371e-05,0.00010250040213577449,0.00012829017941839993,9.939784649759531e-05,9.940176096279174e-05,0.00010055359598482028,9.952960681403056e-05,9.966290963348001e-05,9.950216917786747e-05,9.952442633220926e-05,0.00010085525718750432,0.00010073948942590505,,9.961913019651547e-05,9.977036097552627e-05,9.966082870960236e-05,0.00013645351282320917,9.982132178265601e-05,0.00010772032692329958,0.0001008541148621589,0.00012406162568368018,9.997476445278153e-05,9.983671770896763e-05,9.985946962842718e-05,9.971840336220339e-05,9.979117749026045e-05,9.980040340451524e-05,9.983123891288415e-05,9.975635475711897e-05,9.975818102248013e-05,9.980546747101471e-05,9.978634625440463e-05,0.00010002138878917322,0.00010325199400540441,0.00010141152597498149,9.971716644940898e-05,9.971111285267398e-05,9.9723125458695e-05,9.970389510272071e-05,9.9730517831631e-05,9.971460531232879e-05,9.970862447516993e-05,9.972949919756502e-05,9.971641702577472e-05,9.972085535991937e-05,9.972821862902492e-05,9.961413161363453e-05,9.97144088614732e-05,9.993577259592712e-05,9.990347462007776e-05,0.00010268659389112145,0.00010620220564305782,0.00010613321501296014,0.0001061585353454575,0.00010628157906467095,0.00010626034782035276,9.984312055166811e-05,9.974910062737763e-05,9.982705523725599e-05,0.000100021788966842,9.993770800065249e-05,0.00010034396836999804,0.0001001094133243896,0.00010008125536842272,0.00010009207471739501,0.00010023058712249622,0.00010105948604177684,0.00010147173452423885
lapgyn4_surgical_actions,9.931783279171214e-05,0.0,9.90590633591637e-05,9.912365931086242e-05,0.00010293681407347322,0.00018071121303364635,0.00013403846241999418,9.921350283548236e-05,9.922530443873256e-05,0.00010253296204609796,9.96637754724361e-05,9.916054841596633e-05,9.914897236740217e-05,9.91103079286404e-05,0.00011435420310590416,0.00011759051994886249,9.925593622028828e-05,9.926101483870298e-05,9.943294571712613e-05,9.922910248860717e-05,9.90466505754739e-05,9.904070611810312e-05,9.905547631205991e-05,9.903719183057547e-05,9.904521721182391e-05,9.910821972880512e-05,9.904576290864497e-05,0.00010095526522491127,9.923410107148811e-05,0.00010221549746347591,0.00010121980449184775,0.00011635930422926322,0.00010023244249168783,9.905164915835485e-05,9.905556362355128e-05,9.905071783578023e-05,9.908147330861539e-05,9.906131163006648e-05,9.906109335133806e-05,9.908422362059355e-05,9.905833576340228e-05,9.906483319355175e-05,9.905620390782133e-05,9.913559188134968e-05,9.911185770761222e-05,9.906673949444667e-05,9.922122262651101e-05,0.00010345339251216501,9.933757246471941e-05,9.980706090573221e-05,0.00010522925003897399,9.978192247217521e-05,9.956787107512355e-05,0.0001053104642778635,0.00010532992746448144,0.00010546073463046923,0.00010540622315602377,9.922379831550643e-05,9.912940731737763e-05,9.914122347254306e-05,0.00010222427954431623,0.0001280140713788569,9.912172390613705e-05,9.91256456472911e-05,0.00010027747339336202,9.92534842225723e-05,9.938678704202175e-05,9.922604658640921e-05,9.9248303740751e-05,0.00010057914914796129,0.0001004633741104044,9.957612928701565e-05,,9.949673403752968e-05,9.938343282556161e-05,0.00013617744843941182,9.954528650268912e-05,0.00010744421160779893,0.00010057799227070063,0.0001237854885403067,9.969931852538139e-05,9.95612790575251e-05,9.958356531569734e-05,9.944253542926162e-05,9.951565152732655e-05,9.952476830221713e-05,9.955564746633172e-05,9.948075603460893e-05,9.948250954039395e-05,9.952986874850467e-05,9.951080573955551e-05,9.974526619771495e-05,0.00010297588596586138,0.00010113540338352323,9.944105113390833e-05,9.943499753717333e-05,9.944701014319435e-05,9.942777978722006e-05,9.945440251613036e-05,9.943848999682814e-05,9.943250915966928e-05,9.945338388206437e-05,9.944030171027407e-05,9.944474004441872e-05,9.945210331352428e-05,9.933801629813388e-05,9.943829354597256e-05,9.965965000446886e-05,9.962735930457711e-05,0.00010241060226690024,0.00010592609032755718,0.00010585709969745949,0.00010588242002995685,0.0001060054637491703,0.00010598423250485212,9.956700523616746e-05,9.947298531187698e-05,9.955093992175534e-05,9.974566637538373e-05,9.966159268515185e-05,0.00010006784577853978,9.983329073293135e-05,9.980513277696446e-05,9.981595940189436e-05,9.995446453103796e-05,0.0001007833780022338,0.00010119561920873821
lapgyn4_instrument_count,9.933316323440522e-05,9.90590633591637e-05,0.0,9.913624671753496e-05,0.00010295299580320716,0.00018074482795782387,0.0001340546878054738,9.922967728925869e-05,9.92415298242122e-05,0.00010254919470753521,9.968000085791573e-05,9.917677380144596e-05,9.91651977528818e-05,9.912653331412002e-05,0.00011437042849138379,0.00011760674533434212,9.92720015347004e-05,9.927705832524225e-05,9.9449091067072e-05,9.924531332217157e-05,9.906138438964263e-05,9.905549813993275e-05,9.907023923005909e-05,9.90519329207018e-05,9.905995102599263e-05,9.912296809488907e-05,9.906046761898324e-05,0.00010097142512677237,9.925034100888297e-05,0.00010223172284895554,0.00010123602260136977,0.00011637544957920909,0.00010024866787716746,9.906786726787686e-05,9.90717817330733e-05,9.906694322125986e-05,9.90976914181374e-05,9.907753701554611e-05,9.907731146086007e-05,9.910044173011556e-05,9.907456114888191e-05,9.908105857903138e-05,9.907242201734334e-05,9.91518099908717e-05,9.912807581713423e-05,9.90829648799263e-05,9.923744801199064e-05,0.00010346956696594134,9.935379057424143e-05,9.98231116682291e-05,0.00010524542449275032,9.979814785765484e-05,9.958409646060318e-05,0.00010532663873163983,0.00010534610191825777,0.00010547690908424556,0.0001054223976098001,9.924000914907083e-05,9.914562542689964e-05,9.915744158206508e-05,0.00010224050492979586,0.00012803026766050607,9.913794929161668e-05,9.914186375681311e-05,0.00010029369877884164,9.926970960805193e-05,9.940301242750138e-05,9.924227197188884e-05,9.926452185027301e-05,0.0001005953672574833,0.00010047957039205357,9.959156159311533e-05,9.93596768239513e-05,,9.939636220224202e-05,0.000136193644721061,9.956146095646545e-05,0.00010746043699327856,0.00010059421765618026,0.00012380172847770154,9.971537656383589e-05,9.957732254406437e-05,9.959971794160083e-05,9.945874626282603e-05,9.953045810107142e-05,9.953959670383483e-05,9.957043948816136e-05,9.949552622856572e-05,9.949731611413881e-05,9.954428242053837e-05,9.952553227776662e-05,9.976150613510981e-05,0.00010299209679942578,0.00010115162876900285,9.945726924343035e-05,9.945121564669535e-05,9.946323552867398e-05,9.944399789674208e-05,9.947062790160999e-05,9.945470810635015e-05,9.94487272691913e-05,9.9469609267544e-05,9.94565270957537e-05,9.946095815394074e-05,9.946832142304629e-05,9.93542344076559e-05,9.945451893145218e-05,9.967587538994849e-05,9.964357741409913e-05,0.00010242665302939713,0.0001059422647813335,0.00010587327415123582,0.00010589859448373318,0.00010602163820294663,0.00010600040695862845,9.958321606973186e-05,9.9489203421399e-05,9.956715803127736e-05,9.976189176086336e-05,9.967781079467386e-05,0.0001000840711640194,9.984951611841097e-05,9.982135088648647e-05,9.983217751141638e-05,9.997068264055997e-05,0.00010079959611175582,0.00010121181549038738
lapgyn4_anatomical_actions,9.940093150362372e-05,9.912365931086242e-05,9.913624671753496e-05,0.0,0.00010301692964276299,0.000180809322046116,0.00013411858526524156,9.929362568072975e-05,9.93053981801495e-05,0.00010261306306347251,9.974387648981065e-05,9.924064215738326e-05,9.922907338477671e-05,9.919040894601494e-05,0.00011443431139923632,0.00011767062824219465,9.933616092894226e-05,9.934125409927219e-05,9.951311949407682e-05,9.930928354151547e-05,9.912672976497561e-05,9.912078530760482e-05,9.913554094964638e-05,9.91172855719924e-05,9.912530367728323e-05,9.918831347022206e-05,9.912581299431622e-05,0.00010103538079420105,9.931423119269311e-05,0.00010229559848085046,0.00010129992006113753,0.00011643941252259538,0.00010031253623310477,9.91317501757294e-05,9.913566464092582e-05,9.913081885315478e-05,9.916157432598993e-05,9.914141264744103e-05,9.914120164467022e-05,9.916433191392571e-05,9.913844405673444e-05,9.91449342109263e-05,9.913630492519587e-05,9.921569289872423e-05,9.919195872498676e-05,9.914684051182121e-05,9.930133091984317e-05,0.00010353350080549717,9.941766620613635e-05,9.988722013076767e-05,0.00010530935105634853,9.986202348954976e-05,9.964796481654048e-05,0.00010539055801928043,0.00010541002848185599,0.00010554083564784378,0.00010548632417339832,9.930389205692336e-05,9.920951561070979e-05,9.922133176587522e-05,0.00010230438783764839,0.00012809416512027383,9.920181764755398e-05,9.920573938870803e-05,0.00010035757441073656,9.933359251590446e-05,9.946688078343868e-05,9.930615487974137e-05,9.932840475812554e-05,0.00010065924288937822,0.00010054347512777895,9.965932258637622e-05,9.942412725649774e-05,9.957357542589307e-05,,0.00013625755673274398,9.962540934793651e-05,0.00010752431262517348,0.00010065809328807518,0.00012386559683363885,9.977955050999299e-05,9.96415110421367e-05,9.966373181669042e-05,9.952271648216993e-05,9.959573071682826e-05,9.96048329398036e-05,9.963578486349434e-05,9.956085705198348e-05,9.956258145393804e-05,9.960995521396399e-05,9.959090675693005e-05,9.982539631891996e-05,0.00010305598698323593,0.00010121549712494016,9.952115942724049e-05,9.951510583050549e-05,9.952711116056889e-05,9.95078808045946e-05,9.953451080946252e-05,9.951859101420268e-05,9.951261017704383e-05,9.953348489943892e-05,9.952041000360623e-05,9.952484106179327e-05,9.953219705494121e-05,9.941811003955081e-05,9.95183945633471e-05,9.973975829780102e-05,9.970745304599404e-05,0.00010249076876789331,0.00010600619134493172,0.00010593720071483403,0.00010596252104733139,0.00010608556476654485,0.00010606433352222666,9.964709897758439e-05,9.955308632925153e-05,9.963104093912989e-05,9.982576739275828e-05,9.974168642656878e-05,0.00010014795407187194,9.99133990262635e-05,9.9885233794339e-05,9.98960604192689e-05,0.0001000345655484125,0.00010086347901960835,0.00010127571295015514
sklin2_skin_lesions,0.0001032129002851434,0.00010293681407347322,0.00010295299580320716,0.00010301692964276299,0.0,0.00018461723811924458,0.0001379263267153874,0.00010310140351066366,0.00010311318328604102,0.00010642084089340642,0.00010355165431974456,0.00010304841998731717,0.00010303685849066824,0.00010299818677594885,0.00011824208195321262,0.00012147840607212856,0.00010314374230802059,0.00010314898827346042,0.00010332092642784119,0.00010311711230315268,0.0001029361374094151,0.00010293010564055294,0.00010294490493834019,0.0001029266495606862,0.0001029346531140618,0.00010299770656274632,0.00010293525701854378,0.00010483751975698397,0.00010312203812645748,0.00010610331810312346,0.00010510763240745291,0.0001202441198984161,0.00010412030678708106,0.00010293952072970569,0.00010294343519490212,0.00010293858940713108,0.00010296935215592384,0.00010294919047737494,0.00010294897219864652,0.000102972102467902,0.00010294621461071074,0.00010295270476490259,0.00010294407547917217,0.00010302346345270053,0.00010299973655492067,0.00010295461834175512,0.00010310911602573469,0.0001073266685125418,0.00010322545131202787,0.00010368681978434324,0.00010911699064308777,0.00010366980859544128,0.00010345574264647439,0.00010919820488197729,0.00010921767534455284,0.00010934848978649825,0.00010929397831205279,0.00010311161167919636,0.00010301722795702517,0.0001030290441121906,0.00010611213656375185,0.0001319019211223349,0.0001030096027534455,0.00010301352449459955,0.00010416535224067047,0.00010314137762179598,0.00010327466588933021,0.00010311393270967528,0.00010313618258805946,0.0001044670061673969,0.0001043510710587725,0.00010347151692258194,0.00010323667811462656,0.00010339063737774268,0.00010327622294425964,0.00014006529818288982,0.00010343318717787042,0.00011133209045510739,0.0001044658783939667,0.00012767336738761514,0.00010358715371694416,0.0001034492306644097,0.00010347153875045478,0.00010333054524380714,0.00010340513108531013,0.00010341416782466695,0.00010344510519644246,0.00010337019193684682,0.00010337187995901331,0.00010341946472181007,0.00010340021253796294,0.00010363320325268432,0.00010686370660550892,0.00010502326767891645,0.00010332892998121679,0.00010332287638448179,0.00010333488171454519,0.00010331565863452852,0.00010334228136343881,0.0001033263688441366,0.00010332038800697774,0.00010334126272937283,0.00010332818055758253,0.00010333261161576957,0.0001033399676089175,0.00010322588786948472,0.00010332617239328101,0.00010354754340369254,0.00010351523815188557,0.00010629004827933386,0.00010981383820762858,0.00010974484030157328,0.00010977017518598586,0.00010989321890519932,0.00010987198038492352,0.00010345481859985739,0.0001033607913996093,0.00010343876056140289,0.0001036335524986498,0.0001035494715324603,0.00010395573190180585,0.00010372118413215503,0.00010369301890023053,0.00010370383824920282,0.00010384234337834641,0.00010467124229762703,0.0001050833088811487
identify_nbi_infframes,0.00018099714361596853,0.00018071121303364635,0.00018074482795782387,0.000180809322046116,0.00018461723811924458,0.0,0.00021570728858932853,0.0001808939705369994,0.0001809057721402496,0.00018421233107801527,0.00018134423589799553,0.00018084091425407678,0.00018082941824104637,0.0001807907101465389,0.00019603429245762527,0.00019927062385249883,0.0001809361856430769,0.00018094140978064388,0.00018111344252247363,0.00018090958474203944,0.00018071082013193518,0.00018072061357088387,0.00018071910017170012,0.0001807001099223271,0.00018071489466819912,0.00018077019194606692,0.0001807257649488747,0.0001826353691285476,0.00018090892990585417,0.00018389576871413738,0.00018289743456989527,0.00019803960458375514,0.00018191289564128965,0.00018073208048008382,0.00018073598039336503,0.0001807311491575092,0.00018076189735438675,0.00018074174295179546,0.00018074153922498226,0.00018076466221828014,0.00018073875980917364,0.00018074526451528072,0.00018073651881422848,0.00018081603047903627,0.00018079228175338358,0.0001807471562642604,0.00018090169760398567,0.00018513365648686886,0.00018101804016623646,0.0001814865245250985,0.0001869097031885758,0.00018146238289773464,0.0001812483387766406,0.00018699091742746532,0.00018701037333812565,0.00018714118050411344,0.00018708666902966797,0.00018090425874106586,0.00018080987501889467,0.0001808216911740601,0.0001839040342019871,0.00020969452452845871,0.0001808019878808409,0.0001808058877941221,0.00018195681332144886,0.00018093378457706422,0.0001810672547435388,0.00018090615049004555,0.0001809287496143952,0.00018225958046969026,0.00018214383453596383,0.00018125971837434918,0.00018102885223925114,0.00018118281150236726,0.00018106868083123118,0.00021784573618788272,0.0001812257687561214,0.00018912384985014796,0.00018225844542030245,0.0002054655778920278,0.00018137953884433955,0.00018124165944755077,0.00018126405484508723,0.00018112300313077867,0.0001811965339584276,0.0001811495458241552,0.000181236959178932,0.00018115079728886485,0.00018116402497980744,0.0001812115660868585,0.00018118244770448655,0.00018141561304219067,0.0001846539817051962,0.00018281585653312504,0.00018112148973159492,0.00018111543613485992,0.00018112744146492332,0.00018110821838490665,0.00018113483383785933,0.00018111892859451473,0.00018111294775735587,0.00018113381520379335,0.00018112074758391827,0.0001811251713661477,0.00018113252008333802,0.00018101843306794763,0.00018111872486770153,0.0001813401177059859,0.00018130781245417893,0.00018409006588626653,0.00018760653620120138,0.0001875375455711037,0.00018756286590360105,0.00018768591689877212,0.00018766468565445393,0.0001812474656617269,0.00018115344573743641,0.00018123140034731477,0.00018142593035008758,0.00018134179117623717,0.000181747687747702,0.000181513765710406,0.0001814855932025239,0.0001814962743083015,0.00018163491040468216,0.0001824638165999204,0.00018287607235834002
laryngeal_tissues,0.00013431455590762198,0.00013403846241999418,0.0001340546878054738,0.00013411858526524156,0.0001379263267153874,0.00021570728858932853,0.0,0.00013420307368505746,0.00013421480252873152,0.00013744478928856552,0.000134653237182647,0.00013414998829830438,0.00013413630949798971,0.0001340956223430112,0.0001493412273703143,0.0001525780389783904,0.00013424568169284612,0.00013425078941509128,0.0001344226038781926,0.00013421876064967364,0.00013403776392806321,0.0001340317539870739,0.0001340465241810307,0.00013402824697550386,0.00013403630873654038,0.00013409930397756398,0.00013403691991697997,0.00013594451593235135,0.0001342234609182924,0.0001372050028294325,0.0001362082693958655,0.00015134863497223705,0.0001352219405816868,0.00013404116907622665,0.00013404508354142308,0.00013404025230556726,0.00013407092774286866,0.00013405084609985352,0.0001340506278211251,0.00013407375081442297,0.0001340478629572317,0.00013405426579993218,0.00013404572382569313,0.0001341251190751791,0.00013410138490144163,0.000134056230308488,0.00013421075709629804,0.00013844289060216397,0.00013432709965854883,0.000134795336634852,0.0001402187772328034,0.00013477144239004701,0.00013455739826895297,0.00014029999147169292,0.00014031944738235325,0.00014045025454834104,0.00014039574307389557,0.00013421331823337823,0.00013411893451120704,0.00013413075066637248,0.00013721366121899337,0.00016300358402077109,0.000134111221996136,0.00013411515101324767,0.0001352669351035729,0.00013424298958852887,0.00013437631423585117,0.00013421551557257771,0.0001342378236586228,0.00013556865451391786,0.0001354528940282762,0.00013457318709697574,0.00013433834828902036,0.0001344923221040517,0.00013437788584269583,,0.00013453487190417945,0.0001423674839315936,0.00013556507474277169,0.00015877248370088637,0.00013468907854985446,0.0001345510536339134,0.0001345732162008062,0.0001344321935903281,0.00013450656842906028,0.0001345157652394846,0.00013454665895551443,0.00013447187666315585,0.0001344735355814919,0.0001345211494481191,0.00013450186816044152,0.00013473471335601062,0.00013796440907754004,0.00013612491602543741,0.00013443057832773775,0.00013442452473100275,0.00013443653006106615,0.00013441730698104948,0.0001344439369859174,0.00013442801719065756,0.0001344220363534987,0.00013444290379993618,0.0001344298361800611,0.00013443425996229053,0.00013444162323139608,0.00013432753621600568,0.0001344278280157596,0.00013464917719829828,0.0001346168719464913,0.0001373989216517657,0.00014091561024542898,0.0001408466196153313,0.00014087193994782865,0.00014099499094299972,0.00014097375969868153,0.00013455652515403926,0.00013446250522974879,0.00013454045983962715,0.00013473517901729792,0.00013465109805110842,0.0001350573293166235,0.00013482282520271838,0.00013479465269483626,0.00013480546476785094,0.00013494398444890976,0.000135772890644148,0.0001361851318506524
nerthus_bowel_cleansing_quality,9.948953811544925e-05,9.921350283548236e-05,9.922967728925869e-05,9.929362568072975e-05,0.00010310140351066366,0.0001808939705369994,0.00013420307368505746,0.0,9.938989387592301e-05,0.00010269755148328841,9.982835763366893e-05,9.932513785315678e-05,9.931356180459261e-05,9.927489736583084e-05,0.0001145187925430946,0.00011775510938605294,9.94181027635932e-05,9.942293399944901e-05,9.955361019819975e-05,9.939222945831716e-05,9.921265882439911e-05,9.920661977957934e-05,9.922141180140898e-05,9.920317825162783e-05,9.921117452904582e-05,9.927422797773033e-05,9.921177115757018e-05,0.00010111984011018649,9.939845040207729e-05,0.00010238009417662397,0.0001013843939290382,0.00011652390094241127,0.00010039702465292066,9.921622404363006e-05,9.92201385088265e-05,9.921529999701306e-05,9.92460481938906e-05,9.922589379129931e-05,9.922567551257089e-05,9.924879850586876e-05,9.92229106486775e-05,9.922941535478458e-05,9.922078606905416e-05,9.930015949066728e-05,9.927643259288743e-05,9.92313216556795e-05,9.938581933965907e-05,0.00010361796739744022,9.950216190190986e-05,9.997166489483789e-05,0.00010539383220020682,9.994651190936565e-05,9.973244596039876e-05,0.00010547503916313872,0.00010549450234975666,0.00010562530951574445,0.00010557079804129899,9.938795119524002e-05,9.929371299222112e-05,9.930549276759848e-05,0.00010238886898150668,0.00012817865354008973,9.928630606736988e-05,9.929019142873585e-05,0.000100442033726722,9.941807365976274e-05,9.955136920325458e-05,9.939061419572681e-05,9.941286407411098e-05,0.00010074375313706696,0.00010062793444376439,9.974813292501494e-05,9.951337415259331e-05,9.966729703592137e-05,9.955293353414163e-05,0.00013634204515255988,,0.00010760880104498938,0.00010074258898384869,0.00012395007070153952,9.986146324081346e-05,9.972347470466048e-05,9.970580140361562e-05,9.960558963939548e-05,9.968164522433653e-05,9.969068923965096e-05,9.972162661142647e-05,9.964670607587323e-05,9.964839409803972e-05,9.969598613679409e-05,9.967673395294696e-05,9.990960825234652e-05,0.00010314048267900944,0.00010129997826879844,9.960562601918355e-05,9.959957242244855e-05,9.961159230442718e-05,9.959235467249528e-05,9.961897740140557e-05,9.960306488210335e-05,9.95970840449445e-05,9.96179660432972e-05,9.96048838715069e-05,9.960932220565155e-05,9.961667819879949e-05,9.950259845936671e-05,9.960287570720538e-05,9.98242394416593e-05,9.979194146580994e-05,0.00010257522808387876,0.00010609066521283239,0.00010602166730677709,0.00010604699491523206,0.00010617004591040313,0.00010614881466608495,9.973116539185867e-05,9.963729098672047e-05,9.971520194085315e-05,9.991025581257418e-05,9.982613119063899e-05,0.00010023239883594215,9.999788017012179e-05,9.996970766223967e-05,9.998051245929673e-05,0.00010011902486439794,0.00010094797471538186,0.0001013601795420982
stanford_dogs_image_categorization,9.950142703019083e-05,9.922530443873256e-05,9.92415298242122e-05,9.93053981801495e-05,0.00010311318328604102,0.0001809057721402496,0.00013421480252873152,9.938989387592301e-05,0.0,0.00010270930215483531,9.984010102925822e-05,9.933686669683084e-05,9.93252542684786e-05,9.928663348546252e-05,0.0001145305359386839,0.00011776685278164223,9.943249460775405e-05,9.943760232999921e-05,9.960943134501576e-05,9.940557356458157e-05,9.922466415446252e-05,9.921862510964274e-05,9.923341713147238e-05,9.921516175381839e-05,9.922317258315161e-05,9.928622603183612e-05,9.922377648763359e-05,0.00010113163443747908,9.941049211192876e-05,0.00010239184484817088,0.00010139615187654272,0.00011653565161395818,0.00010040878260042518,9.92279892670922e-05,9.923191100824624e-05,9.92270652204752e-05,9.925781341735274e-05,9.923765901476145e-05,9.923744073603302e-05,9.92605637293309e-05,9.923467587213963e-05,9.924118057824671e-05,9.923255129251629e-05,9.931193199008703e-05,9.928819781634957e-05,9.924308687914163e-05,9.939757001120597e-05,0.00010362974717281759,9.951391257345676e-05,9.998345922213048e-05,0.00010540559014771134,9.995826258091256e-05,9.97442111838609e-05,0.00010548680438660085,0.00010550626029726118,0.00010563706746324897,0.0001055825559888035,9.940013842424378e-05,9.930574742611498e-05,9.931756358128041e-05,0.00010240061965305358,0.00012819039693567902,9.92980640148744e-05,9.930199303198606e-05,0.00010045382077805698,9.942983160726726e-05,9.95631271507591e-05,9.940238669514656e-05,9.942463657353073e-05,0.00010075549653265625,0.00010063970694318414,9.976002911571413e-05,9.952516120392829e-05,9.96791641227901e-05,9.956469875760376e-05,0.00013635377399623394,9.972168481908739e-05,0.00010762055171653628,0.00010075430327560753,0.00012396182864904404,9.987590601667762e-05,9.973788110073656e-05,9.976004366762936e-05,9.961901378119364e-05,9.969364327844232e-05,9.970268001779914e-05,9.973361738957465e-05,9.965870412997901e-05,9.96603921521455e-05,9.970799146685749e-05,9.968873200705275e-05,9.99216572381556e-05,0.00010315223335055634,0.00010131173621630296,9.961739124264568e-05,9.961133764591068e-05,9.962335752788931e-05,9.960411989595741e-05,9.963074990082532e-05,9.961483010556549e-05,9.960884926840663e-05,9.962973126675934e-05,9.961664909496903e-05,9.962108742911369e-05,9.962845069821924e-05,9.951436368282884e-05,9.961464093066752e-05,9.983599011320621e-05,9.980369213735685e-05,0.00010258701513521373,0.00010610242316033691,0.00010603343253023922,0.00010605875286273658,0.00010618180385790765,0.00010616057261358947,9.974334534490481e-05,9.964932542061433e-05,9.972728730645031e-05,9.992200648412108e-05,9.98379327938892e-05,0.00010024418588727713,0.00010000963811762631,9.998146560974419e-05,9.99922922346741e-05,0.00010013079736381769,0.00010095971811097115,0.00010137195204151794
svhn,0.00010280908463755623,0.00010253296204609796,0.00010254919470753521,0.00010261306306347251,0.00010642084089340642,0.00018421233107801527,0.00013744478928856552,0.00010269755148328841,0.00010270930215483531,0.0,0.00010314775136066601,0.00010264453158015385,0.00010263074364047498,0.00010258945258101448,0.00011781715147662908,0.00012105484347557649,0.00010274015949107707,0.00010274526721332222,0.00010291708895238116,0.00010271323844790459,0.00010253232176182792,0.00010252628271700814,0.00010254107473883778,0.00010252279025735334,0.00010253083019051701,0.00010259387636324391,0.00010253143409499899,0.00010443927749292925,0.00010271813516737893,0.00010569950245553628,0.00010470338020240888,0.00011984330922132358,0.00010371644020779058,0.00010253565415041521,0.00010253957589156926,0.00010253473010379821,0.00010256547830067575,0.00010254532389808446,0.00010254510561935604,0.00010256822861265391,0.00010254234075546265,0.00010254884546156973,0.0001025402161758393,0.00010261959687341005,0.00010259586269967258,0.00010255075176246464,0.00010270523489452899,0.00010693740478018299,0.00010282157745677978,0.00010329109500162303,0.00010871325503103435,0.00010326592746423557,0.0001030518687912263,0.00010879446926992387,0.00010881392518058419,0.00010894473234657198,0.00010889022087212652,0.00010270780330756679,0.00010261341230943799,0.00010262522846460342,0.00010570825543254614,0.00013149806181900203,0.00010260571434628218,0.00010260965063935146,0.00010376147110946476,0.00010273748921463266,0.0001028707847581245,0.00010271000064676628,0.00010273228690493852,0.00010406316141597927,0.00010394737182650715,0.00010306768672307953,0.0001028328260872513,0.00010298682900611311,0.00010287236364092678,0.00013959265197627246,0.00010302934242645279,,0.00010405860666651279,0.00012724834959954023,0.00010318357090000063,0.00010304554598405957,0.00010306770127499476,0.00010292667866451666,0.0001030012863338925,0.00010301030852133408,0.00010304126772098243,0.00010296636173734441,0.00010296804248355329,0.0001030156563501805,0.00010299638961441815,0.00010322930756956339,0.00010645944712450728,0.00010461939382366836,0.0001029250561259687,0.0001029190025292337,0.00010293102241121233,0.00010291178477928042,0.00010293841478414834,0.0001029224949888885,0.00010291651415172964,0.00010293739615008235,0.00010292431397829205,0.0001029287523124367,0.00010293611558154225,0.00010282202856615186,0.00010292230581399053,0.00010314365499652922,0.00010311135702067986,0.00010589465091470629,0.00010941008804365993,0.00010934109741356224,0.0001093664177460596,0.00010948946874123067,0.00010946823749691248,0.00010305101022822782,0.00010295699030393735,0.00010303495218977332,0.00010322965681552887,0.0001031455904012546,0.00010355183621868491,0.00010331730300094932,0.00010328912321710959,0.00010329991346225142,0.00010343844769522548,0.00010426738299429417,0.00010467961692484096
caltech101_object_classification,9.993989078793675e-05,9.96637754724361e-05,9.968000085791573e-05,9.974387648981065e-05,0.00010355165431974456,0.00018134423589799553,0.000134653237182647,9.982835763366893e-05,9.984010102925822e-05,0.00010314775136066601,0.0,9.958651207853109e-05,9.976362343877554e-05,9.972508269129321e-05,0.00011496890510898083,0.00011820527288364246,9.987096564145759e-05,9.987607336370274e-05,0.00010004789510276169,9.984405187424272e-05,9.966313518816605e-05,9.965709614334628e-05,9.967188816517591e-05,9.965364006347954e-05,9.966164361685514e-05,9.972469706553966e-05,9.966225479729474e-05,0.000101570098195225,9.984897042158991e-05,0.0001028303086059168,0.00010183452832279727,0.00011697412264766172,0.0001008472463581711,9.966646030079573e-05,9.967038204194978e-05,9.966553625417873e-05,9.969629172701389e-05,9.967613004846498e-05,9.967591904569417e-05,9.969904203899205e-05,9.967315418180078e-05,9.967965161195025e-05,9.967102232621983e-05,9.975041029974818e-05,9.972667612601072e-05,9.968155791284516e-05,9.983604832086712e-05,0.00010406821820652112,9.99523836071603e-05,0.0001004219229798764,0.00010584406118141487,0.0001003967336146161,0.00010018267494160682,0.00010592526814434677,0.00010594473133096471,0.0001060755384969525,0.00010602102702250704,9.98386021819897e-05,9.974421845981851e-05,9.975603461498395e-05,0.0001028390834107995,0.00012862887524534017,9.973653504857793e-05,9.974045678973198e-05,0.0001008922845358029,9.986830991692841e-05,0.00010000159090850502,9.98408577288501e-05,9.986310760723427e-05,0.00010119394573848695,0.00010107818525284529,0.00010019850014941767,9.996363951358944e-05,0.00010011763515649363,0.0001000031697913073,0.0001367922086501494,0.00010016014857683331,0.00010805900819832459,0.00010119266516994685,0.00012440019054338336,0.00010031436977442354,0.00010017634485848248,0.00010019850742537528,0.00010005748481489718,0.00010013212158810347,0.00010014115832746029,0.0001001720956992358,0.00010009718243964016,0.00010009887046180665,0.00010014646250056103,0.00010012720304075629,0.00010036013554781675,0.0001035906097968109,0.00010175019997404888,0.00010005586955230683,0.00010004981595557183,0.00010006182856159285,0.00010004259820561856,0.00010006922821048647,0.00010005330841522664,0.00010004732757806778,0.00010006820230046287,0.00010005512740463018,0.00010005955846281722,0.00010006692173192278,9.995283471653238e-05,0.00010005311196437106,0.00010027446842286736,0.00010024216317106038,0.00010302547889295965,0.00010654089419404045,0.00010647190356394276,0.00010649722389644012,0.00010662027489161119,0.000106599043647293,0.00010018180910265073,0.00010008778917836025,0.00010016575106419623,0.00010036048479378223,0.00010027639655163512,0.00010068265692098066,0.00010044811642728746,0.00010041993664344773,0.00010043076326837763,0.00010056926839752123,0.00010139817459275946,0.00010181042307522148
caltech256_object_classification,9.943666373146698e-05,9.916054841596633e-05,9.917677380144596e-05,9.924064215738326e-05,0.00010304841998731717,0.00018084091425407678,0.00013414998829830438,9.932513785315678e-05,9.933686669683084e-05,0.00010264453158015385,9.958651207853109e-05,0.0,9.926050552166998e-05,9.922186291078106e-05,0.00011446568532846868,0.00011770201672334224,9.936774586094543e-05,9.937284630723298e-05,9.954466804629192e-05,9.934082481777295e-05,9.915990085573867e-05,9.91538618109189e-05,9.916866110870615e-05,9.915040573105216e-05,9.915841656038538e-05,9.922147000906989e-05,9.915901318890974e-05,0.00010106686386279762,9.934573608916253e-05,0.00010232708154944703,0.00010133124305866659,0.00011647090286714956,0.00010034401930170134,9.916324052028358e-05,9.916715498548001e-05,9.916230919770896e-05,9.919306467054412e-05,9.917290299199522e-05,9.917268471326679e-05,9.919581498252228e-05,9.916992712533101e-05,9.917642455548048e-05,9.916779526975006e-05,9.924718324327841e-05,9.922344906954095e-05,9.91783308563754e-05,9.933281398843974e-05,0.00010356498387409374,9.944915655069053e-05,9.991869592340663e-05,0.00010534081229707226,9.989351383410394e-05,9.967944788513705e-05,0.00010542202653596178,0.00010544148972257972,0.00010557230416452512,0.00010551779269007966,9.933538240147755e-05,9.924099140334874e-05,9.925280755851418e-05,0.00010233585635432974,0.00012812565546482801,9.923330071615055e-05,9.923721518134698e-05,0.00010038903565146029,9.936506830854341e-05,9.949836385203525e-05,9.933762339642271e-05,9.93598805507645e-05,0.00010069070413010195,0.0001005749509204179,9.96952730929479e-05,9.946041245711967e-05,9.961440810002387e-05,9.949994273483753e-05,0.00013628897431772202,9.965692152036354e-05,0.00010755577386589721,0.00010068952542496845,0.00012389695621095598,9.981114271795377e-05,9.967311780201271e-05,9.969528036890551e-05,9.955426503438503e-05,9.962888725567609e-05,9.96379239950329e-05,9.96688540908508e-05,9.959394810721278e-05,9.959562885342166e-05,9.964322816813365e-05,9.962397598428652e-05,9.985690121538937e-05,0.00010308732453268021,0.00010124698019353673,9.955264249583706e-05,9.954658889910206e-05,9.955860150512308e-05,9.953937114914879e-05,9.956599387805909e-05,9.955008135875687e-05,9.954410052159801e-05,9.95649752439931e-05,9.95518930722028e-05,9.955633140634745e-05,9.956369467545301e-05,9.944960766006261e-05,9.954988490790129e-05,9.977124136639759e-05,9.973894339054823e-05,0.00010252223728457466,0.00010603765258565545,0.00010596866195555776,0.00010599398228805512,0.00010611702600726858,0.000106095802038908,9.967858932213858e-05,9.95845693978481e-05,9.966252400772646e-05,9.985724318539724e-05,9.977316221920773e-05,0.00010017942258855328,9.994488209486008e-05,9.991670958697796e-05,9.992752893595025e-05,0.00010006604134105146,0.00010089493298437446,0.00010130719601875171
