,lapgyn4_anatomical_structures,lapgyn4_surgical_actions,lapgyn4_instrument_count,lapgyn4_anatomical_actions,sklin2_skin_lesions,identify_nbi_infframes,laryngeal_tissues,nerthus_bowel_cleansing_quality,stanford_dogs_image_categorization,svhn,caltech101_object_classification,caltech256_object_classification,cifar10_object_classification,cifar100_object_classification,mnist_digit_classification,emnist_digit_classification,hyperkvasir_anatomical-landmarks,hyperkvasir_pathological-findings,hyperkvasir_quality-of-mucosal-views,hyperkvasir_therapeutic-interventions,cholec80_grasper_presence,cholec80_bipolar_presence,cholec80_hook_presence,cholec80_scissors_presence,cholec80_clipper_presence,cholec80_irrigator_presence,cholec80_specimenbag_presence,derm7pt_skin_lesions,idle_action_recognition,barretts_esophagus_diagnosis,brain_tumor_classification,mednode_melanoma_classification,brain_tumor_type_classification,chexpert_enlarged_cardiomediastinum,chexpert_cardiomegaly,chexpert_lung_opacity,chexpert_lung_lesion,chexpert_edema,chexpert_consolidation,chexpert_pneumonia,chexpert_atelectasis,chexpert_pneumothorax,chexpert_pleural_effusion,chexpert_pleural_other,chexpert_fracture,chexpert_support_devices,pneumonia_classification,ph2-melanocytic-lesions-classification,covid_xray_classification,isic20_melanoma_classification,deep_drid_dr_level,shenzen_chest_xray_tuberculosis,crawled_covid_ct_classification,deep_drid_quality,deep_drid_clarity,deep_drid_field,deep_drid_artifact,kvasir_capsule_anatomy,kvasir_capsule_content,kvasir_capsule_pathologies,breast_cancer_classification_v2,eye_condition_classification,mura_xr_wrist,mura_xr_shoulder,mura_xr_humerus,mura_xr_hand,mura_xr_forearm,mura_xr_finger,mura_xr_elbow,bean_plant_disease_classification,aptos19_blindness_detection,lapgyn4_anatomical_structures --shrink_train 800,lapgyn4_surgical_actions --shrink_train 800,lapgyn4_instrument_count --shrink_train 800,lapgyn4_anatomical_actions --shrink_train 800,laryngeal_tissues --shrink_train 800,nerthus_bowel_cleansing_quality --shrink_train 800,svhn --shrink_train 800,cifar10_object_classification --shrink_train 800,mnist_digit_classification --shrink_train 800,hyperkvasir_anatomical-landmarks --shrink_train 800,hyperkvasir_pathological-findings --shrink_train 800,hyperkvasir_quality-of-mucosal-views --shrink_train 800,hyperkvasir_therapeutic-interventions --shrink_train 800,cholec80_grasper_presence --shrink_train 800,cholec80_bipolar_presence --shrink_train 800,cholec80_hook_presence --shrink_train 800,cholec80_scissors_presence --shrink_train 800,cholec80_clipper_presence --shrink_train 800,cholec80_irrigator_presence --shrink_train 800,cholec80_specimenbag_presence --shrink_train 800,idle_action_recognition --shrink_train 800,brain_tumor_classification --shrink_train 800,brain_tumor_type_classification --shrink_train 800,chexpert_enlarged_cardiomediastinum --shrink_train 800,chexpert_cardiomegaly --shrink_train 800,chexpert_lung_opacity --shrink_train 800,chexpert_lung_lesion --shrink_train 800,chexpert_edema --shrink_train 800,chexpert_consolidation --shrink_train 800,chexpert_pneumonia --shrink_train 800,chexpert_atelectasis --shrink_train 800,chexpert_pneumothorax --shrink_train 800,chexpert_pleural_effusion --shrink_train 800,chexpert_pleural_other --shrink_train 800,chexpert_fracture --shrink_train 800,chexpert_support_devices --shrink_train 800,pneumonia_classification --shrink_train 800,covid_xray_classification --shrink_train 800,isic20_melanoma_classification --shrink_train 800,deep_drid_dr_level --shrink_train 800,deep_drid_quality --shrink_train 800,deep_drid_clarity --shrink_train 800,deep_drid_field --shrink_train 800,deep_drid_artifact --shrink_train 800,kvasir_capsule_anatomy --shrink_train 800,kvasir_capsule_content --shrink_train 800,kvasir_capsule_pathologies --shrink_train 800,mura_xr_wrist --shrink_train 800,mura_xr_shoulder --shrink_train 800,mura_xr_humerus --shrink_train 800,mura_xr_hand --shrink_train 800,mura_xr_forearm --shrink_train 800,mura_xr_finger --shrink_train 800,mura_xr_elbow --shrink_train 800,bean_plant_disease_classification --shrink_train 800,aptos19_blindness_detection --shrink_train 800
lapgyn4_anatomical_structures,0.0,0.002528647892177105,0.002836523810401559,0.004750286694616079,0.011026956140995026,0.013918465003371239,0.02668299525976181,0.009643446654081345,0.008735151030123234,0.023527130484580994,0.007948325015604496,0.007403048686683178,0.010334580205380917,0.009865570813417435,0.03209780901670456,0.032381732016801834,0.005912273656576872,0.005452832672744989,0.008164460770785809,0.006571879144757986,0.0042951893992722034,0.004336586222052574,0.004321661777794361,0.004331664182245731,0.00430348189547658,0.004330601077526808,0.004285775125026703,0.010703764855861664,0.009785191155970097,0.010772332549095154,0.018507979810237885,0.013714357279241085,0.01871637813746929,0.011191552504897118,0.01129522267729044,0.011906338855624199,0.011060256510972977,0.012023850344121456,0.011014568619430065,0.010955224744975567,0.012297254987061024,0.01182397361844778,0.011586380191147327,0.010943859815597534,0.011423165909945965,0.012439893558621407,0.01558766607195139,0.011974957771599293,0.015441328287124634,0.013533742167055607,0.023898521438241005,0.016406040638685226,0.012276318855583668,0.024170583114027977,0.024272266775369644,0.023936256766319275,0.024406280368566513,0.01332554779946804,0.012821684591472149,0.012761919759213924,0.01975202187895775,0.03782005235552788,0.01349873747676611,0.010922999121248722,0.012424202635884285,0.013706005178391933,0.011651811189949512,0.011856921017169952,0.01259299460798502,0.015398380346596241,0.019277064129710197,,0.0031384555622935295,0.0027820353861898184,0.004781082272529602,0.026238029822707176,0.00965613778680563,0.022801775485277176,0.010401381179690361,0.03214818611741066,0.00591345876455307,0.005406045820564032,0.008293150924146175,0.006538153160363436,0.004348606336861849,0.0043449015356600285,0.00439002038910985,0.004478222690522671,0.004449340049177408,0.004229316022247076,0.00448242574930191,0.009952780790627003,0.01836702786386013,0.018745647743344307,0.01138265710324049,0.011379142291843891,0.011941814795136452,0.011237003840506077,0.011993935331702232,0.01115687470883131,0.01085940096527338,0.012024866417050362,0.012007026001811028,0.011765140108764172,0.01085252221673727,0.011340317316353321,0.01248567458242178,0.01552493218332529,0.015504935756325722,0.013561602681875229,0.024307850748300552,0.024066098034381866,0.024194829165935516,0.024044759571552277,0.024091895669698715,0.01322136726230383,0.012975442223250866,0.012806938961148262,0.013524902053177357,0.010745291598141193,0.01239505223929882,0.013696941547095776,0.011636515147984028,0.012060149572789669,0.012592152692377567,0.015543641522526741,0.01895444467663765
lapgyn4_surgical_actions,0.002528647892177105,0.0,0.0012333061313256621,0.001870765583589673,0.010788052342832088,0.013802687637507915,0.02616805024445057,0.009054497815668583,0.007719083223491907,0.022559883072972298,0.006848660763353109,0.006188984960317612,0.009193748235702515,0.008827314712107182,0.03104238770902157,0.03134087845683098,0.006318714935332537,0.005898050498217344,0.007896357215940952,0.00595554756000638,0.0030894542578607798,0.003106779884546995,0.003078654408454895,0.0031080408953130245,0.0030579459853470325,0.003080761292949319,0.0030948466155678034,0.01020186860114336,0.008360856212675571,0.010265029966831207,0.018234482035040855,0.013654463924467564,0.01767980307340622,0.010252285748720169,0.010328822769224644,0.010893111117184162,0.01014834363013506,0.011009187437593937,0.010070533491671085,0.010015837848186493,0.011307748965919018,0.010819504037499428,0.010598752647638321,0.010006027296185493,0.010504905134439468,0.011406822130084038,0.014689614064991474,0.0116034597158432,0.014513558708131313,0.013490142300724983,0.02323603257536888,0.015250458382070065,0.01098595280200243,0.023497449234128,0.02359580062329769,0.02325538918375969,0.02372688427567482,0.012197939679026604,0.01182481274008751,0.011806478723883629,0.018740803003311157,0.036859385669231415,0.011924169957637787,0.009742390364408493,0.011247334070503712,0.01218162477016449,0.010137230157852173,0.01042882353067398,0.011170422658324242,0.014612089842557907,0.018463652580976486,0.002552260644733906,,0.0012276687193661928,0.001860597520135343,0.025721002370119095,0.00908416137099266,0.02183009311556816,0.00926948431879282,0.031091611832380295,0.006362005136907101,0.005808396264910698,0.008013286627829075,0.005955264903604984,0.00312978052534163,0.003110157558694482,0.003111619269475341,0.003222376573830843,0.0031680790707468987,0.003053193213418126,0.003222249448299408,0.008482934907078743,0.018071454018354416,0.017726492136716843,0.010428240522742271,0.010401439853012562,0.010921092703938484,0.01030944474041462,0.010999305173754692,0.010204863734543324,0.009947084821760654,0.011025022715330124,0.01099525485187769,0.010779394768178463,0.009923595935106277,0.010404218919575214,0.01145231258124113,0.014610899612307549,0.014584721997380257,0.01353604905307293,0.023638157173991203,0.023395512253046036,0.023517394438385963,0.02336036041378975,0.023422494530677795,0.012091807089745998,0.011970674619078636,0.011843319050967693,0.011948558501899242,0.00956723839044571,0.011201679706573486,0.012183005921542645,0.010142299346625805,0.010644675232470036,0.011193480342626572,0.014759009703993797,0.018138078972697258
lapgyn4_instrument_count,0.002836523810401559,0.0012333061313256621,0.0,0.0014876521890982985,0.010120945982635021,0.01354162022471428,0.02561143971979618,0.008783952333033085,0.007316760718822479,0.022045424208045006,0.006425667554140091,0.005785626824945211,0.008806555531919003,0.008420871570706367,0.030449485406279564,0.030744515359401703,0.005983320530503988,0.0055348812602460384,0.0078124250285327435,0.0061687566339969635,0.002526904921978712,0.0025404510088264942,0.002533043036237359,0.002555632730945945,0.002511615864932537,0.002525156131014228,0.002519991248846054,0.009767157025635242,0.008477583527565002,0.010148292407393456,0.017611762508749962,0.013058560900390148,0.0173994991928339,0.010121711529791355,0.010249590501189232,0.01084235031157732,0.010007049888372421,0.010963237844407558,0.009949613362550735,0.009890349581837654,0.011248335242271423,0.010754729621112347,0.010518324561417103,0.009859240613877773,0.01039552129805088,0.011370334774255753,0.014458345249295235,0.011188247241079807,0.014308405108749866,0.01309574581682682,0.022471409291028976,0.015200124122202396,0.010798698291182518,0.02273505926132202,0.02283349260687828,0.022496754303574562,0.022963760420680046,0.011634587310254574,0.011342387646436691,0.01132635772228241,0.018561918288469315,0.03617113456130028,0.011577470228075981,0.009395438246428967,0.010704112239181995,0.011987796984612942,0.009695329703390598,0.010061249136924744,0.010737734846770763,0.014349617063999176,0.017781546339392662,0.002842947840690613,0.0014893277548253536,,0.001528975903056562,0.025166384875774384,0.008817802183330059,0.021320460364222527,0.008879764936864376,0.030497903004288673,0.006014618556946516,0.005432970821857452,0.007941394113004208,0.006167968735098839,0.0025957312900573015,0.002555251820012927,0.0025949652772396803,0.002643659943714738,0.0025987981352955103,0.0024836575612425804,0.002629166468977928,0.008625308983027935,0.017456410452723503,0.017441360279917717,0.01031501404941082,0.010323965921998024,0.010872305370867252,0.010182090103626251,0.010942517779767513,0.010096852667629719,0.009811410680413246,0.010966048575937748,0.010943150147795677,0.010706916451454163,0.00977251399308443,0.01030736230313778,0.01141065452247858,0.014390158466994762,0.014379002153873444,0.01314703281968832,0.022874891757965088,0.02263437770307064,0.022756163030862808,0.022603627294301987,0.022659210488200188,0.011543120257556438,0.011475512757897377,0.011370183899998665,0.011601917445659637,0.009209337644279003,0.010659415274858475,0.011988927610218525,0.009700126014649868,0.010270314291119576,0.010758246295154095,0.014496847055852413,0.01745891012251377
lapgyn4_anatomical_actions,0.004750286694616079,0.001870765583589673,0.0014876521890982985,0.0,0.012159724719822407,0.015497774817049503,0.027340220287442207,0.010943310335278511,0.008738121949136257,0.023631397634744644,0.007867176085710526,0.007192427292466164,0.010270166210830212,0.009940487332642078,0.03202123939990997,0.032339248806238174,0.008469045162200928,0.007985033094882965,0.009959612041711807,0.008142675273120403,0.004396767821162939,0.004400809295475483,0.00438073230907321,0.004414974246174097,0.004359626676887274,0.004372656345367432,0.004391657188534737,0.011651895008981228,0.009923783130943775,0.011948499828577042,0.01966792717576027,0.015041708946228027,0.01906270533800125,0.01183000486344099,0.011943243443965912,0.012487569823861122,0.011745242401957512,0.012604604475200176,0.011658654548227787,0.011620362289249897,0.012900184839963913,0.01239783875644207,0.0121885621920228,0.011592550203204155,0.012082519009709358,0.012978832237422466,0.016117719933390617,0.013103251345455647,0.015953319147229195,0.01509083528071642,0.024504398927092552,0.01666378043591976,0.012437902390956879,0.02476770058274269,0.02486266754567623,0.02452254481613636,0.02499275468289852,0.013546822592616081,0.013273854739964008,0.01327821146696806,0.020202411338686943,0.037991683930158615,0.013066289946436882,0.011162075214087963,0.012428803369402885,0.013448797166347504,0.011218765750527382,0.011533437296748161,0.012339397333562374,0.015922965481877327,0.019726594910025597,0.004750675056129694,0.0021605645306408405,0.0015424077864736319,,0.02689473144710064,0.010976577177643776,0.022906355559825897,0.010351547040045261,0.03206673637032509,0.008509669452905655,0.00787330325692892,0.010081871412694454,0.00815500970929861,0.004475930705666542,0.004398287273943424,0.004430416971445084,0.0045094736851751804,0.004417242016643286,0.004360186401754618,0.004484896082431078,0.010049386881291866,0.019504014402627945,0.019117657095193863,0.012007656507194042,0.012009167112410069,0.012515335343778133,0.011911354027688503,0.01259104534983635,0.01179564744234085,0.011549350805580616,0.012620300054550171,0.01257193461060524,0.012370293959975243,0.011521706357598305,0.011980569921433926,0.013028688728809357,0.016040341928601265,0.016021866351366043,0.015158028341829777,0.024901090189814568,0.024667950347065926,0.024787358939647675,0.02462167479097843,0.024691475555300713,0.013443892821669579,0.01340814121067524,0.01330908015370369,0.013087237253785133,0.010972262360155582,0.012374221347272396,0.013453072868287563,0.011241384781897068,0.011748392134904861,0.012368676252663136,0.016069071367383003,0.01940643973648548
sklin2_skin_lesions,0.011026956140995026,0.010788052342832088,0.010120945982635021,0.012159724719822407,0.0,0.01504333782941103,0.02518070489168167,0.011864662170410156,0.00881681963801384,0.022303380072116852,0.007948976010084152,0.00740031385794282,0.010190813802182674,0.00959513708949089,0.03073190152645111,0.030889954417943954,0.008374884724617004,0.00857638381421566,0.011421659030020237,0.010445614345371723,0.00976038258522749,0.009858275763690472,0.009857449680566788,0.009827655740082264,0.009859547019004822,0.009827139787375927,0.00979490578174591,0.005204502958804369,0.01153806783258915,0.009752138517796993,0.01735338568687439,0.009608987718820572,0.01767585799098015,0.012260121293365955,0.01241725217550993,0.013010861352086067,0.012086422182619572,0.013150205835700035,0.012051234021782875,0.01195277739316225,0.01343572698533535,0.013012777082622051,0.01264951378107071,0.011835520155727863,0.012607471086084843,0.013568992726504803,0.01697729527950287,0.00562762888148427,0.01687566563487053,0.008072160184383392,0.020306097343564034,0.01806599460542202,0.012240737676620483,0.02059219777584076,0.020695265382528305,0.02037900499999523,0.02082085609436035,0.01195951271802187,0.011281940154731274,0.011286905035376549,0.018261529505252838,0.034828271716833115,0.013878446072340012,0.01157319825142622,0.01274827215820551,0.014919700101017952,0.012111272662878036,0.012490017339587212,0.012670003809034824,0.014756310731172562,0.015429055318236351,0.010997219011187553,0.010845656506717205,0.010297631844878197,0.012135088443756104,0.02474682778120041,0.011827235110104084,0.02158464305102825,0.010254559107124805,0.030790820717811584,0.008400284685194492,0.008338936604559422,0.01155315712094307,0.010496029630303383,0.009776227176189423,0.009915485046803951,0.00995227787643671,0.009961994364857674,0.00998920202255249,0.009804478846490383,0.009794927202165127,0.011812451295554638,0.017205633223056793,0.017679108306765556,0.012489527463912964,0.01254426222294569,0.01305448729544878,0.012285174801945686,0.013065392151474953,0.012230155989527702,0.0118514783680439,0.013152017258107662,0.013175742700695992,0.012865432538092136,0.01175022590905428,0.012605618685483932,0.013602187857031822,0.016933675855398178,0.016944894567131996,0.008123002015054226,0.020715979859232903,0.020456822589039803,0.020643042400479317,0.02047920972108841,0.0204937644302845,0.011870887130498886,0.011358482763171196,0.011335344985127449,0.01390181202441454,0.011374837718904018,0.012745397165417671,0.014909750781953335,0.012079699896275997,0.012687169946730137,0.012647007592022419,0.014881177805364132,0.01510715764015913
identify_nbi_infframes,0.013918465003371239,0.013802687637507915,0.01354162022471428,0.015497774817049503,0.01504333782941103,0.0,0.024474479258060455,0.016664674505591393,0.012490782886743546,0.023319605737924576,0.011761052533984184,0.011308134533464909,0.013803532347083092,0.013057204894721508,0.03250724822282791,0.03252539411187172,0.013053947128355503,0.012996400706470013,0.015579762868583202,0.014071149751543999,0.013425705023109913,0.013573995791375637,0.013571488671004772,0.013519762083888054,0.013553819619119167,0.013474193401634693,0.013556917198002338,0.01364064496010542,0.014784149825572968,0.013503323309123516,0.019754910841584206,0.017146658152341843,0.022235460579395294,0.016020551323890686,0.015799541026353836,0.016275325790047646,0.01589173823595047,0.016327915713191032,0.015801865607500076,0.01572221703827381,0.01658223196864128,0.01640152372419834,0.016039319336414337,0.01574220508337021,0.01604534685611725,0.016671545803546906,0.02042459137737751,0.014873207546770573,0.020417531952261925,0.015343661420047283,0.026873862370848656,0.022228259593248367,0.016992859542369843,0.027116579934954643,0.027245139703154564,0.026913994923233986,0.027376195415854454,0.018690308555960655,0.018058283254504204,0.018018534407019615,0.019982775673270226,0.04053153097629547,0.017513174563646317,0.015426630154252052,0.01615782268345356,0.018916688859462738,0.015615567564964294,0.015809867531061172,0.016553128138184547,0.019268183037638664,0.022915909066796303,0.013859507627785206,0.013741414994001389,0.01361733116209507,0.015535160899162292,0.024038389325141907,0.016586273908615112,0.022797487676143646,0.013855613768100739,0.0325501449406147,0.01301442738622427,0.012794394977390766,0.015762971714138985,0.014038731344044209,0.013468392193317413,0.01347938273102045,0.013647750951349735,0.013725081458687782,0.01367117278277874,0.013548186980187893,0.013486988842487335,0.015111823566257954,0.019641434773802757,0.022230645641684532,0.01617647148668766,0.015928303822875023,0.016359597444534302,0.016188107430934906,0.01621287316083908,0.015895279124379158,0.015633828938007355,0.016355138272047043,0.01654164306819439,0.016193712130188942,0.015755129978060722,0.015998780727386475,0.01673424243927002,0.020386207848787308,0.020479857921600342,0.01538200955837965,0.027257267385721207,0.027064509689807892,0.027147769927978516,0.0270079392939806,0.02708403952419758,0.018631191924214363,0.018130522221326828,0.018057197332382202,0.017566049471497536,0.015235432423651218,0.01615232788026333,0.01886914297938347,0.015622785314917564,0.01597706787288189,0.016533222049474716,0.019389577209949493,0.022616490721702576
laryngeal_tissues,0.02668299525976181,0.02616805024445057,0.02561143971979618,0.027340220287442207,0.02518070489168167,0.024474479258060455,0.0,0.028103256598114967,0.02122623473405838,0.02258467487990856,0.020103879272937775,0.020182916894555092,0.019203757867217064,0.018033672124147415,0.03718029335141182,0.037258461117744446,0.02569645270705223,0.02545252814888954,0.027412211522459984,0.02647627703845501,0.026101937517523766,0.026253635063767433,0.026233404874801636,0.026194104924798012,0.02623170055449009,0.026148809120059013,0.026206238195300102,0.023339398205280304,0.026341697201132774,0.024878600612282753,0.02865942008793354,0.026698429137468338,0.032439328730106354,0.027946583926677704,0.027837729081511497,0.028214212507009506,0.02785569429397583,0.028291504830121994,0.02773761935532093,0.027689747512340546,0.028534455224871635,0.028302399441599846,0.027984309941530228,0.027737295255064964,0.027954798191785812,0.028583891689777374,0.03170650824904442,0.02568456158041954,0.031699080020189285,0.024080947041511536,0.03740667924284935,0.03374502435326576,0.02771003171801567,0.03765777871012688,0.03777002543210983,0.03743957728147507,0.037898771464824677,0.028696920722723007,0.02802642248570919,0.02801222912967205,0.030458595603704453,0.050771281123161316,0.027840424329042435,0.026823002845048904,0.02735026180744171,0.029695065692067146,0.026422949507832527,0.026466060429811478,0.027134910225868225,0.029534799978137016,0.03368711844086647,0.02661977894604206,0.026454495266079903,0.025761544704437256,0.02732987515628338,,0.028037382289767265,0.02237306721508503,0.019180182367563248,0.037177473306655884,0.02567357011139393,0.025284722447395325,0.02758430689573288,0.026499290019273758,0.026114685460925102,0.026232250034809113,0.02629159204661846,0.02639007568359375,0.026357339695096016,0.026194728910923004,0.026161955669522285,0.026719456538558006,0.028528975322842598,0.032451678067445755,0.02810380980372429,0.027954019606113434,0.028285494074225426,0.028147364035248756,0.028193915262818336,0.027867164462804794,0.027621235698461533,0.028312573209404945,0.028452545404434204,0.028146659955382347,0.027753464877605438,0.027905479073524475,0.028655389323830605,0.03165912628173828,0.031763117760419846,0.024236274883151054,0.037789057940244675,0.03760060667991638,0.03768039867281914,0.03753141313791275,0.037615008652210236,0.028631459921598434,0.02808874472975731,0.028072034940123558,0.027889152988791466,0.026629451662302017,0.027328239753842354,0.02966183051466942,0.026419539004564285,0.026668516919016838,0.027136392891407013,0.02966230921447277,0.03340037539601326
nerthus_bowel_cleansing_quality,0.009643446654081345,0.009054497815668583,0.008783952333033085,0.010943310335278511,0.011864662170410156,0.016664674505591393,0.028103256598114967,0.0,0.010088118724524975,0.02370527945458889,0.008607136085629463,0.007965950295329094,0.010852915234863758,0.010360034182667732,0.03217875957489014,0.03244999796152115,0.0056527298875153065,0.004550330340862274,0.0025057329330593348,0.0045588635839521885,0.007255739998072386,0.0072683063335716724,0.007268327288329601,0.007284981198608875,0.007321994751691818,0.007258963771164417,0.007276331074535847,0.011398124508559704,0.007913153618574142,0.0122371232137084,0.019783105701208115,0.015767717733979225,0.018017064779996872,0.011674439534544945,0.011555669829249382,0.012134290300309658,0.011496622115373611,0.012183019891381264,0.01144996378570795,0.01130683533847332,0.012549434788525105,0.012175817042589188,0.011837986297905445,0.011335674673318863,0.011975649744272232,0.012652621604502201,0.016753220930695534,0.012761229649186134,0.016552312299609184,0.015071756206452847,0.023232053965330124,0.017392752692103386,0.011297119781374931,0.023469721898436546,0.023575134575366974,0.02324303239583969,0.023711072281003,0.010148674249649048,0.00974347349256277,0.009657195769250393,0.020466024056077003,0.03717367723584175,0.013317635282874107,0.01006021723151207,0.011390198953449726,0.013738127425312996,0.011183314956724644,0.011236170306801796,0.01170304324477911,0.017432471737265587,0.018211808055639267,0.009658119641244411,0.009457068517804146,0.008880028501152992,0.010859417729079723,0.027653969824314117,,0.02293768711388111,0.01090236846357584,0.03224022313952446,0.0056885951198637486,0.004714587237685919,0.0025364698376506567,0.004646649118512869,0.007249504793435335,0.0073708235286176205,0.007344829849898815,0.007361587602645159,0.007405576296150684,0.007281700149178505,0.0073094782419502735,0.008044429123401642,0.019618267193436623,0.01806131936609745,0.01192527450621128,0.01164982095360756,0.012177960015833378,0.011722092516720295,0.012180035002529621,0.011576470918953419,0.011256207711994648,0.01223811972886324,0.012396586127579212,0.012052742764353752,0.011241921223700047,0.011880732141435146,0.012697307392954826,0.016659755259752274,0.016637394204735756,0.015124127268791199,0.02365201711654663,0.023360323160886765,0.023468032479286194,0.02337132953107357,0.023382039740681648,0.010085036978125572,0.009889514185488224,0.00966484285891056,0.013349469751119614,0.009847029112279415,0.011392982676625252,0.013730090111494064,0.011131126433610916,0.011435117572546005,0.011706965044140816,0.017582185566425323,0.01786256954073906
stanford_dogs_image_categorization,0.008735151030123234,0.007719083223491907,0.007316760718822479,0.008738121949136257,0.00881681963801384,0.012490782886743546,0.02122623473405838,0.010088118724524975,0.0,0.01768907532095909,0.0026699125301092863,0.0023114692885428667,0.0044558425433933735,0.004499920178204775,0.026358354836702347,0.026643117889761925,0.007954085245728493,0.007740235421806574,0.009515264071524143,0.008011505007743835,0.007839425466954708,0.007940128445625305,0.00792234018445015,0.007889043539762497,0.007926303893327713,0.00785380695015192,0.007900102064013481,0.008185837417840958,0.00898244883865118,0.007732598576694727,0.014789728447794914,0.011017377488315105,0.014753472059965134,0.009758220985531807,0.009734947234392166,0.010198477655649185,0.009662497788667679,0.010299621149897575,0.009572942741215229,0.0095002930611372,0.010550616309046745,0.01020103134214878,0.009944926016032696,0.00957820937037468,0.009917515330016613,0.010638764128088951,0.013562987558543682,0.009552891366183758,0.013463424518704414,0.011042729951441288,0.020220253616571426,0.014839587733149529,0.00918662827461958,0.02046930603682995,0.02057560160756111,0.02023487351834774,0.02069438248872757,0.010977624915540218,0.010255442000925541,0.010258974507451057,0.015398754738271236,0.03329203650355339,0.00988286454230547,0.008726568892598152,0.009301993064582348,0.0114371869713068,0.00818601530045271,0.008707054890692234,0.00913973618298769,0.012220803648233414,0.01587076485157013,0.008678294718265533,0.007868747226893902,0.0074548060074448586,0.008691014721989632,0.020777879282832146,0.010069089010357857,0.016999607905745506,0.004543341230601072,0.026409681886434555,0.007945669814944267,0.00763305788859725,0.009633898735046387,0.00802383478730917,0.007877308875322342,0.007993405684828758,0.007990243844687939,0.008042910136282444,0.00806457083672285,0.007913232780992985,0.007890903390944004,0.009209866635501385,0.01463102363049984,0.014796280302107334,0.009921243414282799,0.009831281378865242,0.010269034653902054,0.009914056397974491,0.010250949300825596,0.009729225188493729,0.009450484067201614,0.010286238975822926,0.010369187220931053,0.010116832330822945,0.009534141048789024,0.00981359463185072,0.010704142041504383,0.013493082486093044,0.013521664775907993,0.011175810359418392,0.02059454657137394,0.02040029689669609,0.02049257792532444,0.020315885543823242,0.02040443755686283,0.01088013406842947,0.010373648256063461,0.01029893010854721,0.009920555166900158,0.008530107326805592,0.0092672910541296,0.011431530117988586,0.008183153346180916,0.008900006301701069,0.009150388650596142,0.012345257215201855,0.015562687069177628
svhn,0.023527130484580994,0.022559883072972298,0.022045424208045006,0.023631397634744644,0.022303380072116852,0.023319605737924576,0.02258467487990856,0.02370527945458889,0.01768907532095909,0.0,0.016376757994294167,0.01612982153892517,0.012480409815907478,0.011271627619862556,0.027665002271533012,0.02771949954330921,0.021947065368294716,0.02169559709727764,0.023246359080076218,0.02203742228448391,0.022073179483413696,0.022216985002160072,0.022190295159816742,0.022154539823532104,0.022191379219293594,0.022107232362031937,0.022180544212460518,0.021296236664056778,0.022217320278286934,0.021460849791765213,0.02538098394870758,0.025129379704594612,0.028208397328853607,0.02337820455431938,0.023275604471564293,0.023689528927206993,0.02328299917280674,0.023758169263601303,0.02318396046757698,0.023121964186429977,0.023990735411643982,0.02372984029352665,0.02344338968396187,0.023169687017798424,0.023385895416140556,0.024058759212493896,0.02711687982082367,0.022968387231230736,0.02707338146865368,0.023519407957792282,0.03367512300610542,0.029078448191285133,0.022771315649151802,0.033920131623744965,0.03403424844145775,0.033696115016937256,0.03415418416261673,0.024539120495319366,0.023791221901774406,0.023796917870640755,0.02798924222588539,0.04688851535320282,0.022605955600738525,0.021994562819600105,0.022249944508075714,0.024627448990941048,0.02121666446328163,0.020933303982019424,0.021908892318606377,0.026596974581480026,0.029672857373952866,0.023482490330934525,0.02259371057152748,0.022195419296622276,0.023593250662088394,0.022251879796385765,0.02364189177751541,,0.012420828454196453,0.027712684124708176,0.021931419149041176,0.021546484902501106,0.023389646783471107,0.02206272818148136,0.022101830691099167,0.022197090089321136,0.02225150540471077,0.022331546992063522,0.022310791537165642,0.022179141640663147,0.022112587466835976,0.02254346013069153,0.02521700970828533,0.02824161760509014,0.02354312501847744,0.023378269746899605,0.023745395243167877,0.02357328310608864,0.023673774674534798,0.023307574912905693,0.023055074736475945,0.02375706471502781,0.02388455905020237,0.02361373044550419,0.023188790306448936,0.02332451567053795,0.02412538416683674,0.02706693485379219,0.027137955650687218,0.023646151646971703,0.03405240550637245,0.033859968185424805,0.03393271937966347,0.03378686681389809,0.03386593982577324,0.024457190185785294,0.0238434299826622,0.023857057094573975,0.022665634751319885,0.021804915741086006,0.02223489060997963,0.024599570780992508,0.021223613992333412,0.02110688015818596,0.02193615771830082,0.026727519929409027,0.029375644400715828
caltech101_object_classification,0.007948325015604496,0.006848660763353109,0.006425667554140091,0.007867176085710526,0.007948976010084152,0.011761052533984184,0.020103879272937775,0.008607136085629463,0.0026699125301092863,0.016376757994294167,0.0,0.0009750762255862355,0.003854092676192522,0.003541163168847561,0.024171309545636177,0.024642307311296463,0.006931977346539497,0.006520616356283426,0.008149961940944195,0.006738274823874235,0.00672065420076251,0.00682029640302062,0.00680545624345541,0.006772469263523817,0.006813089828938246,0.00674445740878582,0.006787343882024288,0.0072622401639819145,0.007406751625239849,0.007339254952967167,0.013174162246286869,0.010654054582118988,0.01341992523521185,0.008893314749002457,0.008898819796741009,0.009373299777507782,0.008797246031463146,0.009466937743127346,0.008707712404429913,0.008644258603453636,0.009727543219923973,0.009345891885459423,0.009093228727579117,0.008684337139129639,0.009062553755939007,0.00980556569993496,0.012742966413497925,0.008874677121639252,0.012623962014913559,0.010076545178890228,0.018851017579436302,0.013977812603116035,0.007683734409511089,0.01910221017897129,0.019205613061785698,0.018864372745156288,0.01933085359632969,0.009220908395946026,0.008609412238001823,0.00861520878970623,0.014544887468218803,0.032050006091594696,0.008552443236112595,0.007395649794489145,0.007840292528271675,0.009889774955809116,0.0067354366183280945,0.0069888499565422535,0.007633236236870289,0.011292895302176476,0.01461714506149292,0.007901561446487904,0.007098001427948475,0.006579500623047352,0.007821224629878998,0.01966681145131588,0.008576733991503716,0.01565415970981121,0.003950973507016897,0.02423059195280075,0.00692758010700345,0.0064094169065356255,0.008280632086098194,0.006763936020433903,0.006765316240489483,0.006872683763504028,0.006879147607833147,0.006931341253221035,0.006926459725946188,0.006796759553253651,0.006764618679881096,0.007642001379281282,0.013018027879297733,0.013460857793688774,0.009060196578502655,0.008997711353003979,0.009428508579730988,0.009038015268743038,0.009424939751625061,0.008859739638864994,0.008587636984884739,0.009462665766477585,0.009518996812403202,0.009273398667573929,0.008650673553347588,0.00896840263158083,0.009859840385615826,0.012671655043959618,0.012688028626143932,0.01019112579524517,0.019229477271437645,0.019024787470698357,0.019116854295134544,0.018961584195494652,0.0190325528383255,0.009134767577052116,0.00870849471539259,0.008647849783301353,0.008593888022005558,0.007178605068475008,0.007797693833708763,0.009877336211502552,0.006738573312759399,0.007195361889898777,0.007639150135219097,0.011424942873418331,0.014321316964924335
caltech256_object_classification,0.007403048686683178,0.006188984960317612,0.005785626824945211,0.007192427292466164,0.00740031385794282,0.011308134533464909,0.020182916894555092,0.007965950295329094,0.0023114692885428667,0.01612982153892517,0.0009750762255862355,0.0,0.003549871500581503,0.003220390295609832,0.024157337844371796,0.024571508169174194,0.006309492513537407,0.0059318505227565765,0.007585268933326006,0.006036441307514906,0.005968960002064705,0.006067509762942791,0.006047425791621208,0.006018460728228092,0.006058433558791876,0.005986829288303852,0.006035769823938608,0.006790451239794493,0.006712749134749174,0.00683225691318512,0.01303954515606165,0.010208052583038807,0.012805541977286339,0.008099490776658058,0.008125106804072857,0.00861515011638403,0.008011621423065662,0.008711643517017365,0.007922128774225712,0.00785986240953207,0.008975982666015625,0.008576208725571632,0.008329418487846851,0.00790154654532671,0.008300742134451866,0.009056772105395794,0.011953264474868774,0.008333621546626091,0.011828097514808178,0.009707996621727943,0.018135370686650276,0.013186159543693066,0.007040867581963539,0.018384026363492012,0.018488172441720963,0.018145332112908363,0.01861325465142727,0.008620379492640495,0.008014868013560772,0.008032157085835934,0.014062262140214443,0.0312701091170311,0.007733978796750307,0.006595131009817123,0.00705723138526082,0.009170718491077423,0.005898128729313612,0.006201580166816711,0.006829266436398029,0.01078780461102724,0.013878164812922478,0.007364808581769466,0.00635155476629734,0.0059378910809755325,0.007133861072361469,0.019744161516427994,0.007945176213979721,0.015407225117087364,0.003646573517471552,0.024218637496232986,0.006315863691270351,0.005822694860398769,0.007705021183937788,0.006063107401132584,0.0060068778693675995,0.0061182901263237,0.006114028859883547,0.006174542475491762,0.006173812318593264,0.0060511184856295586,0.006007755175232887,0.006942881271243095,0.012877820990979671,0.012844899669289589,0.008271832019090652,0.008223476819694042,0.00866555143147707,0.008244996890425682,0.008674787357449532,0.008073760196566582,0.007803000044077635,0.008705317974090576,0.008751384913921356,0.008509835228323936,0.007862243801355362,0.00820887926965952,0.009111532010138035,0.011882228776812553,0.01189389731734991,0.00982452929019928,0.01851862668991089,0.018306976184248924,0.018395671620965004,0.01824403740465641,0.018313825130462646,0.008524828590452671,0.00811318401247263,0.008067377842962742,0.007777691353112459,0.006377759855240583,0.007015577517449856,0.009163822047412395,0.005899770651012659,0.00640835240483284,0.0068420530296862125,0.010921820998191833,0.013580081053078175
cifar10_object_classification,0.010334580205380917,0.009193748235702515,0.008806555531919003,0.010270166210830212,0.010190813802182674,0.013803532347083092,0.019203757867217064,0.010852915234863758,0.0044558425433933735,0.012480409815907478,0.003854092676192522,0.003549871500581503,0.0,0.0010381423635408282,0.023288777098059654,0.02363917976617813,0.009203777648508549,0.008893921039998531,0.010483494028449059,0.008932480588555336,0.008954047225415707,0.009060055948793888,0.009033272042870522,0.009013722650706768,0.009041570127010345,0.008972516283392906,0.009024331346154213,0.009450972080230713,0.009816853329539299,0.009120268747210503,0.015199252404272556,0.012873155064880848,0.01633208803832531,0.010882269591093063,0.010856217704713345,0.011329020373523235,0.010784480720758438,0.011418377049267292,0.010695102624595165,0.010622494854032993,0.011690350249409676,0.011335929855704308,0.011080005206167698,0.010685784742236137,0.011037547141313553,0.011785877868533134,0.014995462261140347,0.010936925187706947,0.014867408201098442,0.012601910158991814,0.02164069190621376,0.016176551580429077,0.01010520476847887,0.02188984677195549,0.021993624046444893,0.02165026031434536,0.022117339074611664,0.011896932497620583,0.011250129900872707,0.011272038333117962,0.016333775594830513,0.034795619547367096,0.011112569831311703,0.009854461997747421,0.010555282235145569,0.012388874776661396,0.009412026032805443,0.009661966934800148,0.010270640254020691,0.013845794834196568,0.01728111319243908,0.010287894867360592,0.009318421594798565,0.008954758755862713,0.010208405554294586,0.0187684353441,0.010838380083441734,0.011790044605731964,,0.023333275690674782,0.009199816733598709,0.00879267044365406,0.010603890754282475,0.008960903622210026,0.008985798805952072,0.00909879244863987,0.00909794494509697,0.009149868972599506,0.009173481725156307,0.009044552221894264,0.008997110649943352,0.010054200887680054,0.01502507459372282,0.016380280256271362,0.011051727458834648,0.010949915274977684,0.01138862781226635,0.011025490239262581,0.011381182819604874,0.010839887894690037,0.010577796027064323,0.01142198871821165,0.011507738381624222,0.011254334822297096,0.010643037036061287,0.01093991007655859,0.011845458298921585,0.014924257062375546,0.014933457598090172,0.01271231472492218,0.022026726976037025,0.021815069019794464,0.021901020780205727,0.021745963022112846,0.021827174350619316,0.011795248836278915,0.01134506892412901,0.011330490931868553,0.011151822283864021,0.009652511216700077,0.010521329008042812,0.012385883368551731,0.009416431188583374,0.009864437393844128,0.010295462794601917,0.013979570008814335,0.016970915719866753
