,lapgyn4_anatomical_structures,lapgyn4_surgical_actions,lapgyn4_instrument_count,lapgyn4_anatomical_actions,sklin2_skin_lesions,identify_nbi_infframes,laryngeal_tissues,nerthus_bowel_cleansing_quality,stanford_dogs_image_categorization,svhn,caltech101_object_classification,caltech256_object_classification,cifar10_object_classification,cifar100_object_classification,mnist_digit_classification,emnist_digit_classification,hyperkvasir_anatomical-landmarks,hyperkvasir_pathological-findings,hyperkvasir_quality-of-mucosal-views,hyperkvasir_therapeutic-interventions,cholec80_grasper_presence,cholec80_bipolar_presence,cholec80_hook_presence,cholec80_scissors_presence,cholec80_clipper_presence,cholec80_irrigator_presence,cholec80_specimenbag_presence,derm7pt_skin_lesions,idle_action_recognition,barretts_esophagus_diagnosis,brain_tumor_classification,mednode_melanoma_classification,brain_tumor_type_classification,chexpert_enlarged_cardiomediastinum,chexpert_cardiomegaly,chexpert_lung_opacity,chexpert_lung_lesion,chexpert_edema,chexpert_consolidation,chexpert_pneumonia,chexpert_atelectasis,chexpert_pneumothorax,chexpert_pleural_effusion,chexpert_pleural_other,chexpert_fracture,chexpert_support_devices,pneumonia_classification,ph2-melanocytic-lesions-classification,covid_xray_classification,isic20_melanoma_classification,deep_drid_dr_level,shenzen_chest_xray_tuberculosis,crawled_covid_ct_classification,deep_drid_quality,deep_drid_clarity,deep_drid_field,deep_drid_artifact,kvasir_capsule_anatomy,kvasir_capsule_content,kvasir_capsule_pathologies,breast_cancer_classification_v2,eye_condition_classification,mura_xr_wrist,mura_xr_shoulder,mura_xr_humerus,mura_xr_hand,mura_xr_forearm,mura_xr_finger,mura_xr_elbow,bean_plant_disease_classification,aptos19_blindness_detection,lapgyn4_anatomical_structures --shrink_train 800,lapgyn4_surgical_actions --shrink_train 800,lapgyn4_instrument_count --shrink_train 800,lapgyn4_anatomical_actions --shrink_train 800,laryngeal_tissues --shrink_train 800,nerthus_bowel_cleansing_quality --shrink_train 800,svhn --shrink_train 800,cifar10_object_classification --shrink_train 800,mnist_digit_classification --shrink_train 800,hyperkvasir_anatomical-landmarks --shrink_train 800,hyperkvasir_pathological-findings --shrink_train 800,hyperkvasir_quality-of-mucosal-views --shrink_train 800,hyperkvasir_therapeutic-interventions --shrink_train 800,cholec80_grasper_presence --shrink_train 800,cholec80_bipolar_presence --shrink_train 800,cholec80_hook_presence --shrink_train 800,cholec80_scissors_presence --shrink_train 800,cholec80_clipper_presence --shrink_train 800,cholec80_irrigator_presence --shrink_train 800,cholec80_specimenbag_presence --shrink_train 800,idle_action_recognition --shrink_train 800,brain_tumor_classification --shrink_train 800,brain_tumor_type_classification --shrink_train 800,chexpert_enlarged_cardiomediastinum --shrink_train 800,chexpert_cardiomegaly --shrink_train 800,chexpert_lung_opacity --shrink_train 800,chexpert_lung_lesion --shrink_train 800,chexpert_edema --shrink_train 800,chexpert_consolidation --shrink_train 800,chexpert_pneumonia --shrink_train 800,chexpert_atelectasis --shrink_train 800,chexpert_pneumothorax --shrink_train 800,chexpert_pleural_effusion --shrink_train 800,chexpert_pleural_other --shrink_train 800,chexpert_fracture --shrink_train 800,chexpert_support_devices --shrink_train 800,pneumonia_classification --shrink_train 800,covid_xray_classification --shrink_train 800,isic20_melanoma_classification --shrink_train 800,deep_drid_dr_level --shrink_train 800,deep_drid_quality --shrink_train 800,deep_drid_clarity --shrink_train 800,deep_drid_field --shrink_train 800,deep_drid_artifact --shrink_train 800,kvasir_capsule_anatomy --shrink_train 800,kvasir_capsule_content --shrink_train 800,kvasir_capsule_pathologies --shrink_train 800,mura_xr_wrist --shrink_train 800,mura_xr_shoulder --shrink_train 800,mura_xr_humerus --shrink_train 800,mura_xr_hand --shrink_train 800,mura_xr_forearm --shrink_train 800,mura_xr_finger --shrink_train 800,mura_xr_elbow --shrink_train 800,bean_plant_disease_classification --shrink_train 800,aptos19_blindness_detection --shrink_train 800
lapgyn4_anatomical_structures,0.0,0.00010062874935101718,0.00010045366798294708,0.00010065331298392266,0.00010111359733855352,0.00010019709588959813,9.967001096811146e-05,0.00010056236351374537,9.991228580474854e-05,9.971167310141027e-05,0.00010002352064475417,0.0001000201009446755,0.0001002222197712399,0.00010009045945480466,9.969764505513012e-05,9.975153807317838e-05,0.00010026239033322781,0.00010036111780209467,0.00010058707994176075,0.00010078377817990258,0.00010042230132967234,0.00010052997095044702,0.00010056702012661844,0.00010054600716102868,0.00010046538955066353,0.00010060678323497996,0.00010043726797448471,0.00010043136717285961,0.00010052442667074502,0.00010095616016769782,9.972540283342823e-05,0.00010124946129508317,0.00010009556717704982,0.00010050857963506132,0.00010045402450487018,0.00010046818351838738,0.00010056421888293698,0.00010048174590338022,0.0001004489604383707,0.00010052115976577625,0.00010050473065348342,0.00010050630226032808,0.00010032999125542119,0.00010040131746791303,0.00010047780233435333,0.00010042085341410711,0.00010036815365310758,0.00010139846563106403,0.00010042553185485303,9.976956789614633e-05,0.00010006139928009361,0.00010114487668033689,0.00010073288285639137,0.00010009563266066834,0.00010005359217757359,0.00010010159166995436,0.00010010050755226985,0.00010041579662356526,0.00010032646241597831,0.00010033078433480114,0.00010044682858278975,0.00010032515274360776,0.00010032217687694356,0.00010055815801024437,0.00010047875548480079,0.00010046186798717827,0.00010046322859125212,0.00010047489195130765,0.00010026675590779632,0.00010028133692685515,0.00010009880497818813,,0.00010055756865767762,0.00010075973841594532,0.000100730438134633,9.967880032490939e-05,0.00010066317918244749,0.00010009492689277977,0.0001005840313155204,0.00010002542694564909,0.00010071086580865085,0.00010059488704428077,0.00010074353485833853,0.00010080753418151289,0.00010086882684845477,0.0001008270337479189,0.00010082990047521889,0.0001008455001283437,0.00010098505299538374,0.00010096098412759602,0.00010077359911520034,0.00010063249646918848,0.00010001711780205369,0.00010039833432529122,0.00010071934229927137,0.00010079626372316852,0.00010066163667943329,0.00010067265247926116,0.00010078304330818355,0.0001007524406304583,0.00010065592505270615,0.00010065216338261962,0.00010068714618682861,0.00010072867735289037,0.00010074743477161974,0.00010069318523164839,0.00010061694047180936,0.00010061353532364592,0.00010054503218270838,9.990310354623944e-05,0.00010016016312874854,0.00010019526234827936,0.00010014057625085115,0.00010022532660514116,0.00010029071563621983,0.00010079093772219494,0.00010068997653434053,0.00010055008169729263,0.00010053495498141274,0.00010073507291963324,0.00010055715392809361,0.00010066014510812238,0.00010063036461360753,0.00010049012780655175,0.00010048768308479339,0.00010027004464063793,0.00010037680476671085
lapgyn4_surgical_actions,0.00010062874935101718,0.0,0.00010075052705360577,0.00010095017205458134,0.0001014104564092122,0.00010049395496025681,9.996687003877014e-05,0.00010085922258440405,0.00010020914487540722,0.00010000853217206895,0.00010032037971541286,0.00010031696001533419,0.00010051907884189859,0.00010038731852546334,9.999450412578881e-05,0.00010004839714383706,0.0001005592494038865,0.00010065797687275335,0.00010088393901241943,0.00010108063725056127,0.00010071916040033102,0.0001008268300211057,0.00010086387919727713,0.00010084286623168737,0.00010076224862132221,0.00010090364230563864,0.0001007341270451434,0.00010072822624351829,0.0001008212857414037,0.0001012530192383565,0.00010002226190408692,0.00010154632036574185,0.0001003924262477085,0.00010080543870572001,0.00010075088357552886,0.00010076504258904606,0.00010086107795359567,0.0001007786049740389,0.00010074581950902939,0.00010081801883643493,0.0001008015897241421,0.00010080316133098677,0.00010062685032607988,0.00010069817653857172,0.00010077466140501201,0.0001007177124847658,0.00010066501272376627,0.00010169532470172271,0.00010072239092551172,0.00010006642696680501,0.0001003582583507523,0.00010144173575099558,0.00010102974192705005,0.00010039249173132703,0.00010035045124823228,0.00010039845074061304,0.00010039736662292853,0.00010071265569422394,0.000100623321486637,0.00010062764340545982,0.00010074368765344843,0.00010062201181426644,0.00010061903594760224,0.00010085501708090305,0.00010077561455545947,0.00010075872705783695,0.0001007600876619108,0.00010077175102196634,0.00010056361497845501,0.00010057819599751383,0.00010039566404884681,0.00010080843640025705,,0.000101056597486604,0.00010102729720529169,9.997565939556807e-05,0.00010096003825310618,0.00010039178596343845,0.00010088089038617909,0.00010032228601630777,0.00010100772487930954,0.00010089174611493945,0.00010104039392899722,0.00010110439325217158,0.00010116568591911346,0.00010112389281857759,0.00010112675954587758,0.00010114235919900239,0.00010128191206604242,0.0001012578431982547,0.00010107045818585902,0.00010092935553984717,0.00010031397687271237,0.0001006951933959499,0.00010101620136993006,0.0001010931227938272,0.00010095849575009197,0.00010096951154991984,0.00010107990237884223,0.00010104929970111698,0.00010095278412336484,0.0001009490224532783,0.0001009840052574873,0.00010102553642354906,0.00010104429384227842,0.00010099004430230707,0.00010091379954246804,0.0001009103943943046,0.00010084189125336707,0.00010019996261689812,0.00010045702219940722,0.00010049212141893804,0.00010043743532150984,0.00010052218567579985,0.00010058757470687851,0.00010108779679285362,0.00010098683560499921,0.00010084694076795131,0.00010083181405207142,0.00010103193199029192,0.0001008540129987523,0.00010095700417878106,0.00010092722368426621,0.00010078698687721044,0.00010078454215545207,0.00010056690371129662,0.00010067366383736953
lapgyn4_instrument_count,0.00010045366798294708,0.00010075052705360577,0.0,0.00010077509068651125,0.0001012353750411421,0.00010031888086814433,9.979179594665766e-05,0.00010068414849229157,0.00010003405623137951,9.983345807995647e-05,0.00010014529834734276,0.00010014188592322171,0.0001003439974738285,0.00010021223715739325,9.981942275771871e-05,9.987331577576697e-05,0.0001003841680358164,0.00010048289550468326,0.00010070885764434934,0.00010090555588249117,0.00010054407903226092,0.000100651741377078,0.00010068880510516465,0.00010066778486361727,0.00010058716725325212,0.00010072856093756855,0.0001005590456770733,0.00010055315215140581,0.00010064619709737599,0.0001010779378702864,9.984718053601682e-05,0.00010137123899767175,0.0001002173448796384,0.0001006303500616923,0.00010057579493150115,0.00010058996122097597,0.00010068599658552557,0.0001006035236059688,0.00010057073814095929,0.00010064293746836483,0.00010062650835607201,0.00010062807996291667,0.00010045176895800978,0.00010052310244645923,0.00010059958003694192,0.0001005426311166957,0.00010048993135569617,0.00010152024333365262,0.00010054731683339924,9.989134559873492e-05,0.0001001831769826822,0.0001012666616588831,0.00010085466055897996,0.00010021741036325693,0.00010017536988016218,0.00010022336937254295,0.00010022228525485843,0.00010053757432615384,0.0001004482401185669,0.00010045256931334734,0.00010056860628537834,0.00010044692317023873,0.00010044395457953215,0.00010067993571283296,0.00010060053318738937,0.00010058365296572447,0.0001005850062938407,0.00010059666237793863,0.00010038853361038491,0.00010040312190540135,0.00010022058268077672,0.00010063336230814457,0.00010067934636026621,,0.00010085221583722159,9.980058530345559e-05,0.00010078494960907847,0.00010021670459536836,0.00010070580174215138,0.00010014719737228006,0.00010083263623528183,0.00010071667202282697,0.00010086530528496951,0.0001009293191600591,0.00010099059727508575,0.00010094881145050749,0.00010095167817780748,0.00010096727783093229,0.00010110683797392994,0.000101082754554227,0.00010089536954183131,0.00010075427417177707,0.00010013890278059989,0.00010052011930383742,0.00010084112000185996,0.00010091804142575711,0.00010078340710606426,0.00010079443018184975,0.00010090481373481452,0.00010087421105708927,0.00010077770275529474,0.00010077394836116582,0.00010080891661345959,0.00010085044777952135,0.00010086921247420833,0.00010081495565827936,0.00010073871817439795,0.00010073531302623451,0.00010066680988529697,0.00010002487397287041,0.00010028194083133712,0.00010031704005086794,0.00010026236122939736,0.00010034710430772975,0.00010041249333880842,0.00010091271542478353,0.00010081175423692912,0.0001006718521239236,0.00010065673268400133,0.00010085685062222183,0.0001006789316306822,0.00010078192281071097,0.0001007521350402385,0.00010061190550914034,0.00010060946078738198,0.00010039182234322652,0.00010049858246929944
lapgyn4_anatomical_actions,0.00010065331298392266,0.00010095017205458134,0.00010077509068651125,0.0,0.00010143502004211769,0.0001005185185931623,9.999143367167562e-05,0.00010088378621730953,0.0001002337085083127,0.00010003309580497444,0.00010034494334831834,0.00010034152364823967,0.00010054364247480407,0.00010041188215836883,0.00010001906775869429,0.00010007296077674255,0.00010058381303679198,0.00010068254050565884,0.00010090850264532492,0.00010110520088346675,0.0001007437240332365,0.00010085139365401119,0.00010088844283018261,0.00010086742986459285,0.0001007868122542277,0.00010092820593854412,0.00010075869067804888,0.00010075278987642378,0.00010084584937430918,0.00010127758287126198,0.0001000468255369924,0.00010157088399864733,0.00010041698988061398,0.00010083000233862549,0.00010077544720843434,0.00010078960622195154,0.00010088564158650115,0.00010080316860694438,0.00010077038314193487,0.00010084258246934041,0.00010082615335704759,0.00010082772496389225,0.00010065141395898536,0.0001007227401714772,0.0001007992250379175,0.00010074227611767128,0.00010068957635667175,0.0001017198883346282,0.0001007469545584172,0.0001000909905997105,0.00010038282198365778,0.00010146629938390106,0.00010105430555995554,0.00010041705536423251,0.00010037501488113776,0.00010042301437351853,0.00010042193025583401,0.00010073721932712942,0.00010064788511954248,0.0001006522070383653,0.00010076825128635392,0.00010064657544717193,0.00010064359958050773,0.00010087958071380854,0.00010080017818836495,0.00010078329069074243,0.00010078465129481629,0.00010079631465487182,0.00010058817861136049,0.00010060275963041931,0.0001004202276817523,0.00010083300003316253,0.00010087899136124179,0.00010108116111950949,,0.00010000022302847356,0.00010098460188601166,0.00010041634959634393,0.00010090545401908457,0.00010034684964921325,0.00010103228851221502,0.00010091630974784493,0.0001010649575619027,0.00010112895688507706,0.00010119024955201894,0.00010114845645148307,0.00010115132317878306,0.00010116692283190787,0.0001013064756989479,0.00010128240683116019,0.00010109502181876451,0.00010095391917275265,0.00010033854050561786,0.00010071975702885538,0.00010104076500283554,0.00010111768642673269,0.00010098305938299745,0.00010099407518282533,0.00010110446601174772,0.00010107386333402246,0.00010097734775627032,0.00010097358608618379,0.00010100856889039278,0.00010105010005645454,0.0001010688574751839,0.00010101460793521255,0.00010093836317537352,0.00010093495802721009,0.00010086645488627255,0.0001002245262498036,0.0001004815858323127,0.00010051668505184352,0.00010046199895441532,0.00010054674930870533,0.000100612138339784,0.00010111236042575911,0.0001010113992379047,0.00010087150440085679,0.0001008563776849769,0.0001010564956231974,0.00010087857663165778,0.00010098156781168655,0.00010095178731717169,0.00010081155051011592,0.00010080910578835756,0.0001005914673442021,0.00010069822747027501
sklin2_skin_lesions,0.00010111359733855352,0.0001014104564092122,0.0001012353750411421,0.00010143502004211769,0.0,0.00010097881022375077,0.0001004517253022641,0.000101344077847898,0.00010069398558698595,0.00010049338743556291,0.0001008052277029492,0.00010080181527882814,0.00010100392682943493,0.00010087216651299968,0.00010047935211332515,0.0001005332451313734,0.00010104409739142284,0.00010114282486028969,0.00010136878699995577,0.00010156548523809761,0.00010120400838786736,0.00010131167073268443,0.00010134873446077108,0.00010132771421922371,0.00010124709660885856,0.00010138849029317498,0.00010121897503267974,0.00010121308150701225,0.00010130612645298243,0.00010173786722589284,0.00010050710989162326,0.00010203116835327819,0.00010087727423524484,0.00010129027941729873,0.00010123572428710759,0.0001012498905765824,0.00010134592594113201,0.00010126345296157524,0.00010123066749656573,0.00010130286682397127,0.00010128643771167845,0.00010128800931852311,0.00010111169831361622,0.00010118303180206567,0.00010125950939254835,0.00010120256047230214,0.00010114986071130261,0.00010218017268925905,0.00010120724618900567,0.00010055127495434135,0.00010084310633828864,0.00010192659101448953,0.0001015145899145864,0.00010087733971886337,0.00010083529923576862,0.00010088329872814938,0.00010088221461046487,0.00010119750368176028,0.00010110816947417334,0.00010111249866895378,0.00010122853564098477,0.00010110685252584517,0.00010110388393513858,0.0001013398650684394,0.00010126046254299581,0.0001012435823213309,0.00010124493564944714,0.00010125659173354506,0.00010104846296599135,0.00010106305126100779,0.00010088051203638315,0.000101293291663751,0.00010133927571587265,0.00010154144547414035,0.00010151214519282803,0.00010046051465906203,0.0001014448789646849,0.00010087663395097479,0.00010136573109775782,0.0001008071267278865,0.00010149256559088826,0.0001013766013784334,0.00010152523464057595,0.00010158924851566553,0.00010165052663069218,0.00010160874080611393,0.00010161160753341392,0.00010162720718653873,0.00010176676732953638,0.00010174268390983343,0.00010155529889743775,0.0001014142035273835,0.00010079883213620633,0.00010118004865944386,0.0001015010493574664,0.00010157797078136355,0.0001014433364616707,0.00010145435953745618,0.00010156474309042096,0.0001015341404126957,0.00010143763211090118,0.00010143387771677226,0.00010146884596906602,0.00010151037713512778,0.00010152914182981476,0.0001014748850138858,0.00010139864753000438,0.00010139524238184094,0.00010132673924090341,0.00010068480332847685,0.00010094187018694356,0.00010097696940647438,0.0001009222905850038,0.00010100703366333619,0.00010107242269441485,0.00010157264478038996,0.00010147168359253556,0.00010133178147953004,0.00010131666203960776,0.00010151677997782826,0.00010133886098628864,0.0001014418521663174,0.00010141206439584494,0.00010127183486474678,0.00010126939014298841,0.00010105175169883296,0.00010115851182490587
identify_nbi_infframes,0.00010019709588959813,0.00010049395496025681,0.00010031888086814433,0.0001005185185931623,0.00010097881022375077,0.0,9.953522385330871e-05,0.00010042757639894262,9.977749141398817e-05,9.957688598660752e-05,9.988872625399381e-05,9.988531382987276e-05,0.00010008743265643716,9.99556650640443e-05,9.956285066436976e-05,9.961675095837563e-05,0.00010012759594246745,0.00010022633068729192,0.000100452292826958,0.00010064899106509984,0.00010028750693891197,0.00010039517655968666,0.0001004322330118157,0.00010041121277026832,0.00010033059515990317,0.00010047199612017721,0.00010030248085968196,0.00010029658005805686,0.00010038963227998465,0.00010082137305289507,9.959061571862549e-05,0.0001011146669043228,9.996077278628945e-05,0.00010037378524430096,0.00010031923011410981,0.00010033338912762702,0.00010042943176813424,0.00010034695151261985,0.00010031416604761034,0.0001003863726509735,0.00010036994353868067,0.00010037151514552534,0.00010019520414061844,0.00010026653035311028,0.00010034300794359297,0.00010028606629930437,0.00010023335926234722,0.00010126367851626128,0.00010029074474005029,9.963478078134358e-05,9.992660488933325e-05,0.00010101008956553414,0.00010059808846563101,9.99608455458656e-05,9.991880506277084e-05,9.9966797279194e-05,9.99657204374671e-05,0.0001002810022328049,0.00010019166802521795,0.00010019599721999839,0.000100312041467987,0.0001001903583528474,0.00010018738976214081,0.00010042336361948401,0.00010034396836999804,0.00010032708087237552,0.00010032844147644937,0.00010034009756054729,0.00010013196151703596,0.0001001465498120524,9.996401786338538e-05,0.00010037679021479562,0.00010042278154287487,0.00010062495130114257,0.00010059564374387264,9.954401321010664e-05,0.00010052838479168713,9.99601325020194e-05,0.00010044923692476004,9.989063255488873e-05,0.00010057607141789049,0.00010046009992947802,0.00010060874046757817,0.00010067274706671014,0.00010073403245769441,0.00010069223935715854,0.00010069510608445853,0.00010071070573758334,0.00010085026588058099,0.00010082618973683566,0.00010063880472443998,0.00010049770935438573,9.988233068725094e-05,0.00010026354721048847,0.00010058455518446863,0.00010066147660836577,0.00010052684228867292,0.0001005378580885008,0.00010064824891742319,0.00010061764623969793,0.0001005211379379034,0.00010051737626781687,0.00010055235179606825,0.00010059388296213001,0.00010061264038085938,0.00010055839084088802,0.00010048215335700661,0.00010047874820884317,0.00010041023779194802,9.976830915547907e-05,0.00010002536873798817,0.000100060467957519,0.0001000057891360484,0.0001000905322143808,0.00010015592852141708,0.00010065615060739219,0.00010055518941953778,0.00010041528730653226,0.00010040016786660999,0.00010060028580483049,0.00010042235953733325,0.00010052535799331963,0.00010049557022284716,0.00010035533341579139,0.00010035288869403303,0.00010013525024987757,0.0001002420176519081
laryngeal_tissues,9.967001096811146e-05,9.996687003877014e-05,9.979179594665766e-05,9.999143367167562e-05,0.0001004517253022641,9.953522385330871e-05,0.0,9.990049147745594e-05,9.92504064925015e-05,9.904980106512085e-05,9.936164133250713e-05,9.935822890838608e-05,9.956034773495048e-05,9.942858014255762e-05,9.903576574288309e-05,9.908966603688896e-05,9.960051102098078e-05,9.969924576580524e-05,9.992520790547132e-05,0.00010012190614361316,9.97604220174253e-05,9.986809163819999e-05,9.990514809032902e-05,9.988412784878165e-05,9.980351023841649e-05,9.994491119869053e-05,9.977539593819529e-05,9.976949513657019e-05,9.986254735849798e-05,0.0001002942881314084,9.906353079713881e-05,0.00010058758198283613,9.943368786480278e-05,9.984670032281429e-05,9.979214519262314e-05,9.980630420614034e-05,9.990234684664756e-05,9.981986659113318e-05,9.978708112612367e-05,9.985928772948682e-05,9.9842858617194e-05,9.984443022403866e-05,9.966811921913177e-05,9.973944543162361e-05,9.981592302210629e-05,9.975898137781769e-05,9.970627434086055e-05,0.0001007365935947746,9.976365981856361e-05,9.91076958598569e-05,9.939951996784657e-05,0.00010048300464404747,0.00010007100354414433,9.943376062437892e-05,9.939172014128417e-05,9.943971235770732e-05,9.943863551598042e-05,9.975391731131822e-05,9.966458310373127e-05,9.966891229851171e-05,9.978495654650033e-05,9.966327343136072e-05,9.966030484065413e-05,9.989627869799733e-05,9.981688344851136e-05,9.979999595088884e-05,9.98013565549627e-05,9.981301263906062e-05,9.960487659554929e-05,9.961946489056572e-05,9.94369329418987e-05,9.984970529330894e-05,9.98956966213882e-05,0.0001000978663796559,0.00010006855882238597,,0.00010000129987020046,9.943304758053273e-05,9.992215200327337e-05,9.936354763340205e-05,0.00010004898649640381,9.993301500799134e-05,0.0001000816555460915,0.00010014566214522347,0.00010020694753620774,0.00010016515443567187,0.00010016802116297185,0.00010018362081609666,0.00010032318095909432,0.00010029910481534898,0.0001001117198029533,9.997062443289906e-05,9.935524576576427e-05,9.973646228900179e-05,0.00010005747026298195,0.0001001343916868791,9.999975736718625e-05,0.00010001077316701412,0.00010012116399593651,0.00010009056131821126,9.999405301641673e-05,9.99902913463302e-05,0.00010002526687458158,0.00010006679804064333,0.0001000855554593727,0.00010003130591940135,9.995506843551993e-05,9.99516632873565e-05,9.988315287046134e-05,9.92412242339924e-05,9.94982838165015e-05,9.953338303603232e-05,9.947870421456173e-05,9.956344729289412e-05,9.96288435999304e-05,0.00010012906568590552,0.00010002810449805111,9.988820238504559e-05,9.987308294512331e-05,0.00010007320088334382,9.989527461584657e-05,9.999827307183295e-05,9.996848530136049e-05,9.982824849430472e-05,9.982580377254635e-05,9.96081653283909e-05,9.971493273042142e-05
nerthus_bowel_cleansing_quality,0.00010056236351374537,0.00010085922258440405,0.00010068414849229157,0.00010088378621730953,0.000101344077847898,0.00010042757639894262,9.990049147745594e-05,0.0,0.00010014275903813541,9.994215361075476e-05,0.00010025399387814105,0.00010025058145402,0.0001004527002805844,0.00010032093268819153,9.9928118288517e-05,9.998201858252287e-05,0.00010049286356661469,0.00010059159831143916,0.00010081756045110524,0.00010101425868924707,0.00010065277456305921,0.0001007604441838339,0.00010079750063596293,0.00010077648039441556,0.0001006958627840504,0.00010083726374432445,0.0001006677484838292,0.0001006618476822041,0.00010075489990413189,0.0001011866406770423,9.995588334277272e-05,0.00010147993452847004,0.00010032604041043669,0.0001007390528684482,0.00010068449773825705,0.00010069865675177425,0.00010079469939228147,0.00010071221913676709,0.00010067943367175758,0.00010075164027512074,0.00010073521116282791,0.00010073678276967257,0.00010056047176476568,0.00010063179797725752,0.0001007082755677402,0.0001006513339234516,0.00010059862688649446,0.00010162894614040852,0.00010065601236419752,0.00010000004840549082,0.00010029187251348048,0.00010137535718968138,0.00010096335608977824,0.00010032611317001283,0.00010028407268691808,0.00010033206490334123,0.00010033098806161433,0.00010064626985695213,0.00010055693564936519,0.00010056126484414563,0.00010067730909213424,0.00010055562597699463,0.00010055265738628805,0.00010078863124363124,0.00010070923599414527,0.00010069234849652275,0.0001006937091005966,0.00010070536518469453,0.0001004972291411832,0.00010051181743619964,0.00010032928548753262,0.00010074205783894286,0.00010078804916702211,0.00010099021892528981,0.00010096091136801988,9.990928083425388e-05,,0.00010032540012616664,0.00010081450454890728,0.00010025590017903596,0.00010094133904203773,0.00010082536755362526,0.00010097400809172541,0.00010103801469085738,0.00010109930008184165,0.00010105750698130578,0.00010106037370860577,0.00010107597336173058,0.00010121553350472823,0.0001011914573609829,0.00010100407234858721,0.00010086297697853297,0.00010024759831139818,0.0001006288148346357,0.00010094982280861586,0.00010102674423251301,0.00010089210991282016,0.00010090312571264803,0.00010101351654157043,0.00010098291386384517,0.00010088640556205064,0.00010088264389196411,0.00010091761942021549,0.00010095915058627725,0.00010097790800500661,0.00010092365846503526,0.00010084742098115385,0.00010084401583299041,0.00010077550541609526,0.00010013357677962631,0.00010039063636213541,0.00010042573558166623,0.00010037105676019564,0.00010045579983852804,0.00010052119614556432,0.00010102141823153943,0.00010092045704368502,0.0001007805549306795,0.00010076543549075723,0.00010096555342897773,0.00010078762716148049,0.00010089062561746687,0.0001008608378469944,0.00010072060103993863,0.00010071815631818026,0.00010050051787402481,0.00010060728527605534
stanford_dogs_image_categorization,9.991228580474854e-05,0.00010020914487540722,0.00010003405623137951,0.0001002337085083127,0.00010069398558698595,9.977749141398817e-05,9.92504064925015e-05,0.00010014275903813541,0.0,9.929206862580031e-05,9.960391616914421e-05,9.960049646906555e-05,9.980260801967233e-05,9.96708549791947e-05,9.927804057952017e-05,9.933192632161081e-05,9.984278585761786e-05,9.99415060505271e-05,0.00010016746819019318,0.00010036416642833501,0.00010000269685406238,0.00010011035919887945,0.00010014741565100849,0.00010012640268541873,0.00010004578507505357,0.00010018717148341238,0.00010001765622291714,0.00010001176269724965,0.00010010481491917744,0.00010053654841613024,9.930579108186066e-05,0.00010082985681947321,9.967596270143986e-05,0.00010008896788349375,0.0001000344127533026,0.00010004857904277742,0.00010014460713136941,0.00010006214142777026,0.00010002935596276075,0.00010010154801420867,0.00010008511890191585,0.00010008669050876051,9.991037950385362e-05,9.998171299230307e-05,0.00010005819785874337,0.00010000124166253954,9.994854917749763e-05,0.00010097885387949646,0.00010000592737924308,9.934995614457875e-05,9.964179480448365e-05,0.00010072527220472693,0.00010031327838078141,9.967602090910077e-05,9.963398042600602e-05,9.96819871943444e-05,9.968089580070227e-05,9.99961921479553e-05,9.990685794036835e-05,9.991117985919118e-05,0.00010002721683122218,9.990554099204019e-05,9.990256512537599e-05,0.00010013855353463441,0.00010005914373323321,0.00010004226351156831,0.00010004361683968455,0.00010005528019974008,9.984715143218637e-05,9.986173245124519e-05,9.967919322662055e-05,0.00010009197285398841,0.00010013795690611005,0.00010034012666437775,0.00010031083365902305,9.925919584929943e-05,0.00010024356743087992,9.967532241716981e-05,0.00010016441956395283,9.960581519408152e-05,0.00010029125405708328,0.00010017528256867081,0.00010032392310677096,0.00010038792970590293,0.0001004492150968872,0.00010040742927230895,0.00010041029599960893,0.00010042589565273374,0.00010056544851977378,0.00010054137237602845,0.00010035398736363277,0.00010021288471762091,9.959751332644373e-05,9.997872984968126e-05,0.0001002997305477038,0.00010037665197160095,0.00010024202492786571,0.0001002530480036512,0.00010036343155661598,0.00010033282887889072,0.00010023631330113858,0.00010023255890700966,0.00010026753443526104,0.0001003090656013228,0.00010032783029600978,0.00010027357348008081,0.00010019732872024179,0.00010019392357207835,0.00010012542770709842,9.948349179467186e-05,9.974055865313858e-05,9.97756578726694e-05,9.97209717752412e-05,9.98057221295312e-05,9.987110388465226e-05,0.00010037132597062737,0.00010027036478277296,0.00010013046994572505,0.00010011534322984517,0.00010031546116806567,0.00010013754945248365,0.0001002405333565548,0.00010021075286203995,0.0001000705233309418,0.00010006807860918343,9.985044016502798e-05,9.995719301514328e-05
svhn,9.971167310141027e-05,0.00010000853217206895,9.983345807995647e-05,0.00010003309580497444,0.00010049338743556291,9.957688598660752e-05,9.904980106512085e-05,9.994215361075476e-05,9.929206862580031e-05,0.0,9.940330346580595e-05,9.93998910416849e-05,9.96020098682493e-05,9.947024227585644e-05,9.90774278761819e-05,9.913132817018777e-05,9.964217315427959e-05,9.974090789910406e-05,9.996687003877014e-05,0.00010016356827691197,9.980208415072411e-05,9.99097537714988e-05,9.994681022362784e-05,9.992578998208046e-05,9.984517237171531e-05,9.998657333198935e-05,9.98170580714941e-05,9.9811157269869e-05,9.990420949179679e-05,0.00010033595026470721,9.910519293043762e-05,0.00010062924411613494,9.947534999810159e-05,9.98883624561131e-05,9.983380732592195e-05,9.984796633943915e-05,9.994400897994637e-05,9.986152872443199e-05,9.982874325942248e-05,9.990094986278564e-05,9.988452075049281e-05,9.988609235733747e-05,9.970978135243058e-05,9.978110756492242e-05,9.98575851554051e-05,9.98006435111165e-05,9.974793647415936e-05,0.00010077825572807342,9.980532195186242e-05,9.914935799315572e-05,9.944118210114539e-05,0.00010052466677734628,0.00010011266567744315,9.947542275767773e-05,9.943338227458298e-05,9.948137449100614e-05,9.948029764927924e-05,9.979557944461703e-05,9.970624523703009e-05,9.971057443181053e-05,9.982661867979914e-05,9.970493556465954e-05,9.970196697395295e-05,9.993794083129615e-05,9.985854558181018e-05,9.984165808418766e-05,9.984301868826151e-05,9.985467477235943e-05,9.96465387288481e-05,9.966112702386454e-05,9.947859507519752e-05,9.989136742660776e-05,9.993735875468701e-05,0.00010013952851295471,0.00010011022095568478,9.905859042191878e-05,0.00010004296200349927,,9.996381413657218e-05,9.940520976670086e-05,0.00010009064862970263,9.997467714129016e-05,0.00010012331767939031,0.00010018732427852228,0.00010024860966950655,0.00010020681656897068,0.00010020968329627067,0.00010022528294939548,0.00010036484309239313,0.0001003407669486478,0.00010015338193625212,0.00010001228656619787,9.939690789906308e-05,9.977812442230061e-05,0.00010009913239628077,0.00010017605382017791,0.00010004141950048506,0.00010005243530031294,0.00010016282612923533,0.00010013222345151007,0.00010003571514971554,0.00010003195347962901,0.00010006692900788039,0.00010010846017394215,0.00010012721759267151,0.00010007296805270016,9.999673056881875e-05,9.999332542065531e-05,9.992481500376016e-05,9.928288636729121e-05,9.953994594980031e-05,9.957504516933113e-05,9.952036634786054e-05,9.960510942619294e-05,9.967050573322922e-05,0.00010017072781920433,0.00010006976663134992,9.99298645183444e-05,9.991474507842213e-05,0.00010011486301664263,9.993693674914539e-05,0.00010003993520513177,0.0001000101474346593,9.986991062760353e-05,9.986746590584517e-05,9.964982746168971e-05,9.975659486372024e-05
caltech101_object_classification,0.00010002352064475417,0.00010032037971541286,0.00010014529834734276,0.00010034494334831834,0.0001008052277029492,9.988872625399381e-05,9.936164133250713e-05,0.00010025399387814105,9.960391616914421e-05,9.940330346580595e-05,0.0,9.971173130907118e-05,9.991385013563558e-05,9.978208981920034e-05,9.93892754195258e-05,9.944316843757406e-05,9.995402069762349e-05,0.00010005274816649035,0.00010027871030615643,0.00010047540854429826,0.00010011393169406801,0.0001002216013148427,0.00010025865049101412,0.00010023763752542436,0.00010015701991505921,0.00010029841359937564,0.00010012889833888039,0.00010012299753725529,0.00010021605703514069,0.0001006477905320935,9.941703319782391e-05,0.00010094109165947884,9.97871975414455e-05,0.000100200209999457,0.00010014565486926585,0.00010015981388278306,0.00010025584924733266,0.00010017337626777589,0.00010014059080276638,0.00010021279013017192,0.0001001963610178791,0.00010019793262472376,0.00010002162161981687,0.00010009294783230871,0.000100169432698749,0.00010011248377850279,0.00010005978401750326,0.0001010900959954597,0.00010011716221924871,9.9461198260542e-05,9.975302964448929e-05,0.00010083650704473257,0.00010042451322078705,9.978726302506402e-05,9.974522254196927e-05,9.979322203435004e-05,9.979213791666552e-05,0.00010010742698796093,0.00010001809278037399,0.00010002241469919682,0.00010013845894718543,0.00010001678310800344,0.00010001380724133924,0.00010024978837464005,0.00010017038584919646,0.00010015349835157394,0.0001001548589556478,0.00010016652231570333,9.9958386272192e-05,9.997296729125082e-05,9.97904353425838e-05,0.00010020320769399405,0.0001002491990220733,0.000100451368780341,0.00010042206849902868,9.937043068930507e-05,0.00010035480954684317,9.978655725717545e-05,0.00010027566167991608,9.971705731004477e-05,0.00010040249617304653,0.00010028651740867645,0.00010043516522273421,0.00010049916454590857,0.00010056045721285045,0.00010051866411231458,0.00010052153083961457,0.00010053713049273938,0.00010067668335977942,0.0001006526144919917,0.00010046522947959602,0.00010032412683358416,9.970874816644937e-05,0.0001000899646896869,0.00010041097266366705,0.0001004878940875642,0.00010035326704382896,0.00010036428284365684,0.00010047467367257923,0.00010044407099485397,0.00010034755541710183,0.0001003437937470153,0.00010037877655122429,0.00010042030771728605,0.00010043906513601542,0.00010038481559604406,0.00010030857083620504,0.0001003051656880416,0.00010023666254710406,9.959473391063511e-05,9.985179349314421e-05,9.988689271267503e-05,9.983220661524683e-05,9.991695696953684e-05,9.998234600061551e-05,0.00010048256808659062,0.00010038160689873621,0.0001002417120616883,0.00010022658534580842,0.00010042670328402892,0.00010024878429248929,0.00010035177547251806,0.0001003219949780032,0.00010018175817094743,0.00010017931344918907,9.996167500503361e-05,0.00010006843513110653
caltech256_object_classification,0.0001000201009446755,0.00010031696001533419,0.00010014188592322171,0.00010034152364823967,0.00010080181527882814,9.988531382987276e-05,9.935822890838608e-05,0.00010025058145402,9.960049646906555e-05,9.93998910416849e-05,9.971173130907118e-05,0.0,9.991043771151453e-05,9.977867011912167e-05,9.938585571944714e-05,9.9439756013453e-05,9.995060099754483e-05,0.0001000493357423693,0.00010027529788203537,0.00010047199612017721,0.00010011051199398935,0.00010021818161476403,0.00010025523806689307,0.0001002342178253457,0.00010015360021498054,0.00010029500117525458,0.00010012548591475934,0.00010011958511313424,0.00010021263733506203,0.00010064437810797244,9.941362077370286e-05,0.00010093767195940018,9.978377784136683e-05,0.00010019679029937834,0.00010014223516918719,0.00010015639418270439,0.00010025243682321161,0.00010016995656769723,0.00010013717110268772,0.00010020937770605087,0.00010019294859375805,0.00010019452020060271,0.00010001820919569582,0.00010008953540818766,0.00010016601299867034,0.00010010907135438174,0.0001000563643174246,0.00010108668357133865,0.00010011374979512766,9.945778583642095e-05,9.974960994441062e-05,0.00010083309462061152,0.00010042109352070838,9.978385060094297e-05,9.974181011784822e-05,9.978980233427137e-05,9.978872549254447e-05,0.00010010400728788227,0.00010001467308029532,0.00010001900227507576,0.00010013504652306437,0.00010001336340792477,0.00010001039481721818,0.00010024636867456138,0.00010016697342507541,0.00010015008592745289,0.00010015144653152674,0.00010016310261562467,9.995496657211334e-05,9.996955486712977e-05,9.978702291846275e-05,0.000100199795269873,0.00010024578659795225,0.00010044795635621995,0.00010041864879895002,9.936701826518402e-05,0.0001003513898467645,9.978313755709678e-05,0.00010027224197983742,9.97136376099661e-05,0.00010039907647296786,0.0001002831049845554,0.00010043174552265555,0.00010049575212178752,0.00010055703751277179,0.00010051524441223592,0.0001005181111395359,0.00010053371079266071,0.00010067327093565837,0.00010064919479191303,0.00010046180977951735,0.00010032071440946311,9.970533574232832e-05,0.00010008655226556584,0.000100407560239546,0.00010048448166344315,0.0001003498473437503,0.00010036086314357817,0.00010047125397250056,0.00010044065129477531,0.00010034414299298078,0.00010034038132289425,0.00010037535685114563,0.00010041688801720738,0.00010043564543593675,0.0001003813958959654,0.00010030515841208398,0.00010030175326392055,0.0001002332428470254,9.959131421055645e-05,9.984837379306555e-05,9.988347301259637e-05,9.982879419112578e-05,9.991353726945817e-05,9.997893357649446e-05,0.00010047915566246957,0.00010037819447461516,0.00010023829236160964,0.00010022317292168736,0.00010042329085990787,0.00010024536459241062,0.000100348363048397,0.00010031857527792454,0.00010017833847086877,0.0001001758937491104,9.995825530495495e-05,0.00010006502270698547
