,lapgyn4_anatomical_structures,lapgyn4_surgical_actions,lapgyn4_instrument_count,lapgyn4_anatomical_actions,sklin2_skin_lesions,identify_nbi_infframes,laryngeal_tissues,nerthus_bowel_cleansing_quality,stanford_dogs_image_categorization,svhn,caltech101_object_classification,caltech256_object_classification,cifar10_object_classification,cifar100_object_classification,mnist_digit_classification,emnist_digit_classification,hyperkvasir_anatomical-landmarks,hyperkvasir_pathological-findings,hyperkvasir_quality-of-mucosal-views,hyperkvasir_therapeutic-interventions,cholec80_grasper_presence,cholec80_bipolar_presence,cholec80_hook_presence,cholec80_scissors_presence,cholec80_clipper_presence,cholec80_irrigator_presence,cholec80_specimenbag_presence,derm7pt_skin_lesions,idle_action_recognition,barretts_esophagus_diagnosis,brain_tumor_classification,mednode_melanoma_classification,brain_tumor_type_classification,chexpert_enlarged_cardiomediastinum,chexpert_cardiomegaly,chexpert_lung_opacity,chexpert_lung_lesion,chexpert_edema,chexpert_consolidation,chexpert_pneumonia,chexpert_atelectasis,chexpert_pneumothorax,chexpert_pleural_effusion,chexpert_pleural_other,chexpert_fracture,chexpert_support_devices,pneumonia_classification,ph2-melanocytic-lesions-classification,covid_xray_classification,isic20_melanoma_classification,deep_drid_dr_level,shenzen_chest_xray_tuberculosis,crawled_covid_ct_classification,deep_drid_quality,deep_drid_clarity,deep_drid_field,deep_drid_artifact,kvasir_capsule_anatomy,kvasir_capsule_content,kvasir_capsule_pathologies,breast_cancer_classification_v2,eye_condition_classification,mura_xr_wrist,mura_xr_shoulder,mura_xr_humerus,mura_xr_hand,mura_xr_forearm,mura_xr_finger,mura_xr_elbow,bean_plant_disease_classification,aptos19_blindness_detection,lapgyn4_anatomical_structures --shrink_train 800,lapgyn4_surgical_actions --shrink_train 800,lapgyn4_instrument_count --shrink_train 800,lapgyn4_anatomical_actions --shrink_train 800,laryngeal_tissues --shrink_train 800,nerthus_bowel_cleansing_quality --shrink_train 800,svhn --shrink_train 800,cifar10_object_classification --shrink_train 800,mnist_digit_classification --shrink_train 800,hyperkvasir_anatomical-landmarks --shrink_train 800,hyperkvasir_pathological-findings --shrink_train 800,hyperkvasir_quality-of-mucosal-views --shrink_train 800,hyperkvasir_therapeutic-interventions --shrink_train 800,cholec80_grasper_presence --shrink_train 800,cholec80_bipolar_presence --shrink_train 800,cholec80_hook_presence --shrink_train 800,cholec80_scissors_presence --shrink_train 800,cholec80_clipper_presence --shrink_train 800,cholec80_irrigator_presence --shrink_train 800,cholec80_specimenbag_presence --shrink_train 800,idle_action_recognition --shrink_train 800,brain_tumor_classification --shrink_train 800,brain_tumor_type_classification --shrink_train 800,chexpert_enlarged_cardiomediastinum --shrink_train 800,chexpert_cardiomegaly --shrink_train 800,chexpert_lung_opacity --shrink_train 800,chexpert_lung_lesion --shrink_train 800,chexpert_edema --shrink_train 800,chexpert_consolidation --shrink_train 800,chexpert_pneumonia --shrink_train 800,chexpert_atelectasis --shrink_train 800,chexpert_pneumothorax --shrink_train 800,chexpert_pleural_effusion --shrink_train 800,chexpert_pleural_other --shrink_train 800,chexpert_fracture --shrink_train 800,chexpert_support_devices --shrink_train 800,pneumonia_classification --shrink_train 800,covid_xray_classification --shrink_train 800,isic20_melanoma_classification --shrink_train 800,deep_drid_dr_level --shrink_train 800,deep_drid_quality --shrink_train 800,deep_drid_clarity --shrink_train 800,deep_drid_field --shrink_train 800,deep_drid_artifact --shrink_train 800,kvasir_capsule_anatomy --shrink_train 800,kvasir_capsule_content --shrink_train 800,kvasir_capsule_pathologies --shrink_train 800,mura_xr_wrist --shrink_train 800,mura_xr_shoulder --shrink_train 800,mura_xr_humerus --shrink_train 800,mura_xr_hand --shrink_train 800,mura_xr_forearm --shrink_train 800,mura_xr_finger --shrink_train 800,mura_xr_elbow --shrink_train 800,bean_plant_disease_classification --shrink_train 800,aptos19_blindness_detection --shrink_train 800
lapgyn4_anatomical_structures,0.0,0.0021149993408471346,0.0021137164440006018,0.002113497583195567,0.002121505094692111,0.0021957869175821543,0.0021524992771446705,0.002114981645718217,0.0021141788456588984,0.002118731616064906,0.0021158927120268345,0.0021148156374692917,0.00211529154330492,0.0021151062101125717,0.002130534965544939,0.0021334579214453697,0.002115138340741396,0.0021148889791220427,0.002115388633683324,0.0021147464867681265,0.0021140296012163162,0.002115038223564625,0.0021136035211384296,0.0021149141248315573,0.002114490605890751,0.0021144775673747063,0.002114850329235196,0.002116880612447858,0.0021142205223441124,0.0021173162385821342,0.0021176962181925774,0.0021319540683180094,0.00211535207927227,0.002114508766680956,0.0021145781502127647,0.002114832168444991,0.0021138787269592285,0.0021144116763025522,0.0021143313497304916,0.002114408416673541,0.002114083617925644,0.0021144752390682697,0.002114910166710615,0.002115289680659771,0.002113876398652792,0.00211423821747303,0.0021142135374248028,0.0021178219467401505,0.0021150612737983465,0.0021164878271520138,0.002120847348123789,0.002113980706781149,0.002115096664056182,0.0021199092734605074,0.0021203362848609686,0.002121217083185911,0.0021206852979958057,0.002115104580298066,0.0021152659319341183,0.0021152980625629425,0.0021224268712103367,0.0021403091959655285,0.0021147311199456453,0.0021151737309992313,0.0021149665117263794,0.002115137642249465,0.0021148778032511473,0.0021152677945792675,0.0021139741875231266,0.00211514625698328,0.002116041723638773,,0.0021144060883671045,0.002114737406373024,0.002114421222358942,0.0021471951622515917,0.0021153483539819717,0.0021240287460386753,0.0021164831705391407,0.0021414505317807198,0.0021156673319637775,0.0021146959625184536,0.0021151378750801086,0.0021138773299753666,0.0021153551060706377,0.0021149280946701765,0.002114573959261179,0.0021143429912626743,0.0021144282072782516,0.0021145613864064217,0.002114042406901717,0.0021151709370315075,0.002119743963703513,0.0021162224002182484,0.002114858478307724,0.0021143362391740084,0.002114941831678152,0.0021135106217116117,0.0021140098106116056,0.0021142014302313328,0.002114488510414958,0.0021138647571206093,0.002114641247317195,0.0021149166859686375,0.002114715753123164,0.0021139762829989195,0.0021149558015167713,0.0021150207612663507,0.0021148319356143475,0.0021193893626332283,0.002121352357789874,0.002121696947142482,0.0021193567663431168,0.0021208564285188913,0.0021208806429058313,0.0021145849023014307,0.0021147122606635094,0.0021152705885469913,0.0021142782643437386,0.0021152100525796413,0.002115234499797225,0.002114292234182358,0.002114485250785947,0.00211523100733757,0.0021156335715204477,0.0021160796750336885,0.0021209155675023794
lapgyn4_surgical_actions,0.0021149993408471346,0.0,0.0021138268057256937,0.0021136044524610043,0.002121612662449479,0.0021959212608635426,0.0021526070777326822,0.0021150894463062286,0.0021142864134162664,0.002118839183822274,0.0021160002797842026,0.0021149232052266598,0.0021153991110622883,0.00211521377786994,0.002130642533302307,0.002133565489202738,0.0021152463741600513,0.0021149972453713417,0.0021154964342713356,0.0021148542873561382,0.0021141378674656153,0.00211514625698328,0.0021137113217264414,0.0021150223910808563,0.0021145986393094063,0.0021145856007933617,0.002114958595484495,0.002116988180205226,0.0021143280901014805,0.0021174238063395023,0.0021178037859499454,0.0021320616360753775,0.0021154596470296383,0.002114616334438324,0.002114685717970133,0.002114939736202359,0.0021139862947165966,0.0021145192440599203,0.0021144389174878597,0.002114515984430909,0.002114191185683012,0.002114582806825638,0.0021150177344679832,0.002115397248417139,0.00211398396641016,0.002114345785230398,0.002114321105182171,0.0021179295144975185,0.0021151688415557146,0.002116595860570669,0.002120954915881157,0.002114088274538517,0.00211520423181355,0.0021200168412178755,0.0021204438526183367,0.0021213246509432793,0.002120792865753174,0.0021152121480554342,0.0021153734996914864,0.0021154056303203106,0.0021225344389677048,0.0021404167637228966,0.0021148386877030134,0.0021152812987565994,0.0021150740794837475,0.002115245210006833,0.0021149853710085154,0.0021153753623366356,0.0021140817552804947,0.0021152538247406483,0.002116149291396141,0.0021192459389567375,,0.0021148473024368286,0.002114527625963092,0.0021473029628396034,0.0021154561545699835,0.0021241363137960434,0.002116590738296509,0.002141558099538088,0.0021157755982130766,0.0021148042287677526,0.0021152456756681204,0.0021139851305633783,0.002115463139489293,0.002115036128088832,0.002114682225510478,0.0021144510246813297,0.0021145360078662634,0.002114669419825077,0.0021141504403203726,0.0021152785047888756,0.0021198515314608812,0.0021163299679756165,0.002114966046065092,0.0021144438069313765,0.00211504939943552,0.00211361818946898,0.0021141173783689737,0.002114308997988701,0.002114596078172326,0.0021139723248779774,0.002114748815074563,0.0021150242537260056,0.0021148233208805323,0.0021140838507562876,0.0021150633692741394,0.002115128329023719,0.0021149395033717155,0.0021194973960518837,0.002121459925547242,0.00212180451489985,0.002119464334100485,0.0021209639962762594,0.0021209882106631994,0.002114692470058799,0.0021148198284208775,0.0021153781563043594,0.0021143858321011066,0.0021153176203370094,0.002115342067554593,0.002114399801939726,0.002114592818543315,0.0021153385750949383,0.002115741139277816,0.0021161872427910566,0.0021210231352597475
lapgyn4_instrument_count,0.0021137164440006018,0.0021138268057256937,0.0,0.0021123187616467476,0.0021203309297561646,0.002194639528170228,0.0021513253450393677,0.0021138074807822704,0.002113004680722952,0.0021175574511289597,0.002114718547090888,0.0021136412397027016,0.0021141173783689737,0.0021139318123459816,0.002129360567778349,0.0021322837565094233,0.002113964408636093,0.0021137152798473835,0.002114214701578021,0.0021135725546628237,0.002112854039296508,0.00211386289447546,0.0021124279592186213,0.002113739028573036,0.0021133150439709425,0.002113302005454898,0.002113675232976675,0.0021157062146812677,0.002113046357408166,0.0021161423064768314,0.0021165222860872746,0.002130779903382063,0.0021141781471669674,0.0021133346017450094,0.0021134039852768183,0.0021136580035090446,0.002112704562023282,0.0021132375113666058,0.002113157184794545,0.0021132342517375946,0.0021129094529896975,0.0021133010741323233,0.0021137362346053123,0.002114115282893181,0.002112702000886202,0.0021130640525370836,0.0021130393724888563,0.0021166475489735603,0.0021138871088624,0.0021153141278773546,0.0021196731831878424,0.0021128065418452024,0.0021139224991202354,0.002118735108524561,0.002119162119925022,0.0021200429182499647,0.002119511365890503,0.0021139304153621197,0.002114091766998172,0.002114123897626996,0.0021212527062743902,0.002139135031029582,0.002113556955009699,0.002113999566063285,0.002113792346790433,0.0021139634773135185,0.002113703638315201,0.0021140933968126774,0.002112800255417824,0.0021139720920473337,0.0021148675587028265,0.0021179625764489174,0.002113231224939227,,0.002113242633640766,0.002146021230146289,0.0021141741890460253,0.002122854581102729,0.002115309238433838,0.0021402763668447733,0.0021144933998584747,0.002113522030413151,0.002113963942974806,0.0021127033978700638,0.0021141800098121166,0.0021137529984116554,0.0021133986301720142,0.002113167429342866,0.0021132526453584433,0.0021133858244866133,0.002112867310643196,0.002113996772095561,0.0021185697987675667,0.002115048235282302,0.002113684080541134,0.002113162074238062,0.002113767433911562,0.0021123364567756653,0.002112835645675659,0.0021130270324647427,0.0021133143454790115,0.002112690592184663,0.0021134670823812485,0.0021137427538633347,0.0021135415881872177,0.002112802118062973,0.002113781403750181,0.0021138465963304043,0.0021136575378477573,0.0021182154305279255,0.0021201781928539276,0.0021205227822065353,0.0021181826014071703,0.002119682263582945,0.002119706477969885,0.0021134107373654842,0.0021135378628969193,0.002114096423611045,0.0021131038665771484,0.0021140361204743385,0.0021140603348612785,0.0021131178364157677,0.0021133110858500004,0.0021140568424016237,0.0021144594065845013,0.002114905510097742,0.002119741402566433
lapgyn4_anatomical_actions,0.002113497583195567,0.0021136044524610043,0.0021123187616467476,0.0,0.0021201069466769695,0.002194415545091033,0.0021511013619601727,0.0021135834977030754,0.002112780697643757,0.0021173334680497646,0.0021144943311810493,0.0021134172566235065,0.002113893162459135,0.0021137078292667866,0.002129136584699154,0.0021320595405995846,0.0021137408912181854,0.002113491762429476,0.0021139909513294697,0.0021133488044142723,0.0021126321516931057,0.002113640308380127,0.002112205605953932,0.0021135166753083467,0.0021130931563675404,0.0021130796521902084,0.0021134528797119856,0.0021154824644327164,0.0021128221414983273,0.0021159180905669928,0.002116298070177436,0.002130555920302868,0.0021139539312571287,0.0021131103858351707,0.0021131797693669796,0.0021134340204298496,0.0021124803461134434,0.0021130135282874107,0.0021129329688847065,0.0021130102686583996,0.0021126852370798588,0.0021130768582224846,0.0021135120186954737,0.002113891299813986,0.002112478017807007,0.002112839836627245,0.0021128151565790176,0.0021164235658943653,0.002113663125783205,0.0021150901447981596,0.0021194489672780037,0.0021125823259353638,0.0021136985160410404,0.002118511125445366,0.002118938136845827,0.002119818702340126,0.0021192871499806643,0.0021137064322829247,0.002113867551088333,0.0021138996817171574,0.0021210284903645515,0.0021389108151197433,0.002113332971930504,0.002113775350153446,0.0021135681308805943,0.0021137394942343235,0.0021134796552360058,0.0021138694137334824,0.002112576039507985,0.002113747876137495,0.002114643342792988,0.0021177439484745264,0.0021130088716745377,0.0021133392583578825,,0.00214579701423645,0.002113950438797474,0.00212263036519289,0.002115085022523999,0.0021400521509349346,0.002114269882440567,0.002113298512995243,0.002113739959895611,0.0021124794147908688,0.0021139574237167835,0.0021135304123163223,0.002113176276907325,0.0021129450760781765,0.0021130305249243975,0.002113163471221924,0.002112644724547863,0.0021137725561857224,0.0021183458156883717,0.0021148240193724632,0.002113460097461939,0.002112938091158867,0.002113543450832367,0.0021121124736964703,0.002112611662596464,0.0021128030493855476,0.0021130903623998165,0.002112466376274824,0.0021132430993020535,0.002113518537953496,0.0021133176051080227,0.002112578134983778,0.002113557420670986,0.0021136226132512093,0.0021134335547685623,0.0021179914474487305,0.0021199542097747326,0.0021202987991273403,0.0021179583854973316,0.00211945828050375,0.00211948249489069,0.002113186754286289,0.0021133138798177242,0.002113872207701206,0.0021128798834979534,0.0021138119045645,0.0021138363517820835,0.0021128938533365726,0.0021130871027708054,0.002113832626491785,0.0021142354235053062,0.002114681527018547,0.002119517419487238
sklin2_skin_lesions,0.002121505094692111,0.002121612662449479,0.0021203309297561646,0.0021201069466769695,0.0,0.0022024193312972784,0.0021591046825051308,0.002121587051078677,0.002120784018188715,0.0021253367885947227,0.002122497884556651,0.0021214205771684647,0.002121896715834737,0.0021217111498117447,0.002137139905244112,0.0021400630939751863,0.0021217439789325,0.0021214948501437902,0.002121994271874428,0.0021213521249592304,0.002120637334883213,0.002121645724400878,0.002120210323482752,0.0021215216256678104,0.0021210978738963604,0.0021210850682109594,0.002121458062902093,0.002123479964211583,0.002120825694873929,0.0021239216439425945,0.0021243016235530376,0.002138556446880102,0.0021219574846327305,0.0021211139392107725,0.0021211833227425814,0.0021214373409748077,0.002120483899489045,0.002121016848832369,0.0021209365222603083,0.0021210135892033577,0.0021206887904554605,0.0021210804115980864,0.0021215155720710754,0.002121894620358944,0.002120481338351965,0.0021208433900028467,0.0021208187099546194,0.0021244140807539225,0.002121666446328163,0.002123087178915739,0.002127452287822962,0.0021205858793109655,0.0021217018365859985,0.0021265142131596804,0.0021269412245601416,0.002127822022885084,0.0021272904705256224,0.0021217097528278828,0.002121871104463935,0.002121903235092759,0.0021290320437401533,0.002146914368495345,0.002121336292475462,0.002121778903529048,0.002121571684256196,0.0021217428147792816,0.002121482975780964,0.0021218727342784405,0.002120579592883587,0.002121751429513097,0.002122646663337946,0.0021257507614791393,0.002121016848832369,0.002121350960806012,0.0021210298873484135,0.002153800567612052,0.002121953759342432,0.002130633918568492,0.002123088575899601,0.0021480557043105364,0.0021222729701548815,0.0021213016007095575,0.0021217435132712126,0.0021204829681664705,0.002121962606906891,0.0021215351298451424,0.002121181460097432,0.0021209497936069965,0.002121035475283861,0.002121168887242675,0.0021206496749073267,0.002121776109561324,0.0021263491362333298,0.002122827572748065,0.002121463418006897,0.002120941411703825,0.002121546771377325,0.0021201157942414284,0.0021206149831414223,0.0021208063699305058,0.0021210936829447746,0.002120469929650426,0.0021212464198470116,0.0021215220913290977,0.002121320925652981,0.002120581455528736,0.0021215607412159443,0.0021216259337961674,0.0021214368753135204,0.0021259866189211607,0.002127957297489047,0.0021283018868416548,0.0021259617060422897,0.0021274613682180643,0.0021274855826050043,0.0021211900748312473,0.0021213172003626823,0.002121875761076808,0.0021208832040429115,0.0021218154579401016,0.0021218396723270416,0.0021208971738815308,0.0021210904233157635,0.002121836179867387,0.0021222387440502644,0.002122684847563505,0.0021275205072015524
identify_nbi_infframes,0.0021957869175821543,0.0021959212608635426,0.002194639528170228,0.002194415545091033,0.0022024193312972784,0.0,0.0022334002424031496,0.002195896115154028,0.0021950930822640657,0.0021996444556862116,0.002196806948632002,0.002195729874074459,0.0021962057799100876,0.002196020446717739,0.002211448736488819,0.00221437169238925,0.002196052810177207,0.002195803914219141,0.002196303103119135,0.0021956609562039375,0.002194945001974702,0.002195954555645585,0.0021945186890661716,0.0021958304569125175,0.0021953850518912077,0.002195393666625023,0.0021957668941468,0.002197794383391738,0.002195132663473487,0.002198230242356658,0.0021986064966768026,0.002212868072092533,0.0021962663158774376,0.0021954230032861233,0.002195492386817932,0.0021957464050501585,0.0021947927307337523,0.0021953259129077196,0.002195245586335659,0.0021953226532787085,0.0021949978545308113,0.002195389475673437,0.0021958244033157825,0.0021962039172649384,0.0021947906352579594,0.0021951524540781975,0.00219512777402997,0.002198735950514674,0.002195975510403514,0.002197401598095894,0.0022017615847289562,0.0021948949433863163,0.0021960109006613493,0.0022008235100656748,0.002201250521466136,0.0022021313197910786,0.002201599534600973,0.0021960188169032335,0.0021961801685392857,0.00219621229916811,0.0022033401764929295,0.002221223432570696,0.0021956453565508127,0.0021960879676043987,0.002195880748331547,0.0021960518788546324,0.0021957920398563147,0.002196182031184435,0.002194888424128294,0.0021960604935884476,0.0021969559602439404,0.002200028160586953,0.002195325680077076,0.002195659326389432,0.0021953389514237642,0.0022280975244939327,0.002196262823417783,0.0022049422841519117,0.002197397407144308,0.0022223643027246,0.0021965820342302322,0.002195610897615552,0.0021960523445159197,0.0021947917994111776,0.0021962712053209543,0.0021956448908895254,0.0021954900585114956,0.002195249777287245,0.0021953443065285683,0.0021954772528260946,0.0021949580404907465,0.002196073532104492,0.002200655872002244,0.0021971366368234158,0.0021957727149128914,0.0021952504757791758,0.0021958560682833195,0.002194424858316779,0.002194924047216773,0.0021951156668365,0.0021954027470201254,0.0021947789937257767,0.0021955554839223623,0.002195830922573805,0.0021956299897283316,0.002194890519604087,0.0021958700381219387,0.002195934997871518,0.002195746172219515,0.0022003031335771084,0.0022022665943950415,0.002202611183747649,0.002200271002948284,0.0022017706651240587,0.0022017948795109987,0.002195499138906598,0.0021956264972686768,0.0021961848251521587,0.002195192500948906,0.0021961242891848087,0.0021961487364023924,0.002195206470787525,0.0021953994873911142,0.002196145011112094,0.002196547808125615,0.002196993911638856,0.002201829804107547
laryngeal_tissues,0.0021524992771446705,0.0021526070777326822,0.0021513253450393677,0.0021511013619601727,0.0021591046825051308,0.0022334002424031496,0.0,0.0021525814663618803,0.002151778433471918,0.0021562508773058653,0.0021534922998398542,0.002152414992451668,0.0021528888028115034,0.002152700675651431,0.002168131759390235,0.0021710556466132402,0.0021527386270463467,0.002152489498257637,0.002152988687157631,0.0021523465402424335,0.002151631750166416,0.002152640139684081,0.002151204738765955,0.0021525160409510136,0.0021520922891795635,0.0021520794834941626,0.002152452478185296,0.0021544797345995903,0.002151819644495845,0.0021549160592257977,0.0021552948746830225,0.0021695534233003855,0.0021529518999159336,0.0021521083544939756,0.0021521777380257845,0.002152431756258011,0.002151477849110961,0.002152011264115572,0.0021519309375435114,0.002152008004486561,0.0021516832057386637,0.0021520748268812895,0.0021525099873542786,0.002152889035642147,0.002151475753635168,0.00215183780528605,0.0021518131252378225,0.0021554213017225266,0.0021526608616113663,0.002154086483642459,0.0021584469359368086,0.0021515802945941687,0.0021526962518692017,0.002157508861273527,0.0021579358726739883,0.002158816670998931,0.002158285118639469,0.002152704168111086,0.002152865519747138,0.0021528976503759623,0.002160026226192713,0.0021779087837785482,0.002152330707758665,0.002152773318812251,0.002152566099539399,0.0021527372300624847,0.002152477391064167,0.0021528671495616436,0.00215157400816679,0.0021527458447963,0.0021536413114517927,0.002156744943931699,0.002152011264115572,0.0021523453760892153,0.0021520243026316166,,0.002152948174625635,0.0021615696605294943,0.002154081594198942,0.0021790475584566593,0.0021532676182687283,0.0021522962488234043,0.0021527379285544157,0.0021514773834496737,0.002152957022190094,0.0021525295451283455,0.0021521758753806353,0.0021519442088901997,0.0021520298905670643,0.002152163302525878,0.00215164409019053,0.0021527705248445272,0.0021573423873633146,0.002153821988031268,0.0021524578332901,0.002151935826987028,0.002152541186660528,0.0021511102095246315,0.0021516093984246254,0.002151800785213709,0.0021520880982279778,0.002151464344933629,0.0021522408351302147,0.002152516506612301,0.002152315340936184,0.0021515758708119392,0.0021525551564991474,0.0021526203490793705,0.0021524312905967236,0.00215698778629303,0.002158951945602894,0.0021592965349555016,0.0021569563541561365,0.002158456016331911,0.002158480230718851,0.0021521844901144505,0.0021523116156458855,0.002152870176360011,0.0021518776193261147,0.0021528098732233047,0.0021528340876102448,0.002151891589164734,0.0021520848385989666,0.00215283059515059,0.0021532331593334675,0.0021536792628467083,0.002158515155315399
nerthus_bowel_cleansing_quality,0.002114981645718217,0.0021150894463062286,0.0021138074807822704,0.0021135834977030754,0.002121587051078677,0.002195896115154028,0.0021525814663618803,0.0,0.0021142608020454645,0.0021188135724514723,0.0021159746684134007,0.002114897593855858,0.0021153734996914864,0.002115188166499138,0.002130616921931505,0.002133539877831936,0.0021152186673134565,0.0021149693056941032,0.0021154230926185846,0.002114827511832118,0.002114113885909319,0.002115122275426984,0.0021136871073395014,0.0021149981766939163,0.0021145744249224663,0.0021145616192370653,0.002114934613928199,0.002116962568834424,0.002114302245900035,0.0021173981949687004,0.0021177781745791435,0.0021320360247045755,0.0021154340356588364,0.002114590723067522,0.002114660106599331,0.0021149141248315573,0.0021139606833457947,0.0021144936326891184,0.002114413306117058,0.0021144903730601072,0.00211416557431221,0.002114557195454836,0.0021149921230971813,0.002115371637046337,0.002113958355039358,0.0021143201738595963,0.002114295493811369,0.0021179039031267166,0.0021151432301849127,0.0021165702491998672,0.002120929304510355,0.002114062663167715,0.002115178620442748,0.0021199912298470736,0.0021204182412475348,0.0021212990395724773,0.002120767254382372,0.002115186071023345,0.0021153476554900408,0.002115379786118865,0.002122508827596903,0.0021403911523520947,0.0021148130763322115,0.0021152556873857975,0.0021150484681129456,0.002115219598636031,0.0021149597596377134,0.0021153497509658337,0.0021140561439096928,0.0021152282133698463,0.002116123680025339,0.002119227545335889,0.002114493865519762,0.002114827511832118,0.0021145069040358067,0.0021472773514688015,,0.0021241107024252415,0.002116565126925707,0.002141532488167286,0.002115747658535838,0.002114776289090514,0.0021151716355234385,0.0021139581222087145,0.002115438925102353,0.0021150116808712482,0.002114658011123538,0.002114426577463746,0.002114512026309967,0.0021146454382687807,0.0021141262259334326,0.00211525266058743,0.0021198259200900793,0.0021163043566048145,0.00211494043469429,0.0021144181955605745,0.0021150237880647182,0.002113592578098178,0.002114091766998172,0.002114283386617899,0.002114570466801524,0.0021139467135071754,0.002114723203703761,0.0021149986423552036,0.0021147977095097303,0.0021140582393854856,0.0021150377579033375,0.002115102717652917,0.0021149138920009136,0.0021194717846810818,0.0021214343141764402,0.002121778903529048,0.002119438722729683,0.0021209383849054575,0.0021209625992923975,0.0021146663930267096,0.002114793984219432,0.002115352312102914,0.0021143602207303047,0.0021152920089662075,0.002115316456183791,0.002114374190568924,0.002114567207172513,0.0021153129637241364,0.002115715527907014,0.0021161616314202547,0.0021209975238889456
stanford_dogs_image_categorization,0.0021141788456588984,0.0021142864134162664,0.002113004680722952,0.002112780697643757,0.002120784018188715,0.0021950930822640657,0.002151778433471918,0.0021142608020454645,0.0,0.00211801053956151,0.0021151716355234385,0.002114094328135252,0.002114570466801524,0.002114384900778532,0.0021298136562108994,0.0021327368449419737,0.002114417962729931,0.0021141688339412212,0.002114668022841215,0.0021140258759260178,0.0021133110858500004,0.0021143194753676653,0.002112884074449539,0.0021141953766345978,0.0021137716248631477,0.0021137588191777468,0.0021141318138688803,0.002116159535944462,0.0021134994458407164,0.002116595394909382,0.002116975374519825,0.0021312329918146133,0.002114631235599518,0.00211378769017756,0.0021138570737093687,0.002114111091941595,0.0021131576504558325,0.002113690599799156,0.0021136102732270956,0.002113687340170145,0.002113362541422248,0.0021137541625648737,0.0021141893230378628,0.0021145683713257313,0.0021131550893187523,0.002113517140969634,0.0021134924609214067,0.0021171006374061108,0.0021143401972949505,0.0021157674491405487,0.002120126271620393,0.002113259630277753,0.002114375587552786,0.0021191881969571114,0.0021196152083575726,0.002120496006682515,0.0021199644543230534,0.00211438350379467,0.0021145448554307222,0.0021145769860595465,0.0021217057947069407,0.0021395881194621325,0.0021140100434422493,0.0021144526544958353,0.0021142454352229834,0.002114416565746069,0.0021141567267477512,0.002114546485245228,0.0021132533438503742,0.002114425180479884,0.002115320647135377,0.0021184245124459267,0.002113690599799156,0.0021140247117727995,0.002113703638315201,0.0021464743185788393,0.0021146275103092194,0.0021233076695352793,0.0021157623268663883,0.0021407294552773237,0.0021149469539523125,0.0021139755845069885,0.002114417264238,0.002113156719133258,0.002114636357873678,0.0021142088808119297,0.0021138552110642195,0.002113623544573784,0.0021137092262506485,0.002113842638209462,0.002113323425874114,0.0021144498605281115,0.002119022887200117,0.0021155013237148523,0.0021141371689736843,0.0021136151626706123,0.0021142205223441124,0.0021127895452082157,0.0021132887341082096,0.002113480120897293,0.002113767433911562,0.0021131436806172132,0.002113920170813799,0.002114195842295885,0.002113994676619768,0.0021132552064955235,0.0021142344921827316,0.0021142996847629547,0.0021141106262803078,0.0021186687517911196,0.002120631281286478,0.0021209758706390858,0.0021186356898397207,0.0021201353520154953,0.0021201595664024353,0.0021138638257980347,0.0021139909513294697,0.0021145495120435953,0.002113556955009699,0.002114489208906889,0.002114513423293829,0.002113570924848318,0.002113764174282551,0.002114509930834174,0.0021149124950170517,0.0021153585985302925,0.0021201944909989834
svhn,0.002118731616064906,0.002118839183822274,0.0021175574511289597,0.0021173334680497646,0.0021253367885947227,0.0021996444556862116,0.0021562508773058653,0.0021188135724514723,0.00211801053956151,0.0,0.0021197244059294462,0.0021186470985412598,0.002119121141731739,0.002118932781741023,0.002134347101673484,0.002137272385880351,0.0021189707331359386,0.002118721604347229,0.002119220793247223,0.0021185786463320255,0.002117863856256008,0.002118872245773673,0.002117436844855547,0.0021187481470406055,0.0021183243952691555,0.0021183115895837545,0.002118684584274888,0.0021207123063504696,0.002118052216246724,0.0021211481653153896,0.0021215276792645454,0.002135785762220621,0.0021191840060055256,0.0021183404605835676,0.0021184098441153765,0.002118663862347603,0.0021177104208618402,0.002118243370205164,0.0021181630436331034,0.002118240110576153,0.0021179153118282557,0.0021183069329708815,0.0021187420934438705,0.002119121141731739,0.00211770785972476,0.002118069911375642,0.0021180452313274145,0.0021216534078121185,0.0021188929677009583,0.0021203202195465565,0.0021246790420264006,0.0021178124006837606,0.0021189283579587936,0.002123740967363119,0.0021241679787635803,0.002125048777088523,0.002124517224729061,0.002118936274200678,0.00211909762583673,0.0021191297564655542,0.0021262585651129484,0.0021441408898681402,0.002118562813848257,0.002119005424901843,0.002118798205628991,0.0021189693361520767,0.002118709497153759,0.0021190992556512356,0.002117806114256382,0.002118977950885892,0.0021198734175413847,0.0021229772828519344,0.002118243370205164,0.0021185774821788073,0.0021182564087212086,0.0021509674843400717,0.002119180280715227,,0.002120313001796603,0.0021452626679092646,0.0021194997243583202,0.0021185283549129963,0.0021189700346440077,0.0021177094895392656,0.002119189128279686,0.0021187616512179375,0.0021184079814702272,0.0021181763149797916,0.0021182619966566563,0.00211839540861547,0.002117876196280122,0.0021190026309341192,0.002123574959114194,0.00212005409412086,0.002118689939379692,0.00211816793307662,0.00211877329275012,0.0021173423156142235,0.0021178415045142174,0.002118032891303301,0.0021183202043175697,0.002117696451023221,0.0021184729412198067,0.002118748612701893,0.002118547447025776,0.0021178079769015312,0.0021187872625887394,0.0021188524551689625,0.0021186633966863155,0.0021232215221971273,0.002125184051692486,0.0021255286410450935,0.0021231884602457285,0.002124688122421503,0.002124712336808443,0.0021184165962040424,0.0021185437217354774,0.002119102282449603,0.0021181097254157066,0.0021190419793128967,0.0021190661936998367,0.002118123695254326,0.0021183169446885586,0.002119062701240182,0.0021194652654230595,0.0021199113689363003,0.002124747261404991
caltech101_object_classification,0.0021158927120268345,0.0021160002797842026,0.002114718547090888,0.0021144943311810493,0.002122497884556651,0.002196806948632002,0.0021534922998398542,0.0021159746684134007,0.0021151716355234385,0.0021197244059294462,0.0,0.0021157024893909693,0.0021162843331694603,0.002116098999977112,0.0021315275225788355,0.00213445071130991,0.002116131829097867,0.0021158827003091574,0.0021163818892091513,0.002115739742293954,0.0021150249522179365,0.0021160333417356014,0.002114598173648119,0.002115909243002534,0.002115485491231084,0.002115472685545683,0.0021158456802368164,0.002117873402312398,0.0021152133122086525,0.0021183090284466743,0.002118688775226474,0.0021329468581825495,0.0021163448691368103,0.002115501556545496,0.002115570940077305,0.002115824958309531,0.0021148715168237686,0.0021154044661670923,0.0021153241395950317,0.002115401206538081,0.002115076407790184,0.00211546802893281,0.0021159029565751553,0.002116282470524311,0.002114869188517332,0.00211523100733757,0.002115206327289343,0.0021188147366046906,0.0021160540636628866,0.002117481082677841,0.002121840137988329,0.002114973496645689,0.002116089453920722,0.0021209020633250475,0.0021213290747255087,0.0021222098730504513,0.002121678087860346,0.0021160973701626062,0.0021162587217986584,0.0021162908524274826,0.002123419661074877,0.0021413019858300686,0.0021157239098101854,0.0021161665208637714,0.0021159593015909195,0.002116130432114005,0.0021158705931156874,0.0021162605844438076,0.0021149669773876667,0.0021161390468478203,0.002117034513503313,0.0021201386116445065,0.002115404698997736,0.0021157385781407356,0.0021154177375137806,0.0021481881849467754,0.0021163413766771555,0.0021250215359032154,0.002117475727573037,0.002142443088814616,0.0021166610531508923,0.0021156896837055683,0.002116131130605936,0.002114870585501194,0.0021163499914109707,0.002115922747179866,0.0021155690774321556,0.0021153376437723637,0.0021154230926185846,0.0021155565045773983,0.00211503729224205,0.0021161637268960476,0.0021207365207374096,0.0021172151900827885,0.002115851268172264,0.0021153290290385485,0.002115934621542692,0.002114503411576152,0.0021150026004761457,0.002115194220095873,0.002115481300279498,0.0021148575469851494,0.002115634037181735,0.0021159094758331776,0.0021157085429877043,0.0021149690728634596,0.0021159485913813114,0.002116013551130891,0.0021158247254788876,0.0021203826181590557,0.002122345147654414,0.002122689737007022,0.002120349556207657,0.0021218492183834314,0.0021218734327703714,0.002115577692165971,0.0021157050505280495,0.0021162633784115314,0.0021152710542082787,0.0021162028424441814,0.002116227289661765,0.002115285024046898,0.002115478040650487,0.0021162237972021103,0.002116626361384988,0.0021170724648982286,0.0021219083573669195
caltech256_object_classification,0.0021148156374692917,0.0021149232052266598,0.0021136412397027016,0.0021134172566235065,0.0021214205771684647,0.002195729874074459,0.002152414992451668,0.002114897593855858,0.002114094328135252,0.0021186470985412598,0.0021157024893909693,0.0,0.0021152072586119175,0.0021150216925889254,0.0021304504480212927,0.002133373636752367,0.0021150545217096806,0.002114805392920971,0.002115304581820965,0.0021146624349057674,0.00211394764482975,0.0021149562671780586,0.0021135208662599325,0.0021148319356143475,0.0021144081838428974,0.00211439561098814,0.0021147686056792736,0.0021167960949242115,0.0021141362376511097,0.0021172319538891315,0.0021176119334995747,0.002131869550794363,0.0021152677945792675,0.002114424481987953,0.002114493865519762,0.0021147476509213448,0.002113794442266226,0.002114327158778906,0.002114247065037489,0.0021143238991498947,0.0021139993332326412,0.002114390954375267,0.0021148258820176125,0.0021152051631361246,0.0021137918811291456,0.0021141539327800274,0.0021141292527318,0.002117737429216504,0.0021149767562747,0.0021164040081202984,0.002120763063430786,0.002113896422088146,0.0021150121465325356,0.002119824755936861,0.0021202517673373222,0.0021211327984929085,0.002120601013302803,0.00211502006277442,0.0021151816472411156,0.00211521377786994,0.002122342586517334,0.002140224911272526,0.002114646602421999,0.0021150894463062286,0.0021148822270333767,0.0021150531247258186,0.002114793285727501,0.002115183277055621,0.002113889902830124,0.0021150619722902775,0.0021159574389457703,0.00211906130425632,0.0021143273916095495,0.002114661503583193,0.002114340430125594,0.0021471111103892326,0.002115264069288969,0.0021239444613456726,0.002116398885846138,0.0021413660142570734,0.002115583745762706,0.002114612376317382,0.0021150540560483932,0.002113793510943651,0.002115272916853428,0.0021148454397916794,0.002114492002874613,0.002114260336384177,0.002114345785230398,0.0021144794300198555,0.0021139602176845074,0.002115086652338505,0.002119659446179867,0.0021161381155252457,0.0021147739607840776,0.002114251721650362,0.0021148573141545057,0.0021134261041879654,0.0021139252930879593,0.0021141169127076864,0.0021144039928913116,0.0021137804724276066,0.0021145567297935486,0.0021148324012756348,0.002114631235599518,0.002113891765475273,0.002114871283993125,0.0021149362437427044,0.002114747418090701,0.002119305543601513,0.0021212678402662277,0.0021216124296188354,0.002119272481650114,0.002120771910995245,0.002120796125382185,0.0021145003847777843,0.002114627743139863,0.0021151863038539886,0.002114193746820092,0.0021151257678866386,0.0021151499822735786,0.0021142077166587114,0.0021144007332623005,0.0021151467226445675,0.0021155490539968014,0.002115995157510042,0.002120831049978733
cifar10_object_classification,0.00211529154330492,0.0021153991110622883,0.0021141173783689737,0.002113893162459135,0.002121896715834737,0.0021962057799100876,0.0021528888028115034,0.0021153734996914864,0.002114570466801524,0.002119121141731739,0.0021162843331694603,0.0021152072586119175,0.0,0.002115496201440692,0.0021309254225343466,0.0021338483784347773,0.0021155306603759527,0.002115281531587243,0.002115780720487237,0.0021151385735720396,0.0021144237834960222,0.002115432173013687,0.0021139970049262047,0.0021153080742806196,0.0021148843225091696,0.0021148715168237686,0.002115244511514902,0.0021172722335904837,0.002114612143486738,0.00211770785972476,0.002118087839335203,0.002132345689460635,0.002115743700414896,0.0021149003878235817,0.0021149697713553905,0.002115223789587617,0.0021142703481018543,0.002114803297445178,0.0021147229708731174,0.002114800037816167,0.0021144752390682697,0.0021148668602108955,0.002115301787853241,0.0021156813018023968,0.002114268019795418,0.002114629838615656,0.0021146051585674286,0.0021182135678827763,0.0021154528949409723,0.002116879913955927,0.0021212389692664146,0.0021143723279237747,0.0021154882851988077,0.002120300894603133,0.0021207279060035944,0.002121608704328537,0.0021210769191384315,0.002115496201440692,0.002115657553076744,0.0021156896837055683,0.0021228184923529625,0.0021407008171081543,0.002115122741088271,0.002115565352141857,0.002115358132869005,0.002115529263392091,0.002115269424393773,0.0021156594157218933,0.0021143658086657524,0.002115537878125906,0.0021164333447813988,0.002119537442922592,0.0021148035302758217,0.0021151374094188213,0.0021148165687918663,0.002147584455087781,0.002115740207955241,0.0021244182717055082,,0.0021418407559394836,0.002116059884428978,0.002115088514983654,0.0021155299618840218,0.0021142694167792797,0.0021157488226890564,0.0021153215784579515,0.0021149679087102413,0.0021147364750504494,0.0021148219238966703,0.002114955335855484,0.002114436123520136,0.0021155625581741333,0.002120135584846139,0.002116614021360874,0.00211525009945035,0.002114727860316634,0.002115333452820778,0.0021139022428542376,0.0021144014317542315,0.0021145930513739586,0.002114880131557584,0.002114256378263235,0.0021150328684598207,0.0021153083071112633,0.00211510737426579,0.0021143679041415453,0.002115347422659397,0.0021154123824089766,0.0021152235567569733,0.0021197814494371414,0.0021217439789325,0.0021220885682851076,0.0021197483874857426,0.002121248049661517,0.002121272264048457,0.0021149765234440565,0.002115103881806135,0.002115662209689617,0.0021146698854863644,0.002115601673722267,0.002115626120939851,0.0021146838553249836,0.0021148768719285727,0.002115622628480196,0.0021160251926630735,0.0021164712961763144,0.0021213071886450052
