,lapgyn4_anatomical_structures,lapgyn4_surgical_actions,lapgyn4_instrument_count,lapgyn4_anatomical_actions,sklin2_skin_lesions,identify_nbi_infframes,laryngeal_tissues,nerthus_bowel_cleansing_quality,stanford_dogs_image_categorization,svhn,caltech101_object_classification,caltech256_object_classification,cifar10_object_classification,cifar100_object_classification,mnist_digit_classification,emnist_digit_classification,hyperkvasir_anatomical-landmarks,hyperkvasir_pathological-findings,hyperkvasir_quality-of-mucosal-views,hyperkvasir_therapeutic-interventions,cholec80_grasper_presence,cholec80_bipolar_presence,cholec80_hook_presence,cholec80_scissors_presence,cholec80_clipper_presence,cholec80_irrigator_presence,cholec80_specimenbag_presence,derm7pt_skin_lesions,idle_action_recognition,barretts_esophagus_diagnosis,brain_tumor_classification,mednode_melanoma_classification,brain_tumor_type_classification,chexpert_enlarged_cardiomediastinum,chexpert_cardiomegaly,chexpert_lung_opacity,chexpert_lung_lesion,chexpert_edema,chexpert_consolidation,chexpert_pneumonia,chexpert_atelectasis,chexpert_pneumothorax,chexpert_pleural_effusion,chexpert_pleural_other,chexpert_fracture,chexpert_support_devices,pneumonia_classification,ph2-melanocytic-lesions-classification,covid_xray_classification,isic20_melanoma_classification,deep_drid_dr_level,shenzen_chest_xray_tuberculosis,crawled_covid_ct_classification,deep_drid_quality,deep_drid_clarity,deep_drid_field,deep_drid_artifact,kvasir_capsule_anatomy,kvasir_capsule_content,kvasir_capsule_pathologies,breast_cancer_classification_v2,eye_condition_classification,mura_xr_wrist,mura_xr_shoulder,mura_xr_humerus,mura_xr_hand,mura_xr_forearm,mura_xr_finger,mura_xr_elbow,bean_plant_disease_classification,aptos19_blindness_detection,lapgyn4_anatomical_structures --shrink_train 800,lapgyn4_surgical_actions --shrink_train 800,lapgyn4_instrument_count --shrink_train 800,lapgyn4_anatomical_actions --shrink_train 800,laryngeal_tissues --shrink_train 800,nerthus_bowel_cleansing_quality --shrink_train 800,svhn --shrink_train 800,cifar10_object_classification --shrink_train 800,mnist_digit_classification --shrink_train 800,hyperkvasir_anatomical-landmarks --shrink_train 800,hyperkvasir_pathological-findings --shrink_train 800,hyperkvasir_quality-of-mucosal-views --shrink_train 800,hyperkvasir_therapeutic-interventions --shrink_train 800,cholec80_grasper_presence --shrink_train 800,cholec80_bipolar_presence --shrink_train 800,cholec80_hook_presence --shrink_train 800,cholec80_scissors_presence --shrink_train 800,cholec80_clipper_presence --shrink_train 800,cholec80_irrigator_presence --shrink_train 800,cholec80_specimenbag_presence --shrink_train 800,idle_action_recognition --shrink_train 800,brain_tumor_classification --shrink_train 800,brain_tumor_type_classification --shrink_train 800,chexpert_enlarged_cardiomediastinum --shrink_train 800,chexpert_cardiomegaly --shrink_train 800,chexpert_lung_opacity --shrink_train 800,chexpert_lung_lesion --shrink_train 800,chexpert_edema --shrink_train 800,chexpert_consolidation --shrink_train 800,chexpert_pneumonia --shrink_train 800,chexpert_atelectasis --shrink_train 800,chexpert_pneumothorax --shrink_train 800,chexpert_pleural_effusion --shrink_train 800,chexpert_pleural_other --shrink_train 800,chexpert_fracture --shrink_train 800,chexpert_support_devices --shrink_train 800,pneumonia_classification --shrink_train 800,covid_xray_classification --shrink_train 800,isic20_melanoma_classification --shrink_train 800,deep_drid_dr_level --shrink_train 800,deep_drid_quality --shrink_train 800,deep_drid_clarity --shrink_train 800,deep_drid_field --shrink_train 800,deep_drid_artifact --shrink_train 800,kvasir_capsule_anatomy --shrink_train 800,kvasir_capsule_content --shrink_train 800,kvasir_capsule_pathologies --shrink_train 800,mura_xr_wrist --shrink_train 800,mura_xr_shoulder --shrink_train 800,mura_xr_humerus --shrink_train 800,mura_xr_hand --shrink_train 800,mura_xr_forearm --shrink_train 800,mura_xr_finger --shrink_train 800,mura_xr_elbow --shrink_train 800,bean_plant_disease_classification --shrink_train 800,aptos19_blindness_detection --shrink_train 800
lapgyn4_anatomical_structures,0.0,0.0006755163776688278,0.0006845909520052373,0.0007452041609212756,0.000957993499469012,0.0011030915193259716,0.0015241600340232253,0.0009177217143587768,0.0008823518874123693,0.0013786321505904198,0.000854519079439342,0.0008377204649150372,0.0009357138769701123,0.0009201976354233921,0.0016988518182188272,0.0016950651770457625,0.0007883563521318138,0.0007728860946372151,0.0008677688892930746,0.0008104343432933092,0.0007317051640711725,0.0007352715474553406,0.0007327531347982585,0.0007326278137043118,0.0007325306069105864,0.0007322710007429123,0.0007311970111913979,0.0009549037204124033,0.0009206163813360035,0.0009568425011821091,0.0012230593711137772,0.0010597831569612026,0.0012325106654316187,0.0009662884403951466,0.0009722659597173333,0.000992918387055397,0.0009630040731281042,0.0009977280860766768,0.0009581745835021138,0.0009573322022333741,0.0010028054239228368,0.0009890533983707428,0.0009760904358699918,0.0009566496009938419,0.000972434354480356,0.0010064711095765233,0.001118396408855915,0.0010072205914184451,0.0011137075489386916,0.0010493999579921365,0.0014123690780252218,0.0011485390132293105,0.0010023628128692508,0.0014109481126070023,0.001413040328770876,0.0014194734394550323,0.0014187362976372242,0.0010381157044321299,0.0010218038223683834,0.0010236866073682904,0.0012689782306551933,0.001902592834085226,0.00104086275678128,0.0009593160939402878,0.0010112266754731536,0.0010515101021155715,0.0009815023513510823,0.0009931169915944338,0.0010132520692422986,0.0011153604136779904,0.0012509551597759128,,0.0006921483436599374,0.0006854520179331303,0.0007486423128284514,0.0015148766105994582,0.0009163893410004675,0.0013780453009530902,0.0009433457744307816,0.0017116937087848783,0.0007874192087911069,0.000771177641581744,0.0008724447106942534,0.0008097389945760369,0.0007336748531088233,0.0007345287594944239,0.0007359259179793298,0.0007400823524221778,0.0007380811148323119,0.0007326937629841268,0.0007383375195786357,0.0009277918725274503,0.001219136524014175,0.001228509470820427,0.0009745882707647979,0.0009757446823641658,0.0009936713613569736,0.0009676593472249806,0.000995779875665903,0.0009664925164543092,0.0009596984600648284,0.0009970501996576786,0.0009912911336869001,0.000983663136139512,0.0009565153741277754,0.000975144503172487,0.001012500375509262,0.0011132621439173818,0.001117813284508884,0.0010542951058596373,0.0014176492113620043,0.0014271361287683249,0.001414754195138812,0.001409798744134605,0.0014194524846971035,0.0010353884426876903,0.0010218803072348237,0.0010226500453427434,0.0010503571247681975,0.0009530216921120882,0.0010120454244315624,0.0010553407482802868,0.0009793665958568454,0.0009978155139833689,0.001014178735204041,0.0011156995315104723,0.0012417568359524012
lapgyn4_surgical_actions,0.0006755163776688278,0.0,0.0006280520465224981,0.0006469140062108636,0.0009476501727476716,0.0010994737967848778,0.0015046594198793173,0.00089450110681355,0.0008455351344309747,0.0013435620348900557,0.0008147569606080651,0.000794080609921366,0.0008948295144364238,0.0008822001400403678,0.0016603578114882112,0.0016571211162954569,0.0008018515654839575,0.000787018914707005,0.0008570463978685439,0.0007881531491875648,0.0006892470410093665,0.0006923620239831507,0.0006897803978063166,0.0006896082195453346,0.0006906379130668938,0.0006903582834638655,0.0006898056017234921,0.000936016091145575,0.0008692382834851742,0.0009377003880217671,0.0012121769832447171,0.001055892207659781,0.00119539606384933,0.000932852562982589,0.0009375817026011646,0.0009569312678650022,0.0009299172088503838,0.0009615457965992391,0.0009245695546269417,0.0009240220533683896,0.0009677568450570107,0.0009532053954899311,0.0009408304467797279,0.0009237460326403379,0.0009402264840900898,0.0009699083748273551,0.0010866745142266154,0.000993363093584776,0.0010803379118442535,0.0010472539579495788,0.001387744676321745,0.0011069804895669222,0.000956074392888695,0.0013862547930330038,0.0013881236081942916,0.0013940746430307627,0.001393901533447206,0.000997220748104155,0.0009853547671809793,0.0009886263869702816,0.0012328769080340862,0.0018676611362025142,0.0009847788605839014,0.0009169930126518011,0.000968971464317292,0.000996749964542687,0.0009273856412619352,0.0009417770197615027,0.0009627326508052647,0.0010871740523725748,0.0012212757719680667,0.0006767515442334116,,0.000627903442364186,0.0006482438766397536,0.0014953840291127563,0.0008943187422119081,0.0013428115053102374,0.0009025593171827495,0.0016732581425458193,0.0008020448149181902,0.0007846739026717842,0.0008606231422163546,0.0007878502947278321,0.0006909890798851848,0.0006928389193490148,0.0006927261129021645,0.0006971134571358562,0.0006929043447598815,0.000689621374476701,0.0006949631497263908,0.0008752567227929831,0.001207557856105268,0.0011915742652490735,0.0009407075121998787,0.0009404334123246372,0.0009573285933583975,0.0009343287674710155,0.0009604090009815991,0.0009326634462922812,0.0009270128794014454,0.0009620095370337367,0.000955697672907263,0.0009486027993261814,0.0009237281046807766,0.0009417002438567579,0.0009755092323757708,0.0010804975172504783,0.0010849215323105454,0.0010525317629799247,0.0013931012945249677,0.0014024650445207953,0.0013898485340178013,0.001384772127494216,0.0013948605628684163,0.0009944436606019735,0.0009850097121670842,0.00098657316993922,0.000994248315691948,0.0009104277123697102,0.0009690292063169181,0.0010011933045461774,0.0009259666549041867,0.0009471959201619029,0.0009643352823331952,0.0010874796425923705,0.0012118209851905704
lapgyn4_instrument_count,0.0006845909520052373,0.0006280520465224981,0.0,0.0006346487207338214,0.0009278306388296187,0.001091083395294845,0.0014881371753290296,0.0008899715612642467,0.0008341315551660955,0.001329314662143588,0.0008033234043978155,0.0007834004354663193,0.0008846265845932066,0.0008715949952602386,0.0016438012244179845,0.001640250557102263,0.0007932048174552619,0.0007774012628942728,0.0008587967022322118,0.0007998620276339352,0.0006730539607815444,0.0006764576537534595,0.0006730696768499911,0.0006732360925525427,0.000674466195050627,0.0006740703247487545,0.0006732718902640045,0.0009240569197572768,0.00087764672935009,0.0009361502015963197,0.0011932812631130219,0.0010379921877756715,0.001189271453768015,0.0009320887620560825,0.0009385651792399585,0.0009588945540599525,0.0009289042209275067,0.0009634929592721164,0.0009238456841558218,0.0009233510936610401,0.000969346088822931,0.0009545296197757125,0.0009415849926881492,0.0009223134256899357,0.0009398703114129603,0.0009722833638079464,0.0010821991600096226,0.0009819717379286885,0.0010768709471449256,0.0010363904293626547,0.0013659462565556169,0.0011092505883425474,0.0009531501564197242,0.0013644269201904535,0.0013663513818755746,0.0013725123135372996,0.0013720341958105564,0.0009822300635278225,0.0009732540347613394,0.0009766013827174902,0.0012296168133616447,0.001848512445576489,0.0009775662329047918,0.0009092426626011729,0.0009545657667331398,0.0009950698586180806,0.0009168015676550567,0.0009338199743069708,0.0009522665641270578,0.0010805166093632579,0.0012021958827972412,0.0006850798381492496,0.00063759257318452,,0.0006382029387168586,0.0014788837870582938,0.0008896731305867434,0.0013286968460306525,0.0008921839180402458,0.0016565700061619282,0.0007935490575619042,0.0007748072384856641,0.0008625723421573639,0.0007992801256477833,0.0006747707957401872,0.0006767493905499578,0.0006772013148292899,0.0006796522065997124,0.0006759190000593662,0.0006732221227139235,0.0006778074894100428,0.0008841939270496368,0.0011888688895851374,0.0011853608302772045,0.0009403150179423392,0.0009417489054612815,0.000959017314016819,0.0009336441871710122,0.0009618393960408866,0.0009324118727818131,0.000926104374229908,0.0009634256130084395,0.0009574037394486368,0.0009495249832980335,0.000921950617339462,0.0009420804562978446,0.0009779824176803231,0.0010765638435259461,0.001081310212612152,0.0010417508892714977,0.0013712922809645534,0.0013806066708639264,0.0013680907431989908,0.001363196293823421,0.0013729962520301342,0.0009798123501241207,0.0009725340059958398,0.0009747939184308052,0.0009868686320260167,0.0009023090824484825,0.0009546357905492187,0.0009994294960051775,0.0009151228005066514,0.0009389424812979996,0.0009536866564303637,0.0010809520026668906,0.00119288160931319
lapgyn4_anatomical_actions,0.0007452041609212756,0.0006469140062108636,0.0006346487207338214,0.0,0.0009929401567205787,0.0011532945791259408,0.0015434793895110488,0.0009582494967617095,0.0008799293427728117,0.0013801745371893048,0.0008495558286085725,0.0008287350065074861,0.0009317256044596434,0.0009201043867506087,0.0016942201182246208,0.0016914798179641366,0.0008719818433746696,0.0008542848518118262,0.0009265208500437438,0.0008617537678219378,0.000732331711333245,0.0007357268477790058,0.0007319077849388123,0.0007320348522625864,0.0007337071583606303,0.000733710010536015,0.0007325382903218269,0.0009844052838161588,0.0009219043422490358,0.0009939202573150396,0.0012589532416313887,0.001101300586014986,0.001242325291968882,0.0009860952850431204,0.0009916342096403241,0.001010689651593566,0.000983533333055675,0.001015269081108272,0.000977854710072279,0.0009781119879335165,0.0010215985821560025,0.0010062851943075657,0.000994301401078701,0.000977356219664216,0.0009933043038472533,0.0010230293264612556,0.0011344969971105456,0.0010432004928588867,0.001128559117205441,0.001100377063266933,0.00143044360447675,0.0011550859780982137,0.0010054177837446332,0.001428880263119936,0.0014308035606518388,0.001436646212823689,0.001436620601452887,0.001042992458678782,0.0010346263879910111,0.0010386609937995672,0.0012821312993764877,0.0019061887869611382,0.0010248121106997132,0.0009653253946453333,0.0010094473836943507,0.001040673116222024,0.0009655487374402583,0.0009804342407733202,0.0010033317375928164,0.0011298633180558681,0.0012636625906452537,0.0007455141167156398,0.0006584812654182315,0.0006347887683659792,,0.0015341589460149407,0.0009581048507243395,0.0013796546263620257,0.000939466874115169,0.0017069403547793627,0.00087244767928496,0.0008519288967363536,0.0009298236691392958,0.0008611318189650774,0.0007340548909269273,0.0007365666097030044,0.0007365807541646063,0.0007398677407763898,0.0007336506969295442,0.0007321677985601127,0.0007370167295448482,0.0009280613739974797,0.0012542812619358301,0.0012387300375849009,0.0009938549483194947,0.0009947257349267602,0.0010109152644872665,0.0009881709702312946,0.0010139979422092438,0.0009860211284831166,0.000980997458100319,0.001015781657770276,0.0010089017450809479,0.0010022842325270176,0.000977570889517665,0.000994819332845509,0.001028705039061606,0.001128475647419691,0.0011330479755997658,0.0011060480028390884,0.0014357331674546003,0.0014451586175709963,0.001432501245290041,0.0014273793203756213,0.0014375218888744712,0.0010404412169009447,0.0010339319705963135,0.0010362457251176238,0.0010341100860387087,0.000958181219175458,0.001009279047138989,0.001045170589350164,0.0009642342338338494,0.0009857299737632275,0.0010049622505903244,0.0011301252525299788,0.0012542736949399114
sklin2_skin_lesions,0.000957993499469012,0.0009476501727476716,0.0009278306388296187,0.0009929401567205787,0.0,0.001136201899498701,0.0014695265563204885,0.0009870353387668729,0.0008809337159618735,0.001333771855570376,0.000851280172355473,0.0008333145524375141,0.0009269361034967005,0.0009071953245438635,0.001649354351684451,0.001641354989260435,0.000867329363245517,0.0008728561806492507,0.000974463124293834,0.0009368601604364812,0.0009126182994805276,0.0009152350830845535,0.0009164120419882238,0.0009142256458289921,0.000914685137104243,0.0009150846744887531,0.0009146780357696116,0.0007642634445801377,0.0009750198223628104,0.0009178214822895825,0.0011799330823123455,0.0009177331812679768,0.0011923254933208227,0.000997245660983026,0.001005675527267158,0.0010257320245727897,0.0009936520364135504,0.001030640210956335,0.0009880635188892484,0.0009871504735201597,0.001036218018271029,0.0010241237469017506,0.0010070792632177472,0.0009822328574955463,0.0010077875340357423,0.0010392972035333514,0.0011612270027399063,0.0007860662299208343,0.0011575918179005384,0.0008629791554994881,0.0012875926913693547,0.0011998142581433058,0.0009966843063011765,0.0012870283098891377,0.0012893342645838857,0.0012957790168002248,0.0012948655057698488,0.0009883606107905507,0.0009653957094997168,0.0009686582488939166,0.001215465134009719,0.001798527198843658,0.0010501553770154715,0.0009772799676284194,0.0010172987822443247,0.0010878908215090632,0.0009922238532453775,0.0010099944192916155,0.0010112787131220102,0.001090720877982676,0.0011170785874128342,0.0009591459529474378,0.0009502125903964043,0.0009360641124658287,0.0009919925360009074,0.0014606837648898363,0.0009845644235610962,0.0013333673123270273,0.0009345285943709314,0.0016622317489236593,0.0008702811901457608,0.0008694602875038981,0.000976684270426631,0.0009387832833454013,0.0009141445043496788,0.0009185057133436203,0.0009206825634464622,0.0009200932690873742,0.0009229716961272061,0.0009179673506878316,0.000914560747332871,0.0009835605742409825,0.001175934448838234,0.0011885657440871,0.001006998005323112,0.0010116168996319175,0.001025438541546464,0.0009979746537283063,0.0010268748737871647,0.000997436116449535,0.0009888869244605303,0.0010297618573531508,0.0010265556629747152,0.0010156012140214443,0.000981575925834477,0.00101253273896873,0.0010462909704074264,0.0011565372115001082,0.0011616410920396447,0.0008691026596352458,0.0012924987822771072,0.00130253448151052,0.0012913598911836743,0.001286216196604073,0.0012951205717399716,0.0009855093667283654,0.0009650220745243132,0.0009677864145487547,0.0010588495060801506,0.000969339394941926,0.0010185930877923965,0.0010914916638284922,0.0009900606237351894,0.001014159293845296,0.0010108996648341417,0.0010906705865636468,0.001107982941903174
identify_nbi_infframes,0.0011030915193259716,0.0010994737967848778,0.001091083395294845,0.0011532945791259408,0.001136201899498701,0.0,0.0014848553109914064,0.0011953922221437097,0.0010501922806724906,0.0014113002689555287,0.0010240197880193591,0.001009567640721798,0.0010931232245638967,0.0010691566858440638,0.001751108793541789,0.0017396268667653203,0.001070569735020399,0.0010702224681153893,0.0011612470261752605,0.0011065861908718944,0.0010840053437277675,0.0010879549663513899,0.001088982680812478,0.0010862828930839896,0.001088075921870768,0.0010887247044593096,0.001089760335162282,0.0010947624687105417,0.0011324371444061399,0.0010920586064457893,0.0013028918765485287,0.0012174363946542144,0.001390927704051137,0.001172582502476871,0.001167012145742774,0.00118347629904747,0.0011714869178831577,0.0011857638601213694,0.0011621684534475207,0.0011631776578724384,0.001190591836348176,0.0011865890119224787,0.001170462230220437,0.0011634236434474587,0.0011705817887559533,0.0011925142025575042,0.0013246884336695075,0.0011456777574494481,0.0013241979759186506,0.0011518284445628524,0.001553208101540804,0.0013882037019357085,0.0012031892547383904,0.0015514740953221917,0.0015541140455752611,0.0015597720630466938,0.0015596009325236082,0.0012600341578945518,0.001240155310370028,0.0012423176085576415,0.0013175061903893948,0.002035824116319418,0.0012184043880552053,0.0011539815459400415,0.0011774548329412937,0.0012689485447481275,0.001156793674454093,0.0011677569709718227,0.0011872285977005959,0.0012870354112237692,0.0014150487259030342,0.001103351591154933,0.0010956868063658476,0.0010972053278237581,0.0011549704940989614,0.0014744249638170004,0.0011914679780602455,0.0014147153124213219,0.0010998573852702975,0.001762699568644166,0.0010719898855313659,0.0010649120667949319,0.001164394780062139,0.0011072554625570774,0.0010875542648136616,0.0010868151439353824,0.0010929001728072762,0.0010960274375975132,0.0010949930874630809,0.0010917315958067775,0.001086823409423232,0.0011405431432649493,0.0013023444917052984,0.001386498101055622,0.0011786147952079773,0.0011748976539820433,0.0011847935384139419,0.0011775275925174356,0.0011813859455287457,0.001169674564152956,0.0011637950083240867,0.0011845054104924202,0.0011879063677042723,0.0011780776549130678,0.001164994086138904,0.0011749144177883863,0.0012007878394797444,0.001320709241554141,0.001328317797742784,0.0011575163807719946,0.0015579352620989084,0.0015673296293243766,0.0015544819179922342,0.0015506446361541748,0.001559929340146482,0.0012581298360601068,0.0012387324823066592,0.0012408943148329854,0.0012271845480427146,0.0011471865000203252,0.0011795501923188567,0.0012716698693111539,0.0011547427857294679,0.001169901224784553,0.00118723523337394,0.0012887491611763835,0.0014058497035875916
laryngeal_tissues,0.0015241600340232253,0.0015046594198793173,0.0014881371753290296,0.0015434793895110488,0.0014695265563204885,0.0014848553109914064,0.0,0.0015719402581453323,0.001336589572019875,0.0013743872987106442,0.0012973889242857695,0.001299557858146727,0.0012649638811126351,0.0012293779291212559,0.001898580347187817,0.0018902333686128259,0.0014879280934110284,0.0014800934586673975,0.0015519869048148394,0.0015158475143834949,0.0015020230785012245,0.0015060175210237503,0.0015069537330418825,0.0015037934063002467,0.001506208791397512,0.0015062351012602448,0.0015070094959810376,0.001411758246831596,0.0015132681000977755,0.001465709530748427,0.0015963035402819514,0.0015312759205698967,0.0017262777546420693,0.0015642220387235284,0.0015622831415385008,0.0015762115363031626,0.0015640201745554805,0.0015788687160238624,0.0015547374496236444,0.0015564282657578588,0.0015843244036659598,0.0015785881550982594,0.0015632252907380462,0.0015578398015350103,0.00156290119048208,0.0015842837747186422,0.0016957574989646673,0.001500456826761365,0.0016951863653957844,0.0014384932583197951,0.0019002618500962853,0.00176629435736686,0.0015550507232546806,0.0018992292461916804,0.001901537529192865,0.0019067565444856882,0.0019072125433012843,0.0015886680921539664,0.0015672337030991912,0.0015709446743130684,0.0016617757501080632,0.0023731652181595564,0.0015586224617436528,0.0015289745060727,0.0015461043221876025,0.0016236837254837155,0.0015126944053918123,0.001518815290182829,0.001536170020699501,0.0016248521860688925,0.001769417431205511,0.001524448161944747,0.0015146490186452866,0.001495693577453494,0.0015423005679622293,,0.0015686394181102514,0.0013863396598026156,0.0012691024458035827,0.0019086292013525963,0.0014899814268574119,0.0014776296447962523,0.0015539824962615967,0.0015165654476732016,0.0015040852595120668,0.0015074616530910134,0.0015106286155059934,0.0015133561100810766,0.0015129606472328305,0.001508718472905457,0.0015041253063827753,0.001522886916063726,0.0015935071278363466,0.001722644199617207,0.0015709190629422665,0.0015701259253546596,0.0015766603173688054,0.001569939311593771,0.0015752894105389714,0.0015628831461071968,0.0015578652964904904,0.0015781435649842024,0.0015800633700564504,0.0015710490988567472,0.0015596231678500772,0.001566283404827118,0.001593478606082499,0.001691908109933138,0.001698971726000309,0.001446578768081963,0.0019052684074267745,0.001914890599437058,0.0019019911997020245,0.0018976987339556217,0.0019075965974479914,0.0015866580652073026,0.0015660782810300589,0.0015696743503212929,0.001566979568451643,0.0015218212502077222,0.0015478201676160097,0.0016264591831713915,0.0015108393272385001,0.001522420672699809,0.001536217168904841,0.0016268562758341432,0.0017600146820768714
nerthus_bowel_cleansing_quality,0.0009177217143587768,0.00089450110681355,0.0008899715612642467,0.0009582494967617095,0.0009870353387668729,0.0011953922221437097,0.0015719402581453323,0.0,0.0009283688850700855,0.0013850776012986898,0.0008784692035987973,0.0008574628154747188,0.0009546304354444146,0.0009381587733514607,0.001701615983620286,0.001697438070550561,0.0007820698665454984,0.0007435393636114895,0.0006719207740388811,0.0007447834359481931,0.0008344126399606466,0.000834268459584564,0.0008361272048205137,0.0008350132266059518,0.0008356194593943655,0.0008352234144695103,0.0008355868048965931,0.000978668686002493,0.000857076607644558,0.0010068460833281279,0.0012661011423915625,0.0011294105788692832,0.001209040405228734,0.000984504004009068,0.0009821569547057152,0.0010014120489358902,0.0009787010494619608,0.001004449208267033,0.0009732645121403039,0.0009714120533317327,0.0010122447274625301,0.0010019605979323387,0.0009847846813499928,0.0009714182815514505,0.0009914423571899533,0.0010139429941773415,0.001158633385784924,0.0010342865716665983,0.0011516729136928916,0.0011021191021427512,0.001389757846482098,0.0011829721042886376,0.0009688409045338631,0.0013881712220609188,0.0013894749572500587,0.0013958456693217158,0.0013952996814623475,0.0009331168839707971,0.0009198322077281773,0.0009187952964566648,0.0012943455949425697,0.001881460309959948,0.0010351481614634395,0.0009287798311561346,0.0009764671558514237,0.0010526982368901372,0.0009657007758505642,0.0009720007074065506,0.0009830178460106254,0.0011850257869809866,0.00121572136413306,0.0009193210862576962,0.0009095785790123045,0.0008930303156375885,0.0009553349809721112,0.0015630288980901241,,0.0013830093666911125,0.0009614424780011177,0.0017149982741102576,0.0007818492013029754,0.0007497892365790904,0.0006749765016138554,0.0007447063107974827,0.0008352614240720868,0.0008396888733841479,0.0008392532472498715,0.0008398838108405471,0.0008420975063927472,0.0008391790324822068,0.0008361947839148343,0.0008609896758571267,0.001262078178115189,0.0012048145290464163,0.0009930579690262675,0.0009862692095339298,0.001002061297185719,0.0009840144775807858,0.001001708791591227,0.0009817881509661674,0.0009739907691255212,0.0010057110339403152,0.0010060191852971911,0.0009934970876201987,0.0009705413831397891,0.000994102912954986,0.0010209758765995502,0.0011521587148308754,0.0011565462918952107,0.001108424155972898,0.0013947553234174848,0.001404066919349134,0.0013909252593293786,0.0013867843663319945,0.0013962783850729465,0.0009311262401752174,0.0009195188176818192,0.0009173437720164657,0.0010451782727614045,0.0009223459055647254,0.0009772117482498288,0.0010575189953669906,0.0009630756103433669,0.000976315641310066,0.0009832062060013413,0.001185544766485691,0.0012050882214680314
stanford_dogs_image_categorization,0.0008823518874123693,0.0008455351344309747,0.0008341315551660955,0.0008799293427728117,0.0008809337159618735,0.0010501922806724906,0.001336589572019875,0.0009283688850700855,0.0,0.0011794199235737324,0.0006740037351846695,0.0006629289127886295,0.0007346277125179768,0.0007360992021858692,0.001502287806943059,0.0014991891803219914,0.0008539709378965199,0.0008467705920338631,0.0009121356415562332,0.0008572772494517267,0.0008496390655636787,0.0008527572499588132,0.000853883451782167,0.000850785756483674,0.0008523385622538626,0.0008531099883839488,0.0008536162204109132,0.0008666535140946507,0.000890442868694663,0.0008512570057064295,0.001094892853870988,0.0009672215674072504,0.0010956120677292347,0.0009152876446023583,0.0009162025526165962,0.0009330620523542166,0.0009137910674326122,0.0009362415294162929,0.000906647474039346,0.0009067737264558673,0.0009421420400030911,0.0009318412630818784,0.0009186272509396076,0.0009088296792469919,0.0009187759133055806,0.000943352235481143,0.0010477486066520214,0.0009218888008035719,0.001044365344569087,0.0009639537311159074,0.0012855181703343987,0.0010925359092652798,0.0008950241608545184,0.0012837868416681886,0.0012861982686445117,0.001291578751988709,0.0012918260181322694,0.0009559426689520478,0.0009322839905507863,0.0009362982236780226,0.0011193974642083049,0.0017479175003245473,0.0009167773532681167,0.0008828784339129925,0.0009021214209496975,0.0009722306858748198,0.0008615654078312218,0.0008839914225973189,0.0008939302060753107,0.0010049069533124566,0.0011330255074426532,0.0008826259290799499,0.0008519680704921484,0.0008404296822845936,0.0008772701257839799,0.0013271027710288763,0.0009271365706808865,0.0011796432081609964,0.0007424263167195022,0.001515155308879912,0.0008559406851418316,0.0008457038784399629,0.0009133286075666547,0.0008571525104343891,0.0008517121314071119,0.0008566109463572502,0.0008568851626478136,0.0008586946059949696,0.000859693915117532,0.000855267804581672,0.000851400604005903,0.0008972034556791186,0.0010902750073000789,0.0010921381181105971,0.0009223332162946463,0.0009216078324243426,0.0009340280666947365,0.0009192164870910347,0.0009341893601231277,0.0009154104627668858,0.0009090730454772711,0.0009356848313473165,0.0009341182885691524,0.0009261062368750572,0.0009100404568016529,0.0009204745292663574,0.0009515468846075237,0.0010425939690321684,0.0010485021630302072,0.0009722426766529679,0.0012907824711874127,0.0013001016341149807,0.0012870876817032695,0.0012822971912100911,0.001292583765462041,0.0009534728014841676,0.0009321754914708436,0.0009342309203930199,0.000925912638194859,0.0008749531116336584,0.0009030051296576858,0.0009756673243828118,0.0008597393170930445,0.0008882367983460426,0.0008937973179854453,0.0010055797174572945,0.0011231816606596112
svhn,0.0013786321505904198,0.0013435620348900557,0.001329314662143588,0.0013801745371893048,0.001333771855570376,0.0014113002689555287,0.0013743872987106442,0.0013850776012986898,0.0011794199235737324,0.0,0.0011348675470799208,0.0011254404671490192,0.001003095181658864,0.0009651928558014333,0.0015420063864439726,0.001533390604890883,0.0013230121694505215,0.0013147374847903848,0.001372467610053718,0.0013273804215714335,0.001327577861957252,0.001330662053078413,0.0013321067672222853,0.0013288521440699697,0.0013314940733835101,0.0013318556593731046,0.0013326962944120169,0.0013057917822152376,0.0013356824638321996,0.001312684384174645,0.0014485277933999896,0.0014403609093278646,0.0015459124697372317,0.001372622326016426,0.0013709085760638118,0.0013858258025720716,0.0013714522356167436,0.001388398464769125,0.0013633447233587503,0.0013645390281453729,0.0013933649752289057,0.0013862826162949204,0.0013719862326979637,0.0013658262323588133,0.0013711323263123631,0.0013939435593783855,0.001502880360931158,0.0013716365210711956,0.0015011430950835347,0.001382286660373211,0.0017368734115734696,0.0015706915874034166,0.0013499922351911664,0.0017354944720864296,0.0017377221956849098,0.001742865890264511,0.0017433433094993234,0.0014102240093052387,0.0013865121873095632,0.0013901484198868275,0.0015425031306222081,0.0022046633530408144,0.001344077056273818,0.0013279258273541927,0.0013370740925893188,0.0014146310277283192,0.0012994644930586219,0.001293535577133298,0.0013222134439274669,0.0014874143525958061,0.0015962861943989992,0.0013794867554679513,0.0013456953456625342,0.0013354646507650614,0.0013776031555607915,0.0013728616759181023,0.00138185010291636,,0.0010029823752120137,0.0015545181231573224,0.0013254504883661866,0.001312870648689568,0.0013740994036197662,0.0013286916073411703,0.0013296905672177672,0.0013330677757039666,0.0013353753602132201,0.0013379058800637722,0.0013380900491029024,0.001334474072791636,0.0013291215291246772,0.001344214892014861,0.0014448490692302585,0.001542426529340446,0.00137913238722831,0.0013778096763417125,0.0013857977464795113,0.0013775484403595328,0.0013849175302311778,0.0013714093947783113,0.0013659134274348617,0.001387300668284297,0.0013884283835068345,0.0013801221502944827,0.001367569318972528,0.0013741523725911975,0.0014028350124135613,0.0014988986076787114,0.0015051355585455894,0.0013905352680012584,0.001741620246320963,0.00175121845677495,0.0017380552599206567,0.0017337724566459656,0.0017437456408515573,0.001407934003509581,0.0013848331291228533,0.0013888635439798236,0.0013526974944397807,0.0013209281023591757,0.001338104484602809,0.0014176418771967292,0.0012977278092876077,0.0012967580696567893,0.0013226732844486833,0.0014890774618834257,0.0015866009052842855
caltech101_object_classification,0.000854519079439342,0.0008147569606080651,0.0008033234043978155,0.0008495558286085725,0.000851280172355473,0.0010240197880193591,0.0012973889242857695,0.0008784692035987973,0.0006740037351846695,0.0011348675470799208,0.0,0.0006175057496875525,0.000715092581231147,0.0007040231139399111,0.0014285590732470155,0.0014311778359115124,0.0008190249791368842,0.0008047660230658948,0.0008657642174512148,0.0008139249985106289,0.0008113516960293055,0.0008140282589010894,0.0008152535883709788,0.0008121197461150587,0.0008141527068801224,0.0008148048655129969,0.0008150510839186609,0.0008346281247213483,0.0008374547469429672,0.0008376406040042639,0.0010388349182903767,0.0009536031284369528,0.001050139544531703,0.0008855399792082608,0.0008876648498699069,0.0009045838960446417,0.0008837396162562072,0.0009081974858418107,0.000876706384588033,0.0008772388100624084,0.0009137245360761881,0.0009026796906255186,0.0008893284830264747,0.0008781737997196615,0.0008896788349375129,0.0009146715747192502,0.0010189450113102794,0.0008982699946500361,0.0010147651191800833,0.0009299321682192385,0.0012387967435643077,0.001062597380951047,0.0008448914159089327,0.0012373127974569798,0.0012393464567139745,0.0012447040062397718,0.0012451250804588199,0.0008960703271441162,0.0008762599900364876,0.0008801420335657895,0.0010902114445343614,0.0017054969212040305,0.0008713363786228001,0.0008377382764592767,0.000852355791721493,0.0009195344755426049,0.0008123628213070333,0.0008256243891082704,0.0008427681168541312,0.0009724685805849731,0.0010905457893386483,0.0008547322358936071,0.0008248098311014473,0.0008093793876469135,0.0008468920132145286,0.001288103056140244,0.0008768092375248671,0.0011341001372784376,0.0007221170235425234,0.0014414384495466948,0.0008209230145439506,0.0008042352856136858,0.0008672698168084025,0.0008143515442498028,0.0008135352400131524,0.000818035623524338,0.0008188977371901274,0.0008202273165807128,0.0008209564839489758,0.0008169114007614553,0.0008128407062031329,0.0008446197025477886,0.0010347155621275306,0.0010469442931935191,0.0008927042363211513,0.0008931515039876103,0.0009050453081727028,0.0008892131154425442,0.0009058284922502935,0.0008856331696733832,0.0008796313777565956,0.0009075585985556245,0.0009051610832102597,0.0008972623618319631,0.000879271246958524,0.0008916574879549444,0.0009225351386703551,0.0010135862976312637,0.0010191722540184855,0.0009378035902045667,0.00124382134526968,0.0012532254913821816,0.0012402506545186043,0.0012358198873698711,0.0012456784024834633,0.0008937225211411715,0.0008758566109463573,0.0008782720542512834,0.0008802203228697181,0.0008293143473565578,0.0008530127233825624,0.0009225390385836363,0.0008108593756332994,0.0008299627806991339,0.0008426278945989907,0.0009734757477417588,0.0010811402462422848
caltech256_object_classification,0.0008377204649150372,0.000794080609921366,0.0007834004354663193,0.0008287350065074861,0.0008333145524375141,0.001009567640721798,0.001299557858146727,0.0008574628154747188,0.0006629289127886295,0.0011254404671490192,0.0006175057496875525,0.0,0.0007043420919217169,0.0006924729677848518,0.0014264184283092618,0.0014276078436523676,0.0007990328595042229,0.0007859111065044999,0.000847135903313756,0.0007908692350611091,0.0007871173438616097,0.000789596582762897,0.0007910247077234089,0.0007878273609094322,0.0007898525218479335,0.0007904525846242905,0.0007909337291494012,0.0008198617142625153,0.0008143917075358331,0.0008211472886614501,0.0010340457083657384,0.0009394381777383387,0.001030137063935399,0.0008598400163464248,0.0008625573245808482,0.0008799798670224845,0.0008580984431318939,0.0008836010820232332,0.0008512635831721127,0.0008517307578586042,0.0008892377372831106,0.0008776210597716272,0.0008643185719847679,0.0008527088793925941,0.0008651386015117168,0.0008902512490749359,0.0009942266624420881,0.0008807560661807656,0.0009897645795717835,0.0009183468064293265,0.0012156330049037933,0.0010372238466516137,0.000823093403596431,0.0012141206534579396,0.0012160299811512232,0.001221337472088635,0.0012218802003189921,0.0008770495187491179,0.0008571504731662571,0.0008612841484136879,0.0010738437995314598,0.0016801620367914438,0.0008447475847788155,0.0008111534407362342,0.0008266907534562051,0.0008962189895100892,0.0007849156390875578,0.0007995832129381597,0.0008161785081028938,0.0009568407549522817,0.0010665160370990634,0.0008383310632780194,0.0008013479528017342,0.0007892023422755301,0.000825526425614953,0.001290343701839447,0.0008562114671804011,0.0011246403446421027,0.0007110834121704102,0.001439429703168571,0.0008013254846446216,0.0007853376446291804,0.000848525611218065,0.0007914809393696487,0.0007890537963248789,0.0007937712362036109,0.0007942627416923642,0.0007958121714182198,0.0007966763805598021,0.0007927148253656924,0.0007884114165790379,0.0008214354747906327,0.0010297507978975773,0.0010267590405419469,0.0008671940304338932,0.0008679141174070537,0.0008802519296295941,0.0008635372505523264,0.0008813525782898068,0.0008601097506470978,0.0008541963179595768,0.0008831085870042443,0.0008802301017567515,0.0008723066421225667,0.0008536830428056419,0.0008670669631101191,0.000898025871720165,0.0009888132335618138,0.0009941566968336701,0.0009262167732231319,0.0012207733234390616,0.0012301173992455006,0.0012169021647423506,0.001212522853165865,0.0012225210666656494,0.000874480465427041,0.0008567664190195501,0.0008594535756856203,0.0008537602843716741,0.0008028498268686235,0.0008271842380054295,0.0008995355456136167,0.0007833388517610729,0.0008040370303206146,0.0008161009172908962,0.0009577490855008364,0.0010570376180112362
