,lapgyn4_anatomical_structures,lapgyn4_surgical_actions,lapgyn4_instrument_count,lapgyn4_anatomical_actions,sklin2_skin_lesions,identify_nbi_infframes,laryngeal_tissues,nerthus_bowel_cleansing_quality,stanford_dogs_image_categorization,svhn,caltech101_object_classification,caltech256_object_classification,cifar10_object_classification,cifar100_object_classification,mnist_digit_classification,emnist_digit_classification,hyperkvasir_anatomical-landmarks,hyperkvasir_pathological-findings,hyperkvasir_quality-of-mucosal-views,hyperkvasir_therapeutic-interventions,cholec80_grasper_presence,cholec80_bipolar_presence,cholec80_hook_presence,cholec80_scissors_presence,cholec80_clipper_presence,cholec80_irrigator_presence,cholec80_specimenbag_presence,derm7pt_skin_lesions,idle_action_recognition,barretts_esophagus_diagnosis,brain_tumor_classification,mednode_melanoma_classification,brain_tumor_type_classification,chexpert_enlarged_cardiomediastinum,chexpert_cardiomegaly,chexpert_lung_opacity,chexpert_lung_lesion,chexpert_edema,chexpert_consolidation,chexpert_pneumonia,chexpert_atelectasis,chexpert_pneumothorax,chexpert_pleural_effusion,chexpert_pleural_other,chexpert_fracture,chexpert_support_devices,pneumonia_classification,ph2-melanocytic-lesions-classification,covid_xray_classification,isic20_melanoma_classification,deep_drid_dr_level,shenzen_chest_xray_tuberculosis,crawled_covid_ct_classification,deep_drid_quality,deep_drid_clarity,deep_drid_field,deep_drid_artifact,kvasir_capsule_anatomy,kvasir_capsule_content,kvasir_capsule_pathologies,breast_cancer_classification_v2,eye_condition_classification,mura_xr_wrist,mura_xr_shoulder,mura_xr_humerus,mura_xr_hand,mura_xr_forearm,mura_xr_finger,mura_xr_elbow,bean_plant_disease_classification,aptos19_blindness_detection,lapgyn4_anatomical_structures --shrink_train 800,lapgyn4_surgical_actions --shrink_train 800,lapgyn4_instrument_count --shrink_train 800,lapgyn4_anatomical_actions --shrink_train 800,laryngeal_tissues --shrink_train 800,nerthus_bowel_cleansing_quality --shrink_train 800,svhn --shrink_train 800,cifar10_object_classification --shrink_train 800,mnist_digit_classification --shrink_train 800,hyperkvasir_anatomical-landmarks --shrink_train 800,hyperkvasir_pathological-findings --shrink_train 800,hyperkvasir_quality-of-mucosal-views --shrink_train 800,hyperkvasir_therapeutic-interventions --shrink_train 800,cholec80_grasper_presence --shrink_train 800,cholec80_bipolar_presence --shrink_train 800,cholec80_hook_presence --shrink_train 800,cholec80_scissors_presence --shrink_train 800,cholec80_clipper_presence --shrink_train 800,cholec80_irrigator_presence --shrink_train 800,cholec80_specimenbag_presence --shrink_train 800,idle_action_recognition --shrink_train 800,brain_tumor_classification --shrink_train 800,brain_tumor_type_classification --shrink_train 800,chexpert_enlarged_cardiomediastinum --shrink_train 800,chexpert_cardiomegaly --shrink_train 800,chexpert_lung_opacity --shrink_train 800,chexpert_lung_lesion --shrink_train 800,chexpert_edema --shrink_train 800,chexpert_consolidation --shrink_train 800,chexpert_pneumonia --shrink_train 800,chexpert_atelectasis --shrink_train 800,chexpert_pneumothorax --shrink_train 800,chexpert_pleural_effusion --shrink_train 800,chexpert_pleural_other --shrink_train 800,chexpert_fracture --shrink_train 800,chexpert_support_devices --shrink_train 800,pneumonia_classification --shrink_train 800,covid_xray_classification --shrink_train 800,isic20_melanoma_classification --shrink_train 800,deep_drid_dr_level --shrink_train 800,deep_drid_quality --shrink_train 800,deep_drid_clarity --shrink_train 800,deep_drid_field --shrink_train 800,deep_drid_artifact --shrink_train 800,kvasir_capsule_anatomy --shrink_train 800,kvasir_capsule_content --shrink_train 800,kvasir_capsule_pathologies --shrink_train 800,mura_xr_wrist --shrink_train 800,mura_xr_shoulder --shrink_train 800,mura_xr_humerus --shrink_train 800,mura_xr_hand --shrink_train 800,mura_xr_forearm --shrink_train 800,mura_xr_finger --shrink_train 800,mura_xr_elbow --shrink_train 800,bean_plant_disease_classification --shrink_train 800,aptos19_blindness_detection --shrink_train 800
lapgyn4_anatomical_structures,0.0,0.0015614229487255216,0.0017050798051059246,0.0026474581100046635,0.005775961093604565,0.007612328510731459,0.013897204771637917,0.005127919837832451,0.0046586100943386555,0.012317460030317307,0.004261509981006384,0.003968165721744299,0.0054526603780686855,0.005209900438785553,0.016692431643605232,0.01658649370074272,0.0032334825955331326,0.0030456562526524067,0.004398253746330738,0.0035632068756967783,0.0024216193705797195,0.0024342897813767195,0.002420762088149786,0.0024035838432610035,0.0023849697317928076,0.002415063325315714,0.0024086127523332834,0.005706457886844873,0.005178930703550577,0.005712111014872789,0.009565988555550575,0.007158607244491577,0.009812421165406704,0.005844656843692064,0.005966581404209137,0.006267148535698652,0.005861515179276466,0.006356942001730204,0.00581206614151597,0.0057694693095982075,0.006409410387277603,0.006212696433067322,0.006087529473006725,0.005756490398198366,0.005981738679111004,0.0065000406466424465,0.008041491732001305,0.0063764373771846294,0.00803239457309246,0.007110753562301397,0.012447736226022243,0.008585373871028423,0.006396416109055281,0.012484458275139332,0.012436551973223686,0.012367102317512035,0.012475005351006985,0.006998996715992689,0.006723161321133375,0.006744563579559326,0.010353760793805122,0.019651230424642563,0.007030451204627752,0.005747680086642504,0.006528341211378574,0.007174236699938774,0.006081465166062117,0.006249773316085339,0.006637474987655878,0.008080127649009228,0.010042062029242516,,0.00187041109893471,0.0016971174627542496,0.0026640575379133224,0.01369802001863718,0.005136348307132721,0.011980424635112286,0.0055163148790597916,0.016623977571725845,0.0032137103844434023,0.0030168117955327034,0.0044168997555971146,0.003580551827326417,0.002466866746544838,0.0024395559448748827,0.0024338788352906704,0.0025199702940881252,0.0024960278533399105,0.0024057391565293074,0.002515466185286641,0.005236818455159664,0.009585748426616192,0.00973383616656065,0.006021894980221987,0.006010833196341991,0.006207074970006943,0.005917420145124197,0.00639646640047431,0.005838240031152964,0.005763046443462372,0.006328407675027847,0.0063140238635241985,0.006199229508638382,0.005717193242162466,0.0060134888626635075,0.006565662566572428,0.008083075284957886,0.00810911227017641,0.007141605485230684,0.012476760894060135,0.012627898715436459,0.012510272674262524,0.012330680154263973,0.012532680295407772,0.006910581141710281,0.006777167320251465,0.006728924345225096,0.007057074923068285,0.005671652499586344,0.006504300516098738,0.007168533280491829,0.006089674308896065,0.006326883099973202,0.006567722652107477,0.008176838979125023,0.009886332787573338
lapgyn4_surgical_actions,0.0015614229487255216,0.0,0.0009181936038658023,0.0012407515896484256,0.005677057430148125,0.007582793012261391,0.01365587767213583,0.004856024868786335,0.004175132606178522,0.011859755031764507,0.0037420664448291063,0.0034018203150480986,0.004914227407425642,0.0047192950733006,0.016191391274333,0.01609463058412075,0.00344854942522943,0.003292946144938469,0.004302008077502251,0.0032762479968369007,0.001854341826401651,0.0018743835389614105,0.001852373476140201,0.0018388559110462666,0.0018300579395145178,0.0018360292306169868,0.0018494296818971634,0.0054869698360562325,0.004507375415414572,0.005465417634695768,0.009451125748455524,0.0071508013643324375,0.009321163408458233,0.005402212496846914,0.0055120219476521015,0.005785203073173761,0.005425547249615192,0.005874518770724535,0.005367891862988472,0.005330516956746578,0.00594256492331624,0.0057433657348155975,0.005621073767542839,0.0053230575285851955,0.005556253716349602,0.006008633878082037,0.007625002879649401,0.0062274388037621975,0.007600026670843363,0.007115851156413555,0.012145962566137314,0.008047224953770638,0.005777660757303238,0.01217807736247778,0.012131327763199806,0.012059833854436874,0.012164258398115635,0.006463401019573212,0.0062595210038125515,0.006287532392889261,0.00987236388027668,0.01919735036790371,0.00627418328076601,0.0051964870654046535,0.005979395005851984,0.006435921415686607,0.005366976838558912,0.0055703953839838505,0.005960758309811354,0.007733711041510105,0.009671051986515522,0.0015854248777031898,,0.000931680086068809,0.0012346407165750861,0.013458501547574997,0.004875617567449808,0.011520895175635815,0.004978004842996597,0.01612398773431778,0.003463628701865673,0.0032447853591293097,0.004308037459850311,0.0033190588001161814,0.0019019119208678603,0.0018849183106794953,0.0018588508246466517,0.0019258105894550681,0.0018880284624174237,0.0018574714194983244,0.0019307892071083188,0.0045504760928452015,0.009459135122597218,0.009243955835700035,0.005576832685619593,0.005548677872866392,0.005728278774768114,0.0054830401204526424,0.0059215049259364605,0.005394650157541037,0.005332909990102053,0.005855055060237646,0.005837076809257269,0.005739978514611721,0.005275706294924021,0.005571702495217323,0.006073845084756613,0.007659689988940954,0.00767892599105835,0.007148904725909233,0.012173386290669441,0.012321043759584427,0.01220367755740881,0.012021784670650959,0.012227821163833141,0.00638038432225585,0.006305702496320009,0.00627093855291605,0.006302449386566877,0.005119399167597294,0.005943333730101585,0.006431523710489273,0.00538201117888093,0.005659951362758875,0.005905573721975088,0.00783426035195589,0.009510836564004421
lapgyn4_instrument_count,0.0017050798051059246,0.0009181936038658023,0.0,0.001040882896631956,0.005349122453480959,0.007452996913343668,0.013389955274760723,0.0047422111965715885,0.003984312992542982,0.011617987416684628,0.0035429850686341524,0.0032099843956530094,0.004733117297291756,0.0045321364887058735,0.015922002494335175,0.01582096330821514,0.0032882983796298504,0.0031150178983807564,0.00428071478381753,0.003396129934117198,0.0015707615530118346,0.0016006309306249022,0.0015702374512329698,0.0015560766914859414,0.0015539077576249838,0.0015599894104525447,0.0015691235894337296,0.0052751945331692696,0.004584998823702335,0.0054162186570465565,0.00916287861764431,0.006849253084510565,0.009196500293910503,0.005339151248335838,0.005477667320519686,0.005763282999396324,0.005360561888664961,0.0058575342409312725,0.005310318898409605,0.0052663241513073444,0.005917266011238098,0.005714592058211565,0.00558386230841279,0.0052533685229718685,0.0055076382122933865,0.005994788836687803,0.007522611413151026,0.006024031899869442,0.007509727496653795,0.006914201192557812,0.011789204552769661,0.008023947477340698,0.005701604764908552,0.011821094900369644,0.01177515834569931,0.011705027893185616,0.01180925965309143,0.006196846254169941,0.0060297176241874695,0.006063820794224739,0.009789040312170982,0.01887516677379608,0.0061219497583806515,0.005034536123275757,0.00571551825851202,0.006369493901729584,0.005162773188203573,0.005407370626926422,0.005759784951806068,0.007602515630424023,0.00934983417391777,0.0017245877534151077,0.0010377562139183283,,0.001074202940799296,0.013192168436944485,0.0047650751657783985,0.011282090097665787,0.004795905202627182,0.015853160992264748,0.0033021187409758568,0.0030572572723031044,0.004285551141947508,0.0034413710236549377,0.0016241561388596892,0.0016098476480692625,0.0015929244691506028,0.0016391631215810776,0.0016108559211716056,0.0015767894219607115,0.0016327713383361697,0.004637902602553368,0.009174435399472713,0.009121080860495567,0.00552303297445178,0.005514557007700205,0.0057010892778635025,0.005421216133981943,0.005897863768041134,0.005339861381798983,0.005272132344543934,0.005830048117786646,0.005815260577946901,0.005703408736735582,0.0052016801200807095,0.005528077948838472,0.006058343220502138,0.00756281241774559,0.007589568849653006,0.006949347909539938,0.011817947030067444,0.011964339762926102,0.01184746716171503,0.011668115854263306,0.011871092021465302,0.006117642857134342,0.006068583112210035,0.006051762495189905,0.006150252651423216,0.004952502902597189,0.005685412324965,0.006367347668856382,0.005176589358597994,0.00549070630222559,0.005700768902897835,0.007701838854700327,0.009192938916385174
lapgyn4_anatomical_actions,0.0026474581100046635,0.0012407515896484256,0.001040882896631956,0.0,0.006365502253174782,0.00842500664293766,0.014244917780160904,0.00581979239359498,0.004687225446105003,0.012409927323460579,0.004257348831743002,0.003917860798537731,0.005468853749334812,0.005291310139000416,0.016700541600584984,0.016610905528068542,0.004522521980106831,0.004333021119236946,0.005357449408620596,0.004387436434626579,0.0025225230492651463,0.0025586383417248726,0.0025180180091410875,0.002501892624422908,0.002501815091818571,0.0025044225621968508,0.002518810098990798,0.006214146036654711,0.00530995475128293,0.006316216196864843,0.010167817585170269,0.007841921411454678,0.0100219352170825,0.006215674802660942,0.006343574728816748,0.006607811897993088,0.006246462464332581,0.006699581164866686,0.006189071107655764,0.006157804746180773,0.006767148617655039,0.006561638787388802,0.0064384411089122295,0.0061478218995034695,0.006373854819685221,0.0068209487944841385,0.008352992124855518,0.006983427330851555,0.008336937054991722,0.00792405940592289,0.012792583554983139,0.008790682069957256,0.006528419908136129,0.012825049459934235,0.012777615338563919,0.012706097215414047,0.012809380888938904,0.007148856297135353,0.006999789737164974,0.007038458716124296,0.010610587894916534,0.019777733832597733,0.006879504770040512,0.00593441491946578,0.006589393597096205,0.007108962628990412,0.005942055024206638,0.006157191004604101,0.006574427243322134,0.008388414978981018,0.010314908809959888,0.0026633909437805414,0.0013778690481558442,0.0010730745270848274,,0.01404818519949913,0.005845790728926659,0.01207457110285759,0.005533548537641764,0.01663113199174404,0.004543416667729616,0.004274347331374884,0.005357333924621344,0.004441766068339348,0.0025832601822912693,0.0025714084040373564,0.0025462822522968054,0.0025901892222464085,0.0025327340699732304,0.002537274733185768,0.0025823714677244425,0.005359134171158075,0.01017438992857933,0.009952065534889698,0.00639308849349618,0.006380831822752953,0.006548878271132708,0.006309326272457838,0.0067405663430690765,0.006217410787940025,0.006161143537610769,0.006679631769657135,0.006649610120803118,0.006561635993421078,0.006098306272178888,0.006385733839124441,0.006885464768856764,0.008393164724111557,0.008415473625063896,0.007959438487887383,0.012818940915167332,0.012968179769814014,0.012850959785282612,0.0126664899289608,0.012874522246420383,0.007068010047078133,0.007038732524961233,0.007021009922027588,0.006906345020979643,0.005849228240549564,0.006554557476192713,0.007109788712114096,0.005959251895546913,0.006244923919439316,0.006520803552120924,0.008487237617373466,0.010155905038118362
sklin2_skin_lesions,0.005775961093604565,0.005677057430148125,0.005349122453480959,0.006365502253174782,0.0,0.008203357458114624,0.013151824474334717,0.006254599429666996,0.004714869428426027,0.011720038950443268,0.004278617911040783,0.003990438766777515,0.005400311201810837,0.00510078389197588,0.016031520441174507,0.015859127044677734,0.004445343278348446,0.004590128548443317,0.006044951267540455,0.0055060372687876225,0.005213489755988121,0.005168952513486147,0.005223603919148445,0.005190565250813961,0.005184466019272804,0.005208257585763931,0.005219347309321165,0.002913719741627574,0.006074169185012579,0.005178655497729778,0.008994181640446186,0.005100228823721409,0.009283602237701416,0.006364117376506329,0.006532086990773678,0.006807439960539341,0.006381036713719368,0.006924093700945377,0.0063422261737287045,0.006255363114178181,0.006975209340453148,0.006810628809034824,0.00661769974976778,0.006206516642123461,0.006586533505469561,0.007046626415103674,0.00875022355467081,0.003129323711618781,0.008760790340602398,0.0043547432869672775,0.010652842000126839,0.0094369538128376,0.006390560418367386,0.010697928257286549,0.01064484752714634,0.010578003711998463,0.01068260706961155,0.006312818266451359,0.005942677613347769,0.006006155163049698,0.009606922045350075,0.01815786026418209,0.007251094561070204,0.006096176337450743,0.006704756058752537,0.007800002582371235,0.006336114834994078,0.006599080748856068,0.006703050807118416,0.007784149143844843,0.008085759356617928,0.005790866445749998,0.005703970789909363,0.005437844432890415,0.006358511280268431,0.012959502637386322,0.006273181177675724,0.011385957710444927,0.0054704430513083935,0.01596677489578724,0.004497847985476255,0.004486988298594952,0.006033747456967831,0.005581922363489866,0.0052052997052669525,0.005280913785099983,0.00528750428929925,0.005268938839435577,0.005290827248245478,0.005223734769970179,0.005230686627328396,0.006181252654641867,0.009014993906021118,0.00920834019780159,0.0065879845060408115,0.00658339262008667,0.006733698770403862,0.006436778232455254,0.006925633177161217,0.006357710808515549,0.006269615143537521,0.0068852961994707584,0.006911083124577999,0.006729926913976669,0.006159598007798195,0.0066500636748969555,0.007117129862308502,0.008789995685219765,0.00883924588561058,0.004402134567499161,0.010691274888813496,0.010834600776433945,0.010733152739703655,0.0105438232421875,0.010723703540861607,0.006241616327315569,0.005957476794719696,0.005991106387227774,0.007274913601577282,0.00599689269438386,0.006695149932056665,0.007806457579135895,0.006340092979371548,0.006660122890025377,0.006615114863961935,0.00786251574754715,0.00794181413948536
identify_nbi_infframes,0.007612328510731459,0.007582793012261391,0.007452996913343668,0.00842500664293766,0.008203357458114624,0.0,0.013140094466507435,0.009027132764458656,0.006951950024813414,0.012618981301784515,0.006584012880921364,0.006325152236968279,0.007600056938827038,0.0072299945168197155,0.017285484820604324,0.017054764553904533,0.0071585411205887794,0.00719816517084837,0.008517520502209663,0.007719577290117741,0.007454615086317062,0.007431355770677328,0.007468598894774914,0.007422786671668291,0.007408546283841133,0.007432934828102589,0.007492703851312399,0.007549521047621965,0.008120355196297169,0.007484473753720522,0.010531183332204819,0.009288226254284382,0.011957874521613121,0.008692046627402306,0.008655022829771042,0.008874145336449146,0.008726921863853931,0.00894471537321806,0.00864051841199398,0.008586529642343521,0.008995815180242062,0.008953185752034187,0.008746720850467682,0.008608987554907799,0.008729412220418453,0.009058277122676373,0.010904038324952126,0.008222774602472782,0.010956039652228355,0.008400178514420986,0.014346682466566563,0.011943574994802475,0.009181155823171139,0.01437209453433752,0.01433692779392004,0.014265795238316059,0.014381185173988342,0.010106231085956097,0.00977577455341816,0.009799977764487267,0.010823325254023075,0.021426379680633545,0.009476878680288792,0.008431978523731232,0.008798867464065552,0.010207811370491982,0.008501054719090462,0.00865759328007698,0.009050166234374046,0.010446255095303059,0.012270637787878513,0.007627385668456554,0.0075534917414188385,0.007500801235437393,0.008446387015283108,0.012952547520399094,0.009051674976944923,0.01235495787113905,0.007671354804188013,0.017204949632287025,0.007162137422710657,0.007109012454748154,0.008520305156707764,0.007777119986712933,0.007463707588613033,0.007465607486665249,0.007522056344896555,0.007559035439044237,0.007547617889940739,0.007467472460120916,0.00747602479532361,0.008207510225474834,0.010637595318257809,0.011885827407240868,0.008846618235111237,0.008720100857317448,0.008836786262691021,0.008814605884253979,0.00891901832073927,0.008643568493425846,0.008604826405644417,0.008922276087105274,0.009025315754115582,0.008838782086968422,0.008589918725192547,0.008793903514742851,0.009134534746408463,0.010942157357931137,0.011028112843632698,0.008468682877719402,0.014372402802109718,0.014516148716211319,0.014389585703611374,0.014228420332074165,0.014433249831199646,0.010015138424932957,0.009785247035324574,0.009787590242922306,0.009503467008471489,0.008345003239810467,0.008820028975605965,0.010205419734120369,0.008506925776600838,0.008682656101882458,0.008957798592746258,0.010522937402129173,0.012133552692830563
laryngeal_tissues,0.013897204771637917,0.01365587767213583,0.013389955274760723,0.014244917780160904,0.013151824474334717,0.013140094466507435,0.0,0.01464824378490448,0.011183355003595352,0.012018907815217972,0.01062755286693573,0.010628357529640198,0.010123674757778645,0.00955107156187296,0.01944907009601593,0.019272398203611374,0.013379032723605633,0.0133229224011302,0.014339843764901161,0.013823583722114563,0.013701056130230427,0.013665259815752506,0.013711931183934212,0.013665445148944855,0.0136560732498765,0.013681245036423206,0.013734658248722553,0.012257877737283707,0.013776312582194805,0.013021905906498432,0.01488246489316225,0.013945739716291428,0.016953682526946068,0.014500757679343224,0.0145286088809371,0.014701619744300842,0.014561769552528858,0.014784922823309898,0.014474836178123951,0.01442977599799633,0.01483630109578371,0.014770552515983582,0.014579474925994873,0.014469379559159279,0.014557568356394768,0.014862854033708572,0.016412053257226944,0.013495128601789474,0.016473934054374695,0.012668034993112087,0.019499732181429863,0.017572477459907532,0.01441972702741623,0.019526978954672813,0.01948743499815464,0.019416257739067078,0.019531048834323883,0.014979658648371696,0.014623385854065418,0.014673247002065182,0.01595456525683403,0.026426920667290688,0.014524404890835285,0.01401857752352953,0.01428817119449377,0.015464634634554386,0.013791538774967194,0.013879647478461266,0.014228079468011856,0.015447664074599743,0.01753940060734749,0.013914327137172222,0.013804434798657894,0.013459554873406887,0.0142420195043087,,0.014677797444164753,0.011885055340826511,0.010184932500123978,0.019362330436706543,0.01340535469353199,0.013254459016025066,0.014334539882838726,0.013891659677028656,0.013697367161512375,0.013762405142188072,0.01377190463244915,0.013782314956188202,0.013774405233561993,0.013717089779675007,0.013721393421292305,0.01389192882925272,0.014940019696950912,0.01689046621322632,0.014674087055027485,0.01459249947220087,0.014659272506833076,0.01464932132512331,0.014768105931580067,0.014488373883068562,0.014450915157794952,0.014761779457330704,0.014834385365247726,0.014676090329885483,0.014446214772760868,0.014603029005229473,0.014951245859265327,0.016458353027701378,0.016542399302124977,0.012764873914420605,0.019527168944478035,0.01967311091721058,0.01954413577914238,0.019370341673493385,0.019585635513067245,0.01488957367837429,0.014631787315011024,0.014672059565782547,0.014545637182891369,0.013921595178544521,0.014288338832557201,0.01547634694725275,0.013787759467959404,0.013929175212979317,0.01415051706135273,0.015519247390329838,0.01739952526986599
nerthus_bowel_cleansing_quality,0.005127919837832451,0.004856024868786335,0.0047422111965715885,0.00581979239359498,0.006254599429666996,0.009027132764458656,0.01464824378490448,0.0,0.005388176068663597,0.012457447126507759,0.004657410550862551,0.0043187011033296585,0.0057798344641923904,0.005529297981411219,0.016782622784376144,0.01667255163192749,0.0031568945851176977,0.002601722488179803,0.0015814239159226418,0.0026346624363213778,0.004013387020677328,0.003926248289644718,0.003995498642325401,0.003993498161435127,0.003988162614405155,0.003982382360845804,0.00400414178147912,0.006121048703789711,0.004315515514463186,0.00648852763697505,0.010235883295536041,0.008237816393375397,0.009509028866887093,0.006146455183625221,0.006157941184937954,0.006422580685466528,0.006144477985799313,0.006497051101177931,0.006072879768908024,0.006001637317240238,0.006574755068868399,0.006463454104959965,0.006268966011703014,0.006018351297825575,0.006311903707683086,0.006660167593508959,0.008681343868374825,0.0068280347622931,0.00864968728274107,0.007928729988634586,0.012170352041721344,0.009151122532784939,0.005956117995083332,0.012197745032608509,0.012157765217125416,0.012080993503332138,0.012180482037365437,0.00548088364303112,0.005238011945039034,0.005226664245128632,0.010768327862024307,0.019392136484384537,0.006991825066506863,0.005374383181333542,0.006065723020583391,0.007256627548485994,0.005893078166991472,0.005988207645714283,0.006250346079468727,0.009181942790746689,0.009571420960128307,0.005161653738468885,0.005058474838733673,0.004807861056178808,0.005773080512881279,0.014455219730734825,,0.012104230001568794,0.005829195026308298,0.016725869849324226,0.0031470449175685644,0.0026898637879639864,0.0015790831530466676,0.00264724506996572,0.0039942883886396885,0.004061180166900158,0.004050049930810928,0.004042368847876787,0.004044040106236935,0.004030044190585613,0.004028022289276123,0.004354656673967838,0.010252277366816998,0.00942020583897829,0.006343863904476166,0.006205097306519747,0.006368561182171106,0.006217047572135925,0.006530304905027151,0.006092283874750137,0.006027011200785637,0.006486512254923582,0.006576722953468561,0.0063881659880280495,0.005954671651124954,0.006347049493342638,0.006723723839968443,0.008701260201632977,0.008729896508157253,0.007969023659825325,0.012206118553876877,0.012336003594100475,0.012215077877044678,0.012049839831888676,0.012236337177455425,0.005412236321717501,0.005296017974615097,0.0052114129066467285,0.0070313275791704655,0.0052749537862837315,0.006040255073457956,0.007256823591887951,0.005906715057790279,0.0060604531317949295,0.006177632603794336,0.009284257888793945,0.009401918388903141
stanford_dogs_image_categorization,0.0046586100943386555,0.004175132606178522,0.003984312992542982,0.004687225446105003,0.004714869428426027,0.006951950024813414,0.011183355003595352,0.005388176068663597,0.0,0.009425935335457325,0.0016506894025951624,0.0014496215153485537,0.002539293374866247,0.002562309382483363,0.013856717385351658,0.013753124512732029,0.004244602285325527,0.00422530947253108,0.005132392980158329,0.004322633147239685,0.0043017142452299595,0.004258279222995043,0.004304337780922651,0.004269802011549473,0.004264735616743565,0.004279529210180044,0.004312318284064531,0.004467559512704611,0.004821259528398514,0.004194668494164944,0.0077298651449382305,0.005843274295330048,0.007864191196858883,0.0051494985818862915,0.005220653023570776,0.0054399739019572735,0.0052003501914441586,0.005525622516870499,0.00513169402256608,0.005080271977931261,0.005580972880125046,0.005449320655316114,0.005303400103002787,0.0051170699298381805,0.005276010371744633,0.0056375726126134396,0.007067676167935133,0.005196742247790098,0.007091192994266748,0.005910083651542664,0.010652062483131886,0.007856468670070171,0.004895997233688831,0.010680264793336391,0.01063927635550499,0.010566433891654015,0.010670823976397514,0.005865455139428377,0.005492501426488161,0.005536214914172888,0.008192682638764381,0.017433973029255867,0.005283283535391092,0.004711694549769163,0.005006076768040657,0.006079359911382198,0.004404128063470125,0.004734776448458433,0.0049634575843811035,0.006539310794323683,0.008393398486077785,0.004676546435803175,0.004235393833369017,0.00405324250459671,0.004660612903535366,0.010975484736263752,0.005425924900919199,0.009096543304622173,0.002619137056171894,0.013789517804980278,0.00428754510357976,0.004164777230471373,0.005112375598400831,0.004390245769172907,0.004300173372030258,0.004375533200800419,0.004360603168606758,0.004352360963821411,0.00436097988858819,0.004327768925577402,0.00432335352525115,0.00490130390971899,0.007746374234557152,0.007807555608451366,0.00532623240724206,0.005269992630928755,0.005401160567998886,0.005279011093080044,0.005549331195652485,0.005161477718502283,0.005094293504953384,0.0055000013671815395,0.005529363173991442,0.005410725716501474,0.005084702745079994,0.00529321376234293,0.0057236249558627605,0.007116210181266069,0.007165137678384781,0.0059708948247134686,0.010674478486180305,0.010830070823431015,0.01070451270788908,0.01051977276802063,0.010734914802014828,0.005778682418167591,0.005519105587154627,0.005523215513676405,0.005306233651936054,0.004614724311977625,0.004986471030861139,0.006088105030357838,0.004411202389746904,0.004798015113919973,0.004892309196293354,0.00661810114979744,0.008230704814195633
svhn,0.012317460030317307,0.011859755031764507,0.011617987416684628,0.012409927323460579,0.011720038950443268,0.012618981301784515,0.012018907815217972,0.012457447126507759,0.009425935335457325,0.0,0.008778314106166363,0.008615188300609589,0.006791813764721155,0.006220467388629913,0.01469049509614706,0.014498903416097164,0.011507035233080387,0.011453310027718544,0.012267205864191055,0.011613789945840836,0.011693434789776802,0.011649505235254765,0.011702802032232285,0.01166001707315445,0.011661896482110023,0.011674411594867706,0.01172596961259842,0.011276845820248127,0.011725268326699734,0.011344294995069504,0.013277637772262096,0.013166518881917,0.014841536991298199,0.012234746478497982,0.01226850412786007,0.012455747462809086,0.012289690785109997,0.012538537383079529,0.012210933491587639,0.0121645862236619,0.012578638270497322,0.012500622309744358,0.012326102703809738,0.012201332487165928,0.01229134202003479,0.012621313333511353,0.014127249829471111,0.0121571971103549,0.014167503453791142,0.012400484643876553,0.01763431541621685,0.015249300748109818,0.011966290883719921,0.017661694437265396,0.01762343756854534,0.017548417672514915,0.017658434808254242,0.012903730385005474,0.012519439682364464,0.012571776285767555,0.014749445021152496,0.024487735703587532,0.011902634985744953,0.011612970381975174,0.011741270311176777,0.012937420979142189,0.011189725250005722,0.011110493913292885,0.011610765010118484,0.01400489080697298,0.015543537214398384,0.01235205214470625,0.011870127171278,0.011693035252392292,0.012386031448841095,0.011929108761250973,0.012490722350776196,,0.006785798817873001,0.0146411694586277,0.011543430387973785,0.01139071024954319,0.012245534919202328,0.011684722267091274,0.011688952334225178,0.011754576116800308,0.011765462346374989,0.011759000830352306,0.011753327213227749,0.011721604503691196,0.011706615798175335,0.01183099765330553,0.01330265961587429,0.01477959007024765,0.01240687258541584,0.012328949756920338,0.012405740097165108,0.012377188540995121,0.012524501420557499,0.012224755249917507,0.012186642736196518,0.012509199790656567,0.012566092424094677,0.012429466471076012,0.012173869647085667,0.012325537391006947,0.012703893706202507,0.014167940244078636,0.01423723716288805,0.012477772310376167,0.01766071654856205,0.017804494127631187,0.017674876376986504,0.01750430278480053,0.01771564967930317,0.012810610234737396,0.012519532814621925,0.012562498450279236,0.011930537410080433,0.011521280743181705,0.011741092428565025,0.012952810153365135,0.011191772297024727,0.011152837425470352,0.01154370978474617,0.014082900248467922,0.015394707210361958
caltech101_object_classification,0.004261509981006384,0.0037420664448291063,0.0035429850686341524,0.004257348831743002,0.004278617911040783,0.006584012880921364,0.01062755286693573,0.004657410550862551,0.0016506894025951624,0.008778314106166363,0.0,0.0007917517214082181,0.0022593189496546984,0.0021023042500019073,0.012757251970469952,0.012741602025926113,0.003741122782230377,0.0036089334171265364,0.004461245611310005,0.0037015764974057674,0.003748242510482669,0.0036969014909118414,0.0037480650935322046,0.0037138257175683975,0.00371254188939929,0.0037267727311700583,0.003759463783353567,0.004003449343144894,0.004041534382849932,0.004020904190838337,0.006904139183461666,0.0056537422351539135,0.007191663607954979,0.004730088636279106,0.004818314220756292,0.005041093565523624,0.004781090654432774,0.005129859317094088,0.004709478002041578,0.004664363339543343,0.005179498810321093,0.005040889140218496,0.0048899720422923565,0.004692136775702238,0.0048621888272464275,0.005229130852967501,0.006662131752818823,0.004850105382502079,0.006673779804259539,0.005418502259999514,0.00995849259197712,0.0074355811811983585,0.0041540078818798065,0.009991174563765526,0.009944180026650429,0.00987380649894476,0.009981820359826088,0.004988152999430895,0.004669081419706345,0.004713395144790411,0.00778888538479805,0.016805168241262436,0.004614658188074827,0.004062932915985584,0.004282651003450155,0.005313906818628311,0.0036844518035650253,0.003876692382618785,0.00421521719545126,0.0060763247311115265,0.007753548212349415,0.004284372553229332,0.003856884315609932,0.0036166012287139893,0.004230468533933163,0.010427179746329784,0.00469541922211647,0.008435367606580257,0.0023314757272601128,0.012694169767200947,0.003782331943511963,0.0035597430542111397,0.0044450825080275536,0.003768760012462735,0.0037449931260198355,0.003818608121946454,0.0038103442639112473,0.003799529280513525,0.0037945774383842945,0.003773612203076482,0.003764188149943948,0.004127332009375095,0.0069265509955585,0.007131557445973158,0.004912159871309996,0.004873719997704029,0.004990468267351389,0.004857826046645641,0.005148568190634251,0.0047386991791427135,0.004682553466409445,0.005104882642626762,0.005118055734783411,0.0050018103793263435,0.0046514831483364105,0.004881601314991713,0.005305384285748005,0.006704242434352636,0.0067488341592252254,0.005479050800204277,0.009984482079744339,0.010134277865290642,0.010007372125983238,0.00983236264437437,0.0100410720333457,0.004900250118225813,0.004693295806646347,0.004701654426753521,0.004640510771423578,0.003950745332986116,0.004263022448867559,0.005319648887962103,0.0036963908933103085,0.003946245182305574,0.004143051337450743,0.006156696006655693,0.007604032289236784
caltech256_object_classification,0.003968165721744299,0.0034018203150480986,0.0032099843956530094,0.003917860798537731,0.003990438766777515,0.006325152236968279,0.010628357529640198,0.0043187011033296585,0.0014496215153485537,0.008615188300609589,0.0007917517214082181,0.0,0.002088303444907069,0.0019175190245732665,0.012717030011117458,0.012678906321525574,0.003409589407965541,0.0032990106847137213,0.004155280999839306,0.0033339224755764008,0.0033611441031098366,0.0033105062320828438,0.0033616293221712112,0.003328728722408414,0.0033276895992457867,0.0033403043635189533,0.003373238956555724,0.0037579433992505074,0.003691405290737748,0.003744493704289198,0.006823738105595112,0.005414323881268501,0.006874542683362961,0.00431796396151185,0.0044148629531264305,0.004643393214792013,0.0043712882325053215,0.00473307678475976,0.004300315398722887,0.004254697822034359,0.00478341756388545,0.0046372078359127045,0.004491215571761131,0.004284061025828123,0.004466826096177101,0.004834894090890884,0.006260312628000975,0.004567567724734545,0.00626927986741066,0.0052062408067286015,0.009598218835890293,0.0070265899412333965,0.0038259231951087713,0.009628049097955227,0.009583036415278912,0.009510703384876251,0.009618213400244713,0.004680154379457235,0.004365518223494291,0.0044115688651800156,0.007515598554164171,0.016410600394010544,0.004192687571048737,0.003645368618890643,0.003867211751639843,0.0049385144375264645,0.0032481811940670013,0.0034650112502276897,0.0037930391263216734,0.005821366794407368,0.007385354954749346,0.0039971997030079365,0.0034725400619208813,0.0032887605484575033,0.0038835315499454737,0.010427715256810188,0.004358130041509867,0.00827393215149641,0.0021515388507395983,0.012654432095587254,0.003456678707152605,0.0032490103039890528,0.004136081784963608,0.0034023530315607786,0.0033548525534570217,0.0034317802637815475,0.0034208211582154036,0.003410621313378215,0.0034080769401043653,0.0033918272238224745,0.003375408938154578,0.0037776462268084288,0.00684281624853611,0.0068119545467197895,0.004502604249864817,0.0044686938636004925,0.004591465461999178,0.004445428028702736,0.004753279499709606,0.004328897688537836,0.004273909144103527,0.004708143882453442,0.0047167628072202206,0.0046029058285057545,0.004241218324750662,0.004483064636588097,0.004912116099148989,0.006302144844084978,0.006343526300042868,0.005267809145152569,0.009624467231333256,0.009771685115993023,0.009643662720918655,0.009470335207879543,0.009679359383881092,0.004590992815792561,0.0043869782239198685,0.004397474229335785,0.00422018812969327,0.0035348013043403625,0.0038469883147627115,0.004945056047290564,0.0032609859481453896,0.0035362730268388987,0.0037236919160932302,0.005904724821448326,0.007232761010527611
cifar10_object_classification,0.0054526603780686855,0.004914227407425642,0.004733117297291756,0.005468853749334812,0.005400311201810837,0.007600056938827038,0.010123674757778645,0.0057798344641923904,0.002539293374866247,0.006791813764721155,0.0022593189496546984,0.002088303444907069,0.0,0.0008119787671603262,0.012281900271773338,0.012224177829921246,0.00487501360476017,0.004797141999006271,0.00562070170417428,0.004791279789060354,0.004862119909375906,0.004814269952476025,0.004867758601903915,0.004836020991206169,0.00482935830950737,0.004840205889195204,0.004877900704741478,0.005103025119751692,0.005249644163995981,0.0049009984359145164,0.007925815880298615,0.006773731671273708,0.008663016371428967,0.005728994961827993,0.005797992460429668,0.006023242603987455,0.0057745641097426414,0.006102254148572683,0.005704868119210005,0.0056538828648626804,0.00616371538490057,0.006032657343894243,0.00588733796030283,0.0056898086331784725,0.005854802671819925,0.00622112350538373,0.007801147643476725,0.005888808518648148,0.007806467358022928,0.006682099774479866,0.011367086321115494,0.008546138182282448,0.005368425510823727,0.011395632289350033,0.011351733468472958,0.011278342455625534,0.0113840252161026,0.006330262403935194,0.005997628904879093,0.006049606949090958,0.00866409856826067,0.018194222822785378,0.005902254953980446,0.005290967412292957,0.005648336838930845,0.006564676761627197,0.005033217836171389,0.005220517981797457,0.005540121346712112,0.007363644894212484,0.009101927280426025,0.00547926127910614,0.004968656692653894,0.004809110425412655,0.005431263707578182,0.009958024136722088,0.005810230039060116,0.006467923056334257,,0.012228175066411495,0.004914824850857258,0.004744166973978281,0.005598057992756367,0.004861478228121996,0.004857860971242189,0.004932899959385395,0.004927157890051603,0.00490575609728694,0.004914193879812956,0.00489452201873064,0.004880107473582029,0.0053316825069487095,0.007925829850137234,0.00859977025538683,0.005907576065510511,0.005846675019711256,0.005974865518510342,0.005850550718605518,0.0061263288371264935,0.0057326192036271095,0.005676126107573509,0.006085031665861607,0.006118018180131912,0.005995678715407848,0.005648714955896139,0.005867797415703535,0.006305683869868517,0.007842584513127804,0.007881310768425465,0.006738569121807814,0.011393747292459011,0.011542664840817451,0.01141440961509943,0.011235385201871395,0.011447954922914505,0.006245107855647802,0.006017521023750305,0.006041725166141987,0.005928858648985624,0.005192172713577747,0.0056275962851941586,0.006572415120899677,0.00504391361027956,0.005290521774441004,0.005476903636008501,0.007446743547916412,0.008943408727645874
