,lapgyn4_anatomical_structures,lapgyn4_surgical_actions,lapgyn4_instrument_count,lapgyn4_anatomical_actions,sklin2_skin_lesions,identify_nbi_infframes,laryngeal_tissues,nerthus_bowel_cleansing_quality,stanford_dogs_image_categorization,svhn,caltech101_object_classification,caltech256_object_classification,cifar10_object_classification,cifar100_object_classification,mnist_digit_classification,emnist_digit_classification,hyperkvasir_anatomical-landmarks,hyperkvasir_pathological-findings,hyperkvasir_quality-of-mucosal-views,hyperkvasir_therapeutic-interventions,cholec80_grasper_presence,cholec80_bipolar_presence,cholec80_hook_presence,cholec80_scissors_presence,cholec80_clipper_presence,cholec80_irrigator_presence,cholec80_specimenbag_presence,derm7pt_skin_lesions,idle_action_recognition,barretts_esophagus_diagnosis,brain_tumor_classification,mednode_melanoma_classification,brain_tumor_type_classification,chexpert_enlarged_cardiomediastinum,chexpert_cardiomegaly,chexpert_lung_opacity,chexpert_lung_lesion,chexpert_edema,chexpert_consolidation,chexpert_pneumonia,chexpert_atelectasis,chexpert_pneumothorax,chexpert_pleural_effusion,chexpert_pleural_other,chexpert_fracture,chexpert_support_devices,pneumonia_classification,ph2-melanocytic-lesions-classification,covid_xray_classification,isic20_melanoma_classification,deep_drid_dr_level,shenzen_chest_xray_tuberculosis,crawled_covid_ct_classification,deep_drid_quality,deep_drid_clarity,deep_drid_field,deep_drid_artifact,kvasir_capsule_anatomy,kvasir_capsule_content,kvasir_capsule_pathologies,breast_cancer_classification_v2,eye_condition_classification,mura_xr_wrist,mura_xr_shoulder,mura_xr_humerus,mura_xr_hand,mura_xr_forearm,mura_xr_finger,mura_xr_elbow,bean_plant_disease_classification,aptos19_blindness_detection,lapgyn4_anatomical_structures --shrink_train 800,lapgyn4_surgical_actions --shrink_train 800,lapgyn4_instrument_count --shrink_train 800,lapgyn4_anatomical_actions --shrink_train 800,laryngeal_tissues --shrink_train 800,nerthus_bowel_cleansing_quality --shrink_train 800,svhn --shrink_train 800,cifar10_object_classification --shrink_train 800,mnist_digit_classification --shrink_train 800,hyperkvasir_anatomical-landmarks --shrink_train 800,hyperkvasir_pathological-findings --shrink_train 800,hyperkvasir_quality-of-mucosal-views --shrink_train 800,hyperkvasir_therapeutic-interventions --shrink_train 800,cholec80_grasper_presence --shrink_train 800,cholec80_bipolar_presence --shrink_train 800,cholec80_hook_presence --shrink_train 800,cholec80_scissors_presence --shrink_train 800,cholec80_clipper_presence --shrink_train 800,cholec80_irrigator_presence --shrink_train 800,cholec80_specimenbag_presence --shrink_train 800,idle_action_recognition --shrink_train 800,brain_tumor_classification --shrink_train 800,brain_tumor_type_classification --shrink_train 800,chexpert_enlarged_cardiomediastinum --shrink_train 800,chexpert_cardiomegaly --shrink_train 800,chexpert_lung_opacity --shrink_train 800,chexpert_lung_lesion --shrink_train 800,chexpert_edema --shrink_train 800,chexpert_consolidation --shrink_train 800,chexpert_pneumonia --shrink_train 800,chexpert_atelectasis --shrink_train 800,chexpert_pneumothorax --shrink_train 800,chexpert_pleural_effusion --shrink_train 800,chexpert_pleural_other --shrink_train 800,chexpert_fracture --shrink_train 800,chexpert_support_devices --shrink_train 800,pneumonia_classification --shrink_train 800,covid_xray_classification --shrink_train 800,isic20_melanoma_classification --shrink_train 800,deep_drid_dr_level --shrink_train 800,deep_drid_quality --shrink_train 800,deep_drid_clarity --shrink_train 800,deep_drid_field --shrink_train 800,deep_drid_artifact --shrink_train 800,kvasir_capsule_anatomy --shrink_train 800,kvasir_capsule_content --shrink_train 800,kvasir_capsule_pathologies --shrink_train 800,mura_xr_wrist --shrink_train 800,mura_xr_shoulder --shrink_train 800,mura_xr_humerus --shrink_train 800,mura_xr_hand --shrink_train 800,mura_xr_forearm --shrink_train 800,mura_xr_finger --shrink_train 800,mura_xr_elbow --shrink_train 800,bean_plant_disease_classification --shrink_train 800,aptos19_blindness_detection --shrink_train 800
lapgyn4_anatomical_structures,0.0,0.00010014801227953285,0.00010014968574978411,0.00010020758782047778,0.00010126078996108845,0.00010755635594250634,0.00010234239016426727,0.00010017822205554694,0.00010015904990723357,0.00010015843145083636,0.00010018508328357711,0.00010014986037276685,0.00010017894965130836,0.00010014620784204453,0.00010014689178206027,0.000100145727628842,0.00010022880451288074,0.00010023826325777918,0.00010029805707745254,0.00010029804252553731,0.00010014783765655011,0.00010014524741563946,0.00010014805593527853,0.00010013768041972071,0.00010013810242526233,0.00010019754699897021,0.00010013797145802528,0.00010063839727081358,0.00010016968008130789,0.0001012860011542216,0.00010019038745667785,0.00010213962377747521,0.00010020937770605087,0.0001001480413833633,0.00010013810242526233,0.00010013784049078822,0.00010016791929956526,0.00010013734572567046,0.00010014795407187194,0.00010016806481871754,0.00010013813152909279,0.00010013759310822934,0.00010013768041972071,0.00010020792251452804,0.0001001875352812931,0.00010013786959461868,0.00010019702313002199,0.00010159608791582286,0.00010028756514657289,0.0001001485507003963,0.00010043272050097585,0.0001006678503472358,0.00010048782860394567,0.00010050568380393088,0.00010050392302218825,0.00010049670527223498,0.0001004592195386067,0.00010018776811193675,0.00010014802683144808,0.00010014782310463488,0.00010071649739984423,0.00010081761865876615,0.00010016692976932973,0.00010017745080403984,0.00010111030132975429,0.00010020092304330319,0.00010025075607700273,0.00010024657240137458,0.00010017924068961293,0.00010037158790510148,0.00010028191900346428,,0.00010034773731604218,0.00010039910557679832,0.00010039789776783437,0.00010298930283170193,0.00010039765038527548,0.0001016952155623585,0.00010061667126137763,0.00010109526920132339,0.00010046933311969042,0.00010041835776064545,0.00010041806672234088,0.00010044805821962655,0.00010045202361652628,0.00010045645467471331,0.00010047342220786959,0.000100450444733724,0.00010044864029623568,0.00010045481030829251,0.00010044888767879456,0.0001004802470561117,0.00010046733950730413,0.00010042608482763171,0.00010044791270047426,0.00010044770897366107,0.00010044781083706766,0.00010044770897366107,0.00010044794180430472,0.00010044767986983061,0.00010044767986983061,0.00010044770897366107,0.00010044814553111792,0.00010044773080153391,0.00010044861846836284,0.00010034807201009244,0.00010044740338344127,0.0001004477235255763,0.000100447672593873,0.00010039510380011052,0.0001005838712444529,0.00010056758765131235,0.00010059034684672952,0.00010059461055789143,0.0001005885933409445,0.0001004484947770834,0.00010039776680059731,0.0001004576261038892,0.00010044996452052146,0.00010049376578535885,0.00010064914386020973,0.00010045066301245242,0.00010045191447716206,0.00010044946247944608,0.00010045833187177777,0.00010042583744507283,0.00010041352652478963
lapgyn4_surgical_actions,0.00010014801227953285,0.0,0.00010002000635722652,0.00010007790115196258,0.00010113111056853086,0.00010742667654994875,0.00010221271077170968,0.00010004854266298935,0.00010002937051467597,0.00010002875205827877,0.00010005540389101952,0.00010002018098020926,0.00010004926298279315,0.00010001652844948694,0.00010001720511354506,0.00010001604096032679,0.00010009911784436554,0.00010010857658926398,0.00010016837040893734,0.0001001683558570221,0.0001000181509880349,0.00010001556074712425,0.00010001836926676333,0.00010000800102716312,0.00010000841575674713,0.000100067860330455,0.00010000828478951007,0.00010050871060229838,0.0001000400006887503,0.00010115631448570639,0.00010006070078816265,0.00010200994438491762,0.00010007969831349328,0.00010001836199080572,0.00010000841575674713,0.00010000815382227302,0.00010003823263105005,0.00010000766633311287,0.00010001826740335673,0.00010003837815020233,0.00010000844486057758,0.00010000790643971413,0.0001000079937512055,0.00010007823584601283,0.0001000578558887355,0.00010000819020206109,0.0001000673437374644,0.00010146640852326527,0.00010015787847805768,0.00010001887130783871,0.00010030304110841826,0.0001005381636787206,0.00010035814921138808,0.00010037599713541567,0.00010037423635367304,0.00010036701860371977,0.0001003295328700915,0.00010005808144342154,0.00010001834743889049,0.00010001813643611968,0.00010058681800728664,0.00010068793199025095,0.00010003724310081452,0.00010004777141148224,0.0001009806219371967,0.00010007123637478799,0.00010012107668444514,0.00010011688573285937,0.00010004956129705533,0.00010024190123658627,0.00010015223233494908,0.000100259407190606,,0.00010026941890828311,0.00010026821109931916,0.00010285961616318673,0.00010026796371676028,0.00010156552889384329,0.00010048699186882004,0.0001009655898087658,0.00010033965372713283,0.00010028867109213024,0.00010028838732978329,0.00010031837882706895,0.00010032234422396868,0.00010032677528215572,0.000100343742815312,0.00010032076534116641,0.00010031896090367809,0.0001003251236397773,0.00010031920101027936,0.0001003505676635541,0.00010033765283878893,0.00010029640543507412,0.00010031823330791667,0.00010031802958110347,0.00010031813144451007,0.00010031802230514586,0.00010031826241174713,0.0001003179932013154,0.0001003179932013154,0.00010031802230514586,0.00010031845886260271,0.00010031805140897632,0.00010031893907580525,0.00010021838534157723,0.00010031772399088368,0.00010031803685706109,0.0001003179932013154,0.00010026541713159531,0.00010045418457593769,0.00010043790098279715,0.00010046066017821431,0.00010046493116533384,0.00010045891394838691,0.00010031880810856819,0.0001002680801320821,0.0001003279467113316,0.00010032027785200626,0.00010036408639280125,0.00010051946446765214,0.00010032097634393722,0.00010032223508460447,0.00010031978308688849,0.00010032864520326257,0.00010029615805251524,0.00010028383985627443
lapgyn4_instrument_count,0.00010014968574978411,0.00010002000635722652,0.0,0.00010007958917412907,0.00010113278403878212,0.00010742835002020001,0.00010221438424196094,0.00010005022340919822,0.00010003104398492724,0.00010003043280448765,0.00010005707736127079,0.00010002186172641814,0.00010005095100495964,0.00010001820919569582,0.00010001888585975394,0.00010001772170653567,0.00010010079859057441,0.00010011025733547285,0.00010017005115514621,0.00010017003660323098,0.0001000198390102014,0.00010001724149333313,0.0001000200500129722,0.000100009681773372,0.00010001010377891362,0.0001000695483526215,0.00010000996553571895,0.00010051039862446487,0.00010004168143495917,0.00010115799523191527,0.00010006238153437153,0.00010201161785516888,0.00010008137905970216,0.00010002004273701459,0.000100010096502956,0.00010000983456848189,0.00010003992065321654,0.00010000934707932174,0.00010001994814956561,0.00010004005889641121,0.00010001012560678646,0.00010000958718592301,0.00010000967449741438,0.00010007991659222171,0.00010005953663494438,0.00010000987094826996,0.00010006902448367327,0.00010146808926947415,0.00010015956650022417,0.00010002055205404758,0.00010030472185462713,0.00010053984442492947,0.00010035982995759696,0.00010037767788162455,0.00010037592437583953,0.00010036869934992865,0.00010033121361630037,0.00010005976218963042,0.00010002002818509936,0.00010001981718232855,0.00010058849875349551,0.00010068961273645982,0.0001000389238470234,0.00010004945215769112,0.00010098230268340558,0.00010007291712099686,0.0001001227501546964,0.00010011856647906825,0.00010005124204326421,0.00010024358925875276,0.00010015392035711557,0.00010026108793681487,0.00010021973866969347,,0.00010026989184552804,0.00010286130418535322,0.00010026965173892677,0.00010156720964005217,0.00010048867261502892,0.00010096727055497468,0.0001003413344733417,0.00010029035183833912,0.00010029006807599217,0.00010032005957327783,0.00010032401769421995,0.0001003284560283646,0.00010034542356152087,0.00010032244608737528,0.00010032064164988697,0.00010032680438598618,0.00010032088175648823,0.00010035224840976298,0.00010033934086095542,0.000100298086181283,0.00010031991405412555,0.00010031971032731235,0.00010031981219071895,0.00010031970305135474,0.000100319943157956,0.00010031967394752428,0.0001003196812234819,0.00010031970305135474,0.0001003201468847692,0.00010031972487922758,0.00010032061254605651,0.00010022007336374372,0.00010031940473709255,0.00010031971760326996,0.00010031966667156667,0.00010026709787780419,0.00010045586532214656,0.00010043958172900602,0.00010046234092442319,0.00010046661191154271,0.00010046058741863817,0.00010032048885477707,0.00010026976087829098,0.00010032962018158287,0.00010032195859821513,0.00010036576713901013,0.0001005211379379034,0.00010032266436610371,0.00010032391583081335,0.00010032145655713975,0.00010033032594947144,0.00010029783879872411,0.0001002855206024833
lapgyn4_anatomical_actions,0.00010020758782047778,0.00010007790115196258,0.00010007958917412907,0.0,0.00010119068610947579,0.00010748625209089369,0.00010227228631265461,0.0001001081254798919,0.00010008894605562091,0.00010008833487518132,0.00010011497943196446,0.00010007976379711181,0.0001001088457996957,0.00010007611126638949,0.00010007678065449,0.00010007561650127172,0.00010015869338531047,0.00010016815213020891,0.00010022794594988227,0.00010022793139796704,0.00010007773380493745,0.00010007513628806919,0.00010007794480770826,0.00010006758384406567,0.00010006799857364967,0.00010012744314735755,0.000100067860330455,0.00010056829341920093,0.00010009958350565284,0.00010121589002665132,0.00010012027632910758,0.00010206951992586255,0.00010013928113039583,0.00010007794480770826,0.00010006799129769206,0.00010006772936321795,0.0001000978154479526,0.00010006724915001541,0.00010007784294430166,0.00010009795369114727,0.00010006802040152252,0.00010006748198065907,0.00010006756929215044,0.00010013781138695776,0.00010011743870563805,0.00010006777301896363,0.00010012692655436695,0.00010152599134016782,0.00010021746129496023,0.00010007845412474126,0.0001003626239253208,0.00010059773921966553,0.00010041773202829063,0.00010043557267636061,0.00010043381917057559,0.0001004265941446647,0.00010038910841103643,0.00010011765698436648,0.00010007793025579304,0.00010007771197706461,0.00010064640082418919,0.00010074750753119588,0.00010009681864175946,0.00010010735422838479,0.00010104020475409925,0.00010013081191573292,0.00010018065222539008,0.00010017646127380431,0.00010010914411395788,0.00010030148405348882,0.00010021181515185162,0.00010031898273155093,0.00010027764074038714,0.00010032899444922805,,0.00010291919898008928,0.00010032754653366283,0.00010162510443478823,0.00010054657468572259,0.00010102517262566835,0.00010039923654403538,0.00010034824663307518,0.00010034797014668584,0.0001003779616439715,0.00010038191976491362,0.00010038635809905827,0.00010040332563221455,0.00010038034815806895,0.00010037854372058064,0.00010038469918072224,0.00010037877655122429,0.00010041015048045665,0.00010039723565569147,0.00010035598825197667,0.00010037781612481922,0.00010037761239800602,0.00010037771426141262,0.0001003775978460908,0.00010037784522864968,0.00010037756874226034,0.00010037757601821795,0.0001003775978460908,0.00010037804167950526,0.00010037762694992125,0.00010037851461675018,0.00010027796815847978,0.00010037730680778623,0.00010037761239800602,0.00010037756874226034,0.00010032499267254025,0.00010051376011688262,0.00010049747652374208,0.00010052023571915925,0.00010052451398223639,0.00010051848948933184,0.00010037838364951313,0.00010032765567302704,0.00010038752225227654,0.00010037985339295119,0.0001004236692097038,0.00010057904000859708,0.00010038055916083977,0.00010038181790150702,0.00010037935862783343,0.0001003882207442075,0.00010035574086941779,0.00010034341539721936
sklin2_skin_lesions,0.00010126078996108845,0.00010113111056853086,0.00010113278403878212,0.00010119068610947579,0.0,0.00010853945423150435,0.00010332548845326528,0.00010116132034454495,0.00010114214819623157,0.00010114152973983437,0.00010116818157257512,0.00010113295866176486,0.00010116204794030637,0.00010112930613104254,0.00010112999007105827,0.00010112882591784,0.00010121190280187875,0.00010122136154677719,0.00010128115536645055,0.00010128114081453532,0.00010113093594554812,0.00010112834570463747,0.00010113115422427654,0.00010112077870871872,0.00010112120071426034,0.00010118064528796822,0.00010112106974702328,0.00010162149555981159,0.0001011527783703059,0.0001022690994432196,0.00010117348574567586,0.00010312272206647322,0.00010119247599504888,0.00010113113967236131,0.00010112120071426034,0.00010112093877978623,0.00010115101758856326,0.00010112044401466846,0.00010113105236086994,0.00010115116310771555,0.0001011212298180908,0.00010112069139722735,0.00010112077870871872,0.00010119102080352604,0.0001011706335702911,0.00010112096788361669,0.00010118012141902,0.00010257918620482087,0.0001012706634355709,0.00010113164898939431,0.00010141581878997386,0.0001016509486362338,0.00010147092689294368,0.00010148878209292889,0.00010148702131118625,0.00010147980356123298,0.00010144231782760471,0.00010117086640093476,0.00010113112512044609,0.00010113092139363289,0.00010169959568884224,0.00010180071694776416,0.00010115002805832773,0.00010116054909303784,0.0001020933996187523,0.0001011840213323012,0.00010123385436600074,0.00010122967069037259,0.00010116233897861093,0.00010135468619409949,0.00010126501729246229,0.00010137219214811921,0.00010133083560504019,0.00010138220386579633,0.00010138099605683237,0.00010397240112069994,0.00010138074867427349,0.0001026783138513565,0.00010159976955037564,0.0001020783674903214,0.00010145243140868843,0.00010140145604964346,0.00010140116501133889,0.00010143115650862455,0.00010143512190552428,0.00010143955296371132,0.0001014565204968676,0.000101433543022722,0.00010143173858523369,0.00010143790859729052,0.00010143198596779257,0.0001014633453451097,0.00010145043779630214,0.00010140918311662972,0.00010143101098947227,0.00010143080726265907,0.00010143090912606567,0.00010143080726265907,0.00010143104009330273,0.00010143077815882862,0.00010143077815882862,0.00010143080726265907,0.00010143124382011592,0.00010143082909053192,0.00010143171675736085,0.00010133117029909045,0.00010143050167243928,0.0001014308218145743,0.000101430770882871,0.00010137820208910853,0.0001015669695334509,0.00010155068594031036,0.00010157344513572752,0.00010157770884688944,0.0001015716916299425,0.0001014315930660814,0.00010138086508959532,0.0001014407243928872,0.00010143306280951947,0.00010147686407435685,0.00010163224214920774,0.00010143376130145043,0.00010143501276616007,0.00010143256076844409,0.00010144143016077578,0.00010140893573407084,0.00010139662481378764
identify_nbi_infframes,0.00010755635594250634,0.00010742667654994875,0.00010742835002020001,0.00010748625209089369,0.00010853945423150435,0.0,0.00010962105443468317,0.00010745688632596284,0.00010743771417764947,0.00010743709572125226,0.00010746374755399302,0.00010742852464318275,0.00010745761392172426,0.00010742487211246043,0.00010742555605247617,0.0001074243918992579,0.00010750746878329664,0.00010751692752819508,0.00010757672134786844,0.00010757670679595321,0.00010742650192696601,0.00010742391168605536,0.00010742672020569444,0.00010741634469013661,0.00010741676669567823,0.00010747621126938611,0.00010741663572844118,0.00010791706154122949,0.00010744834435172379,0.0001085646654246375,0.00010746905172709376,0.00010941828804789111,0.00010748804197646677,0.00010742670565377921,0.00010741676669567823,0.00010741650476120412,0.00010744658356998116,0.00010741600999608636,0.00010742661834228784,0.00010744672908913344,0.00010741679579950869,0.00010741625737864524,0.00010741634469013661,0.00010748658678494394,0.000107466199551709,0.00010741653386503458,0.00010747568740043789,0.00010887475218623877,0.00010756622941698879,0.0001074272149708122,0.00010771138477139175,0.0001079465146176517,0.00010776649287436157,0.00010778434807434678,0.00010778258729260415,0.00010777536954265088,0.0001077378838090226,0.00010746643238235265,0.00010742669110186398,0.00010742648737505078,0.00010799516167026013,0.00010809628292918205,0.00010744559403974563,0.00010745611507445574,0.0001083889656001702,0.0001074795873137191,0.00010752942034741864,0.00010752523667179048,0.00010745790496002883,0.00010765025217551738,0.00010756058327388018,0.0001076677581295371,0.00010762640158645809,0.00010767776984721422,0.00010767656203825027,0.00011026796710211784,0.00010767631465569139,0.0001089738798327744,0.00010789533553179353,0.00010837393347173929,0.00010774799739010632,0.00010769702203106135,0.00010769673099275678,0.00010772672249004245,0.00010773068788694218,0.00010773511894512922,0.00010775208647828549,0.0001077291090041399,0.00010772730456665158,0.00010773347457870841,0.00010772755194921046,0.0001077589113265276,0.00010774600377772003,0.00010770474909804761,0.00010772657697089016,0.00010772637324407697,0.00010772647510748357,0.00010772637324407697,0.00010772660607472062,0.00010772634414024651,0.00010772634414024651,0.00010772637324407697,0.00010772680980153382,0.00010772639507194981,0.00010772728273877874,0.00010762673628050834,0.00010772606765385717,0.0001077263877959922,0.0001077263368642889,0.00010767376807052642,0.0001078625355148688,0.00010784625192172825,0.00010786901111714542,0.00010787327482830733,0.0001078672576113604,0.0001077271590474993,0.00010767643107101321,0.0001077362903743051,0.00010772862879093736,0.00010777243005577475,0.00010792780813062564,0.00010772932728286833,0.00010773057874757797,0.00010772812674986199,0.00010773699614219368,0.00010770450171548873,0.00010769219079520553
laryngeal_tissues,0.00010234239016426727,0.00010221271077170968,0.00010221438424196094,0.00010227228631265461,0.00010332548845326528,0.00010962105443468317,0.0,0.00010224292054772377,0.0001022237483994104,0.00010222312994301319,0.00010224978177575395,0.00010221455886494368,0.00010224364814348519,0.00010221090633422136,0.0001022115902742371,0.00010221042612101883,0.00010229350300505757,0.00010230296174995601,0.00010236275556962937,0.00010236274101771414,0.00010221253614872694,0.00010220994590781629,0.00010221275442745537,0.00010220237891189754,0.00010220280091743916,0.00010226224549114704,0.00010220266995020211,0.00010270309576299042,0.00010223437857348472,0.00010335069964639843,0.00010225508594885468,0.00010420432226965204,0.0001022740761982277,0.00010221273987554014,0.00010220280091743916,0.00010220253898296505,0.00010223261779174209,0.00010220204421784729,0.00010221265256404877,0.00010223276331089437,0.00010220283002126962,0.00010220229160040617,0.00010220237891189754,0.00010227262100670487,0.00010225223377346992,0.00010220256808679551,0.00010226172162219882,0.0001036607864079997,0.00010235226363874972,0.00010221324919257313,0.00010249741899315268,0.00010273254883941263,0.0001025525270961225,0.00010257038229610771,0.00010256862151436508,0.00010256140376441181,0.00010252391803078353,0.00010225246660411358,0.00010221272532362491,0.00010221252159681171,0.00010278119589202106,0.00010288231715094298,0.00010223162826150656,0.00010224214929621667,0.00010317499982193112,0.00010226562153548002,0.00010231545456917956,0.00010231127089355141,0.00010224393918178976,0.00010243628639727831,0.00010234661749564111,0.00010245379235129803,0.00010241243580821902,0.00010246380406897515,0.0001024625962600112,,0.00010246234887745231,0.00010375991405453533,0.00010268136975355446,0.00010315996769350022,0.00010253403161186725,0.00010248305625282228,0.00010248276521451771,0.00010251275671180338,0.0001025167221087031,0.00010252115316689014,0.00010253812070004642,0.00010251514322590083,0.00010251333878841251,0.00010251950880046934,0.0001025135861709714,0.00010254494554828852,0.00010253203799948096,0.00010249078331980854,0.00010251261119265109,0.0001025124074658379,0.0001025125093292445,0.0001025124074658379,0.00010251264029648155,0.00010251237836200744,0.00010251237836200744,0.0001025124074658379,0.00010251284402329475,0.00010251242929371074,0.00010251331696053967,0.00010241277050226927,0.0001025121018756181,0.00010251242201775312,0.00010251237108604982,0.00010245980229228735,0.00010264856973662972,0.00010263228614348918,0.00010265504533890635,0.00010265930905006826,0.00010265329183312133,0.00010251319326926023,0.00010246246529277414,0.00010252232459606603,0.00010251466301269829,0.00010255846427753568,0.00010271384235238656,0.00010251536150462925,0.0001025166129693389,0.00010251416097162291,0.0001025230303639546,0.00010249053593724966,0.00010247822501696646
nerthus_bowel_cleansing_quality,0.00010017822205554694,0.00010004854266298935,0.00010005022340919822,0.0001001081254798919,0.00010116132034454495,0.00010745688632596284,0.00010224292054772377,0.0,0.00010005958029069006,0.00010005896911025047,0.00010008561366703361,0.00010005039803218096,0.00010007948731072247,0.00010004674550145864,0.00010004742216551676,0.0001000462580122985,0.00010012933489633724,0.00010013879364123568,0.00010019858746090904,0.00010019857290899381,0.00010004837531596422,0.00010004577779909596,0.00010004858631873503,0.00010003821807913482,0.00010003864008467644,0.00010009808465838432,0.00010003850184148178,0.0001005389349302277,0.000100070217740722,0.00010118653153767809,0.00010009091784013435,0.0001020401541609317,0.00010010991536546499,0.00010004857904277742,0.00010003863280871883,0.00010003837087424472,0.00010006845695897937,0.00010003788338508457,0.00010004848445532843,0.00010006859520217404,0.00010003866191254929,0.00010003812349168584,0.00010003821080317721,0.00010010845289798453,0.0001000880729407072,0.00010003840725403279,0.0001000975607894361,0.00010149662557523698,0.000100188102805987,0.00010004908835981041,0.00010033325816038996,0.0001005683807306923,0.00010038836626335979,0.00010040621418738738,0.00010040446068160236,0.00010039723565569147,0.0001003597499220632,0.00010008829849539325,0.00010004856449086219,0.00010004835348809138,0.00010061703505925834,0.00010071814904222265,0.00010006746015278623,0.00010007798846345395,0.0001010108389891684,0.00010010145342675969,0.00010015128646045923,0.00010014710278483108,0.00010007977834902704,0.00010027212556451559,0.0001001824566628784,0.0001002896242425777,0.0001002482749754563,0.00010029963596025482,0.00010029842815129086,0.00010288984049111605,,0.000101595745945815,0.00010051720892079175,0.0001009958068607375,0.00010036987077910453,0.00010031888814410195,0.000100318604381755,0.00010034859587904066,0.00010035255399998277,0.00010035699233412743,0.0001003739598672837,0.00010035098239313811,0.00010034917795564979,0.000100355340691749,0.00010034941806225106,0.0001003807847155258,0.00010036787716671824,0.00010032662248704582,0.00010034845035988837,0.00010034824663307518,0.00010034834849648178,0.00010034823935711756,0.00010034847946371883,0.0001003482102532871,0.00010034821752924472,0.00010034823935711756,0.00010034868319053203,0.0001003482611849904,0.00010034914885181934,0.00010024860966950655,0.00010034794104285538,0.00010034825390903279,0.00010034820297732949,0.00010029563418356702,0.00010048440162790939,0.00010046811803476885,0.00010049087723018602,0.00010049514821730554,0.000100489123724401,0.0001003490251605399,0.00010029829718405381,0.0001003581564873457,0.00010035049490397796,0.00010039430344477296,0.00010054967424366623,0.00010035120067186654,0.00010035245213657618,0.00010034999286290258,0.00010035886225523427,0.00010032637510448694,0.00010031405690824613
stanford_dogs_image_categorization,0.00010015904990723357,0.00010002937051467597,0.00010003104398492724,0.00010008894605562091,0.00010114214819623157,0.00010743771417764947,0.0001022237483994104,0.00010005958029069006,0.0,0.00010003978968597949,0.00010006644151872024,0.00010003121860790998,0.00010006030788645148,0.00010002756607718766,0.00010002825001720339,0.00010002708586398512,0.00010011016274802387,0.0001001196214929223,0.00010017941531259567,0.00010017940076068044,0.00010002919589169323,0.00010002660565078259,0.00010002941417042166,0.00010001903865486383,0.00010001946066040546,0.00010007890523411334,0.0001000193296931684,0.00010051975550595671,0.00010005103831645101,0.00010116735938936472,0.00010007174569182098,0.00010202098201261833,0.000100090735941194,0.00010002939961850643,0.00010001946066040546,0.00010001919872593135,0.00010004927753470838,0.00010001870396081358,0.00010002931230701506,0.00010004942305386066,0.00010001948976423591,0.00010001895134337246,0.00010001903865486383,0.00010008928074967116,0.00010006889351643622,0.0001000192278297618,0.00010007838136516511,0.00010147744615096599,0.00010016892338171601,0.00010002990893553942,0.00010031407873611897,0.00010054920858237892,0.0001003691868390888,0.000100387042039074,0.00010038528125733137,0.0001003780635073781,0.00010034057777374983,0.00010006912634707987,0.0001000293850665912,0.000100029181339778,0.00010059785563498735,0.00010069897689390928,0.00010004828800447285,0.00010005880903918296,0.00010099165956489742,0.00010008228127844632,0.00010013211431214586,0.0001001279306365177,0.00010006059892475605,0.0001002529461402446,0.0001001632772386074,0.00010027045209426433,0.00010022909555118531,0.00010028046381194144,0.00010027925600297749,0.00010287066106684506,0.00010027900862041861,0.00010157657379750162,0.00010049802949652076,0.00010097662743646652,0.00010035069135483354,0.00010029971599578857,0.00010029942495748401,0.00010032941645476967,0.0001003333818516694,0.00010033781290985644,0.00010035478044301271,0.00010033180296886712,0.0001003299985313788,0.00010033616854343563,0.00010033024591393769,0.00010036160529125482,0.00010034869774244726,0.00010030744306277484,0.00010032927093561739,0.00010032906720880419,0.00010032916907221079,0.00010032906720880419,0.00010032930003944784,0.00010032903810497373,0.00010032903810497373,0.00010032906720880419,0.00010032950376626104,0.00010032908903667703,0.00010032997670350596,0.00010022943024523556,0.0001003287616185844,0.00010032908176071942,0.00010032903082901612,0.00010027646203525364,0.00010046522947959602,0.00010044894588645548,0.00010047170508187264,0.00010047596879303455,0.00010046995157608762,0.00010032985301222652,0.00010027912503574044,0.00010033898433903232,0.00010033132275566459,0.00010037512402050197,0.00010053050209535286,0.00010033202124759555,0.00010033327271230519,0.00010033082071458921,0.0001003396901069209,0.00010030719568021595,0.00010029488475993276
svhn,0.00010015843145083636,0.00010002875205827877,0.00010003043280448765,0.00010008833487518132,0.00010114152973983437,0.00010743709572125226,0.00010222312994301319,0.00010005896911025047,0.00010003978968597949,0.0,0.00010006582306232303,0.00010003060742747039,0.00010005969670601189,0.00010002695489674807,0.00010002763156080619,0.00010002646740758792,0.00010010954429162666,0.0001001190030365251,0.00010017879685619846,0.00010017878230428323,0.00010002858471125364,0.00010002598719438538,0.00010002879571402445,0.00010001842747442424,0.00010001884947996587,0.00010007829405367374,0.0001000187112367712,0.00010051914432551712,0.00010005042713601142,0.00010116674093296751,0.00010007112723542377,0.00010202036355622113,0.0001000901247607544,0.00010002878843806684,0.00010001884220400825,0.00010001858026953414,0.00010004866635426879,0.00010001809278037399,0.00010002869385061786,0.00010004880459746346,0.00010001887130783871,0.00010001833288697526,0.00010001842019846663,0.00010008866229327396,0.00010006828233599663,0.00010001861664932221,0.00010007777018472552,0.0001014768349705264,0.00010016831220127642,0.00010002929775509983,0.00010031346755567938,0.00010054859012598172,0.0001003685756586492,0.0001003864235826768,0.00010038467007689178,0.0001003774450509809,0.00010033995931735262,0.00010006850789068267,0.00010002877388615161,0.0001000285628833808,0.00010059724445454776,0.00010069835843751207,0.00010004766954807565,0.00010005819785874337,0.00010099104838445783,0.00010008166282204911,0.00010013149585574865,0.0001001273121801205,0.00010005998774431646,0.00010025233495980501,0.00010016266605816782,0.00010026983363786712,0.00010022848437074572,0.00010027984535554424,0.00010027863754658028,0.00010287004988640547,0.00010027839743997902,,0.00010049741831608117,0.00010097601625602692,0.00010035008017439395,0.00010029909753939137,0.00010029881377704442,0.00010032880527433008,0.0001003327633952722,0.00010033720172941685,0.00010035416926257312,0.00010033119178842753,0.00010032938735093921,0.00010033555008703843,0.00010032962745754048,0.00010036099411081523,0.00010034808656200767,0.00010030683188233525,0.0001003286597551778,0.0001003284560283646,0.0001003285578917712,0.00010032844875240698,0.00010032868885900825,0.00010032841964857653,0.00010032842692453414,0.00010032844875240698,0.00010032889258582145,0.00010032847058027983,0.00010032935824710876,0.00010022881906479597,0.0001003281504381448,0.00010032846330432221,0.00010032841237261891,0.00010027584357885644,0.00010046461102319881,0.00010044832743005827,0.00010047108662547544,0.00010047535761259496,0.00010046933311969042,0.00010032923455582932,0.00010027850657934323,0.00010033836588263512,0.00010033070429926738,0.00010037451284006238,0.00010052988363895565,0.00010033141006715596,0.0001003326615318656,0.000100330202258192,0.00010033907165052369,0.00010030658449977636,0.00010029426630353555
caltech101_object_classification,0.00010018508328357711,0.00010005540389101952,0.00010005707736127079,0.00010011497943196446,0.00010116818157257512,0.00010746374755399302,0.00010224978177575395,0.00010008561366703361,0.00010006644151872024,0.00010006582306232303,0.0,0.00010005613148678094,0.00010008634126279503,0.0001000535994535312,0.00010005428339354694,0.00010005311924032867,0.00010013619612436742,0.00010014565486926585,0.00010020544868893921,0.00010020543413702399,0.00010005522926803678,0.00010005263902712613,0.00010005544754676521,0.00010004507203120738,0.000100045494036749,0.00010010493861045688,0.00010004536306951195,0.00010054578888230026,0.00010007707169279456,0.00010119339276570827,0.00010009777906816453,0.00010204701538896188,0.00010011676931753755,0.00010005543299484998,0.000100045494036749,0.0001000452321022749,0.00010007531091105193,0.00010004473733715713,0.00010005534568335861,0.00010007545643020421,0.00010004552314057946,0.00010004498471971601,0.00010004507203120738,0.00010011531412601471,0.00010009492689277977,0.00010004526120610535,0.00010010441474150866,0.00010150347952730954,0.00010019495675805956,0.00010005594231188297,0.00010034011211246252,0.00010057524195872247,0.00010039522021543235,0.00010041307541541755,0.00010041131463367492,0.00010040409688372165,0.00010036661115009338,0.00010009515972342342,0.00010005541844293475,0.00010005521471612155,0.0001006238890113309,0.00010072501027025282,0.0001000743213808164,0.00010008484241552651,0.00010101769294124097,0.00010010831465478987,0.00010015814768848941,0.00010015396401286125,0.0001000866323010996,0.00010027897951658815,0.00010018931061495095,0.00010029648547060788,0.00010025512892752886,0.00010030649718828499,0.00010030528937932104,0.00010289669444318861,0.00010030504199676216,0.00010160260717384517,0.0001005240628728643,0.00010100266081281006,0.00010037672473117709,0.00010032574937213212,0.00010032545833382756,0.00010035544983111322,0.00010035941522801295,0.00010036384628619999,0.00010038081381935626,0.00010035783634521067,0.00010035603190772235,0.00010036220191977918,0.00010035627929028124,0.00010038763866759837,0.0001003747311187908,0.00010033347643911839,0.00010035530431196094,0.00010035510058514774,0.00010035520244855434,0.00010035510058514774,0.00010035533341579139,0.00010035507148131728,0.00010035507148131728,0.00010035510058514774,0.00010035553714260459,0.00010035512241302058,0.00010035601007984951,0.00010025546362157911,0.00010035479499492794,0.00010035511513706297,0.00010035506420535967,0.00010030249541159719,0.00010049126285593957,0.00010047497926279902,0.00010049773845821619,0.0001005020021693781,0.00010049598495243117,0.00010035588638857007,0.00010030515841208398,0.00010036501771537587,0.00010035735613200814,0.00010040115739684552,0.0001005565354716964,0.0001003580546239391,0.00010035930608864874,0.00010035685409093276,0.00010036572348326445,0.0001003332290565595,0.0001003209181362763
caltech256_object_classification,0.00010014986037276685,0.00010002018098020926,0.00010002186172641814,0.00010007976379711181,0.00010113295866176486,0.00010742852464318275,0.00010221455886494368,0.00010005039803218096,0.00010003121860790998,0.00010003060742747039,0.00010005613148678094,0.0,0.00010005112562794238,0.00010001838381867856,0.00010001906048273668,0.00010001789632951841,0.00010010097321355715,0.00010011043195845559,0.00010017022577812895,0.00010017021122621372,0.00010002001363318413,0.00010001741611631587,0.00010002022463595495,0.00010000985639635473,0.00010001027840189636,0.00010006972297560424,0.00010001014015870169,0.00010051057324744761,0.00010004185605794191,0.000101158169854898,0.00010006255615735427,0.00010201179247815162,0.0001000815536826849,0.00010002021735999733,0.00010001027112593874,0.00010001000919146463,0.00010004009527619928,0.00010000952170230448,0.00010002012277254835,0.00010004023351939395,0.0001000103002297692,0.00010000976180890575,0.00010000984912039712,0.00010008009121520445,0.00010005971125792712,0.0001000100455712527,0.00010006919910665601,0.00010146826389245689,0.00010015974112320691,0.00010002072667703032,0.00010030489647760987,0.00010054001904791221,0.0001003600045805797,0.00010037785250460729,0.00010037609899882227,0.00010036887397291139,0.00010033138823928311,0.00010005993681261316,0.0001000202028080821,0.00010001999180531129,0.00010058867337647825,0.00010068978735944256,0.00010003909847000614,0.00010004962678067386,0.00010098247730638832,0.0001000730917439796,0.00010012292477767915,0.00010011874110205099,0.00010005141666624695,0.0001002437638817355,0.00010015409498009831,0.00010026126255979761,0.00010021991329267621,0.00010027127427747473,0.00010027006646851078,0.00010286147880833596,0.00010026982636190951,0.00010156738426303491,0.00010048884723801166,0.00010096744517795742,0.00010034150909632444,0.00010029052646132186,0.00010029024269897491,0.00010032023419626057,0.00010032419231720269,0.00010032863065134734,0.00010034559818450361,0.00010032262071035802,0.0001003208162728697,0.00010032697900896892,0.00010032105637947097,0.00010035242303274572,0.00010033951548393816,0.00010029826080426574,0.00010032008867710829,0.00010031988495029509,0.00010031998681370169,0.00010031987767433748,0.00010032011778093874,0.00010031984857050702,0.00010031985584646463,0.00010031987767433748,0.00010032032150775194,0.00010031989950221032,0.00010032078716903925,0.00010022024798672646,0.0001003195793600753,0.0001003198922262527,0.0001003198412945494,0.00010026727250078693,0.0001004560399451293,0.00010043975635198876,0.00010046251554740593,0.00010046678653452545,0.00010046076204162091,0.00010032066347775981,0.00010026993550127372,0.00010032979480456561,0.00010032213322119787,0.00010036594176199287,0.00010052131256088614,0.00010032283898908645,0.00010032409045379609,0.0001003216311801225,0.00010033050057245418,0.00010029801342170686,0.00010028569522546604
