,lapgyn4_anatomical_structures,lapgyn4_surgical_actions,lapgyn4_instrument_count,lapgyn4_anatomical_actions,sklin2_skin_lesions,identify_nbi_infframes,laryngeal_tissues,nerthus_bowel_cleansing_quality,stanford_dogs_image_categorization,svhn,caltech101_object_classification,caltech256_object_classification,cifar10_object_classification,cifar100_object_classification,mnist_digit_classification,emnist_digit_classification,hyperkvasir_anatomical-landmarks,hyperkvasir_pathological-findings,hyperkvasir_quality-of-mucosal-views,hyperkvasir_therapeutic-interventions,cholec80_grasper_presence,cholec80_bipolar_presence,cholec80_hook_presence,cholec80_scissors_presence,cholec80_clipper_presence,cholec80_irrigator_presence,cholec80_specimenbag_presence,derm7pt_skin_lesions,idle_action_recognition,barretts_esophagus_diagnosis,brain_tumor_classification,mednode_melanoma_classification,brain_tumor_type_classification,chexpert_enlarged_cardiomediastinum,chexpert_cardiomegaly,chexpert_lung_opacity,chexpert_lung_lesion,chexpert_edema,chexpert_consolidation,chexpert_pneumonia,chexpert_atelectasis,chexpert_pneumothorax,chexpert_pleural_effusion,chexpert_pleural_other,chexpert_fracture,chexpert_support_devices,pneumonia_classification,ph2-melanocytic-lesions-classification,covid_xray_classification,isic20_melanoma_classification,deep_drid_dr_level,shenzen_chest_xray_tuberculosis,crawled_covid_ct_classification,deep_drid_quality,deep_drid_clarity,deep_drid_field,deep_drid_artifact,kvasir_capsule_anatomy,kvasir_capsule_content,kvasir_capsule_pathologies,breast_cancer_classification_v2,eye_condition_classification,mura_xr_wrist,mura_xr_shoulder,mura_xr_humerus,mura_xr_hand,mura_xr_forearm,mura_xr_finger,mura_xr_elbow,bean_plant_disease_classification,aptos19_blindness_detection,lapgyn4_anatomical_structures --shrink_train 800,lapgyn4_surgical_actions --shrink_train 800,lapgyn4_instrument_count --shrink_train 800,lapgyn4_anatomical_actions --shrink_train 800,laryngeal_tissues --shrink_train 800,nerthus_bowel_cleansing_quality --shrink_train 800,svhn --shrink_train 800,cifar10_object_classification --shrink_train 800,mnist_digit_classification --shrink_train 800,hyperkvasir_anatomical-landmarks --shrink_train 800,hyperkvasir_pathological-findings --shrink_train 800,hyperkvasir_quality-of-mucosal-views --shrink_train 800,hyperkvasir_therapeutic-interventions --shrink_train 800,cholec80_grasper_presence --shrink_train 800,cholec80_bipolar_presence --shrink_train 800,cholec80_hook_presence --shrink_train 800,cholec80_scissors_presence --shrink_train 800,cholec80_clipper_presence --shrink_train 800,cholec80_irrigator_presence --shrink_train 800,cholec80_specimenbag_presence --shrink_train 800,idle_action_recognition --shrink_train 800,brain_tumor_classification --shrink_train 800,brain_tumor_type_classification --shrink_train 800,chexpert_enlarged_cardiomediastinum --shrink_train 800,chexpert_cardiomegaly --shrink_train 800,chexpert_lung_opacity --shrink_train 800,chexpert_lung_lesion --shrink_train 800,chexpert_edema --shrink_train 800,chexpert_consolidation --shrink_train 800,chexpert_pneumonia --shrink_train 800,chexpert_atelectasis --shrink_train 800,chexpert_pneumothorax --shrink_train 800,chexpert_pleural_effusion --shrink_train 800,chexpert_pleural_other --shrink_train 800,chexpert_fracture --shrink_train 800,chexpert_support_devices --shrink_train 800,pneumonia_classification --shrink_train 800,covid_xray_classification --shrink_train 800,isic20_melanoma_classification --shrink_train 800,deep_drid_dr_level --shrink_train 800,deep_drid_quality --shrink_train 800,deep_drid_clarity --shrink_train 800,deep_drid_field --shrink_train 800,deep_drid_artifact --shrink_train 800,kvasir_capsule_anatomy --shrink_train 800,kvasir_capsule_content --shrink_train 800,kvasir_capsule_pathologies --shrink_train 800,mura_xr_wrist --shrink_train 800,mura_xr_shoulder --shrink_train 800,mura_xr_humerus --shrink_train 800,mura_xr_hand --shrink_train 800,mura_xr_forearm --shrink_train 800,mura_xr_finger --shrink_train 800,mura_xr_elbow --shrink_train 800,bean_plant_disease_classification --shrink_train 800,aptos19_blindness_detection --shrink_train 800
lapgyn4_anatomical_structures,0.0,9.779950778465718e-05,9.781329572433606e-05,9.782030247151852e-05,9.897793643176556e-05,9.964639320969582e-05,9.853938536252826e-05,9.785375732462853e-05,9.785181464394554e-05,9.799189865589142e-05,9.793393837753683e-05,9.784805297385901e-05,9.793876961339265e-05,9.790224430616945e-05,9.799173130886629e-05,9.796733502298594e-05,9.800027328310534e-05,9.798213432077318e-05,9.799988765735179e-05,9.796113590709865e-05,9.780053369468078e-05,9.780781692825258e-05,9.780022810446098e-05,9.77745366981253e-05,9.779063839232549e-05,9.781898552319035e-05,9.77840245468542e-05,9.841789142228663e-05,9.78119351202622e-05,9.898256394080818e-05,9.80260520009324e-05,9.957652218872681e-05,9.786945156520233e-05,9.780473192222416e-05,9.781790140550584e-05,9.7800133517012e-05,9.782862616702914e-05,9.777666127774864e-05,9.780409891391173e-05,9.783599671209231e-05,9.783412679098547e-05,9.778395178727806e-05,9.779415267985314e-05,9.785930160433054e-05,9.785267320694402e-05,9.781363041838631e-05,9.778678941074759e-05,9.938283619703725e-05,9.788105671759695e-05,9.793945355340838e-05,9.805814624996856e-05,9.824229346122593e-05,9.815973317017779e-05,9.81320408754982e-05,9.815337398322299e-05,9.811855125008151e-05,9.809672337723896e-05,9.787087037693709e-05,9.784838766790926e-05,9.783857240108773e-05,9.855112875811756e-05,9.83649879344739e-05,9.772498742677271e-05,9.781743574421853e-05,9.842289728112519e-05,9.775049693416804e-05,9.787330782273784e-05,9.786356531549245e-05,9.784397843759507e-05,9.810169285628945e-05,9.793958452064544e-05,,9.798616520129144e-05,9.802274871617556e-05,9.800511179491878e-05,9.868737106444314e-05,9.804705769056454e-05,9.857981785899028e-05,9.829605551203713e-05,9.847838373389095e-05,9.822175343288109e-05,9.815466910367832e-05,9.810620395001024e-05,9.809761104406789e-05,9.806661546463147e-05,9.808193135540932e-05,9.807618334889412e-05,9.807662718230858e-05,9.80981785687618e-05,9.808221511775628e-05,9.808626782614738e-05,9.81093107839115e-05,9.825539018493146e-05,9.807675814954564e-05,9.810421033762395e-05,9.810198389459401e-05,9.811072959564626e-05,9.807137394091114e-05,9.813914948608726e-05,9.808931645238772e-05,9.808585309656337e-05,9.81068515102379e-05,9.811953350435942e-05,9.809882612898946e-05,9.810316987568513e-05,9.801951091503724e-05,9.808779577724636e-05,9.803689317777753e-05,9.802455315366387e-05,9.81527118710801e-05,9.818787657422945e-05,9.819730621529743e-05,9.818001126404852e-05,9.819526167120785e-05,9.82107812887989e-05,9.815754310693592e-05,9.806329035200179e-05,9.813559881877154e-05,9.802715794648975e-05,9.812058124225587e-05,9.820950799621642e-05,9.802418207982555e-05,9.806068555917591e-05,9.805884474189952e-05,9.812235657591373e-05,9.817571844905615e-05,9.803567081689835e-05
lapgyn4_surgical_actions,9.779950778465718e-05,0.0,9.764979040483013e-05,9.765679715201259e-05,9.881443111225963e-05,9.948288789018989e-05,9.837588004302233e-05,9.76902520051226e-05,9.768830932443962e-05,9.782839333638549e-05,9.77704330580309e-05,9.768454765435308e-05,9.777526429388672e-05,9.773873898666352e-05,9.782822598936036e-05,9.780382970348e-05,9.783676796359941e-05,9.781862900126725e-05,9.783638233784586e-05,9.779763058759272e-05,9.763702837517485e-05,9.764431160874665e-05,9.763672278495505e-05,9.761103137861937e-05,9.762713307281956e-05,9.765548020368442e-05,9.762051922734827e-05,9.82543861027807e-05,9.764842980075628e-05,9.881905862130225e-05,9.786254668142647e-05,9.941301686922088e-05,9.77059462456964e-05,9.764122660271823e-05,9.76543960859999e-05,9.763662819750607e-05,9.766512084752321e-05,9.761315595824271e-05,9.76405935944058e-05,9.767249139258638e-05,9.767062147147954e-05,9.762044646777213e-05,9.763064736034721e-05,9.769579628482461e-05,9.768916788743809e-05,9.765012509888038e-05,9.762328409124166e-05,9.921933087753132e-05,9.771755139809102e-05,9.777594823390245e-05,9.789464093046263e-05,9.807878814172e-05,9.799622785067186e-05,9.796853555599228e-05,9.798986866371706e-05,9.795504593057558e-05,9.793321805773303e-05,9.770736505743116e-05,9.768488234840333e-05,9.76750670815818e-05,9.838762343861163e-05,9.820148261496797e-05,9.756148210726678e-05,9.76539304247126e-05,9.825939196161926e-05,9.758699161466211e-05,9.770980250323191e-05,9.770005999598652e-05,9.768047311808914e-05,9.793818753678352e-05,9.777607920113951e-05,9.794266952667385e-05,,9.785924339666963e-05,9.784160647541285e-05,9.852386574493721e-05,9.788355237105861e-05,9.841631253948435e-05,9.81325501925312e-05,9.831487841438502e-05,9.805824811337516e-05,9.799116378417239e-05,9.794269863050431e-05,9.793410572456196e-05,9.790311014512554e-05,9.79184260359034e-05,9.791267802938819e-05,9.791312186280265e-05,9.793467324925587e-05,9.791870979825035e-05,9.792276250664145e-05,9.794580546440557e-05,9.809188486542553e-05,9.791325283003971e-05,9.794070501811802e-05,9.793847857508808e-05,9.794722427614033e-05,9.790786862140521e-05,9.797564416658133e-05,9.792581113288179e-05,9.792234777705744e-05,9.794334619073197e-05,9.79560281848535e-05,9.793532080948353e-05,9.79396645561792e-05,9.785600559553131e-05,9.792429045774043e-05,9.78733878582716e-05,9.786104783415794e-05,9.798920655157417e-05,9.802437125472352e-05,9.80338008957915e-05,9.801650594454259e-05,9.803175635170192e-05,9.804727596929297e-05,9.799403778742999e-05,9.789978503249586e-05,9.797209349926561e-05,9.786365262698382e-05,9.795707592274994e-05,9.804600267671049e-05,9.786067676031962e-05,9.789718023966998e-05,9.789533942239359e-05,9.79588512564078e-05,9.801221312955022e-05,9.787216549739242e-05
lapgyn4_instrument_count,9.781329572433606e-05,9.764979040483013e-05,0.0,9.767057781573385e-05,9.882821177598089e-05,9.949667582986876e-05,9.838966798270121e-05,9.770403994480148e-05,9.770209726411849e-05,9.784218127606437e-05,9.77842282736674e-05,9.769833559403196e-05,9.77890522335656e-05,9.77525269263424e-05,9.784201392903924e-05,9.781761764315888e-05,9.785055590327829e-05,9.783241694094613e-05,9.785017755348235e-05,9.78114185272716e-05,9.765081631485373e-05,9.765809227246791e-05,9.765051072463393e-05,9.762481931829825e-05,9.764092101249844e-05,9.76692681433633e-05,9.763431444298476e-05,9.826817404245958e-05,9.766221774043515e-05,9.883283928502351e-05,9.787633462110534e-05,9.942680480889976e-05,9.771973418537527e-05,9.765501454239711e-05,9.766818402567878e-05,9.765041613718495e-05,9.767890151124448e-05,9.762694389792159e-05,9.765438153408468e-05,9.768627933226526e-05,9.768441668711603e-05,9.763422713149339e-05,9.764442802406847e-05,9.770958422450349e-05,9.770295582711697e-05,9.766391303855926e-05,9.763706475496292e-05,9.92331188172102e-05,9.77313393377699e-05,9.778973617358133e-05,9.79084288701415e-05,9.809257608139887e-05,9.801001579035074e-05,9.798232349567115e-05,9.800365660339594e-05,9.796883387025446e-05,9.79470059974119e-05,9.772116027306765e-05,9.76986630121246e-05,9.768885502126068e-05,9.840140410233289e-05,9.821527055464685e-05,9.757527004694566e-05,9.766771836439148e-05,9.827318717725575e-05,9.760077955434099e-05,9.772359044291079e-05,9.77138479356654e-05,9.769426105776802e-05,9.79519754764624e-05,9.778986714081839e-05,9.795645019039512e-05,9.783644782146439e-05,,9.785539441509172e-05,9.853765368461609e-05,9.789734031073749e-05,9.843010047916323e-05,9.814633813221008e-05,9.83286663540639e-05,9.807203605305403e-05,9.800495172385126e-05,9.795648657018319e-05,9.794789366424084e-05,9.791689808480442e-05,9.793220669962466e-05,9.792647324502468e-05,9.792690980248153e-05,9.794846118893474e-05,9.793249773792922e-05,9.793655772227794e-05,9.795959340408444e-05,9.81056728051044e-05,9.792704076971859e-05,9.795450023375452e-05,9.795227379072458e-05,9.796101221581921e-05,9.792165656108409e-05,9.798943210626021e-05,9.793959907256067e-05,9.793613571673632e-05,9.795713413041085e-05,9.796982340048999e-05,9.794911602512002e-05,9.795345249585807e-05,9.786979353521019e-05,9.793807112146169e-05,9.788716852199286e-05,9.787483577383682e-05,9.800299449125305e-05,9.80381591944024e-05,9.804758883547038e-05,9.803028660826385e-05,9.804554429138079e-05,9.806106390897185e-05,9.800782572710887e-05,9.791358024813235e-05,9.798587416298687e-05,9.787744784262031e-05,9.797087113838643e-05,9.805979061638936e-05,9.78744646999985e-05,9.791096817934886e-05,9.790912736207247e-05,9.797263919608667e-05,9.80260010692291e-05,9.78859534370713e-05
lapgyn4_anatomical_actions,9.782030247151852e-05,9.765679715201259e-05,9.767057781573385e-05,0.0,9.883521852316335e-05,9.950368257705122e-05,9.839667472988367e-05,9.771104669198394e-05,9.770909673534334e-05,9.784918802324682e-05,9.779122774489224e-05,9.770534234121442e-05,9.779605898074806e-05,9.775953367352486e-05,9.784901340026408e-05,9.782462439034134e-05,9.785755537450314e-05,9.783942368812859e-05,9.78571770247072e-05,9.781842527445406e-05,9.765781578607857e-05,9.766509901965037e-05,9.765751019585878e-05,9.763182606548071e-05,9.764792048372328e-05,9.767626761458814e-05,9.76413139142096e-05,9.827518078964204e-05,9.766922448761761e-05,9.883984603220597e-05,9.78833413682878e-05,9.94338042801246e-05,9.772673365660012e-05,9.766202128957957e-05,9.767519077286124e-05,9.76574228843674e-05,9.768590825842693e-05,9.763395064510405e-05,9.766138100530952e-05,9.76932788034901e-05,9.769141615834087e-05,9.764123387867585e-05,9.765143477125093e-05,9.771659097168595e-05,9.770995529834181e-05,9.76709125097841e-05,9.764407150214538e-05,9.924011828843504e-05,9.773834608495235e-05,9.779674292076379e-05,9.791542834136635e-05,9.809958282858133e-05,9.801701526157558e-05,9.7989322966896e-05,9.801065607462078e-05,9.79758333414793e-05,9.795400546863675e-05,9.77281597442925e-05,9.770566975930706e-05,9.769585449248552e-05,9.840841084951535e-05,9.82222700258717e-05,9.758227679412812e-05,9.767472511157393e-05,9.82801866484806e-05,9.760778630152345e-05,9.773058991413563e-05,9.772085468284786e-05,9.770126780495048e-05,9.795898222364485e-05,9.779687388800085e-05,9.796345693757758e-05,9.784345456864685e-05,9.788003808353096e-05,,9.854465315584093e-05,9.790433978196234e-05,9.843709995038807e-05,9.815333760343492e-05,9.833567310124636e-05,9.807903552427888e-05,9.801195119507611e-05,9.796349331736565e-05,9.795489313546568e-05,9.792389755602926e-05,9.793921344680712e-05,9.793347271624953e-05,9.793390927370638e-05,9.795546066015959e-05,9.793949720915407e-05,9.794355719350278e-05,9.796659287530929e-05,9.811267955228686e-05,9.793404024094343e-05,9.796149970497936e-05,9.795927326194942e-05,9.796801896300167e-05,9.792865603230894e-05,9.799643885344267e-05,9.794659854378551e-05,9.794313518796116e-05,9.79641336016357e-05,9.797682287171483e-05,9.795611549634486e-05,9.796045196708292e-05,9.787679300643504e-05,9.794507786864415e-05,9.789417526917532e-05,9.788184252101928e-05,9.801000123843551e-05,9.804515866562724e-05,9.805458830669522e-05,9.803729335544631e-05,9.805255103856325e-05,9.806806338019669e-05,9.801483247429132e-05,9.792057971935719e-05,9.799288091016933e-05,9.788444731384516e-05,9.797787060961127e-05,9.806679736357182e-05,9.788146417122334e-05,9.791797492653131e-05,9.791612683329731e-05,9.797964594326913e-05,9.803300781641155e-05,9.789296018425375e-05
sklin2_skin_lesions,9.897793643176556e-05,9.881443111225963e-05,9.882821177598089e-05,9.883521852316335e-05,0.0,0.00010066131653729826,9.955430869013071e-05,9.886868065223098e-05,9.886673069559038e-05,9.900682198349386e-05,9.894886170513928e-05,9.886297630146146e-05,9.89536929409951e-05,9.89171676337719e-05,9.900664736051112e-05,9.898225835058838e-05,9.901518933475018e-05,9.899705764837563e-05,9.901481098495424e-05,9.89760592347011e-05,9.881544974632561e-05,9.882273297989741e-05,9.881514415610582e-05,9.878946002572775e-05,9.880555444397032e-05,9.883390157483518e-05,9.879894787445664e-05,9.943281474988908e-05,9.882685844786465e-05,9.999747999245301e-05,9.904097532853484e-05,0.00010059143824037164,9.888436761684716e-05,9.881965524982661e-05,9.883282473310828e-05,9.881505684461445e-05,9.884354221867397e-05,9.879158460535109e-05,9.881901496555656e-05,9.885091276373714e-05,9.884905011858791e-05,9.879886783892289e-05,9.880906873149797e-05,9.887422493193299e-05,9.886758925858885e-05,9.882854647003114e-05,9.880170546239242e-05,0.00010039775224868208,9.88959800451994e-05,9.895437688101083e-05,9.907306230161339e-05,9.925721678882837e-05,9.917464922182262e-05,9.914695692714304e-05,9.916829003486782e-05,9.913346730172634e-05,9.911163942888379e-05,9.888579370453954e-05,9.88633037195541e-05,9.885348845273256e-05,9.956604480976239e-05,9.937990398611873e-05,9.873991075437516e-05,9.883235907182097e-05,9.943782060872763e-05,9.876542026177049e-05,9.888822387438267e-05,9.88784886430949e-05,9.885890176519752e-05,9.911661618389189e-05,9.895450784824789e-05,9.912109089782462e-05,9.900108852889389e-05,9.9037672043778e-05,9.902003512252122e-05,9.970228711608797e-05,9.906197374220937e-05,9.959473391063511e-05,9.931097156368196e-05,9.94933070614934e-05,9.923666948452592e-05,9.916958515532315e-05,9.912112727761269e-05,9.911252709571272e-05,9.90815315162763e-05,9.909684740705416e-05,9.909110667649657e-05,9.909154323395342e-05,9.911309462040663e-05,9.909713116940111e-05,9.910119115374982e-05,9.912422683555633e-05,9.92703135125339e-05,9.909167420119047e-05,9.91191336652264e-05,9.911690722219646e-05,9.912565292324871e-05,9.908628999255598e-05,9.915407281368971e-05,9.910423250403255e-05,9.91007691482082e-05,9.912176756188273e-05,9.913445683196187e-05,9.91137494565919e-05,9.911808592732996e-05,9.903442696668208e-05,9.910271182889119e-05,9.905180922942236e-05,9.903947648126632e-05,9.916763519868255e-05,9.920279262587428e-05,9.921222226694226e-05,9.919492731569335e-05,9.921018499881029e-05,9.922569734044373e-05,9.917246643453836e-05,9.907821367960423e-05,9.915051487041637e-05,9.90420812740922e-05,9.913550456985831e-05,9.922443132381886e-05,9.903909813147038e-05,9.907560888677835e-05,9.907376079354435e-05,9.913727990351617e-05,9.91906417766586e-05,9.905059414450079e-05
identify_nbi_infframes,9.964639320969582e-05,9.948288789018989e-05,9.949667582986876e-05,9.950368257705122e-05,0.00010066131653729826,0.0,0.00010022276546806097,9.953713743016124e-05,9.953519474947825e-05,9.967527876142412e-05,9.961731848306954e-05,9.953143307939172e-05,9.962214971892536e-05,9.958562441170216e-05,9.9675111414399e-05,9.965071512851864e-05,9.968365338863805e-05,9.966551442630589e-05,9.96832677628845e-05,9.964451601263136e-05,9.948391380021349e-05,9.949119703378528e-05,9.948360820999369e-05,9.945791680365801e-05,9.94740184978582e-05,9.950236562872306e-05,9.94674046523869e-05,0.00010010127152781934,9.949531522579491e-05,0.00010066594404634088,9.97094321064651e-05,0.00010125990229425952,9.955283167073503e-05,9.948811202775687e-05,9.950128151103854e-05,9.94835136225447e-05,9.951200627256185e-05,9.946004138328135e-05,9.948747901944444e-05,9.951937681762502e-05,9.951750689651817e-05,9.946733189281076e-05,9.947753278538585e-05,9.954268170986325e-05,9.953605331247672e-05,9.949701052391902e-05,9.94701695162803e-05,0.00010106621630256996,9.956443682312965e-05,9.962283365894109e-05,9.974152635550126e-05,9.992567356675863e-05,9.98431132757105e-05,9.981542098103091e-05,9.98367540887557e-05,9.980193135561422e-05,9.978010348277166e-05,9.95542504824698e-05,9.953176777344197e-05,9.952195250662044e-05,0.00010023450886365026,0.00010004836804000661,9.940836753230542e-05,9.950081584975123e-05,0.0001001062773866579,9.943387703970075e-05,9.955668792827055e-05,9.954694542102516e-05,9.952735854312778e-05,9.978507296182215e-05,9.962296462617815e-05,9.978955495171249e-05,9.966954530682415e-05,9.970612882170826e-05,9.968849190045148e-05,0.00010037075116997585,9.973043779609725e-05,0.00010026319796452299,9.997943561756983e-05,0.00010016176383942366,9.990513353841379e-05,9.983804920921102e-05,9.978958405554295e-05,9.97809911496006e-05,9.974999557016417e-05,9.976531146094203e-05,9.975956345442683e-05,9.976000728784129e-05,9.97815586742945e-05,9.976559522328898e-05,9.976964793168008e-05,9.97926908894442e-05,9.993877029046416e-05,9.976013825507835e-05,9.978759044315666e-05,9.978536400012672e-05,9.979410970117897e-05,9.975475404644385e-05,9.982252959161997e-05,9.977269655792043e-05,9.976923320209607e-05,9.979023161577061e-05,9.980291360989213e-05,9.978220623452216e-05,9.978654998121783e-05,9.970289102056995e-05,9.977117588277906e-05,9.972027328331023e-05,9.970793325919658e-05,9.98360919766128e-05,9.987125667976215e-05,9.988068632083014e-05,9.986339136958122e-05,9.987864177674055e-05,9.98941613943316e-05,9.984092321246862e-05,9.974667045753449e-05,9.981897892430425e-05,9.971053805202246e-05,9.980396134778857e-05,9.989288810174912e-05,9.970756218535826e-05,9.974406566470861e-05,9.974222484743223e-05,9.980573668144643e-05,9.985909855458885e-05,9.971905092243105e-05
laryngeal_tissues,9.853938536252826e-05,9.837588004302233e-05,9.838966798270121e-05,9.839667472988367e-05,9.955430869013071e-05,0.00010022276546806097,0.0,9.843012958299369e-05,9.84281869023107e-05,9.856827091425657e-05,9.851031063590199e-05,9.842442523222417e-05,9.85151418717578e-05,9.84786165645346e-05,9.856810356723145e-05,9.854370728135109e-05,9.85766455414705e-05,9.855850657913834e-05,9.857625991571695e-05,9.85375081654638e-05,9.837690595304593e-05,9.838418918661773e-05,9.837660036282614e-05,9.835090895649046e-05,9.836701065069064e-05,9.83953577815555e-05,9.836039680521935e-05,9.899426368065178e-05,9.838830737862736e-05,9.955893619917333e-05,9.860242425929755e-05,0.00010015289444709197,9.844582382356748e-05,9.838110418058932e-05,9.839427366387099e-05,9.837650577537715e-05,9.84049984253943e-05,9.83530335361138e-05,9.838047117227688e-05,9.841236897045746e-05,9.841049904935062e-05,9.836032404564321e-05,9.83705249382183e-05,9.84356738626957e-05,9.842904546530917e-05,9.839000267675146e-05,9.836316166911274e-05,9.99592084554024e-05,9.84574289759621e-05,9.851582581177354e-05,9.863451850833371e-05,9.881866571959108e-05,9.873610542854294e-05,9.870841313386336e-05,9.872974624158815e-05,9.869492350844666e-05,9.867309563560411e-05,9.844724263530225e-05,9.842475992627442e-05,9.841494465945289e-05,9.912750101648271e-05,9.894136019283906e-05,9.830135968513787e-05,9.839380800258368e-05,9.899926953949034e-05,9.83268691925332e-05,9.8449680081103e-05,9.84399375738576e-05,9.842035069596022e-05,9.86780651146546e-05,9.85159567790106e-05,9.868254710454494e-05,9.85625374596566e-05,9.859912097454071e-05,9.858148405328393e-05,,9.86234299489297e-05,9.915619011735544e-05,9.887242777040228e-05,9.90547559922561e-05,9.879812569124624e-05,9.873104136204347e-05,9.86825762083754e-05,9.867398330243304e-05,9.864298772299662e-05,9.865830361377448e-05,9.865255560725927e-05,9.865299944067374e-05,9.867455082712695e-05,9.865858737612143e-05,9.866264008451253e-05,9.868568304227665e-05,9.883176244329661e-05,9.86531304079108e-05,9.868058259598911e-05,9.867835615295917e-05,9.868710185401142e-05,9.86477461992763e-05,9.871552174445242e-05,9.866568871075287e-05,9.866222535492852e-05,9.868322376860306e-05,9.869590576272458e-05,9.867519838735461e-05,9.867954213405028e-05,9.85958831734024e-05,9.866416803561151e-05,9.861326543614268e-05,9.860092541202903e-05,9.872908412944525e-05,9.87642488325946e-05,9.877367847366259e-05,9.875638352241367e-05,9.8771633929573e-05,9.878715354716405e-05,9.873391536530107e-05,9.863966261036694e-05,9.87119710771367e-05,9.86035302048549e-05,9.869695350062102e-05,9.878588025458157e-05,9.86005543381907e-05,9.863705781754106e-05,9.863521700026467e-05,9.869872883427888e-05,9.87520907074213e-05,9.86120430752635e-05
nerthus_bowel_cleansing_quality,9.785375732462853e-05,9.76902520051226e-05,9.770403994480148e-05,9.771104669198394e-05,9.886868065223098e-05,9.953713743016124e-05,9.843012958299369e-05,0.0,9.774255886441097e-05,9.788264287635684e-05,9.782468259800225e-05,9.773879719432443e-05,9.782951383385807e-05,9.779298852663487e-05,9.788247552933171e-05,9.785807924345136e-05,9.789101750357077e-05,9.78728785412386e-05,9.789063187781721e-05,9.785188012756407e-05,9.76912779151462e-05,9.7698561148718e-05,9.76909723249264e-05,9.766528091859072e-05,9.768138261279091e-05,9.770972974365577e-05,9.767476876731962e-05,9.830863564275205e-05,9.770267934072763e-05,9.88733081612736e-05,9.791679622139782e-05,9.946726640919223e-05,9.776019578566775e-05,9.769547614268959e-05,9.770864562597126e-05,9.769087773747742e-05,9.771937038749456e-05,9.766740549821407e-05,9.769484313437715e-05,9.772674093255773e-05,9.772487101145089e-05,9.767469600774348e-05,9.768489690031856e-05,9.775004582479596e-05,9.774341742740944e-05,9.770437463885173e-05,9.767753363121301e-05,9.927358041750267e-05,9.777180093806237e-05,9.78301977738738e-05,9.794889047043398e-05,9.813303768169135e-05,9.805047739064321e-05,9.802278509596363e-05,9.804411820368841e-05,9.800929547054693e-05,9.798746759770438e-05,9.776161459740251e-05,9.773913188837469e-05,9.772931662155315e-05,9.844187297858298e-05,9.825573215493932e-05,9.761573164723814e-05,9.770817996468395e-05,9.831364150159061e-05,9.764124115463346e-05,9.776405204320326e-05,9.775430953595787e-05,9.773472265806049e-05,9.799243707675487e-05,9.783032874111086e-05,9.79969190666452e-05,9.787690942175686e-05,9.791349293664098e-05,9.78958560153842e-05,9.857811528490856e-05,,9.84705620794557e-05,9.818679973250255e-05,9.836912795435637e-05,9.811249765334651e-05,9.804541332414374e-05,9.799694817047566e-05,9.798835526453331e-05,9.795735968509689e-05,9.797267557587475e-05,9.796692756935954e-05,9.7967371402774e-05,9.798892278922722e-05,9.79729593382217e-05,9.79770120466128e-05,9.800005500437692e-05,9.814613440539688e-05,9.796750237001106e-05,9.799495455808938e-05,9.799272811505944e-05,9.800147381611168e-05,9.796211816137657e-05,9.802989370655268e-05,9.798006067285314e-05,9.797659731702879e-05,9.799759573070332e-05,9.801027772482485e-05,9.798957034945488e-05,9.799391409615055e-05,9.791025513550267e-05,9.797853999771178e-05,9.792763739824295e-05,9.79152973741293e-05,9.804345609154552e-05,9.807862079469487e-05,9.808805043576285e-05,9.807075548451394e-05,9.808600589167327e-05,9.810152550926432e-05,9.804828732740134e-05,9.795403457246721e-05,9.802634303923696e-05,9.791790216695517e-05,9.801132546272129e-05,9.810025221668184e-05,9.791492630029097e-05,9.795142977964133e-05,9.794958896236494e-05,9.801310079637915e-05,9.806646266952157e-05,9.792641503736377e-05
stanford_dogs_image_categorization,9.785181464394554e-05,9.768830932443962e-05,9.770209726411849e-05,9.770909673534334e-05,9.886673069559038e-05,9.953519474947825e-05,9.84281869023107e-05,9.774255886441097e-05,0.0,9.788070019567385e-05,9.782274719327688e-05,9.773685451364145e-05,9.782757115317509e-05,9.779104584595188e-05,9.788053284864873e-05,9.785613656276837e-05,9.788907482288778e-05,9.787093586055562e-05,9.788869647309184e-05,9.784993744688109e-05,9.768933523446321e-05,9.76966111920774e-05,9.768902964424342e-05,9.766333823790774e-05,9.767943993210793e-05,9.770778706297278e-05,9.767283336259425e-05,9.830669296206906e-05,9.770073666004464e-05,9.8871358204633e-05,9.791485354071483e-05,9.946532372850925e-05,9.775825310498476e-05,9.76935334620066e-05,9.770670294528827e-05,9.768893505679443e-05,9.771742043085396e-05,9.766546281753108e-05,9.769290045369416e-05,9.772479825187474e-05,9.772293560672551e-05,9.767274605110288e-05,9.768294694367796e-05,9.774810314411297e-05,9.774147474672645e-05,9.770243195816875e-05,9.767558367457241e-05,9.927163773681968e-05,9.776985825737938e-05,9.782825509319082e-05,9.7946947789751e-05,9.813109500100836e-05,9.804853470996022e-05,9.802084241528064e-05,9.804217552300543e-05,9.800735278986394e-05,9.79855249170214e-05,9.775967919267714e-05,9.773718193173409e-05,9.772737394087017e-05,9.843992302194238e-05,9.825378947425634e-05,9.761378896655515e-05,9.770623728400096e-05,9.831170609686524e-05,9.763929847395048e-05,9.776210936252028e-05,9.775236685527489e-05,9.77327799773775e-05,9.799049439607188e-05,9.782838606042787e-05,9.79949691100046e-05,9.787496674107388e-05,9.791155025595799e-05,9.789391333470121e-05,9.857617260422558e-05,9.793585923034698e-05,9.846861939877272e-05,9.818485705181956e-05,9.836718527367339e-05,9.811055497266352e-05,9.804347064346075e-05,9.799500548979267e-05,9.798641258385032e-05,9.79554170044139e-05,9.797072561923414e-05,9.796499216463417e-05,9.796542872209102e-05,9.798698010854423e-05,9.797101665753871e-05,9.797507664188743e-05,9.799811232369393e-05,9.814419172471389e-05,9.796555968932807e-05,9.7993019153364e-05,9.799079271033406e-05,9.79995311354287e-05,9.796017548069358e-05,9.80279510258697e-05,9.797811799217016e-05,9.79746546363458e-05,9.799565305002034e-05,9.800834232009947e-05,9.798763494472951e-05,9.799197141546756e-05,9.790831245481968e-05,9.797659004107118e-05,9.792568744160235e-05,9.791335469344631e-05,9.804151341086254e-05,9.807667811401188e-05,9.808610775507987e-05,9.806880552787334e-05,9.808406321099028e-05,9.809958282858133e-05,9.804634464671835e-05,9.795209916774184e-05,9.802439308259636e-05,9.79159667622298e-05,9.800939005799592e-05,9.809830953599885e-05,9.791298361960799e-05,9.794948709895834e-05,9.794764628168195e-05,9.801115811569616e-05,9.806451998883858e-05,9.792447235668078e-05
svhn,9.799189865589142e-05,9.782839333638549e-05,9.784218127606437e-05,9.784918802324682e-05,9.900682198349386e-05,9.967527876142412e-05,9.856827091425657e-05,9.788264287635684e-05,9.788070019567385e-05,0.0,9.796282392926514e-05,9.787693852558732e-05,9.796765516512096e-05,9.793112985789776e-05,9.80206168605946e-05,9.799622057471424e-05,9.802915883483365e-05,9.801101987250149e-05,9.80287732090801e-05,9.799002145882696e-05,9.782941924640909e-05,9.783670247998089e-05,9.782911365618929e-05,9.780342224985361e-05,9.78195239440538e-05,9.784787107491866e-05,9.78129100985825e-05,9.844677697401494e-05,9.784082067199051e-05,9.901144949253649e-05,9.80549375526607e-05,9.960540774045512e-05,9.789833711693063e-05,9.783361747395247e-05,9.784678695723414e-05,9.782901906874031e-05,9.785751171875745e-05,9.780554682947695e-05,9.783298446564004e-05,9.786488226382062e-05,9.786301234271377e-05,9.781283733900636e-05,9.782303823158145e-05,9.788818715605885e-05,9.788155875867233e-05,9.784251597011462e-05,9.78156749624759e-05,9.941172174876556e-05,9.790994226932526e-05,9.796833910513669e-05,9.808703180169687e-05,9.827117901295424e-05,9.81886187219061e-05,9.816092642722651e-05,9.81822595349513e-05,9.814743680180982e-05,9.812560892896727e-05,9.78997559286654e-05,9.787727321963757e-05,9.786745795281604e-05,9.858001430984586e-05,9.839387348620221e-05,9.775387297850102e-05,9.784632129594684e-05,9.84517828328535e-05,9.777938248589635e-05,9.790219337446615e-05,9.789245086722076e-05,9.787286398932338e-05,9.813057840801775e-05,9.796847007237375e-05,9.813506039790809e-05,9.801505075301975e-05,9.805163426790386e-05,9.803399734664708e-05,9.871625661617145e-05,9.807594324229285e-05,,9.832494106376544e-05,9.850726928561926e-05,9.82506389846094e-05,9.818355465540662e-05,9.813508950173855e-05,9.81264965957962e-05,9.809550101635978e-05,9.811081690713763e-05,9.810506890062243e-05,9.810551273403689e-05,9.81270641204901e-05,9.811110066948459e-05,9.811515337787569e-05,9.81381963356398e-05,9.828427573665977e-05,9.810564370127395e-05,9.813309588935226e-05,9.813086944632232e-05,9.813961514737457e-05,9.810025949263945e-05,9.816803503781557e-05,9.811820200411603e-05,9.811473864829168e-05,9.813573706196621e-05,9.814841905608773e-05,9.812771168071777e-05,9.813205542741343e-05,9.804839646676555e-05,9.811668132897466e-05,9.806577872950584e-05,9.805343870539218e-05,9.818159742280841e-05,9.821676212595776e-05,9.822619176702574e-05,9.820889681577682e-05,9.822414722293615e-05,9.82396668405272e-05,9.818642865866423e-05,9.80921759037301e-05,9.816448437049985e-05,9.805604349821806e-05,9.814946679398417e-05,9.823839354794472e-05,9.805306763155386e-05,9.808957111090422e-05,9.808773029362783e-05,9.815124212764204e-05,9.820460400078446e-05,9.806455636862665e-05
caltech101_object_classification,9.793393837753683e-05,9.77704330580309e-05,9.77842282736674e-05,9.779122774489224e-05,9.894886170513928e-05,9.961731848306954e-05,9.851031063590199e-05,9.782468259800225e-05,9.782274719327688e-05,9.796282392926514e-05,0.0,9.781857806956396e-05,9.790969488676637e-05,9.787316957954317e-05,9.796266385819763e-05,9.793826029635966e-05,9.797120583243668e-05,9.795305959414691e-05,9.797082020668313e-05,9.793206118047237e-05,9.777146624401212e-05,9.77787422016263e-05,9.777116065379232e-05,9.774546197149903e-05,9.776157094165683e-05,9.778991807252169e-05,9.775495709618554e-05,9.838881669566035e-05,9.778286039363593e-05,9.89534892141819e-05,9.799697727430612e-05,9.954745473805815e-05,9.784038411453366e-05,9.777565719559789e-05,9.778882667887956e-05,9.777105879038572e-05,9.779955144040287e-05,9.774758655112237e-05,9.777503146324307e-05,9.780692926142365e-05,9.78050593403168e-05,9.775487706065178e-05,9.776507795322686e-05,9.783022687770426e-05,9.782360575627536e-05,9.778456296771765e-05,9.775771468412131e-05,9.935376874636859e-05,9.785198199097067e-05,9.791037882678211e-05,9.80290787992999e-05,9.821321873459965e-05,9.813066571950912e-05,9.810297342482954e-05,9.812430653255433e-05,9.808948379941285e-05,9.80676559265703e-05,9.784180292626843e-05,9.781931294128299e-05,9.780950495041907e-05,9.852205403149128e-05,9.833592048380524e-05,9.769591270014644e-05,9.778836101759225e-05,9.839382983045653e-05,9.772142220754176e-05,9.784424037206918e-05,9.783449058886617e-05,9.781490371096879e-05,9.807261812966317e-05,9.791050979401916e-05,9.80771001195535e-05,9.795709047466516e-05,9.799367398954928e-05,9.79760370682925e-05,9.865830361377448e-05,9.801799023989588e-05,9.855075040832162e-05,9.826698806136847e-05,9.844930900726467e-05,9.819268598221242e-05,9.812560165300965e-05,9.807712922338396e-05,9.806854359339923e-05,9.80375480139628e-05,9.805285662878305e-05,9.804711589822546e-05,9.804755973163992e-05,9.806911111809313e-05,9.805314766708761e-05,9.805720037547871e-05,9.808024333324283e-05,9.822631545830518e-05,9.804769069887698e-05,9.807514288695529e-05,9.807291644392535e-05,9.808165486901999e-05,9.804230649024248e-05,9.811007475946099e-05,9.806024900171906e-05,9.80567856458947e-05,9.807778405956924e-05,9.809046605369076e-05,9.80697586783208e-05,9.807410242501646e-05,9.799044346436858e-05,9.805872105062008e-05,9.800781845115125e-05,9.79954784270376e-05,9.812363714445382e-05,9.815880912356079e-05,9.816823876462877e-05,9.815093653742224e-05,9.816618694458157e-05,9.818171383813024e-05,9.812846838030964e-05,9.803422290133312e-05,9.810652409214526e-05,9.799809049582109e-05,9.80915137915872e-05,9.818043326959014e-05,9.799511462915689e-05,9.803161083254963e-05,9.802977729123086e-05,9.809328184928745e-05,9.814664372242987e-05,9.800659609027207e-05
caltech256_object_classification,9.784805297385901e-05,9.768454765435308e-05,9.769833559403196e-05,9.770534234121442e-05,9.886297630146146e-05,9.953143307939172e-05,9.842442523222417e-05,9.773879719432443e-05,9.773685451364145e-05,9.787693852558732e-05,9.781857806956396e-05,0.0,9.782380948308855e-05,9.778728417586535e-05,9.78767711785622e-05,9.785237489268184e-05,9.788531315280125e-05,9.786717419046909e-05,9.78849275270477e-05,9.784617577679455e-05,9.768557356437668e-05,9.769285679794848e-05,9.768526797415689e-05,9.76595765678212e-05,9.767567826202139e-05,9.770402539288625e-05,9.76690644165501e-05,9.830293129198253e-05,9.769697498995811e-05,9.886760381050408e-05,9.79110918706283e-05,9.946156205842271e-05,9.775449143489823e-05,9.768977179192007e-05,9.770294127520174e-05,9.76851733867079e-05,9.771366603672504e-05,9.766170114744455e-05,9.768913878360763e-05,9.772103658178821e-05,9.771916666068137e-05,9.766899165697396e-05,9.767919254954904e-05,9.774434147402644e-05,9.773771307663992e-05,9.769867028808221e-05,9.767182928044349e-05,9.926787606673315e-05,9.776609658729285e-05,9.782449342310429e-05,9.794318611966446e-05,9.812733333092183e-05,9.804477303987369e-05,9.801708074519411e-05,9.803841385291889e-05,9.800359111977741e-05,9.798176324693486e-05,9.775591024663299e-05,9.773342753760517e-05,9.772361227078363e-05,9.843616862781346e-05,9.82500278041698e-05,9.761002729646862e-05,9.770247561391443e-05,9.830793715082109e-05,9.763553680386394e-05,9.775834769243374e-05,9.774860518518835e-05,9.772901830729097e-05,9.798673272598535e-05,9.782462439034134e-05,9.799121471587569e-05,9.787120507098734e-05,9.790778858587146e-05,9.789015166461468e-05,9.857241093413904e-05,9.793209756026044e-05,9.846485772868618e-05,9.818109538173303e-05,9.836342360358685e-05,9.810679330257699e-05,9.803970897337422e-05,9.799124381970614e-05,9.798265091376379e-05,9.795165533432737e-05,9.796697122510523e-05,9.796122321859002e-05,9.796166705200449e-05,9.79832184384577e-05,9.796725498745218e-05,9.797130769584328e-05,9.79943506536074e-05,9.814043005462736e-05,9.796179801924154e-05,9.798925020731986e-05,9.798702376428992e-05,9.799576946534216e-05,9.795641381060705e-05,9.802418935578316e-05,9.797435632208362e-05,9.797089296625927e-05,9.79918913799338e-05,9.800457337405533e-05,9.798386599868536e-05,9.798820974538103e-05,9.790455078473315e-05,9.797283564694226e-05,9.792193304747343e-05,9.790959302335978e-05,9.8037751740776e-05,9.807291644392535e-05,9.808234608499333e-05,9.806505113374442e-05,9.808030154090375e-05,9.80958211584948e-05,9.804258297663182e-05,9.794833022169769e-05,9.802063868846744e-05,9.791219781618565e-05,9.800562111195177e-05,9.809454786591232e-05,9.790922194952145e-05,9.794572542887181e-05,9.794388461159542e-05,9.800739644560963e-05,9.806075831875205e-05,9.792071068659425e-05
