,lapgyn4_anatomical_structures,lapgyn4_surgical_actions,lapgyn4_instrument_count,lapgyn4_anatomical_actions,sklin2_skin_lesions,identify_nbi_infframes,laryngeal_tissues,nerthus_bowel_cleansing_quality,stanford_dogs_image_categorization,svhn,caltech101_object_classification,caltech256_object_classification,cifar10_object_classification,cifar100_object_classification,mnist_digit_classification,emnist_digit_classification,hyperkvasir_anatomical-landmarks,hyperkvasir_pathological-findings,hyperkvasir_quality-of-mucosal-views,hyperkvasir_therapeutic-interventions,cholec80_grasper_presence,cholec80_bipolar_presence,cholec80_hook_presence,cholec80_scissors_presence,cholec80_clipper_presence,cholec80_irrigator_presence,cholec80_specimenbag_presence,derm7pt_skin_lesions,idle_action_recognition,barretts_esophagus_diagnosis,brain_tumor_classification,mednode_melanoma_classification,brain_tumor_type_classification,chexpert_enlarged_cardiomediastinum,chexpert_cardiomegaly,chexpert_lung_opacity,chexpert_lung_lesion,chexpert_edema,chexpert_consolidation,chexpert_pneumonia,chexpert_atelectasis,chexpert_pneumothorax,chexpert_pleural_effusion,chexpert_pleural_other,chexpert_fracture,chexpert_support_devices,pneumonia_classification,ph2-melanocytic-lesions-classification,covid_xray_classification,isic20_melanoma_classification,deep_drid_dr_level,shenzen_chest_xray_tuberculosis,crawled_covid_ct_classification,deep_drid_quality,deep_drid_clarity,deep_drid_field,deep_drid_artifact,kvasir_capsule_anatomy,kvasir_capsule_content,kvasir_capsule_pathologies,breast_cancer_classification_v2,eye_condition_classification,mura_xr_wrist,mura_xr_shoulder,mura_xr_humerus,mura_xr_hand,mura_xr_forearm,mura_xr_finger,mura_xr_elbow,bean_plant_disease_classification,aptos19_blindness_detection,lapgyn4_anatomical_structures --shrink_train 800,lapgyn4_surgical_actions --shrink_train 800,lapgyn4_instrument_count --shrink_train 800,lapgyn4_anatomical_actions --shrink_train 800,laryngeal_tissues --shrink_train 800,nerthus_bowel_cleansing_quality --shrink_train 800,svhn --shrink_train 800,cifar10_object_classification --shrink_train 800,mnist_digit_classification --shrink_train 800,hyperkvasir_anatomical-landmarks --shrink_train 800,hyperkvasir_pathological-findings --shrink_train 800,hyperkvasir_quality-of-mucosal-views --shrink_train 800,hyperkvasir_therapeutic-interventions --shrink_train 800,cholec80_grasper_presence --shrink_train 800,cholec80_bipolar_presence --shrink_train 800,cholec80_hook_presence --shrink_train 800,cholec80_scissors_presence --shrink_train 800,cholec80_clipper_presence --shrink_train 800,cholec80_irrigator_presence --shrink_train 800,cholec80_specimenbag_presence --shrink_train 800,idle_action_recognition --shrink_train 800,brain_tumor_classification --shrink_train 800,brain_tumor_type_classification --shrink_train 800,chexpert_enlarged_cardiomediastinum --shrink_train 800,chexpert_cardiomegaly --shrink_train 800,chexpert_lung_opacity --shrink_train 800,chexpert_lung_lesion --shrink_train 800,chexpert_edema --shrink_train 800,chexpert_consolidation --shrink_train 800,chexpert_pneumonia --shrink_train 800,chexpert_atelectasis --shrink_train 800,chexpert_pneumothorax --shrink_train 800,chexpert_pleural_effusion --shrink_train 800,chexpert_pleural_other --shrink_train 800,chexpert_fracture --shrink_train 800,chexpert_support_devices --shrink_train 800,pneumonia_classification --shrink_train 800,covid_xray_classification --shrink_train 800,isic20_melanoma_classification --shrink_train 800,deep_drid_dr_level --shrink_train 800,deep_drid_quality --shrink_train 800,deep_drid_clarity --shrink_train 800,deep_drid_field --shrink_train 800,deep_drid_artifact --shrink_train 800,kvasir_capsule_anatomy --shrink_train 800,kvasir_capsule_content --shrink_train 800,kvasir_capsule_pathologies --shrink_train 800,mura_xr_wrist --shrink_train 800,mura_xr_shoulder --shrink_train 800,mura_xr_humerus --shrink_train 800,mura_xr_hand --shrink_train 800,mura_xr_forearm --shrink_train 800,mura_xr_finger --shrink_train 800,mura_xr_elbow --shrink_train 800,bean_plant_disease_classification --shrink_train 800,aptos19_blindness_detection --shrink_train 800
lapgyn4_anatomical_structures,0.0,0.0018892145017161965,0.0021267959382385015,0.0033087353222072124,0.007540249731391668,0.009741336107254028,0.018096648156642914,0.006692321039736271,0.006057733669877052,0.0158904567360878,0.005541547667235136,0.005167457275092602,0.007091211620718241,0.0068421149626374245,0.02179378643631935,0.022143885493278503,0.00417688675224781,0.0039173574186861515,0.005715056322515011,0.004604848567396402,0.0030378205701708794,0.0030806867871433496,0.003087470540776849,0.0030875627417117357,0.0030654051806777716,0.0030845780856907368,0.003079660004004836,0.007355156354606152,0.006775972433388233,0.007454526145011187,0.012570701539516449,0.009420689195394516,0.012878905050456524,0.007709727622568607,0.007789718918502331,0.008250829763710499,0.0076034595258533955,0.008285918273031712,0.0075733656994998455,0.007542704232037067,0.00840635597705841,0.008161998353898525,0.007955226115882397,0.007472396362572908,0.00785066094249487,0.008496761322021484,0.010562010109424591,0.00830230675637722,0.010608977638185024,0.009246479719877243,0.016276225447654724,0.011198872700333595,0.008412208408117294,0.016301022842526436,0.016273416578769684,0.016397712752223015,0.016479237005114555,0.009088990278542042,0.00881359912455082,0.008772965520620346,0.01361460518091917,0.025725392624735832,0.009186332114040852,0.007495615165680647,0.008533627726137638,0.009449882432818413,0.007969186641275883,0.008212429471313953,0.008635926991701126,0.010605474933981895,0.013258322142064571,,0.0023223317693918943,0.002086047548800707,0.0034038242883980274,0.01805800013244152,0.006734141148626804,0.015668749809265137,0.00719353137537837,0.022067124024033546,0.00415032310411334,0.00387857505120337,0.005754994228482246,0.0045887501910328865,0.003095757681876421,0.0031182372476905584,0.003124827751889825,0.0031666294671595097,0.003161374945193529,0.0030405197758227587,0.0031818568240851164,0.006840189453214407,0.01266894955188036,0.012733367271721363,0.007807577028870583,0.007835748605430126,0.008160455152392387,0.007676697336137295,0.008284102194011211,0.007654083892703056,0.007506266236305237,0.008253265172243118,0.008268050849437714,0.008019095286726952,0.007474840618669987,0.007858671247959137,0.008560512214899063,0.010664844885468483,0.01069160271435976,0.009427882730960846,0.016328057274222374,0.016400208696722984,0.016446134075522423,0.016454292461276054,0.016530627384781837,0.009039727039635181,0.008874322287738323,0.008808460086584091,0.00929741095751524,0.007422956172376871,0.008455230854451656,0.009431302547454834,0.00797893013805151,0.008288639597594738,0.008643857203423977,0.010547344572842121,0.012952102348208427
lapgyn4_surgical_actions,0.0018892145017161965,0.0,0.0010546677513048053,0.0014457785291597247,0.007382103707641363,0.009703046642243862,0.01775730773806572,0.006288467440754175,0.005393995437771082,0.015252714045345783,0.004819766152650118,0.004366346634924412,0.006344177294522524,0.006157401017844677,0.021102160215377808,0.02146579511463642,0.004461044445633888,0.004207500722259283,0.0055447532795369625,0.004193329252302647,0.0022487947717309,0.0022753842640668154,0.0022716608364135027,0.0022793093230575323,0.002274931175634265,0.0022774888202548027,0.002257657703012228,0.007041146047413349,0.005814411677420139,0.00712137995287776,0.012393119744956493,0.009403299540281296,0.012201644480228424,0.00708450423553586,0.007157617248594761,0.0075867860578000546,0.007002063561230898,0.007617705035954714,0.006951093673706055,0.006931181065738201,0.007757643703371286,0.0075111910700798035,0.007300853729248047,0.006858088541775942,0.007250817958265543,0.007816334255039692,0.00997027475386858,0.008083987981081009,0.00999548751860857,0.009242642670869827,0.015838874503970146,0.010438276454806328,0.007557757664471865,0.015863843262195587,0.015831630676984787,0.01595221273601055,0.01603991910815239,0.008332566358149052,0.008144102990627289,0.008129267022013664,0.01296284981071949,0.025092879310250282,0.008144390769302845,0.006711746100336313,0.007755361031740904,0.008431949652731419,0.00696865189820528,0.007264311425387859,0.007694412488490343,0.01009331177920103,0.012721596285700798,0.0018916596891358495,,0.001044959994032979,0.001491050934419036,0.017718305811285973,0.00633354252204299,0.015025336295366287,0.006440771743655205,0.021377382799983025,0.004451848566532135,0.004156963899731636,0.005565758794546127,0.004207992926239967,0.002288280287757516,0.0023118501994758844,0.002297997009009123,0.0023520307149738073,0.002315057208761573,0.002246028045192361,0.002358311088755727,0.005855634808540344,0.0124922264367342,0.012061210349202156,0.007182078901678324,0.007187881972640753,0.007492388598620892,0.007066470570862293,0.007624439895153046,0.007027135696262121,0.0069061629474163055,0.007597311399877071,0.0075991274788975716,0.00736731244251132,0.006864184979349375,0.0072424886748194695,0.007872479036450386,0.010060712695121765,0.010086502879858017,0.009441103786230087,0.01589360460639,0.015965403988957405,0.01600044034421444,0.016008103266358376,0.016090352088212967,0.008276641368865967,0.008207947015762329,0.008160160854458809,0.008251016028225422,0.006632606964558363,0.007648248691111803,0.008426519110798836,0.006984541192650795,0.007350130006670952,0.0077132354490458965,0.010021043941378593,0.012417035177350044
lapgyn4_instrument_count,0.0021267959382385015,0.0010546677513048053,0.0,0.0011688957456499338,0.0069773439317941666,0.009554279036819935,0.017420435324311256,0.006208356004208326,0.005134751088917255,0.014938832260668278,0.004560247994959354,0.004118874203413725,0.00610989797860384,0.005915563553571701,0.020738614723086357,0.021098390221595764,0.004297458101063967,0.004030515439808369,0.005585802253335714,0.004421040415763855,0.001949206693097949,0.001988341799005866,0.0019758976995944977,0.0019814963452517986,0.001970494631677866,0.0019770849030464888,0.0019552544690668583,0.006785621866583824,0.005971292033791542,0.007077082525938749,0.012013300321996212,0.009029077365994453,0.012054680846631527,0.007057890761643648,0.007156688719987869,0.007605911232531071,0.006967897526919842,0.007640073541551828,0.006927779410034418,0.0069023435935378075,0.007774824742227793,0.007521240971982479,0.007305774837732315,0.006817433517426252,0.007235303055495024,0.007844793610274792,0.009863740764558315,0.007844783365726471,0.009907491505146027,0.009013503789901733,0.015380075201392174,0.01046044286340475,0.007479430176317692,0.015402616001665592,0.015373597852885723,0.015494555234909058,0.015579460188746452,0.008018547669053078,0.007873129099607468,0.007867730222642422,0.012865410186350346,0.024676185101270676,0.00794698391109705,0.006530513521283865,0.007436263840645552,0.00835700798779726,0.0067090424709022045,0.007060956675559282,0.007443417329341173,0.00995559711009264,0.012322652153670788,0.0021140894386917353,0.001216885750181973,,0.0012448326451703906,0.017379993572831154,0.006254767067730427,0.014716057106852531,0.006203928496688604,0.021010855212807655,0.004293724894523621,0.00397723913192749,0.0056083626113832,0.004438457544893026,0.0019937504548579454,0.002012108452618122,0.002008589915931225,0.0020440476946532726,0.002013800200074911,0.0019418465672060847,0.002041055355221033,0.0060242111794650555,0.012113727629184723,0.011916885152459145,0.0071608684957027435,0.007195484358817339,0.007511553820222616,0.007038992363959551,0.007639136165380478,0.0070096873678267,0.006874448619782925,0.007614311296492815,0.0076246424578130245,0.007373918779194355,0.006819827947765589,0.007235412485897541,0.007907182909548283,0.009963315911591053,0.009999326430261135,0.009211914613842964,0.015432559885084629,0.015503386035561562,0.015542315319180489,0.015550652518868446,0.015630437061190605,0.007968314923346043,0.007932822220027447,0.007903121411800385,0.00805528275668621,0.006447529420256615,0.007330036256462336,0.008350335992872715,0.006724129896610975,0.007142114918678999,0.0074609084986150265,0.009886430576443672,0.012021267786622047
lapgyn4_anatomical_actions,0.0033087353222072124,0.0014457785291597247,0.0011688957456499338,0.0,0.008266545832157135,0.010785900056362152,0.01851935125887394,0.0075308275409042835,0.0060453033074736595,0.01595192775130272,0.005487110000103712,0.0050200484693050385,0.007047390099614859,0.006881996989250183,0.021749770268797874,0.022122269496321678,0.005852097645401955,0.005558973643928766,0.006906598806381226,0.005623908713459969,0.0031043642666190863,0.0031429678201675415,0.0031204302795231342,0.0031286338344216347,0.0031267537269741297,0.0031294722575694323,0.0031041770707815886,0.007981954142451286,0.006838930770754814,0.008203485049307346,0.013312488794326782,0.010285614989697933,0.013097962364554405,0.008112693205475807,0.008207719773054123,0.008628998883068562,0.008045285940170288,0.008658132515847683,0.007992013357579708,0.007981241680681705,0.00880132894963026,0.00854487344622612,0.008340072818100452,0.00789692159742117,0.008284298703074455,0.008846774697303772,0.010899103246629238,0.009054615162312984,0.010933427140116692,0.010287321172654629,0.016658661887049675,0.011378166265785694,0.008507364429533482,0.01668630912899971,0.01665247231721878,0.016772570088505745,0.01686071790754795,0.009224636480212212,0.00909339264035225,0.009097005240619183,0.013905825093388557,0.0258258655667305,0.00889967754483223,0.007639601361006498,0.008535671047866344,0.009265631437301636,0.007691219914704561,0.008001488633453846,0.008467857725918293,0.010943801142275333,0.013539300300180912,0.0032962055411189795,0.0016394146950915456,0.0012092571705579758,,0.018480101600289345,0.007580373901873827,0.0157284215092659,0.007140583824366331,0.02202242985367775,0.005851997993886471,0.005506078712642193,0.00692411744967103,0.005649033933877945,0.0031498968601226807,0.003166030626744032,0.0031521888449788094,0.003203769912943244,0.003135425504297018,0.003104511881247163,0.0031974967569112778,0.006882981397211552,0.013416689820587635,0.012967677786946297,0.008212761022150517,0.008241217583417892,0.008532926440238953,0.008112064562737942,0.008660649880766869,0.008065402507781982,0.007953044027090073,0.008640567772090435,0.008631560951471329,0.008409050293266773,0.007908317260444164,0.008271799422800541,0.008905771188437939,0.010994802229106426,0.011027052067220211,0.010497150011360645,0.016713090240955353,0.016790300607681274,0.01682157814502716,0.01682618446648121,0.016912532970309258,0.009169137105345726,0.009157117456197739,0.009126859717071056,0.009003044106066227,0.007552305702120066,0.008416552096605301,0.009264979511499405,0.007711123209446669,0.00808763038367033,0.008489251136779785,0.01087186485528946,0.01324182003736496
sklin2_skin_lesions,0.007540249731391668,0.007382103707641363,0.0069773439317941666,0.008266545832157135,0.0,0.010448239743709564,0.017026841640472412,0.008104358799755573,0.006071126088500023,0.015003652311861515,0.005494891200214624,0.0051245600916445255,0.006960541941225529,0.006608981639146805,0.02083982154726982,0.021089894697070122,0.005774619989097118,0.005893166176974773,0.007853743620216846,0.007123708724975586,0.006721724756062031,0.00674371886998415,0.006713258568197489,0.006753560155630112,0.0066958023235201836,0.006713571026921272,0.006696087308228016,0.003618411486968398,0.007875608280301094,0.0066713616251945496,0.01172684133052826,0.006609521806240082,0.012119349092245102,0.008369477465748787,0.008483554236590862,0.008925980888307095,0.008238215930759907,0.008969045244157314,0.008208045735955238,0.008155738934874535,0.009113088250160217,0.00890079140663147,0.008607634343206882,0.008005187846720219,0.008585797622799873,0.009184303693473339,0.011451427824795246,0.003966961987316608,0.011519172228872776,0.005562715698033571,0.013837910257279873,0.012280691415071487,0.008326609618961811,0.013868201524019241,0.013850693590939045,0.013971240259706974,0.014050429686903954,0.008129356428980827,0.007691459730267525,0.007717588916420937,0.012538284994661808,0.023680029436945915,0.00939853210002184,0.007857450284063816,0.008703703992068768,0.010221350006759167,0.008234872482717037,0.008583673276007175,0.008647904731333256,0.010142302140593529,0.010653168894350529,0.007492582313716412,0.007465486414730549,0.007087811827659607,0.008302186615765095,0.016993645578622818,0.008105823770165443,0.014798917807638645,0.00705103250220418,0.021112309768795967,0.005800826940685511,0.005791075993329287,0.007854416035115719,0.007187981158494949,0.006643583532422781,0.0068109543062746525,0.006788203492760658,0.006764998659491539,0.006819429807364941,0.006736438721418381,0.006704437546432018,0.007991857826709747,0.01182006485760212,0.011973559856414795,0.008484342135488987,0.008561084978282452,0.008840729482471943,0.008319073356688023,0.008925252594053745,0.008300046436488628,0.008106058463454247,0.008952160365879536,0.009013804607093334,0.008686097338795662,0.00800818856805563,0.008641869761049747,0.00926216784864664,0.011559165082871914,0.011609994806349277,0.005731020588427782,0.01388055831193924,0.013943075202405453,0.014026612043380737,0.014028920792043209,0.014083457179367542,0.008082883432507515,0.0077286651358008385,0.007765092421323061,0.00951562449336052,0.007792918011546135,0.008628006093204021,0.010198437608778477,0.00824998039752245,0.008646437898278236,0.008647095412015915,0.010070955380797386,0.010336375795304775
identify_nbi_infframes,0.009741336107254028,0.009703046642243862,0.009554279036819935,0.010785900056362152,0.010448239743709564,0.0,0.016839727759361267,0.011617502197623253,0.008834953419864178,0.0159811582416296,0.0083337826654315,0.008027110248804092,0.009663261473178864,0.009214084595441818,0.022306283935904503,0.022453704848885536,0.009139735251665115,0.009158901870250702,0.0109326783567667,0.009858869947493076,0.009474404156208038,0.009541885927319527,0.009459731169044971,0.009518398903310299,0.009490258991718292,0.00946278590708971,0.009508982300758362,0.009558462537825108,0.01039134617894888,0.009547476656734943,0.013636119663715363,0.011933044530451298,0.015467182733118534,0.011212225072085857,0.011086958460509777,0.011416220106184483,0.011126942001283169,0.01141870953142643,0.011046160943806171,0.0110316826030612,0.011559363454580307,0.011495854705572128,0.011224817484617233,0.010986220091581345,0.011198651045560837,0.011597869917750359,0.014071796089410782,0.010460592806339264,0.014205322600901127,0.010692432522773743,0.01850535161793232,0.015378613956272602,0.011820970103144646,0.018520072102546692,0.01850796304643154,0.018617209047079086,0.018706249073147774,0.012919827364385128,0.01254774909466505,0.012546277604997158,0.014006287790834904,0.02779211476445198,0.012153062038123608,0.010752280242741108,0.01127456221729517,0.013210794888436794,0.010902627371251583,0.011106619611382484,0.011555640958249569,0.013408085331320763,0.01593276485800743,0.009685763157904148,0.009693872183561325,0.00962118711322546,0.010859998874366283,0.0167862419039011,0.011607177555561066,0.015902867540717125,0.009766469709575176,0.022542839869856834,0.00916602648794651,0.00905075017362833,0.010972276329994202,0.00990208424627781,0.009429438039660454,0.009520960040390491,0.009574058465659618,0.009592557325959206,0.009592296555638313,0.00953097827732563,0.009471157565712929,0.01050699781626463,0.013672376051545143,0.015316857025027275,0.011291582137346268,0.01116962730884552,0.01138672698289156,0.011261573992669582,0.011359835043549538,0.011110767722129822,0.010955078527331352,0.011417977511882782,0.011582359671592712,0.01128524448722601,0.011028409935534,0.011248316615819931,0.011694262735545635,0.014195113442838192,0.014291699044406414,0.010876474902033806,0.018549419939517975,0.018625035881996155,0.018644552677869797,0.018681878224015236,0.01876007951796055,0.012894282117486,0.012583352625370026,0.012566447257995605,0.012263372540473938,0.010702512226998806,0.011241896077990532,0.013166869059205055,0.010921766981482506,0.01113366149365902,0.011554848402738571,0.013365093618631363,0.015643279999494553
laryngeal_tissues,0.018096648156642914,0.01775730773806572,0.017420435324311256,0.01851935125887394,0.017026841640472412,0.016839727759361267,0.0,0.01905106194317341,0.014439753256738186,0.01516634225845337,0.0136838024482131,0.013708870857954025,0.013018623925745487,0.012251072563230991,0.025200258940458298,0.025383800268173218,0.01741226762533188,0.017275728285312653,0.0186434518545866,0.0179314985871315,0.01777264103293419,0.01781708560883999,0.017751872539520264,0.017798136919736862,0.017758723348379135,0.017748141661286354,0.017755160108208656,0.015838466584682465,0.017871716991066933,0.016872350126504898,0.019410163164138794,0.018139835447072983,0.022068150341510773,0.01891852170228958,0.01888616569340229,0.01915353164076805,0.018881231546401978,0.019164593890309334,0.01878976821899414,0.018790587782859802,0.01931004785001278,0.019218245521187782,0.018957916647195816,0.01875702664256096,0.018926022574305534,0.019319085404276848,0.021374214440584183,0.017478622496128082,0.02150924690067768,0.016411779448390007,0.025336727499961853,0.022837134078145027,0.01875740848481655,0.025366824120283127,0.025344200432300568,0.025443729013204575,0.02554485574364662,0.019392836838960648,0.018971864134073257,0.019006866961717606,0.020762745290994644,0.03443055599927902,0.01883123442530632,0.018135758116841316,0.018535831943154335,0.020185288041830063,0.01789310947060585,0.01801040954887867,0.018404772505164146,0.020046299323439598,0.022919539362192154,0.01803678460419178,0.017992261797189713,0.017539506778120995,0.018538454547524452,,0.01904899813234806,0.015306904911994934,0.01304450910538435,0.02537950500845909,0.017440514639019966,0.01722130924463272,0.018669551238417625,0.01799670234322548,0.01768103614449501,0.017838893458247185,0.017826784402132034,0.017856111750006676,0.017862102016806602,0.017799735069274902,0.017748139798641205,0.018026718869805336,0.01941908523440361,0.021936604753136635,0.01902206428349018,0.0189638864248991,0.019113730639219284,0.01900198869407177,0.01911226473748684,0.01885729655623436,0.01871676929295063,0.01916682906448841,0.019301332533359528,0.019025739282369614,0.01880231499671936,0.018957464024424553,0.01942472904920578,0.021501079201698303,0.021597329527139664,0.016595613211393356,0.025393228977918625,0.025474470108747482,0.02547965757548809,0.02550172060728073,0.025599421933293343,0.019350998103618622,0.019015975296497345,0.019042188301682472,0.018948879092931747,0.018081214278936386,0.018473807722330093,0.020142992958426476,0.017904436215758324,0.01807224005460739,0.01841852441430092,0.020000850781798363,0.022639624774456024
nerthus_bowel_cleansing_quality,0.006692321039736271,0.006288467440754175,0.006208356004208326,0.0075308275409042835,0.008104358799755573,0.011617502197623253,0.01905106194317341,0.0,0.00698739942163229,0.01601818948984146,0.006010144948959351,0.005582683719694614,0.007470572367310524,0.007203358691185713,0.021858729422092438,0.02220204286277294,0.004067644476890564,0.0032992069609463215,0.0018802675185725093,0.0033467153552919626,0.0051484969444572926,0.005120842717587948,0.005109038203954697,0.005168665200471878,0.005115303210914135,0.005112603306770325,0.005103841423988342,0.00783757958561182,0.005567862652242184,0.008449572138488293,0.01343052089214325,0.010813102126121521,0.012411327101290226,0.008080094121396542,0.007997016422450542,0.008419660851359367,0.00793397892266512,0.008424288593232632,0.00787067599594593,0.007821609266102314,0.008599675260484219,0.008455043658614159,0.008155816234648228,0.007757899817079306,0.008251756429672241,0.008645799942314625,0.011366748251020908,0.008843529038131237,0.011380430310964584,0.010277573950588703,0.01583815924823284,0.011904632672667503,0.007776232901960611,0.01584293693304062,0.015817856416106224,0.015940247103571892,0.01602839305996895,0.0070562707260251045,0.006799360737204552,0.0067179701291024685,0.014133365824818611,0.02531292289495468,0.009092208929359913,0.006911810487508774,0.007857817225158215,0.009506047703325748,0.007668304722756147,0.00781960878521204,0.00807507149875164,0.011998823843896389,0.012562100775539875,0.006661335472017527,0.0066030872985720634,0.006224027369171381,0.007536506280303001,0.019018065184354782,,0.01577303744852543,0.007549944333732128,0.02214285545051098,0.003999557811766863,0.003447046270594001,0.0018875004025176167,0.003360119881108403,0.0050895605236291885,0.005211390554904938,0.005196927580982447,0.005169528536498547,0.005202997010201216,0.00515550933778286,0.005161368753761053,0.005596762057393789,0.013514299876987934,0.01225833036005497,0.008201911114156246,0.008049731142818928,0.008351309224963188,0.00803297944366932,0.008425777778029442,0.00798196904361248,0.007796627469360828,0.008444860577583313,0.00857516285032034,0.008218778297305107,0.007767892442643642,0.008256999775767326,0.008730481378734112,0.01144900731742382,0.011473395861685276,0.010486800223588943,0.015890054404735565,0.015926767140626907,0.01597040705382824,0.01600918360054493,0.01606244035065174,0.007000908721238375,0.006868566386401653,0.006733566056936979,0.009213695302605629,0.0068256426602602005,0.0077956197783350945,0.009502249769866467,0.007690832018852234,0.00788318645209074,0.008075601421296597,0.011928857304155827,0.012234495021402836
stanford_dogs_image_categorization,0.006057733669877052,0.005393995437771082,0.005134751088917255,0.0060453033074736595,0.006071126088500023,0.008834953419864178,0.014439753256738186,0.00698739942163229,0.0,0.011996224522590637,0.00203153258189559,0.0017679209122434258,0.003172768745571375,0.003240133635699749,0.01796572655439377,0.01831611804664135,0.0055170306004583836,0.005435680504888296,0.006644375156611204,0.005562762264162302,0.005519661121070385,0.00553950434550643,0.005497720558196306,0.005547915585339069,0.005497106350958347,0.005484085064381361,0.005486174952238798,0.00568055734038353,0.006235459353774786,0.005388697609305382,0.01007644459605217,0.007632760796695948,0.010224572382867336,0.006728106178343296,0.006754823494702578,0.007093057502061129,0.006682357285171747,0.007111923769116402,0.006617122329771519,0.006590781733393669,0.007258187048137188,0.007084873039275408,0.006866944953799248,0.006576284766197205,0.006840215064585209,0.007298269309103489,0.009199812076985836,0.006688805762678385,0.009278598241508007,0.007620691321790218,0.013807187788188457,0.010158250108361244,0.006346857640892267,0.013837839476764202,0.013808810152113438,0.013917979784309864,0.014011264778673649,0.00752108683809638,0.0070879822596907616,0.007106285076588392,0.0106892678886652,0.022707460448145866,0.006781168282032013,0.006017347332090139,0.00644033495336771,0.007947797887027264,0.005652924999594688,0.00610859040170908,0.006337746977806091,0.008467374369502068,0.01097927987575531,0.006007302552461624,0.005518267396837473,0.0052420273423194885,0.006052922923117876,0.014396432787179947,0.007010080385953188,0.011789275333285332,0.0032891009468585253,0.01824180781841278,0.005543101113289595,0.00538612762466073,0.006646272260695696,0.005619002506136894,0.005437143612653017,0.005594974383711815,0.005568176042288542,0.005566618870943785,0.005600189324468374,0.005542032420635223,0.0055093830451369286,0.0063192411325871944,0.010165151208639145,0.010109219700098038,0.0068400269374251366,0.006809774320572615,0.007045035716146231,0.006785110104829073,0.0070977299474179745,0.006694907322525978,0.006549733690917492,0.007096190005540848,0.0071805622428655624,0.006928481627255678,0.006602370645850897,0.006832731422036886,0.007379652000963688,0.0093107670545578,0.009374255314469337,0.007853545248508453,0.013862126506865025,0.01394995953887701,0.013958086259663105,0.013964015990495682,0.014061692170798779,0.007477567996829748,0.0071534705348312855,0.007146473042666912,0.006893630139529705,0.005931488703936338,0.006346984766423702,0.007926464080810547,0.005671546328812838,0.006175166927278042,0.006354582030326128,0.008402961306273937,0.01069281529635191
svhn,0.0158904567360878,0.015252714045345783,0.014938832260668278,0.01595192775130272,0.015003652311861515,0.0159811582416296,0.01516634225845337,0.01601818948984146,0.011996224522590637,0.0,0.01111527904868126,0.010917569510638714,0.008501473814249039,0.007704432588070631,0.018769025802612305,0.018967198207974434,0.014808516949415207,0.0146721750497818,0.015762297436594963,0.014871601015329361,0.014990003779530525,0.015026791021227837,0.014959004707634449,0.015009282156825066,0.014981679618358612,0.014955908991396427,0.014961905777454376,0.014377595856785774,0.015022754669189453,0.014532504603266716,0.017119428142905235,0.016989847645163536,0.01914038509130478,0.01578129455447197,0.01575388014316559,0.016047999262809753,0.015737082809209824,0.016058264300227165,0.015658242627978325,0.015652071684598923,0.016193687915802002,0.016085023060441017,0.01583518274128437,0.015612127259373665,0.015797274187207222,0.01621483638882637,0.01821371726691723,0.015579701401293278,0.01832525059580803,0.015883324667811394,0.02273710072040558,0.019628042355179787,0.015361475758254528,0.0227601770311594,0.02274101972579956,0.022840509191155434,0.022940175607800484,0.016509076580405235,0.016048822551965714,0.016082601621747017,0.019044267013669014,0.03173549100756645,0.01522534154355526,0.014808914624154568,0.015037484467029572,0.016704706475138664,0.014313007704913616,0.014198267832398415,0.014807160012423992,0.018015790730714798,0.020136255770921707,0.015846900641918182,0.015314280986785889,0.015052449889481068,0.015954390168190002,0.015249218791723251,0.01601405069231987,,0.008450506255030632,0.018960945308208466,0.014838682487607002,0.014630156569182873,0.015773028135299683,0.014948773197829723,0.014896994456648827,0.015046419575810432,0.015034107491374016,0.015054543502628803,0.015068717300891876,0.015031607821583748,0.014954979531466961,0.015149928629398346,0.017130739986896515,0.019013794139027596,0.015886707231402397,0.01582183875143528,0.015996305271983147,0.015856457874178886,0.016012389212846756,0.01572847180068493,0.015582742169499397,0.01604950800538063,0.016170872375369072,0.015908583998680115,0.01566755399107933,0.015811963006854057,0.016312623396515846,0.01833464577794075,0.018414238467812538,0.016110247001051903,0.022788655012845993,0.022867785766720772,0.02287111058831215,0.02289639785885811,0.022991787642240524,0.016467636451125145,0.01608448475599289,0.016123540699481964,0.015348280780017376,0.014755051583051682,0.014958715066313744,0.016667945310473442,0.014326054602861404,0.014253722503781319,0.014829344116151333,0.017948921769857407,0.01985354535281658
caltech101_object_classification,0.005541547667235136,0.004819766152650118,0.004560247994959354,0.005487110000103712,0.005494891200214624,0.0083337826654315,0.0136838024482131,0.006010144948959351,0.00203153258189559,0.01111527904868126,0.0,0.0008594648097641766,0.002804866759106517,0.0026337746530771255,0.016509195789694786,0.016969166696071625,0.0048532807268202305,0.004609252326190472,0.005753908306360245,0.004726867191493511,0.004790538921952248,0.004808919504284859,0.00476616807281971,0.00481070764362812,0.004766038153320551,0.004757927730679512,0.004745938815176487,0.005064709577709436,0.005188348237425089,0.00515133049339056,0.008981115184724331,0.007382353767752647,0.009326064959168434,0.0061721098609268665,0.00621538981795311,0.006564323790371418,0.006121458485722542,0.006581263151019812,0.006056016311049461,0.00603952631354332,0.0067245145328342915,0.00654197484254837,0.0063114711083471775,0.005995574872940779,0.006296488922089338,0.006756974849849939,0.008662493899464607,0.00623715203255415,0.008726437576115131,0.0069608851335942745,0.012880162335932255,0.00960714090615511,0.005359119735658169,0.012913557700812817,0.012883617542684078,0.012989260256290436,0.013088631443679333,0.006353921256959438,0.005984746851027012,0.006009883712977171,0.01014318410307169,0.021868189796805382,0.005893792491406202,0.0051356954500079155,0.005476872902363539,0.006918906234204769,0.00468945549800992,0.004963325802236795,0.005338924936950207,0.00785016268491745,0.01013538520783186,0.005489272531121969,0.005023202858865261,0.0046741594560444355,0.005489149130880833,0.013642614707350731,0.006027986295521259,0.010890505276620388,0.002906529000028968,0.01677194982767105,0.004874727688729763,0.004580329637974501,0.005757246632128954,0.004786516539752483,0.004713762551546097,0.004858594853430986,0.004843319300562143,0.00483778165653348,0.004857499152421951,0.0048177000135183334,0.004775952082127333,0.005284488666802645,0.009065170772373676,0.009204365313053131,0.0062788622453808784,0.006274366285651922,0.006501831114292145,0.00622091768309474,0.006566163618117571,0.0061345831491053104,0.005988964345306158,0.006575008854269981,0.006635047495365143,0.006386046297848225,0.00602769386023283,0.006289049983024597,0.006836563814431429,0.008767910301685333,0.008825288154184818,0.007184527348726988,0.012936744838953018,0.013016391545534134,0.013030382804572582,0.013046537525951862,0.013137845322489738,0.0063114650547504425,0.006048478651791811,0.006046195048838854,0.006011108867824078,0.0050459918566048145,0.0053694299422204494,0.006888605188578367,0.004713287577033043,0.005034243687987328,0.005351359490305185,0.00778112793341279,0.009854399599134922
caltech256_object_classification,0.005167457275092602,0.004366346634924412,0.004118874203413725,0.0050200484693050385,0.0051245600916445255,0.008027110248804092,0.013708870857954025,0.005582683719694614,0.0017679209122434258,0.010917569510638714,0.0008594648097641766,0.0,0.0025717595126479864,0.002392441499978304,0.016449647024273872,0.016884099692106247,0.004436738323420286,0.0042173853144049644,0.005369082558900118,0.004255315754562616,0.0042817071080207825,0.004300148691982031,0.004255358129739761,0.004300800152122974,0.0042569199576973915,0.0042473250068724155,0.0042375302873551846,0.0047453539445996284,0.0047204201109707355,0.004798503592610359,0.008892637677490711,0.0070752669125795364,0.008917614817619324,0.005637933500111103,0.0056946175172924995,0.006054422352463007,0.005591522436589003,0.006073894444853067,0.005525630433112383,0.005509611219167709,0.0062180436216294765,0.006023759488016367,0.005796981975436211,0.005465212278068066,0.0057863774709403515,0.006252092309296131,0.008137082681059837,0.0058677163906395435,0.008197390474379063,0.0067001935094594955,0.01242065243422985,0.009065255522727966,0.004934762604534626,0.012451240792870522,0.012420871295034885,0.012525987811386585,0.012627258896827698,0.005956238601356745,0.005591399967670441,0.005620477255433798,0.009800910018384457,0.021359069272875786,0.005342951975762844,0.004593311809003353,0.004939436446875334,0.006430075038224459,0.004115705844014883,0.004425631370395422,0.004787413869053125,0.007527685724198818,0.009656555950641632,0.005121924448758364,0.0045117964036762714,0.00423166248947382,0.005013678688555956,0.013665464706718922,0.005603224504739046,0.010692517273128033,0.002658842597156763,0.016717666760087013,0.004463063087314367,0.004188992083072662,0.005366173572838306,0.004318722523748875,0.0042002201080322266,0.0043505397625267506,0.004327959381043911,0.004329160787165165,0.004351035691797733,0.00431444775313139,0.004263616167008877,0.0048142485320568085,0.00897986814379692,0.008792418986558914,0.00574817368760705,0.0057501522824168205,0.005989083554595709,0.005687826778739691,0.006061561405658722,0.005604204256087542,0.005462329369038343,0.00606559170410037,0.006117757875472307,0.0058700572699308395,0.005497556179761887,0.005776362493634224,0.006331663113087416,0.008241734467446804,0.008294656872749329,0.0069292099215090275,0.012478719465434551,0.012555286288261414,0.01256515458226204,0.012582914903759956,0.01267501711845398,0.005908667575567961,0.005654288921505213,0.005659542512148619,0.005459445528686047,0.004502010997384787,0.00482614291831851,0.00640516122803092,0.004139780532568693,0.004499407950788736,0.004803635645657778,0.007456397637724876,0.009376388043165207
cifar10_object_classification,0.007091211620718241,0.006344177294522524,0.00610989797860384,0.007047390099614859,0.006960541941225529,0.009663261473178864,0.013018623925745487,0.007470572367310524,0.003172768745571375,0.008501473814249039,0.002804866759106517,0.0025717595126479864,0.0,0.0008875140338204801,0.015896370634436607,0.016298796981573105,0.006331829819828272,0.006160168908536434,0.007262193597853184,0.006144392304122448,0.006236906163394451,0.006259164772927761,0.006210813764482737,0.006261628121137619,0.006213644985109568,0.006200000643730164,0.006197045091539621,0.006507084239274263,0.006759814452379942,0.006296989973634481,0.010325385257601738,0.008841155096888542,0.011255563236773014,0.007458604872226715,0.007480305153876543,0.007828130386769772,0.007407965138554573,0.00784050952643156,0.007336904760450125,0.00731423357501626,0.007993258535861969,0.007825836539268494,0.0075927297584712505,0.007286433596163988,0.007570438552647829,0.008036850951611996,0.010142042301595211,0.007590232416987419,0.010200231336057186,0.008619911968708038,0.014733413234353065,0.011036639101803303,0.006929411087185144,0.014761647209525108,0.01472922507673502,0.0148384440690279,0.014937378466129303,0.008113105781376362,0.007724003866314888,0.007753484882414341,0.0112982876598835,0.023692775517702103,0.007573097012937069,0.006746996194124222,0.007262174505740404,0.008543452247977257,0.006453416310250759,0.006719223689287901,0.007069664541631937,0.009536361321806908,0.011899756267666817,0.00704565504565835,0.006461034994572401,0.006213239394128323,0.007045553531497717,0.01302270870655775,0.00748496362939477,0.008290027268230915,,0.01615562103688717,0.006352376192808151,0.006127974484115839,0.007262096274644136,0.0062081655487418175,0.006150092929601669,0.00630429619923234,0.006280750036239624,0.0062760766595602036,0.006311644800007343,0.006267460063099861,0.006219621282070875,0.0068498337641358376,0.010384711436927319,0.011133906431496143,0.007567205466330051,0.007530161179602146,0.007769400719553232,0.0075033288449049,0.007826948538422585,0.007414238061755896,0.00727752223610878,0.007833033800125122,0.007919663563370705,0.007665563840419054,0.007317197974771261,0.007559902500361204,0.008116701617836952,0.010246990248560905,0.010295312851667404,0.00884987786412239,0.01479114405810833,0.014868572354316711,0.014876093715429306,0.014893317595124245,0.014987237751483917,0.008061483502388,0.007778159808367491,0.007799038663506508,0.007686746772378683,0.006662482395768166,0.007159289438277483,0.008525192737579346,0.006474231835454702,0.0067868600599467754,0.007092672400176525,0.009468389675021172,0.011608989909291267
