,lapgyn4_anatomical_structures,lapgyn4_surgical_actions,lapgyn4_instrument_count,lapgyn4_anatomical_actions,sklin2_skin_lesions,identify_nbi_infframes,laryngeal_tissues,nerthus_bowel_cleansing_quality,stanford_dogs_image_categorization,svhn,caltech101_object_classification,caltech256_object_classification,cifar10_object_classification,cifar100_object_classification,mnist_digit_classification,emnist_digit_classification,hyperkvasir_anatomical-landmarks,hyperkvasir_pathological-findings,hyperkvasir_quality-of-mucosal-views,hyperkvasir_therapeutic-interventions,cholec80_grasper_presence,cholec80_bipolar_presence,cholec80_hook_presence,cholec80_scissors_presence,cholec80_clipper_presence,cholec80_irrigator_presence,cholec80_specimenbag_presence,derm7pt_skin_lesions,idle_action_recognition,barretts_esophagus_diagnosis,brain_tumor_classification,mednode_melanoma_classification,brain_tumor_type_classification,chexpert_enlarged_cardiomediastinum,chexpert_cardiomegaly,chexpert_lung_opacity,chexpert_lung_lesion,chexpert_edema,chexpert_consolidation,chexpert_pneumonia,chexpert_atelectasis,chexpert_pneumothorax,chexpert_pleural_effusion,chexpert_pleural_other,chexpert_fracture,chexpert_support_devices,pneumonia_classification,ph2-melanocytic-lesions-classification,covid_xray_classification,isic20_melanoma_classification,deep_drid_dr_level,shenzen_chest_xray_tuberculosis,crawled_covid_ct_classification,deep_drid_quality,deep_drid_clarity,deep_drid_field,deep_drid_artifact,kvasir_capsule_anatomy,kvasir_capsule_content,kvasir_capsule_pathologies,breast_cancer_classification_v2,eye_condition_classification,mura_xr_wrist,mura_xr_shoulder,mura_xr_humerus,mura_xr_hand,mura_xr_forearm,mura_xr_finger,mura_xr_elbow,bean_plant_disease_classification,aptos19_blindness_detection,lapgyn4_anatomical_structures --shrink_train 800,lapgyn4_surgical_actions --shrink_train 800,lapgyn4_instrument_count --shrink_train 800,lapgyn4_anatomical_actions --shrink_train 800,laryngeal_tissues --shrink_train 800,nerthus_bowel_cleansing_quality --shrink_train 800,svhn --shrink_train 800,cifar10_object_classification --shrink_train 800,mnist_digit_classification --shrink_train 800,hyperkvasir_anatomical-landmarks --shrink_train 800,hyperkvasir_pathological-findings --shrink_train 800,hyperkvasir_quality-of-mucosal-views --shrink_train 800,hyperkvasir_therapeutic-interventions --shrink_train 800,cholec80_grasper_presence --shrink_train 800,cholec80_bipolar_presence --shrink_train 800,cholec80_hook_presence --shrink_train 800,cholec80_scissors_presence --shrink_train 800,cholec80_clipper_presence --shrink_train 800,cholec80_irrigator_presence --shrink_train 800,cholec80_specimenbag_presence --shrink_train 800,idle_action_recognition --shrink_train 800,brain_tumor_classification --shrink_train 800,brain_tumor_type_classification --shrink_train 800,chexpert_enlarged_cardiomediastinum --shrink_train 800,chexpert_cardiomegaly --shrink_train 800,chexpert_lung_opacity --shrink_train 800,chexpert_lung_lesion --shrink_train 800,chexpert_edema --shrink_train 800,chexpert_consolidation --shrink_train 800,chexpert_pneumonia --shrink_train 800,chexpert_atelectasis --shrink_train 800,chexpert_pneumothorax --shrink_train 800,chexpert_pleural_effusion --shrink_train 800,chexpert_pleural_other --shrink_train 800,chexpert_fracture --shrink_train 800,chexpert_support_devices --shrink_train 800,pneumonia_classification --shrink_train 800,covid_xray_classification --shrink_train 800,isic20_melanoma_classification --shrink_train 800,deep_drid_dr_level --shrink_train 800,deep_drid_quality --shrink_train 800,deep_drid_clarity --shrink_train 800,deep_drid_field --shrink_train 800,deep_drid_artifact --shrink_train 800,kvasir_capsule_anatomy --shrink_train 800,kvasir_capsule_content --shrink_train 800,kvasir_capsule_pathologies --shrink_train 800,mura_xr_wrist --shrink_train 800,mura_xr_shoulder --shrink_train 800,mura_xr_humerus --shrink_train 800,mura_xr_hand --shrink_train 800,mura_xr_forearm --shrink_train 800,mura_xr_finger --shrink_train 800,mura_xr_elbow --shrink_train 800,bean_plant_disease_classification --shrink_train 800,aptos19_blindness_detection --shrink_train 800
lapgyn4_anatomical_structures,0.0,0.04072018712759018,0.04069763422012329,0.0420328751206398,0.045878179371356964,0.05080915242433548,0.05578324943780899,0.04578903689980507,0.04502221569418907,0.055187057703733444,0.04431229084730148,0.04413106292486191,0.046112846583127975,0.045964315533638,0.06164296716451645,0.060454923659563065,0.04281710833311081,0.04290773347020149,0.044553134590387344,0.04343137890100479,0.04154641553759575,0.04195254668593407,0.0418577566742897,0.041750647127628326,0.041746869683265686,0.041951678693294525,0.041832346469163895,0.04597171023488045,0.04565294086933136,0.04613424465060234,0.05119772255420685,0.04746586084365845,0.051426615566015244,0.04637932777404785,0.04675794392824173,0.046733830124139786,0.046868450939655304,0.047916315495967865,0.046497147530317307,0.04625757783651352,0.04749877750873566,0.04706902429461479,0.046801451593637466,0.04627147316932678,0.0467456616461277,0.04748950153589249,0.049672625958919525,0.04755164310336113,0.04915973171591759,0.048688605427742004,0.055281560868024826,0.04950423911213875,0.04716342315077782,0.056170981377363205,0.05617623031139374,0.05523969605565071,0.05555529519915581,0.04737202823162079,0.04799547791481018,0.04784858971834183,0.0529441200196743,0.06301175057888031,0.0479130782186985,0.04622633382678032,0.04736114293336868,0.047728683799505234,0.04658956453204155,0.04709998518228531,0.047691598534584045,0.04933340847492218,0.052557334303855896,,0.040799565613269806,0.04044321924448013,0.04174010083079338,0.057913683354854584,0.045365750789642334,0.05533955991268158,0.046276211738586426,0.06080244109034538,0.04336819797754288,0.04294434189796448,0.04459857940673828,0.04323459044098854,0.04187870770692825,0.04188525676727295,0.04186578467488289,0.041775938123464584,0.04202643781900406,0.04173452407121658,0.04191052168607712,0.045603688806295395,0.05167505890130997,0.052004653960466385,0.046837445348501205,0.046411119401454926,0.0474931001663208,0.04650887846946716,0.0472206212580204,0.046550262719392776,0.04648127406835556,0.04732869938015938,0.04679136723279953,0.04695369675755501,0.04622277617454529,0.046789489686489105,0.047364942729473114,0.049624282866716385,0.049081530421972275,0.04914639890193939,0.054747339338064194,0.054530270397663116,0.054167844355106354,0.05624043941497803,0.0549960620701313,0.047752656042575836,0.047883596271276474,0.04741034656763077,0.047954075038433075,0.04607653245329857,0.04724346846342087,0.047771479934453964,0.04675508663058281,0.04700121656060219,0.046942416578531265,0.049620531499385834,0.051221054047346115
lapgyn4_surgical_actions,0.04072018712759018,0.0,0.04004543647170067,0.04059179127216339,0.0457671582698822,0.05076707899570465,0.05551012605428696,0.04584652557969093,0.04449451342225075,0.054579831659793854,0.04367746040225029,0.043420109897851944,0.04547417536377907,0.04542439803481102,0.06098993867635727,0.05981398746371269,0.04317297786474228,0.04337126016616821,0.0448111891746521,0.04326309263706207,0.04107002913951874,0.041459448635578156,0.0415094792842865,0.041309427469968796,0.041233401745557785,0.041478145867586136,0.0415106937289238,0.04577181860804558,0.04499843716621399,0.04584520310163498,0.05106433108448982,0.047569647431373596,0.0508875772356987,0.045910101383924484,0.046204037964344025,0.0461261048913002,0.04637394845485687,0.04730943217873573,0.04599304869771004,0.04581556096673012,0.04694901779294014,0.046541620045900345,0.046274133026599884,0.04575633257627487,0.04632197320461273,0.0468766950070858,0.049118075519800186,0.047458913177251816,0.04860870540142059,0.0487387515604496,0.054895732551813126,0.04890544340014458,0.04641112685203552,0.05578621104359627,0.055773887783288956,0.05485180392861366,0.055140819400548935,0.04673031345009804,0.04744743928313255,0.047278936952352524,0.05237896740436554,0.06249222159385681,0.0469026118516922,0.045512743294239044,0.0466092973947525,0.046765852719545364,0.04559268057346344,0.04613012075424194,0.04675116017460823,0.04892972856760025,0.05210217088460922,0.041269876062870026,,0.03990989923477173,0.04037880897521973,0.057611510157585144,0.04533720016479492,0.05471336469054222,0.045679956674575806,0.06014649569988251,0.04377969354391098,0.04350978136062622,0.04472162947058678,0.04307407885789871,0.04123011976480484,0.0415816530585289,0.041445355862379074,0.04137159511446953,0.04127814993262291,0.04118720069527626,0.041615068912506104,0.044991862028837204,0.051515646278858185,0.05148123577237129,0.0463198684155941,0.045908331871032715,0.046898532658815384,0.046060413122177124,0.04660889133810997,0.046041570603847504,0.045946888625621796,0.04677804559469223,0.04617295414209366,0.04637538269162178,0.04574456065893173,0.046276241540908813,0.04672885313630104,0.04911630600690842,0.04857946187257767,0.0493379682302475,0.054345354437828064,0.054176170378923416,0.05381808802485466,0.055836182087659836,0.05461687967181206,0.047105662524700165,0.04727401211857796,0.046826694160699844,0.04694194346666336,0.04523962363600731,0.046506915241479874,0.04678000882267952,0.045828692615032196,0.04603549838066101,0.04604440927505493,0.04923820495605469,0.05080915242433548
lapgyn4_instrument_count,0.04069763422012329,0.04004543647170067,0.0,0.04052019491791725,0.04531612619757652,0.05028552561998367,0.05493532493710518,0.045709412544965744,0.04424336552619934,0.05428239703178406,0.043422117829322815,0.043260879814624786,0.045291513204574585,0.04519062861800194,0.06062169000506401,0.059429705142974854,0.04303884133696556,0.04311172664165497,0.04474903643131256,0.043487079441547394,0.04086826741695404,0.041378192603588104,0.041394732892513275,0.04120742529630661,0.041069939732551575,0.04131830483675003,0.041436489671468735,0.045255396515131,0.0451044924557209,0.04574652761220932,0.05062679201364517,0.04697955772280693,0.05074756592512131,0.045982904732227325,0.046306684613227844,0.04625736176967621,0.04645107686519623,0.04742277413606644,0.04607686400413513,0.045849718153476715,0.04704124107956886,0.046629518270492554,0.046339232474565506,0.04581652954220772,0.04640236869454384,0.047005802392959595,0.0491635799407959,0.04699528217315674,0.048657115548849106,0.04818199947476387,0.054421018809080124,0.049116507172584534,0.04649902507662773,0.05530310422182083,0.05528577044606209,0.05437501147389412,0.05468318238854408,0.04653431102633476,0.04725070297718048,0.04708275943994522,0.0521516352891922,0.06205165386199951,0.046954721212387085,0.04554877430200577,0.046462997794151306,0.046912070363759995,0.045569732785224915,0.04621792957186699,0.046747155487537384,0.04881282150745392,0.05168362334370613,0.04110981896519661,0.04027247056365013,,0.040278635919094086,0.05704424902796745,0.045248471200466156,0.05442067235708237,0.04549042508006096,0.05978643521666527,0.04360901191830635,0.043273743242025375,0.04473903775215149,0.043294232338666916,0.0411096066236496,0.04146173223853111,0.04126447066664696,0.04120481014251709,0.041215453296899796,0.04106007143855095,0.0414763018488884,0.04506503418087959,0.05109315738081932,0.05134499445557594,0.04640757665038109,0.04595828056335449,0.04703468829393387,0.04613860324025154,0.04673854261636734,0.0460931733250618,0.04604057967662811,0.04690023511648178,0.04628148674964905,0.04647637903690338,0.04579285904765129,0.04637807980179787,0.0468626394867897,0.04911884292960167,0.04858794063329697,0.04869496822357178,0.053884103894233704,0.05368071794509888,0.05334218591451645,0.055374693125486374,0.0541418120265007,0.04690374806523323,0.04710955545306206,0.046696003526449203,0.04697621241211891,0.04532505199313164,0.04642254486680031,0.04695945233106613,0.0457802340388298,0.04608028009533882,0.04602322727441788,0.04912141337990761,0.0504138246178627
lapgyn4_anatomical_actions,0.0420328751206398,0.04059179127216339,0.04052019491791725,0.0,0.046675849705934525,0.05190727487206459,0.0563393160700798,0.047091662883758545,0.04513545334339142,0.05530901998281479,0.04429804906249046,0.04404233768582344,0.04611595347523689,0.04607409983873367,0.06166713684797287,0.060485947877168655,0.04469431936740875,0.04480380564928055,0.046132467687129974,0.04463314265012741,0.041979435831308365,0.04244363307952881,0.04257125034928322,0.042246777564287186,0.04204534739255905,0.04235611855983734,0.042541902512311935,0.04668964073061943,0.04579664021730423,0.046904731541872025,0.05203042924404144,0.04846816509962082,0.05170605331659317,0.046876437962055206,0.04715662822127342,0.04712214320898056,0.047420207411050797,0.04832666367292404,0.04699528217315674,0.04683299362659454,0.047984618693590164,0.04754352197051048,0.04727909341454506,0.0467512421309948,0.04734859615564346,0.04788024351000786,0.05004196614027023,0.048389021307229996,0.04949153587222099,0.049769576638936996,0.05571576952934265,0.049785055220127106,0.04725759103894234,0.056594401597976685,0.05659383907914162,0.055646978318691254,0.05595745891332626,0.04764821380376816,0.0484728068113327,0.04827304929494858,0.05330527201294899,0.0631779134273529,0.04767894744873047,0.04652337357401848,0.047394778579473495,0.04762384667992592,0.0463428758084774,0.04689260199666023,0.04751170426607132,0.0498059056699276,0.05287115275859833,0.042652424424886703,0.040824033319950104,0.040409330278635025,,0.0584077388048172,0.04654211923480034,0.05543224886059761,0.04632183164358139,0.06080348789691925,0.04526869207620621,0.04493046924471855,0.04608907923102379,0.04436971992254257,0.04214407876133919,0.042613714933395386,0.042336564511060715,0.04241933301091194,0.042130060493946075,0.04213159158825874,0.04260963946580887,0.045825134962797165,0.0524989552795887,0.052320919930934906,0.047315195202827454,0.04690713435411453,0.04791231453418732,0.047078050673007965,0.04765035957098007,0.0470392182469368,0.04694443568587303,0.047779981046915054,0.047104232013225555,0.04735173285007477,0.04674239829182625,0.04727308079600334,0.047731198370456696,0.0500367246568203,0.04950903356075287,0.05042814463376999,0.05516133829951286,0.0549931675195694,0.05463670566678047,0.05665053427219391,0.05544149503111839,0.048032842576503754,0.048247359693050385,0.04784456640481949,0.04772567376494408,0.046156298369169235,0.04736883565783501,0.04764318838715553,0.04657214879989624,0.04677756130695343,0.046814560890197754,0.050105880945920944,0.05160358175635338
sklin2_skin_lesions,0.045878179371356964,0.0457671582698822,0.04531612619757652,0.046675849705934525,0.0,0.05065690353512764,0.054491110146045685,0.04708503186702728,0.04476664215326309,0.05407385900616646,0.04394717141985893,0.04375758394598961,0.045644160360097885,0.04545930400490761,0.0604487769305706,0.05917268991470337,0.044209644198417664,0.04445241764187813,0.04630567133426666,0.04555347561836243,0.04510827362537384,0.04515163600444794,0.04527570679783821,0.04518377408385277,0.045202549546957016,0.04499518498778343,0.04529070109128952,0.04240173101425171,0.04658092185854912,0.04507116973400116,0.05007892847061157,0.04413944110274315,0.05047285556793213,0.046716898679733276,0.04715855419635773,0.04701250046491623,0.04713734984397888,0.04821895807981491,0.046872276812791824,0.04652337729930878,0.047763630747795105,0.04750559851527214,0.04698799550533295,0.04641888663172722,0.04727572947740555,0.047947075217962265,0.050248242914676666,0.04320359230041504,0.04968538135290146,0.045159924775362015,0.05246580019593239,0.05028648301959038,0.046692539006471634,0.05341818556189537,0.05351242050528526,0.05249491333961487,0.05292297154664993,0.04631263390183449,0.04679263383150101,0.04661750793457031,0.051489438861608505,0.06061755120754242,0.047891248017549515,0.04632551595568657,0.04709674417972565,0.048148706555366516,0.04661586135625839,0.047345664352178574,0.04741567745804787,0.04848574101924896,0.04972720146179199,0.046340879052877426,0.045734770596027374,0.04530813544988632,0.046683069318532944,0.056621190160512924,0.046648021787405014,0.05422303453087807,0.04579998180270195,0.059618014842271805,0.0443417951464653,0.04438173025846481,0.04644699767231941,0.045551419258117676,0.04508326202630997,0.04518909007310867,0.045211147516965866,0.04502524435520172,0.045554034411907196,0.044956181198358536,0.045044608414173126,0.046473778784275055,0.05059405416250229,0.050949301570653915,0.047141339629888535,0.04657430946826935,0.04800257459282875,0.04683328792452812,0.047523632645606995,0.046803414821624756,0.04680183157324791,0.0477929413318634,0.04711059480905533,0.047303590923547745,0.046403855085372925,0.04726482555270195,0.04767930880188942,0.050160281360149384,0.049542251974344254,0.045344043523073196,0.05211388319730759,0.051689084619283676,0.05143051594495773,0.053584665060043335,0.05226878449320793,0.04653133079409599,0.046611540019512177,0.046186767518520355,0.04784591123461723,0.046140044927597046,0.04718400910496712,0.04829580336809158,0.04668515920639038,0.047094590961933136,0.046625688672065735,0.048875901848077774,0.048525892198085785
identify_nbi_infframes,0.05080915242433548,0.05076707899570465,0.05028552561998367,0.05190727487206459,0.05065690353512764,0.0,0.0558425709605217,0.052895016968250275,0.04931894689798355,0.05655447766184807,0.04866674914956093,0.048732854425907135,0.050231896340847015,0.04976125434041023,0.06332796812057495,0.06204180791974068,0.04980933666229248,0.04985472932457924,0.05160888656973839,0.05047471076250076,0.05036443471908569,0.05043751746416092,0.05073009058833122,0.05038268864154816,0.05068604275584221,0.05035993084311485,0.050627004355192184,0.04962247610092163,0.05109390616416931,0.04979103431105614,0.05360323190689087,0.0515918992459774,0.05564001202583313,0.051887162029743195,0.05192834511399269,0.05181174725294113,0.051972873508930206,0.052640002220869064,0.05181896686553955,0.051471300423145294,0.05215978994965553,0.05223431438207626,0.051872458308935165,0.05160925164818764,0.05192581191658974,0.05244729667901993,0.055111613124608994,0.05117351561784744,0.05460447072982788,0.05141298100352287,0.05897204950451851,0.05562548711895943,0.052195750176906586,0.05987381562590599,0.05971021577715874,0.058926694095134735,0.059280093759298325,0.05293954163789749,0.053569041192531586,0.05311785265803337,0.0546642504632473,0.06648413091897964,0.052639029920101166,0.051305461674928665,0.051682248711586,0.05323823168873787,0.05125799402594566,0.051828332245349884,0.052312418818473816,0.053763989359140396,0.056685082614421844,0.05098143592476845,0.050627510994672775,0.050488512963056564,0.051910948008298874,0.057792942970991135,0.05220755562186241,0.05672084167599678,0.05041031539440155,0.06261710822582245,0.04998902976512909,0.05020061507821083,0.05167797580361366,0.050548817962408066,0.05038771778345108,0.05052792280912399,0.05064098909497261,0.050279196351766586,0.0509144626557827,0.04999033361673355,0.0504630021750927,0.0509820319712162,0.05416019260883331,0.056178100407123566,0.052130892872810364,0.05151896923780441,0.052568912506103516,0.05199461430311203,0.05218474566936493,0.05165938660502434,0.051696762442588806,0.052459605038166046,0.051819100975990295,0.052048325538635254,0.05170793458819389,0.05195670202374458,0.052341528236866,0.05491623282432556,0.054246287792921066,0.05203414335846901,0.05842050164937973,0.05821646749973297,0.057993218302726746,0.05991567298769951,0.058657702058553696,0.05333070084452629,0.05327138677239418,0.05286269262433052,0.05247931554913521,0.051414769142866135,0.05176003277301788,0.053339459002017975,0.0512995719909668,0.05159740895032883,0.05158853158354759,0.05409400537610054,0.05543617531657219
laryngeal_tissues,0.05578324943780899,0.05551012605428696,0.05493532493710518,0.0563393160700798,0.054491110146045685,0.0558425709605217,0.0,0.05746886879205704,0.052366770803928375,0.05398676544427872,0.05133100971579552,0.05186580494046211,0.05124078318476677,0.05008276551961899,0.06377284973859787,0.06258205324411392,0.055001549422740936,0.05504360795021057,0.05622804909944534,0.05550071969628334,0.05539515241980553,0.055659618228673935,0.05582694709300995,0.05550768971443176,0.05565822124481201,0.055433884263038635,0.05574633181095123,0.05323595926165581,0.05572982504963875,0.05428555607795715,0.05704342946410179,0.05484824255108833,0.05939120799303055,0.05666547268629074,0.05673283711075783,0.056581541895866394,0.05682242289185524,0.05750254541635513,0.0566236786544323,0.056288547813892365,0.05698520317673683,0.05702223256230354,0.05672130733728409,0.05645383149385452,0.05684071406722069,0.057335253804922104,0.059570200741291046,0.05544748902320862,0.059002261608839035,0.05403890833258629,0.06324483454227448,0.06014873459935188,0.05638379231095314,0.06411734223365784,0.06399957090616226,0.0631813183426857,0.06354708969593048,0.05664709210395813,0.057253964245319366,0.05687538906931877,0.05892139673233032,0.0705883651971817,0.05657442659139633,0.05581948161125183,0.05625440552830696,0.05735686048865318,0.05553450062870979,0.056042563170194626,0.05635976418852806,0.05770382657647133,0.06096499413251877,0.05604471266269684,0.0556512251496315,0.055122241377830505,0.05644092708826065,,0.05673091113567352,0.05411422625184059,0.051184073090553284,0.0630284920334816,0.05520080402493477,0.0553172305226326,0.05635341629385948,0.055563852190971375,0.05551086738705635,0.05570033937692642,0.055797476321458817,0.05534067749977112,0.05598163977265358,0.05519598722457886,0.05557164177298546,0.05571061372756958,0.057242825627326965,0.059994589537382126,0.05694008618593216,0.05637224018573761,0.05737035349011421,0.05678413063287735,0.05701015517115593,0.05647783726453781,0.056565575301647186,0.057307202368974686,0.056504830718040466,0.056873660534620285,0.05652196332812309,0.0567726194858551,0.05711526423692703,0.059339847415685654,0.05862804502248764,0.054988183081150055,0.06276477128267288,0.062538281083107,0.06225030496716499,0.06410198658704758,0.06293907016515732,0.05705327168107033,0.05696944519877434,0.05665232986211777,0.05646653473377228,0.055820077657699585,0.05629228428006172,0.0574926882982254,0.055546075105667114,0.05581170693039894,0.05569944903254509,0.05811868607997894,0.059823181480169296
nerthus_bowel_cleansing_quality,0.04578903689980507,0.04584652557969093,0.045709412544965744,0.047091662883758545,0.04708503186702728,0.052895016968250275,0.05746886879205704,0.0,0.04689883440732956,0.05610925331711769,0.04560180753469467,0.04529125243425369,0.04733000323176384,0.04737088829278946,0.0624992661178112,0.061369389295578,0.042988285422325134,0.04284143075346947,0.04102305322885513,0.04268527030944824,0.04445474222302437,0.044453028589487076,0.044417764991521835,0.044375672936439514,0.04449143260717392,0.04428749158978462,0.044323716312646866,0.046996258199214935,0.045326847583055496,0.047868236899375916,0.05270169675350189,0.04934558644890785,0.05173446610569954,0.047620128840208054,0.04782865568995476,0.047714151442050934,0.04790835455060005,0.04878498241305351,0.047627709805965424,0.04735593870282173,0.04832512140274048,0.04812047630548477,0.04765738919377327,0.04734019935131073,0.04807085916399956,0.048387035727500916,0.051277268677949905,0.048608116805553436,0.05074106529355049,0.05013711377978325,0.05537606030702591,0.05111302062869072,0.04731554538011551,0.05631182715296745,0.05631592869758606,0.055390652269124985,0.05563759803771973,0.046057119965553284,0.04652786627411842,0.046385522931814194,0.054170604795217514,0.06338562071323395,0.04880649596452713,0.04657358303666115,0.04759506508708,0.048447802662849426,0.04719621315598488,0.047517601400613785,0.04806099832057953,0.051472246646881104,0.052432212978601456,0.04615825042128563,0.04607800021767616,0.04550362005829811,0.04704581946134567,0.05957993119955063,,0.05625593662261963,0.04757270961999893,0.06176072359085083,0.04327698424458504,0.04296986013650894,0.041062578558921814,0.04256657883524895,0.04449798911809921,0.04452468082308769,0.04446658864617348,0.04421282559633255,0.04480387270450592,0.04439246654510498,0.04437999054789543,0.04507515951991081,0.053156089037656784,0.05226774886250496,0.04799169301986694,0.047345228493213654,0.04837532341480255,0.04775227978825569,0.04818131774663925,0.04765719920396805,0.04751652479171753,0.048488885164260864,0.04778691753745079,0.04793044179677963,0.047332461923360825,0.04798254743218422,0.048208609223365784,0.05124816671013832,0.05073089525103569,0.05066332966089249,0.054877158254384995,0.054607897996902466,0.05433838441967964,0.05641142278909683,0.055113229900598526,0.04644278064370155,0.04641571640968323,0.04597105830907822,0.04871699586510658,0.046213969588279724,0.04739507660269737,0.04878079518675804,0.04726297780871391,0.04744404926896095,0.047220077365636826,0.05175994709134102,0.051037732511758804
stanford_dogs_image_categorization,0.04502221569418907,0.04449451342225075,0.04424336552619934,0.04513545334339142,0.04476664215326309,0.04931894689798355,0.052366770803928375,0.04689883440732956,0.0,0.051429759711027145,0.04119829460978508,0.040955960750579834,0.04247385263442993,0.042574334889650345,0.05796022713184357,0.0567677766084671,0.0444793626666069,0.04471512511372566,0.04577844217419624,0.04464610666036606,0.04457416757941246,0.04486092925071716,0.04500111937522888,0.04466265067458153,0.044696662575006485,0.04480408504605293,0.044848788529634476,0.044481270015239716,0.04557613283395767,0.04415363445878029,0.048914797604084015,0.04589458927512169,0.048950131982564926,0.045741546899080276,0.045815929770469666,0.04580675810575485,0.04614750295877457,0.04680901765823364,0.04578317329287529,0.04549698159098625,0.04636693000793457,0.04623497277498245,0.045948632061481476,0.04567485302686691,0.04603492096066475,0.046572715044021606,0.048621829599142075,0.04608887434005737,0.048044104129076004,0.0471450537443161,0.05296100303530693,0.048840366303920746,0.04536942020058632,0.05382893607020378,0.05377241224050522,0.05290762707591057,0.053266819566488266,0.04609290510416031,0.046700913459062576,0.04642845690250397,0.049997687339782715,0.06015386804938316,0.04579949751496315,0.044995542615652084,0.04549787938594818,0.04646841436624527,0.044543106108903885,0.04531092569231987,0.045636869966983795,0.04753309115767479,0.050276897847652435,0.04540127515792847,0.04452285170555115,0.04425409808754921,0.04529774188995361,0.05429445207118988,0.046087246388196945,0.05158504471182823,0.042699746787548065,0.05714578181505203,0.04485996440052986,0.0447525680065155,0.04589848592877388,0.044524963945150375,0.04464538395404816,0.044908035546541214,0.04481976851820946,0.044535841792821884,0.04496432840824127,0.044434599578380585,0.04472457990050316,0.04549521952867508,0.04933777078986168,0.04964428022503853,0.04613546282052994,0.04560980573296547,0.0465705581009388,0.045938484370708466,0.04631440341472626,0.045746296644210815,0.045704618096351624,0.04648974910378456,0.04571264609694481,0.046033523976802826,0.04561924189329147,0.04602116346359253,0.04636767879128456,0.04852990433573723,0.0478627048432827,0.04792952165007591,0.05246436595916748,0.05227889120578766,0.0518946573138237,0.053859349340200424,0.052691299468278885,0.04650697857141495,0.04652111232280731,0.04603858292102814,0.04584014043211937,0.04479357227683067,0.04547447711229324,0.04655546694993973,0.044703781604766846,0.04514317959547043,0.04489758238196373,0.04790886864066124,0.049251068383455276
svhn,0.055187057703733444,0.054579831659793854,0.05428239703178406,0.05530901998281479,0.05407385900616646,0.05655447766184807,0.05398676544427872,0.05610925331711769,0.051429759711027145,0.0,0.05019472539424896,0.05042608082294464,0.047618791460990906,0.047041699290275574,0.05826283246278763,0.05717022716999054,0.054001107811927795,0.05412322282791138,0.05509468913078308,0.054102011024951935,0.054321885108947754,0.054487425833940506,0.05474338307976723,0.05436890572309494,0.054523956030607224,0.05439750850200653,0.054559119045734406,0.053462326526641846,0.054598771035671234,0.053530216217041016,0.056246545165777206,0.05544988811016083,0.058141741901636124,0.0552118755877018,0.055232562124729156,0.055088531225919724,0.05537044629454613,0.056033555418252945,0.05514519661664963,0.05482281371951103,0.05552477762103081,0.05550478398799896,0.05521906539797783,0.05498913303017616,0.05535246431827545,0.0557747557759285,0.0579674057662487,0.055243272334337234,0.057406652718782425,0.05558750033378601,0.062188830226659775,0.0585876889526844,0.05453382432460785,0.06306065618991852,0.06294179707765579,0.06213570386171341,0.062479984015226364,0.055417850613594055,0.05602050572633743,0.05554903298616409,0.05873715505003929,0.06945900619029999,0.0546303391456604,0.054199133068323135,0.05436425656080246,0.0555100217461586,0.05353977531194687,0.05387812480330467,0.05441465973854065,0.05719795823097229,0.05970529466867447,0.055558789521455765,0.054606493562459946,0.054335568100214005,0.05549122020602226,0.05589485168457031,0.055334605276584625,,0.04789963737130165,0.0580703541636467,0.054306671023368835,0.05434024706482887,0.05512305721640587,0.05416207015514374,0.05430347099900246,0.05461881682276726,0.05461772903800011,0.054251134395599365,0.05480031669139862,0.05411805212497711,0.054444968700408936,0.05451386421918869,0.05646673962473869,0.05876962095499039,0.05544901639223099,0.05488894507288933,0.05587993189692497,0.05532476678490639,0.05550852045416832,0.055063243955373764,0.055063169449567795,0.055803392082452774,0.05499348044395447,0.05536199361085892,0.055085357278585434,0.055270493030548096,0.055636703968048096,0.057780276983976364,0.057108402252197266,0.056442175060510635,0.06167055666446686,0.06146487966179848,0.06119852140545845,0.06305986642837524,0.06188705191016197,0.05580213665962219,0.05568992719054222,0.05528566241264343,0.054519519209861755,0.05410079285502434,0.05443105474114418,0.055695097893476486,0.05361820012331009,0.05364449322223663,0.05379572510719299,0.05759855732321739,0.058592114597558975
caltech101_object_classification,0.04431229084730148,0.04367746040225029,0.043422117829322815,0.04429804906249046,0.04394717141985893,0.04866674914956093,0.05133100971579552,0.04560180753469467,0.04119829460978508,0.05019472539424896,0.0,0.04007669538259506,0.04181791841983795,0.0416889563202858,0.05610277131199837,0.05501154065132141,0.043565813452005386,0.0436544194817543,0.044699475169181824,0.04352078586816788,0.04351668432354927,0.04376359283924103,0.04392077401280403,0.04362351447343826,0.04364648461341858,0.0436929427087307,0.04380233213305473,0.04369543492794037,0.04425980523228645,0.04378485307097435,0.0473761260509491,0.045485612004995346,0.04772809520363808,0.044980600476264954,0.04516969621181488,0.045062486082315445,0.04539850354194641,0.046141162514686584,0.04501716047525406,0.04476284608244896,0.04570777341723442,0.04546743631362915,0.045178305357694626,0.044868163764476776,0.04535263776779175,0.04581615701317787,0.04779765382409096,0.045437101274728775,0.04719388484954834,0.04632928967475891,0.05169897899031639,0.04804058000445366,0.044000573456287384,0.05256873741745949,0.05246862769126892,0.051653239876031876,0.05197646841406822,0.04466976970434189,0.04530375450849533,0.044945403933525085,0.049323227256536484,0.058980584144592285,0.044637531042099,0.04394224286079407,0.04429374262690544,0.04514731466770172,0.04331440106034279,0.04391958564519882,0.04443732276558876,0.04663002863526344,0.04912283271551132,0.0446973517537117,0.0437864325940609,0.04341837018728256,0.044490598142147064,0.05330975353717804,0.04486112669110298,0.050404079258441925,0.041978441178798676,0.05525258556008339,0.04391155391931534,0.043757304549217224,0.04469089210033417,0.043481845408678055,0.04358239099383354,0.04386531189084053,0.04378386214375496,0.043522633612155914,0.043908484280109406,0.04343898221850395,0.04368710145354271,0.04414835199713707,0.04780708625912666,0.04838187247514725,0.045354459434747696,0.044863224029541016,0.045893896371126175,0.04520859941840172,0.04555516690015793,0.045008644461631775,0.044979728758335114,0.04580800235271454,0.04500524699687958,0.04534221813082695,0.04489338770508766,0.04523857682943344,0.045628372579813004,0.04769479110836983,0.04705091938376427,0.04708560183644295,0.05119870603084564,0.050994690507650375,0.050629328936338425,0.0526164285838604,0.05141613632440567,0.0450434572994709,0.04506344348192215,0.04460839554667473,0.044597793370485306,0.04366102069616318,0.04429858922958374,0.04523150995373726,0.04343027248978615,0.04372117668390274,0.04362265393137932,0.04698265343904495,0.048066891729831696
caltech256_object_classification,0.04413106292486191,0.043420109897851944,0.043260879814624786,0.04404233768582344,0.04375758394598961,0.048732854425907135,0.05186580494046211,0.04529125243425369,0.040955960750579834,0.05042608082294464,0.04007669538259506,0.0,0.041765231639146805,0.041833508759737015,0.056611381471157074,0.055515892803668976,0.043276138603687286,0.04344986006617546,0.04444725811481476,0.04318530857563019,0.043269384652376175,0.043474119156599045,0.04365209862589836,0.043324604630470276,0.04334262013435364,0.04343460127711296,0.04344455152750015,0.04368750378489494,0.04406167194247246,0.043538376688957214,0.04788336902856827,0.04539431259036064,0.04761999472975731,0.04452401027083397,0.04469330981373787,0.04460521042346954,0.04494987800717354,0.045697424560785294,0.044575028121471405,0.04431944340467453,0.045277904719114304,0.04504029452800751,0.04473451152443886,0.0444173738360405,0.04492814093828201,0.04537054896354675,0.04741184413433075,0.04532221704721451,0.04682161659002304,0.046319298446178436,0.051608409732580185,0.04752891883254051,0.04377227649092674,0.05250093713402748,0.05242471024394035,0.05157727003097534,0.0518738217651844,0.04443339258432388,0.04506281390786171,0.04473932087421417,0.049270935356616974,0.05883142724633217,0.04423489049077034,0.043445978313684464,0.04382350295782089,0.044829435646533966,0.04285671189427376,0.043488260358572006,0.04394413158297539,0.04660554230213165,0.04892074316740036,0.044553328305482864,0.043483879417181015,0.04321605712175369,0.044265177100896835,0.05382296070456505,0.0445624515414238,0.05058079957962036,0.04200386628508568,0.05578362196683884,0.04362867400050163,0.043540678918361664,0.0444234162569046,0.04313138872385025,0.04327632859349251,0.043598465621471405,0.043485868722200394,0.04325152933597565,0.043592359870672226,0.04314368963241577,0.04336879029870033,0.04395691305398941,0.048321280628442764,0.04825645685195923,0.04491521418094635,0.04441200569272041,0.04540879279375076,0.04475215822458267,0.04509659484028816,0.04457445815205574,0.04449941962957382,0.04537123441696167,0.0445537343621254,0.04486532509326935,0.04444122686982155,0.044827353209257126,0.04517178237438202,0.04734322428703308,0.046705033630132675,0.04712960496544838,0.051102060824632645,0.050937604159116745,0.05057453364133835,0.052522290498018265,0.051340360194444656,0.04480983316898346,0.044825054705142975,0.04438798129558563,0.04424835741519928,0.04310489818453789,0.04379480332136154,0.044923730194568634,0.04297889769077301,0.04329676553606987,0.043133754283189774,0.0469689704477787,0.0478731207549572
cifar10_object_classification,0.046112846583127975,0.04547417536377907,0.045291513204574585,0.04611595347523689,0.045644160360097885,0.050231896340847015,0.05124078318476677,0.04733000323176384,0.04247385263442993,0.047618791460990906,0.04181791841983795,0.041765231639146805,0.0,0.04021425545215607,0.05560461804270744,0.05455441772937775,0.045284733176231384,0.04544312134385109,0.04641234502196312,0.045202769339084625,0.045293282717466354,0.045467887073755264,0.045643150806427,0.045352138578891754,0.04537653923034668,0.045459069311618805,0.04543295502662659,0.045303236693143845,0.04610997438430786,0.04503028094768524,0.049230072647333145,0.04704538360238075,0.049978021532297134,0.04643269628286362,0.04649354889988899,0.046451639384031296,0.04678903520107269,0.04747921600937843,0.046429798007011414,0.046174127608537674,0.047063037753105164,0.046917300671339035,0.046591587364673615,0.04631069675087929,0.04676070436835289,0.04720468446612358,0.04948107898235321,0.047005943953990936,0.0488797090947628,0.048146773129701614,0.05388068035244942,0.04963262751698494,0.04586402326822281,0.05477127432823181,0.05468379333615303,0.05382126197218895,0.05413209646940231,0.046618640422821045,0.047301821410655975,0.04696004465222359,0.050617631524801254,0.06113637611269951,0.04654368758201599,0.04572006314992905,0.04622530937194824,0.04701913893222809,0.045249614864587784,0.04588324949145317,0.046297572553157806,0.048590272665023804,0.051204513758420944,0.04653038829565048,0.04553274065256119,0.04522916302084923,0.04634622111916542,0.05322645604610443,0.04653964936733246,0.04790997877717018,,0.05490383878350258,0.045654334127902985,0.04555565118789673,0.04644184187054634,0.0451040156185627,0.04534914344549179,0.04555816203355789,0.0455184280872345,0.045209527015686035,0.04561585932970047,0.04515621066093445,0.045351725071668625,0.045926935970783234,0.04950931295752525,0.05063851922750473,0.04679735004901886,0.046272702515125275,0.04721642658114433,0.046564772725105286,0.04695288836956024,0.04641129821538925,0.04636971279978752,0.047165874391794205,0.046397946774959564,0.0467064306139946,0.04628956317901611,0.046671152114868164,0.04703843593597412,0.04942461475729942,0.04877655580639839,0.04892079532146454,0.05335084721446037,0.0531703419983387,0.052850205451250076,0.05478566884994507,0.05358685180544853,0.047028739005327225,0.047034285962581635,0.04656936973333359,0.04654892534017563,0.045410796999931335,0.04624602571129799,0.047149475663900375,0.045437976717948914,0.045730236917734146,0.04556048661470413,0.04896944761276245,0.0501139834523201
