,lapgyn4_anatomical_structures,lapgyn4_surgical_actions,lapgyn4_instrument_count,lapgyn4_anatomical_actions,sklin2_skin_lesions,identify_nbi_infframes,laryngeal_tissues,nerthus_bowel_cleansing_quality,stanford_dogs_image_categorization,svhn,caltech101_object_classification,caltech256_object_classification,cifar10_object_classification,cifar100_object_classification,mnist_digit_classification,emnist_digit_classification,hyperkvasir_anatomical-landmarks,hyperkvasir_pathological-findings,hyperkvasir_quality-of-mucosal-views,hyperkvasir_therapeutic-interventions,cholec80_grasper_presence,cholec80_bipolar_presence,cholec80_hook_presence,cholec80_scissors_presence,cholec80_clipper_presence,cholec80_irrigator_presence,cholec80_specimenbag_presence,derm7pt_skin_lesions,idle_action_recognition,barretts_esophagus_diagnosis,brain_tumor_classification,mednode_melanoma_classification,brain_tumor_type_classification,chexpert_enlarged_cardiomediastinum,chexpert_cardiomegaly,chexpert_lung_opacity,chexpert_lung_lesion,chexpert_edema,chexpert_consolidation,chexpert_pneumonia,chexpert_atelectasis,chexpert_pneumothorax,chexpert_pleural_effusion,chexpert_pleural_other,chexpert_fracture,chexpert_support_devices,pneumonia_classification,ph2-melanocytic-lesions-classification,covid_xray_classification,isic20_melanoma_classification,deep_drid_dr_level,shenzen_chest_xray_tuberculosis,crawled_covid_ct_classification,deep_drid_quality,deep_drid_clarity,deep_drid_field,deep_drid_artifact,kvasir_capsule_anatomy,kvasir_capsule_content,kvasir_capsule_pathologies,breast_cancer_classification_v2,eye_condition_classification,mura_xr_wrist,mura_xr_shoulder,mura_xr_humerus,mura_xr_hand,mura_xr_forearm,mura_xr_finger,mura_xr_elbow,bean_plant_disease_classification,aptos19_blindness_detection,lapgyn4_anatomical_structures --shrink_train 800,lapgyn4_surgical_actions --shrink_train 800,lapgyn4_instrument_count --shrink_train 800,lapgyn4_anatomical_actions --shrink_train 800,laryngeal_tissues --shrink_train 800,nerthus_bowel_cleansing_quality --shrink_train 800,svhn --shrink_train 800,cifar10_object_classification --shrink_train 800,mnist_digit_classification --shrink_train 800,hyperkvasir_anatomical-landmarks --shrink_train 800,hyperkvasir_pathological-findings --shrink_train 800,hyperkvasir_quality-of-mucosal-views --shrink_train 800,hyperkvasir_therapeutic-interventions --shrink_train 800,cholec80_grasper_presence --shrink_train 800,cholec80_bipolar_presence --shrink_train 800,cholec80_hook_presence --shrink_train 800,cholec80_scissors_presence --shrink_train 800,cholec80_clipper_presence --shrink_train 800,cholec80_irrigator_presence --shrink_train 800,cholec80_specimenbag_presence --shrink_train 800,idle_action_recognition --shrink_train 800,brain_tumor_classification --shrink_train 800,brain_tumor_type_classification --shrink_train 800,chexpert_enlarged_cardiomediastinum --shrink_train 800,chexpert_cardiomegaly --shrink_train 800,chexpert_lung_opacity --shrink_train 800,chexpert_lung_lesion --shrink_train 800,chexpert_edema --shrink_train 800,chexpert_consolidation --shrink_train 800,chexpert_pneumonia --shrink_train 800,chexpert_atelectasis --shrink_train 800,chexpert_pneumothorax --shrink_train 800,chexpert_pleural_effusion --shrink_train 800,chexpert_pleural_other --shrink_train 800,chexpert_fracture --shrink_train 800,chexpert_support_devices --shrink_train 800,pneumonia_classification --shrink_train 800,covid_xray_classification --shrink_train 800,isic20_melanoma_classification --shrink_train 800,deep_drid_dr_level --shrink_train 800,deep_drid_quality --shrink_train 800,deep_drid_clarity --shrink_train 800,deep_drid_field --shrink_train 800,deep_drid_artifact --shrink_train 800,kvasir_capsule_anatomy --shrink_train 800,kvasir_capsule_content --shrink_train 800,kvasir_capsule_pathologies --shrink_train 800,mura_xr_wrist --shrink_train 800,mura_xr_shoulder --shrink_train 800,mura_xr_humerus --shrink_train 800,mura_xr_hand --shrink_train 800,mura_xr_forearm --shrink_train 800,mura_xr_finger --shrink_train 800,mura_xr_elbow --shrink_train 800,bean_plant_disease_classification --shrink_train 800,aptos19_blindness_detection --shrink_train 800
lapgyn4_anatomical_structures,0.0,0.0001552836746561623,0.00016128647977232128,0.00022534667185469565,0.0003486636345056705,0.000385741241600513,0.0005587972408030273,0.00032942352617128153,0.0004131337103721178,0.0005362641356377424,0.0003405535915929481,0.00033887748428367654,0.00041216322612615714,0.0003826108790790586,0.0005680737993225439,0.0005781858092651145,0.00023711880866943722,0.0002326120731239019,0.0002932393042078357,0.0002931752558180122,0.00021088098739568116,0.00021214294856934863,0.0002117574021720516,0.00021061928935776103,0.0002105299661946003,0.00021088967367055924,0.00021068325021090476,0.0003565434093065657,0.0003673792266709549,0.0003850698707377129,0.000501769519958928,0.0004399057065871426,0.0005034175915580775,0.00039844213701089367,0.0003997688128670455,0.00040766489786914147,0.00039695225822607226,0.000408929014183756,0.00039589286615820463,0.0003958589041692449,0.0004101350701809268,0.00040762220397900367,0.00040213601360167495,0.00039335883817008977,0.0003941267451346384,0.00041304920251023565,0.0004457508848335931,0.0003789994896137314,0.000450056997469615,0.0004144499249558786,0.0005423844618248569,0.0004877795121179647,0.0004370295554382489,0.0005431634353233045,0.0005434958008707214,0.0005446034581920143,0.000544418112034128,0.0004186635313573595,0.00041205790919750555,0.00041016455571120467,0.00047679852745155244,0.0006759688004146832,0.00047032968253122085,0.000389668439165071,0.00041960533756135016,0.00044430382036857435,0.0004274935053155378,0.0004180303283524145,0.0004418360998865703,0.0004316555997719398,0.000498165257689292,,0.00016916424170553332,0.000161134141887519,0.00022724379487925304,0.0005601975935999948,0.0003296803805975533,0.0005341960435276547,0.00041420509332194377,0.0005658894801961264,0.0002351539390410469,0.00023109756674301424,0.0002952972917855662,0.0002913603723294885,0.0002126186312442355,0.00021081020996376263,0.00021263712812065433,0.00021558964061910987,0.0002134371122218738,0.00020741373621316648,0.00021420474401067624,0.00037133586604994317,0.0005025437667418773,0.0005005016211770592,0.0004006647324125451,0.0004018617051785113,0.00040654464571729734,0.00039938455965069777,0.00040634095335296996,0.00039622592967844766,0.00039223987169511925,0.00040805575278977295,0.0004098215567486645,0.00040296147834634926,0.0003940260262025947,0.0003962730257380206,0.00041409061984098934,0.0004476985727170931,0.0004495088569764394,0.0004097110636533633,0.0005438228351139178,0.0005425063103732066,0.0005445565095661587,0.0005442493371953047,0.0005428974862285473,0.0004173329866321146,0.0004139974438680617,0.0004095387095382112,0.0004701044244914246,0.0003888456204962247,0.00042036240497323927,0.00044193902805089063,0.0004273355419999684,0.0004190706762695965,0.00043940142839395417,0.0004322948881076,0.0004966421972678952
lapgyn4_surgical_actions,0.0001552836746561623,0.0,9.019424955062895e-05,0.00012183774475458704,0.0004059500940669598,0.0004474135482370419,0.0006271688566817922,0.000346660043465927,0.00045465243541856654,0.0005752405082336822,0.0003606173414211506,0.00035055628971729987,0.00042396230896944265,0.0004025771702696046,0.0005973294572947305,0.0006154894656151097,0.00027817121229549105,0.00028051733572743916,0.0003120000170258428,0.0002960937358830529,0.00018216204069762516,0.0001833989280199176,0.00018160591203289874,0.0001817276110828493,0.00018088479074377628,0.00018221914835731492,0.00018103637600911792,0.000405682971141648,0.0003505788478799057,0.00042662435032175545,0.0005579129037555529,0.0005170839390235022,0.0005343230804870985,0.0004046028014603317,0.0004035577959160112,0.0004099688568286204,0.00040229519959383234,0.0004114320277859872,0.0004012302678194688,0.0004008436107534833,0.0004138463353450455,0.0004103778341028936,0.00040537120904226626,0.0003981788348218535,0.0004005401577035421,0.0004152301420693552,0.0004645817462495161,0.000429755988428657,0.0004655277522594271,0.0004885169737303371,0.000593773561874686,0.00048051803089494414,0.00044195496282454095,0.00059462893273041,0.0005945385621975134,0.0005954767307413144,0.0005954900347537703,0.00042766326185355555,0.00042882643714351257,0.0004286556561809003,0.000514541966389984,0.0007233034394486131,0.000452865260541753,0.0003841549007314838,0.0004258647099091784,0.00042770489929693835,0.0004141898191838031,0.0004079129004349383,0.0004297581090752752,0.000459378015989705,0.000538616870515535,0.00015740412354650434,,8.697992552414148e-05,0.00012166951111932987,0.0006284742316472831,0.00034666518242156783,0.0005720998187335013,0.00042641750264848903,0.0005952351025936657,0.00027759294764056195,0.00027892114028391806,0.00031317414995077293,0.00029538314553019345,0.000184823311503868,0.000182405370117859,0.00018218195312293006,0.00018555171642360506,0.0001787084717582878,0.00017957065486391731,0.00018715054675750125,0.00035158438160495326,0.0005583815065437076,0.0005317932308709127,0.00040580675171361674,0.00040405748539513336,0.00040849603454456973,0.0004032188897120639,0.000410161325934615,0.0004018162764011237,0.00039844403281529526,0.00041177483806348206,0.0004116079712150553,0.0004072566007401931,0.0003987816661122014,0.00040112216979455294,0.000415809709275766,0.0004652164443458428,0.00046592845298067446,0.00048329619764719936,0.0005950603942059422,0.0005935294387745239,0.0005957876138466796,0.000595365148197781,0.0005944542353017525,0.0004262330526406727,0.00043049692569352286,0.0004282390769624583,0.0004527574923832733,0.00038196549684950377,0.0004248836246123218,0.0004258045963554832,0.00041486883699475127,0.0004101517821564041,0.00042839103115735596,0.0004597147940586504,0.0005363863479754686
lapgyn4_instrument_count,0.00016128647977232128,9.019424955062895e-05,0.0,0.0001036333328464056,0.0003866475166249539,0.00042557458522719056,0.0006027748879513556,0.000350548182208214,0.0004326239773024978,0.0005532443373906628,0.0003445355887051123,0.00033555176863711876,0.00041339421346928205,0.00039181274329760755,0.0005783798293273572,0.0005935915955821661,0.00026977172959567953,0.00027204566448472793,0.0003192524386610968,0.00031890693269053764,0.00016243126143228854,0.00016434891490658005,0.00016214116481726303,0.00016204365939150286,0.00016164439672403637,0.00016278736160593954,0.00016146534714911448,0.00039051878724891,0.00037162727416382356,0.0004339541612740711,0.0005376823002358451,0.00048798347048740624,0.0005211804240418987,0.0004161182898952627,0.00041705760145974635,0.0004242369889038191,0.0004135444817269733,0.0004259697522860607,0.00041306091040826866,0.00041260066069185236,0.00042786034331495834,0.0004239717112855855,0.0004182133487185086,0.00040907839891170125,0.000412976414142743,0.00042947216122803014,0.00046552814216165516,0.00041645142640998276,0.0004681686384677582,0.0004711322049978451,0.0005687744553990074,0.0004932761582117008,0.00045047403903091866,0.0005694497020798262,0.0005693549227117467,0.0005703608223176081,0.0005703527026059002,0.0004184507537801645,0.0004257076816739753,0.00042574792754443294,0.0005102121381518754,0.00069948383788628,0.0004453176480693809,0.00038610236211200936,0.0004079313517924418,0.0004332505101426425,0.00040242153846428973,0.0004022308667596177,0.0004171481222655245,0.0004554534275639315,0.0005196435499017276,0.00016327918463372205,9.213856789389962e-05,,0.0001075346332753158,0.0006039374986811837,0.0003503972854524687,0.0005503182442879659,0.00041569057652120255,0.0005761039079540948,0.0002690194769608778,0.0002697449885632878,0.00032118172562305256,0.00031772880814994055,0.0001654960797908398,0.00016272805890333065,0.00016432266254390023,0.00016588169274129032,0.00015991171298187872,0.00015885926860637043,0.00016604756144076883,0.00037416524365947707,0.0005383776024983305,0.0005182826501561801,0.00041833591828817124,0.00041767638389200913,0.0004226839643982339,0.0004154261418635195,0.00042404723698873375,0.0004133925288339718,0.0004098102734896743,0.0004255091445237505,0.0004259812215461314,0.0004198845057362914,0.00040942593063565344,0.0004144929942021501,0.0004303425770575672,0.00046690453826314117,0.0004684057292175539,0.00046612661035983947,0.0005700789908159432,0.0005684618874777704,0.0005705139325423753,0.0005703580189079208,0.0005694191788566297,0.0004175468384071906,0.0004267365178194526,0.0004250958604410358,0.0004452330882860825,0.000384258319445737,0.00040729416015836356,0.0004311611256153521,0.0004026478693241474,0.0004038013841918236,0.0004154476595536197,0.000455894371654533,0.0005177845176834797
lapgyn4_anatomical_actions,0.00022534667185469565,0.00012183774475458704,0.0001036333328464056,0.0,0.0004423940427868184,0.0004697279027911211,0.0006417815659913562,0.00040157182267434025,0.00047238446013878966,0.0005886148615097063,0.0003900027181283056,0.00038250750455915344,0.0004586157028801946,0.0004400627573930871,0.0006085133520665117,0.0006263805880777533,0.00033659059155758346,0.00033980320703339044,0.0003695069009817636,0.0003682433324144494,0.00023191253540300383,0.00023320238491907012,0.0002309000985854099,0.00023129364161966407,0.0002307932049833356,0.0002320367493959258,0.00023079695727721162,0.00043907617069946123,0.00039251459513790836,0.0004798839711184754,0.0005891042001152098,0.0005399256165847254,0.0005594939864270066,0.00045292164827432865,0.0004528847791993569,0.00045715176402678334,0.0004520828784435018,0.00045848404945909545,0.0004501755958787775,0.0004514444728668473,0.0004610198063632078,0.0004571996901886526,0.0004529103900383924,0.0004479973698572952,0.00044856101545895203,0.0004601440224064824,0.0005034768210837364,0.0004586167138944734,0.0005060372788002162,0.0005208236637609852,0.0006175442769198328,0.0005135668668818209,0.0004914813910052873,0.0006183752200619938,0.0006182309209346645,0.0006189764533122103,0.0006191603118763602,0.000464808011319262,0.0004750755519843183,0.0004758367135296245,0.0005501402144929759,0.0007416487081217942,0.0004759827408957946,0.00042852541032525784,0.0004522989231207532,0.00045429201785362355,0.00043408061684946473,0.0004322088764277248,0.0004520534530308905,0.0004871160327718751,0.0005679288444845812,0.00022675918149695707,0.00012283816587514384,0.00010232603886109584,,0.0006430782382260174,0.0004013609241772531,0.0005861297787956099,0.0004610846625781336,0.0006059134512453664,0.00033623190185164256,0.00033837578991798847,0.0003712266694149898,0.00036764602753392003,0.00023501598416486596,0.00023254733361122908,0.00023275383943280003,0.00023454255578239818,0.000227025009092772,0.0002293275993498995,0.00023508152977798873,0.00039369116341072527,0.0005897626093638327,0.0005571992860790722,0.00045404856770207364,0.0004526867205179184,0.00045572251429445597,0.00045310949179900423,0.0004572690374146465,0.00045061673793631723,0.00044871150085897525,0.0004588147733919406,0.000457856877669085,0.0004542771134125341,0.00044912432613921575,0.00044915767142768114,0.0004609624241513042,0.0005045560236616632,0.000506081601577334,0.0005162628138377334,0.0006186492174976918,0.0006174596504022578,0.000619468169275407,0.0006189167009799203,0.0006180646460579858,0.00046369508953962395,0.00047625462037216543,0.00047506071441639857,0.0004760758415703228,0.00042641480681647096,0.0004513014890202008,0.00045252968974436873,0.00043463621254851944,0.00043415991418142364,0.00045104952147218187,0.0004876109500015329,0.0005663026740872634
sklin2_skin_lesions,0.0003486636345056705,0.0004059500940669598,0.0003866475166249539,0.0004423940427868184,0.0,0.0003623711098378773,0.00048444025412167763,0.00039570700382112573,0.00039472752431685305,0.0004899340256973791,0.0003496365629136576,0.00035362758870087995,0.0004159867965819452,0.00037939330735636655,0.000526860920330944,0.0005284524166170065,0.0002880556358689979,0.000299255912416669,0.0003878599782768176,0.00041190404178531516,0.0003766369904093799,0.0003780843052775915,0.0003786455248352644,0.00037695169869894163,0.00037753637617278036,0.0003774357323498434,0.00037746102292113753,0.00019913411534413868,0.00043221541006081734,0.0003433777169139033,0.00045925902193203675,0.00030399749685407294,0.0004793627655646154,0.00044592030323359723,0.0004490169161941657,0.0004558487911663436,0.0004429199896858104,0.0004570943713039063,0.00044332242335769304,0.0004416343768601559,0.0004589108213559829,0.0004588578891956031,0.00044960554250529476,0.00043397502060612555,0.00044741138951953435,0.00046058039007462097,0.0004992486145687155,0.00019036937156591637,0.0005077100569816488,0.000256525413547706,0.00042870842816843715,0.0005456804716813019,0.0004543424544176882,0.0004297671003334915,0.00043032368238978013,0.00043108536388169116,0.00043111208497895713,0.0003548192013720993,0.00034044788682736373,0.0003410618686036889,0.00041476109755568996,0.0005796705741680063,0.0005088583856067772,0.00043801999982640797,0.00044930678717322294,0.0005070195310424351,0.00046874230879507335,0.00047357758170644276,0.0004684946743953193,0.0004114968261514807,0.0003915064965366586,0.0003467906495550389,0.0004047907735333786,0.0003909299899278233,0.00044599612769606915,0.00048554722217221977,0.0003942577802914718,0.0004878432319341609,0.000415182609724696,0.0005255044185239559,0.0002877401480397944,0.0002958251878251457,0.00038884291875968685,0.00041216148169003104,0.00037591445635974815,0.0003768670815569099,0.00038058510365289824,0.00038063730409561113,0.000381934551338798,0.00037503123436971977,0.0003751553447142561,0.00043906068168286403,0.00045953903288459654,0.0004760901124272776,0.0004502216425351624,0.00045179011540983337,0.00045524245940520557,0.0004462059333762724,0.0004524027333687369,0.0004433252799689912,0.0004367992412554908,0.0004572280525215671,0.00046074031299595214,0.0004507436349841933,0.0004343868620585432,0.00045173106460657825,0.0004623961139797518,0.0005026575172091105,0.0005069279810129857,0.0002533886789630982,0.0004302861534503553,0.00042893851705094223,0.0004314252061832203,0.00043049771482377445,0.00042972522127035333,0.0003533949305080988,0.0003398992402665952,0.0003415093052640259,0.0005085604477887848,0.0004367438319961805,0.0004509878315807178,0.0005042631011752973,0.0004678212515467526,0.0004725531099277552,0.00046442723880956495,0.0004116612328030672,0.00039014452441927714
identify_nbi_infframes,0.000385741241600513,0.0004474135482370419,0.00042557458522719056,0.0004697279027911211,0.0003623711098378773,0.0,0.00032649126335368135,0.00047601580855978536,0.0003685615579638508,0.0003638600248405883,0.00035111698513666187,0.00036057553384447787,0.0004160261913214886,0.0003715006130253096,0.0004461286417309281,0.0004456093989633255,0.00036496194934440747,0.0003782210920419103,0.0004506492190528528,0.00047944431593657756,0.0004365565815465706,0.00043860558498093105,0.00043825608011961,0.0004360904879420282,0.00043795586956817806,0.0004375956384793074,0.00043865311217511425,0.00032900362465506077,0.00044865795921801484,0.00035014264741770745,0.00038777325000019736,0.00036384456231936105,0.00048231792472031975,0.000494726328957782,0.00048545397957500916,0.00048494341455089464,0.0004950134814907981,0.00048184196388915404,0.0004923235651624444,0.0004925674131233906,0.0004833399428217732,0.0004935019637678495,0.0004845173235194349,0.0004916085891599112,0.0004806666522109166,0.00048249734129058203,0.0004952281744456315,0.00032720790588350334,0.0005096495526568021,0.0002998677384895719,0.0004904471047542933,0.0005920375218413577,0.0005095792714343188,0.0004904879281030941,0.0004915728680681256,0.0004924122563142142,0.0004926751943503653,0.00048563330045581443,0.0004824362622279628,0.00048140219394892725,0.00033974903092083585,0.0006156864509968611,0.0005183880086786656,0.00047766391928630623,0.0004472638976462849,0.0005492487786531272,0.000473228979780745,0.0004842410324394371,0.00048438319969106464,0.0004345959070335509,0.000484438781790469,0.0003834797833449501,0.00043769750970911597,0.00042928190264678685,0.0004745885978306738,0.0003269621849303372,0.00047442987785931585,0.00036518512669412104,0.00041450381426273903,0.0004436542991335125,0.00036195696341253635,0.00037394772525683887,0.0004532478087312054,0.0004782730580793576,0.00043642289063170695,0.00043447436540247685,0.00044078140287963016,0.0004416122122030563,0.0004413185612743262,0.00043537374955488097,0.0004337639580830001,0.00045561512831071934,0.00038960024216825825,0.00048016959794484665,0.0004963194447239413,0.0004882884878066698,0.00048482115711625016,0.0005021715565614025,0.00047533430441987765,0.0004901175403300038,0.00048692129078352483,0.00048284941311445924,0.0004936825504979453,0.0004839166911552121,0.0004952058512060691,0.00048571054851458785,0.0004858315705826065,0.0004999636757955367,0.0005083249850352479,0.0002972328810401934,0.0004914208966406802,0.0004908268818037498,0.0004916747910702774,0.000491873029551558,0.0004912112208004767,0.0004864819497905093,0.00048333719314910974,0.0004794743543223249,0.0005177868588261418,0.00047704819832304916,0.00044970232315841665,0.0005461210082190695,0.000472945212427118,0.00048168063766835536,0.000480964651144009,0.00043537172897237285,0.00048431158471938746
laryngeal_tissues,0.0005587972408030273,0.0006271688566817922,0.0006027748879513556,0.0006417815659913562,0.00048444025412167763,0.00032649126335368135,0.0,0.0006366055712671186,0.0004601043631246979,0.00034548465801622426,0.000463422290359693,0.0004849394122857508,0.0004793295840033901,0.0004423958053814525,0.0004619546618576635,0.00044994410749102544,0.0005517356333358159,0.000559605891241672,0.0006178463292672018,0.0006704854600480725,0.0006304634059233869,0.0006325012733782785,0.000632032971783066,0.0006300946966409043,0.0006313352126978589,0.0006313760055052982,0.000632224279512944,0.0004431053353530468,0.0006146545477954261,0.0005236209012294017,0.0004814826189164954,0.000446333765439492,0.0005976020492361727,0.0006730088069758874,0.0006688561424438008,0.0006655741292560205,0.000674818166589606,0.0006629731500942958,0.0006723182111370916,0.0006740135831437193,0.0006634547240230129,0.0006721149134289635,0.0006649097671114392,0.0006719705281599121,0.0006585070814179212,0.0006611743683834533,0.0006596812302988583,0.00045782733376508963,0.0006756272057996161,0.00037282157224788055,0.0005741080880167282,0.0007593557023315661,0.0006840959963666192,0.0005742360575291363,0.0005752203818758408,0.000575682365684125,0.0005762185576781841,0.000616552254997511,0.0006138509904973217,0.0006139257531210666,0.0004632922544428556,0.0006686444460332612,0.0006516987409566847,0.0006458439215972194,0.0006056430874908372,0.0006923917520165798,0.0006296391222079529,0.0006361435963542577,0.000633170555762133,0.000557691974831303,0.0005994967357844949,0.0005561683336359311,0.0006291674817291845,0.0006065182210149114,0.0006466021359274007,,0.0006350390466794116,0.0003501584144914964,0.00047691150358908406,0.0004596283162781107,0.0005492208248798409,0.0005571626855916768,0.0006199845311999569,0.0006692046567636091,0.0006301943888261487,0.0006284962148937687,0.0006346467453655455,0.0006354954183510637,0.0006345779333847229,0.0006283605410529008,0.0006279159203494179,0.0006226514478923664,0.00048310725675765684,0.0005963734807386237,0.0006744923291074619,0.0006717829492353345,0.0006647166859956122,0.0006807421003653222,0.0006571849021612336,0.0006704671710835775,0.000668476091136107,0.0006639581348470431,0.0006721397140136251,0.0006636575938906879,0.0006758473328183493,0.0006631532870247994,0.0006652768370168764,0.0006647621672953791,0.0006736150752695699,0.00037356527651595143,0.0005747647073362557,0.0005748406358798157,0.0005748983499179264,0.0005748180118859472,0.0005750925748315481,0.0006178758023983406,0.0006141923602489597,0.0006127649119748113,0.0006508372197127006,0.0006455225848458321,0.000607843430788276,0.000690060701584447,0.0006293270120296152,0.0006337587499976936,0.000630485675630391,0.0005590092933876256,0.0006002006636088383
nerthus_bowel_cleansing_quality,0.00032942352617128153,0.000346660043465927,0.000350548182208214,0.00040157182267434025,0.00039570700382112573,0.00047601580855978536,0.0006366055712671186,0.0,0.0004934204607901992,0.0005585548150754995,0.0003918940915366955,0.00037941837903921643,0.0004312451879616866,0.00040664262995308316,0.0005980008704641074,0.0006117609703483496,0.00023187036800395458,0.00021041012808130626,0.00011883035988134226,0.00021391225786625138,0.0002973286078967661,0.000296723117469262,0.0002969906158259699,0.00029750307341646167,0.00029733836715373175,0.00029703593737785206,0.00029777659577176247,0.0004114323558224793,0.0003164512806322982,0.0004554423022163402,0.0005679560383804817,0.0005336273172218641,0.0004979979369347193,0.00042369335662416704,0.0004167610037064664,0.00042438311443126255,0.00041796800220194225,0.0004244920748548014,0.0004177369010088473,0.0004147053071094913,0.00042744438142419553,0.00042898724793363497,0.0004195684014672436,0.0004123387247368332,0.0004238106943076067,0.0004306027097897887,0.0005022019293535582,0.0004306034903560772,0.0005060419417366486,0.0004934431530241749,0.0005396529564794719,0.0005346091988202156,0.0004035895934406631,0.0005401640863110348,0.0005404959673098754,0.0005416028735300855,0.000540682787506063,0.00032760956309277995,0.0003226896159881148,0.00031971477984154575,0.0005221642291297165,0.0006646329394356319,0.00047328361190144137,0.0003775632753040372,0.0004121698620932297,0.00044806320989790956,0.00042915027866018466,0.0004091008697557395,0.0004202315445401525,0.0005088087890181835,0.00048008830766816795,0.00032837473420261465,0.0003560882510218128,0.00035141188508664,0.0004014987699060459,0.0006381289014206698,,0.000554104911831763,0.0004309333842625957,0.0005973899038121733,0.00023070231291868386,0.00021541876069234626,0.00011936339042295532,0.00021233732348693613,0.00029557679823150073,0.0002982336433920356,0.00029848587565957927,0.0002991256104405486,0.000299551028185247,0.000296003777070155,0.0002972347714177593,0.00031769282963409906,0.0005690475789822494,0.0004949283334210941,0.00042688699133408624,0.0004189463301572058,0.000423412475100509,0.0004209977809734273,0.00042288311495042796,0.0004179689745059099,0.00041221371545178666,0.0004257314607469506,0.00043187790680561833,0.00042146302306339143,0.000411652591833587,0.00042487579856342997,0.0004318190767343252,0.0005029045482590746,0.0005063126476333463,0.0004895203382137875,0.0005414618379887257,0.0005393480298140057,0.0005412877862871326,0.0005417359696286961,0.00053928090460898,0.00032605257568241457,0.000324266893056472,0.000318350579300283,0.00047400851982770377,0.0003754364180625514,0.0004124581295194725,0.0004463788285388349,0.0004286778157160516,0.0004105991899251765,0.00041772870380100513,0.0005095555635015184,0.0004772557394773573
stanford_dogs_image_categorization,0.0004131337103721178,0.00045465243541856654,0.0004326239773024978,0.00047238446013878966,0.00039472752431685305,0.0003685615579638508,0.0004601043631246979,0.0004934204607901992,0.0,0.0004444324449176711,0.0002269515671123187,0.00023631606198175895,0.0003095448364816721,0.00030008285108877293,0.0004834709654304676,0.0004928299954419848,0.00040413664481295215,0.00042033867289519695,0.00046633650361254785,0.0004956336949964776,0.00046744562954899966,0.00046940475923965317,0.00046904626794960324,0.0004673948126766314,0.0004680942075647909,0.00046859776331543567,0.0004688477180273357,0.00036143837578378674,0.0004916686467800817,0.00041726647154558097,0.0004734923382102792,0.000414680054426698,0.0004980786137235323,0.0005227854299173708,0.0005161263260710891,0.0005169007436303556,0.0005228815057046141,0.0005151643894740343,0.0005201910873097724,0.0005196840788311359,0.0005166986221015107,0.0005228469678953046,0.0005157652615864715,0.0005203257703019998,0.0005105228136966301,0.0005170510167832561,0.0005486433349914408,0.00038782051522482026,0.0005606447396393288,0.00039783732408298295,0.0005341104658169217,0.0006097707873546981,0.000499501821461603,0.0005346828616016172,0.0005354621336332578,0.0005357105564935868,0.0005361225941118138,0.00048389143262013255,0.0004749198367792065,0.0004750555503786807,0.0004330789638973042,0.0006514644160816895,0.0005084477818936765,0.0004907891772833261,0.00045619537998445005,0.0005423225186308226,0.00045853827062603003,0.0004715626772305154,0.00047580963143782417,0.0004368126103330588,0.0005236175856396081,0.000410771719153173,0.0004493252936147903,0.00043643296681234703,0.0004766739617320995,0.00046071070182743,0.000492146218353411,0.0004428307336490032,0.00031242575169958817,0.0004812894093371963,0.0004025088657013469,0.00041747850610330194,0.0004680894075529407,0.0004952100950144494,0.00046860739211464534,0.00046754562749402303,0.00047273463046493036,0.0004722434275436862,0.0004717526029363099,0.0004666024884632988,0.00046526226228818567,0.0004985034746642157,0.00047469680698511744,0.0004963132814837934,0.0005250088901091561,0.0005183761670589283,0.0005171339717195709,0.0005279426235917992,0.000510822176765338,0.0005204264272080385,0.0005151902454129154,0.0005159712215423978,0.0005232857549190267,0.0005161692882476187,0.0005221148718436027,0.0005128187183177789,0.0005201815998711106,0.0005526425666750219,0.0005596673987719213,0.0003952938167454314,0.0005351452886965955,0.0005345788247232881,0.0005358119246891944,0.0005350219684436806,0.0005348806634012748,0.0004836220868970106,0.0004760009197255653,0.0004736260357737982,0.0005075155975092552,0.0004886377372602284,0.0004575605325076045,0.0005393099603514077,0.0004578513250188869,0.0004704600757181566,0.0004725336635656981,0.00043740192994962926,0.0005234208921767284
svhn,0.0005362641356377424,0.0005752405082336822,0.0005532443373906628,0.0005886148615097063,0.0004899340256973791,0.0003638600248405883,0.00034548465801622426,0.0005585548150754995,0.0004444324449176711,0.0,0.00040402375016856165,0.0004125735796638337,0.00033316201380046415,0.0002977482275368207,0.00034303717476078183,0.00033540343631323344,0.00050418302454389,0.0005112939924432536,0.0005419363528123938,0.0005814076064337658,0.0005637402281350246,0.0005655608483279544,0.0005648928711188593,0.0005633845356316229,0.0005645882470544236,0.0005646367704737266,0.0005656026471729716,0.0004620862847679434,0.0005475630096094949,0.0004974710016345321,0.00048529058045847895,0.0005040610279160574,0.0005693847298718969,0.0005920102957285981,0.0005814485129148148,0.0005797624946567451,0.0005916112857901397,0.0005762932995946292,0.0005887899325824631,0.0005892718776188884,0.0005780465586383665,0.0005875571087057005,0.0005796054001301366,0.0005884765761154356,0.0005746634834146605,0.000576894855957899,0.0006006479097917585,0.0004801662373368922,0.0006131043937739751,0.0004413683109804319,0.0005885742346554996,0.0006902177325597336,0.0005939221268823823,0.0005887437411360646,0.0005895215743661529,0.0005902942155196391,0.0005901201947307789,0.0005556083589508267,0.000550549628671184,0.0005509265949998514,0.0004806115535549221,0.0006882564009944477,0.0005495428084700913,0.0005571972426453074,0.0005208375897101553,0.0005913863593440393,0.0005314157099929371,0.0005178743197950924,0.0005353774462092686,0.0005474674672355646,0.0005976901840606425,0.0005349245923341004,0.0005727799028988409,0.0005562276657999236,0.0005921305675894897,0.00034625476783758653,0.0005570511288266979,,0.0003293050984655714,0.0003416760024550155,0.0005020270976977106,0.0005089816996254776,0.00054367672772473,0.0005811904225354422,0.0005634850281705375,0.0005622952282064418,0.0005677663417434806,0.0005684572537454372,0.0005677128717415715,0.0005629657403776554,0.0005614921935783434,0.0005543361360957111,0.0004865970139849072,0.0005679458859093561,0.0005938227049126286,0.0005840189496746647,0.0005786113148189656,0.0005977823070779991,0.000570635173539521,0.0005875781337992965,0.0005845322990141184,0.0005784608694090554,0.0005879725857980823,0.0005799409584510418,0.0005925172693782652,0.0005785399331559762,0.0005799952881586412,0.0006044659727989542,0.0006116069163636857,0.00044033236427220483,0.0005897102688727015,0.0005890089605497945,0.0005890053238760951,0.0005895734987153126,0.0005888958333420305,0.0005558305210832643,0.0005504064831030346,0.000549624871485332,0.0005494204702804043,0.0005566463148556895,0.0005227426367442526,0.0005895277313791201,0.0005315320360432592,0.0005160585888181655,0.0005328541785123717,0.0005484704496339113,0.0005976568478020549
caltech101_object_classification,0.0003405535915929481,0.0003606173414211506,0.0003445355887051123,0.0003900027181283056,0.0003496365629136576,0.00035111698513666187,0.000463422290359693,0.0003918940915366955,0.0002269515671123187,0.00040402375016856165,0.0,7.045748021158361e-05,0.00023728117018582403,0.0002074264550407448,0.0004408902960828082,0.0004548867989200508,0.00031901324771393285,0.0003259356218120349,0.0003689192541346547,0.0003916277152488292,0.0003643712027264011,0.00036609489515402563,0.0003653179589605516,0.0003640367868198431,0.000364753206457056,0.0003653531855426556,0.0003657392979199282,0.0003233995235320292,0.00038348359298591694,0.00038719987666642616,0.00044401574201072237,0.00042170713157825015,0.0004424214588406568,0.00043735770463475254,0.0004326736690023476,0.0004362737947659666,0.0004374907384415283,0.00043514740783682257,0.00043442107255698597,0.0004350390491657374,0.0004374618069835412,0.00044029695681903965,0.00043245826193787133,0.0004345660029479798,0.0004295902461797248,0.0004374359840298044,0.00047316307153110653,0.00036084248372803804,0.0004824048091408395,0.0003796723986237495,0.0004871149686318626,0.0005353618586063667,0.0004014096311348315,0.00048811706072661454,0.0004884295755630542,0.0004888021325696727,0.000489355817184062,0.0003838972770425947,0.00037491771384710936,0.0003755195871286958,0.00041278768149881145,0.0006127220407576049,0.00040601240201333297,0.0003877624357693278,0.00036461974217633965,0.00043509272029918373,0.00035512383039737006,0.00035589000226970643,0.0003711700990706259,0.00038562439334804586,0.0004638113267197198,0.00033899093878541757,0.0003606139340490309,0.00034868711508386646,0.00039280351304026224,0.0004639839496037119,0.0003908519270169116,0.00040079383842572786,0.00023872378050154128,0.0004390979951758693,0.00031838113032453563,0.0003240286807719597,0.00036989873655747865,0.0003914071950010988,0.00036471328109369245,0.00036466588243258243,0.0003700426190013502,0.00036948643060690195,0.00036764649884638294,0.0003641922150132166,0.00036259578435280044,0.00038967318793160094,0.0004451347425126555,0.00044066129310923097,0.0004403329828316005,0.0004354687881060578,0.0004355710839413281,0.0004424501693547903,0.00043202153722300305,0.0004349806176231417,0.0004307812290312469,0.00043647093458024056,0.00044115199579053616,0.00043350843751053706,0.00043662304228932766,0.00043174879371625464,0.0004406725260373117,0.00047620360191422497,0.0004821822727936495,0.00037669864935228285,0.0004885246477376663,0.00048749544067706684,0.0004889027396204902,0.000488298947246115,0.0004881799670984502,0.00038335432706476126,0.0003760961919274644,0.0003744442806687352,0.00040611114539876027,0.00038418051953221003,0.0003652292668377923,0.00043231925015349044,0.0003549653245522529,0.00035614158381561936,0.0003676907108380971,0.0003864080590914974,0.0004635502940234333
caltech256_object_classification,0.00033887748428367654,0.00035055628971729987,0.00033555176863711876,0.00038250750455915344,0.00035362758870087995,0.00036057553384447787,0.0004849394122857508,0.00037941837903921643,0.00023631606198175895,0.0004125735796638337,7.045748021158361e-05,0.0,0.00023387430481469087,0.00020500557947248805,0.0004538850594599915,0.000469410480852147,0.0003102240366025269,0.0003185602783628747,0.00035989195985999226,0.000375418885715178,0.0003492578950157521,0.0003508630147317718,0.0003500692168543699,0.0003490179796749654,0.00034961450904036654,0.00035021165850662196,0.00035057370338738487,0.0003266815663216105,0.0003702574655237953,0.00039064667199121574,0.0004530488725257043,0.0004316770492938585,0.0004416370164180601,0.00042664198823573387,0.0004226453621334799,0.00042787458245642106,0.00042672088700159544,0.0004269422281695277,0.0004236166983381463,0.00042399590703718325,0.000429656170933182,0.00043148410211538585,0.0004233949753848174,0.00042363549381536474,0.0004208234820634011,0.0004300615649447443,0.00046623892879685556,0.0003665333377234574,0.00047484716648011575,0.00039101939729924184,0.00048271020823397836,0.0005264946523938923,0.00038876437701363135,0.00048370471089178083,0.00048394134731323405,0.00048427640741824666,0.00048492772791142175,0.0003744652524350187,0.0003668130729331472,0.00036775800363669255,0.0004179832394698541,0.0006087787951727373,0.0003923195465711405,0.00036687319592584487,0.00034814692832033344,0.00042398950753872876,0.00033613756793657973,0.00033819444082424266,0.0003532042478678816,0.0003882532211432951,0.0004564330991339241,0.0003378447457535195,0.00034752417111087524,0.0003395952036488397,0.00038495916204212336,0.000485479278183453,0.0003786217425349463,0.0004089621116427567,0.00023516316748351584,0.00045218538423164327,0.00030994646300850617,0.0003167033925698568,0.00036078260427167754,0.00037560508522381313,0.00034940541728138475,0.00034979329225683374,0.0003543767337122281,0.0003544178788607081,0.0003528426151086947,0.00034932457800938046,0.00034731407798165134,0.00037648403523831694,0.0004541698029855879,0.0004395793822827463,0.0004302543104561079,0.0004257096501127795,0.0004269682334994484,0.00043135577616775834,0.0004241527597496288,0.00042415396782486943,0.0004199694849773098,0.00042840431796122914,0.00043254657931020236,0.0004249882235189938,0.0004252555892057445,0.00042280413534472245,0.00043310266889002707,0.0004692055928175847,0.00047474219046117234,0.0003878558518942979,0.00048427455880938487,0.00048323942971907754,0.00048430778017782437,0.0004839012801879654,0.00048385642815308347,0.00037341054518042556,0.00036794162030783715,0.0003667221598776169,0.00039266084824656866,0.00036305517345982917,0.0003482594801398719,0.0004214738203600969,0.0003358871343871448,0.0003389503111401824,0.00034990441677610457,0.000389088154828937,0.00045602474716518093
