,lapgyn4_anatomical_structures,lapgyn4_surgical_actions,lapgyn4_instrument_count,lapgyn4_anatomical_actions,sklin2_skin_lesions,identify_nbi_infframes,laryngeal_tissues,nerthus_bowel_cleansing_quality,stanford_dogs_image_categorization,svhn,caltech101_object_classification,caltech256_object_classification,cifar10_object_classification,cifar100_object_classification,mnist_digit_classification,emnist_digit_classification,hyperkvasir_anatomical-landmarks,hyperkvasir_pathological-findings,hyperkvasir_quality-of-mucosal-views,hyperkvasir_therapeutic-interventions,cholec80_grasper_presence,cholec80_bipolar_presence,cholec80_hook_presence,cholec80_scissors_presence,cholec80_clipper_presence,cholec80_irrigator_presence,cholec80_specimenbag_presence,derm7pt_skin_lesions,idle_action_recognition,barretts_esophagus_diagnosis,brain_tumor_classification,mednode_melanoma_classification,brain_tumor_type_classification,chexpert_enlarged_cardiomediastinum,chexpert_cardiomegaly,chexpert_lung_opacity,chexpert_lung_lesion,chexpert_edema,chexpert_consolidation,chexpert_pneumonia,chexpert_atelectasis,chexpert_pneumothorax,chexpert_pleural_effusion,chexpert_pleural_other,chexpert_fracture,chexpert_support_devices,pneumonia_classification,ph2-melanocytic-lesions-classification,covid_xray_classification,isic20_melanoma_classification,deep_drid_dr_level,shenzen_chest_xray_tuberculosis,crawled_covid_ct_classification,deep_drid_quality,deep_drid_clarity,deep_drid_field,deep_drid_artifact,kvasir_capsule_anatomy,kvasir_capsule_content,kvasir_capsule_pathologies,breast_cancer_classification_v2,eye_condition_classification,mura_xr_wrist,mura_xr_shoulder,mura_xr_humerus,mura_xr_hand,mura_xr_forearm,mura_xr_finger,mura_xr_elbow,bean_plant_disease_classification,aptos19_blindness_detection,lapgyn4_anatomical_structures --shrink_train 800,lapgyn4_surgical_actions --shrink_train 800,lapgyn4_instrument_count --shrink_train 800,lapgyn4_anatomical_actions --shrink_train 800,laryngeal_tissues --shrink_train 800,nerthus_bowel_cleansing_quality --shrink_train 800,svhn --shrink_train 800,cifar10_object_classification --shrink_train 800,mnist_digit_classification --shrink_train 800,hyperkvasir_anatomical-landmarks --shrink_train 800,hyperkvasir_pathological-findings --shrink_train 800,hyperkvasir_quality-of-mucosal-views --shrink_train 800,hyperkvasir_therapeutic-interventions --shrink_train 800,cholec80_grasper_presence --shrink_train 800,cholec80_bipolar_presence --shrink_train 800,cholec80_hook_presence --shrink_train 800,cholec80_scissors_presence --shrink_train 800,cholec80_clipper_presence --shrink_train 800,cholec80_irrigator_presence --shrink_train 800,cholec80_specimenbag_presence --shrink_train 800,idle_action_recognition --shrink_train 800,brain_tumor_classification --shrink_train 800,brain_tumor_type_classification --shrink_train 800,chexpert_enlarged_cardiomediastinum --shrink_train 800,chexpert_cardiomegaly --shrink_train 800,chexpert_lung_opacity --shrink_train 800,chexpert_lung_lesion --shrink_train 800,chexpert_edema --shrink_train 800,chexpert_consolidation --shrink_train 800,chexpert_pneumonia --shrink_train 800,chexpert_atelectasis --shrink_train 800,chexpert_pneumothorax --shrink_train 800,chexpert_pleural_effusion --shrink_train 800,chexpert_pleural_other --shrink_train 800,chexpert_fracture --shrink_train 800,chexpert_support_devices --shrink_train 800,pneumonia_classification --shrink_train 800,covid_xray_classification --shrink_train 800,isic20_melanoma_classification --shrink_train 800,deep_drid_dr_level --shrink_train 800,deep_drid_quality --shrink_train 800,deep_drid_clarity --shrink_train 800,deep_drid_field --shrink_train 800,deep_drid_artifact --shrink_train 800,kvasir_capsule_anatomy --shrink_train 800,kvasir_capsule_content --shrink_train 800,kvasir_capsule_pathologies --shrink_train 800,mura_xr_wrist --shrink_train 800,mura_xr_shoulder --shrink_train 800,mura_xr_humerus --shrink_train 800,mura_xr_hand --shrink_train 800,mura_xr_forearm --shrink_train 800,mura_xr_finger --shrink_train 800,mura_xr_elbow --shrink_train 800,bean_plant_disease_classification --shrink_train 800,aptos19_blindness_detection --shrink_train 800
lapgyn4_anatomical_structures,0.0,0.38166835937500004,0.39214042968750007,0.5369699218750001,0.7950712890625001,0.8252626953125001,1.142605859375,0.791709375,0.8458367187500001,1.1334650390625,0.7441867187500001,0.7402587890625001,0.9169759765625001,0.8515705078125001,1.2218423828125,1.2142228515625002,0.5646068359375,0.5622281250000001,0.7147978515625001,0.7072109375,0.5203283203125,0.523655078125,0.5230650390625,0.520174609375,0.5197607421875,0.520715625,0.5202843750000001,0.79989140625,0.8476929687500001,0.8407199218750001,1.0215736328125,0.8897908203125001,1.057874609375,0.8707476562500001,0.876666796875,0.8906671875000001,0.8699224609375,0.8933738281250001,0.86692734375,0.8679884765625001,0.8954437500000001,0.8897056640625001,0.8802416015625001,0.8648880859375,0.8643406250000001,0.9006345703125,0.9264951171875001,0.8573710937500001,0.934316796875,0.8933677734375001,1.1213632812500003,1.0321214843750002,0.9686578125000002,1.1222171875,1.1231294921875001,1.12475390625,1.124891015625,0.9554710937500002,0.9396458984375,0.936105859375,1.0128515625,1.2987066406249999,1.0002755859375,0.8662136718750001,0.9157900390625001,0.9801751953125,0.9275345703125001,0.9242527343750001,0.9651849609375001,0.9200123046875001,1.0518783203125,,0.41064648437500006,0.3926689453125001,0.5408644531250001,1.1452587890625001,0.793099609375,1.1324925781250001,0.9220666015625,1.218066796875,0.56068203125,0.5586484375000002,0.7189728515625,0.7035111328125001,0.5245230468750001,0.520187890625,0.5264470703125,0.5312494140625001,0.5270181640625,0.5121261718750001,0.5271150390625,0.8572587890625001,1.023129296875,1.0541783203125001,0.87465,0.8816488281250001,0.8889009765625,0.8758501953125001,0.8879138671875001,0.8688060546875,0.8606841796875,0.8907615234375,0.8933798828125001,0.8803621093750001,0.8664830078125001,0.8682101562500001,0.9026173828125,0.9307996093750002,0.9328822265625001,0.8866234375000001,1.1226189453125002,1.1218769531250001,1.1256218750000002,1.1236162109375,1.12278359375,0.9524185546875001,0.9439583984375001,0.9338570312500001,1.000226171875,0.864810546875,0.917509765625,0.976474609375,0.9264458984375001,0.92572265625,0.9606880859375,0.92105234375,1.0499505859375
lapgyn4_surgical_actions,0.38166835937500004,0.0,0.21250605468750003,0.28091054687500006,0.9512732421875001,0.9872123046875,1.325384375,0.8338207031250001,0.9475328125,1.2391392578125,0.7939191406250001,0.7678119140625,0.9439759765625001,0.9006662109375001,1.3064177734375,1.3195806640625,0.6623966796875,0.680092578125,0.7603103515625,0.7095183593750001,0.4395123046875,0.44318398437500006,0.43802207031250007,0.4385609375,0.4365408203125001,0.44033398437500004,0.43712070312500007,0.9360574218750002,0.80512265625,0.9484109375,1.1673837890625,1.0939080078124999,1.1496390625,0.88292109375,0.8831839843750001,0.8938902343750001,0.8791529296875,0.8973046875,0.8768683593750001,0.8767517578125001,0.9024562500000002,0.8939044921875001,0.8858771484375001,0.8731177734375,0.8778855468750001,0.9041349609375001,0.9788931640625,0.9957527343750001,0.9770695312500001,1.0896044921875,1.2689535156250003,1.0077410156250002,0.979030859375,1.2700738281250001,1.2698865234375,1.271129296875,1.2719328125000002,0.9864183593750001,0.9892634765625,0.9894062500000002,1.1205859375,1.4347609375,0.9562583984374999,0.851609375,0.9341357421875001,0.9382673828125001,0.8974564453125,0.8978843750000001,0.9361041015625,0.9906498046875001,1.1663302734375,0.38736523437500003,,0.20561074218750008,0.2792574218750001,1.3278970703125,0.8347664062500001,1.2344187500000001,0.9498775390625,1.302900390625,0.6614292968750001,0.6763964843750001,0.7625998046875,0.7082681640625,0.44657656250000005,0.43995937500000004,0.4406947265625,0.44718691406250005,0.43103222656250006,0.434450390625,0.45133613281250007,0.8071673828125001,1.1677449218750002,1.1470384765625,0.8842082031250001,0.88423828125,0.8916232421875001,0.8811212890625001,0.8952876953125001,0.8791599609375,0.8728216796875001,0.8977357421875001,0.8953431640625,0.8883273437500001,0.8745654296875001,0.8776953125,0.9046658203125001,0.9792300781250001,0.9781958984375001,1.082142578125,1.2699533203125002,1.268522265625,1.272898828125,1.2707693359375,1.2708183593750002,0.9834126953125001,0.9928833984375001,0.9875765625000001,0.9566968750000001,0.8470531250000001,0.9318335937500001,0.9358367187500001,0.8985130859375001,0.9029250000000001,0.9344787109375,0.9906949218750001,1.1631826171875002
lapgyn4_instrument_count,0.39214042968750007,0.21250605468750003,0.0,0.23872402343750004,0.9050183593750001,0.92857109375,1.2601552734375001,0.8469705078125,0.8926251953125002,1.18024375,0.7606896484375001,0.7370925781250001,0.9225847656250001,0.8754011718750001,1.2580914062500002,1.2648558593750001,0.6427007812500001,0.6606478515625,0.77717421875,0.7690716796875,0.3921375,0.3975427734375,0.39158593750000004,0.3916505859375,0.39051640625,0.39369472656250004,0.39010761718750003,0.8938732421875,0.8593724609375,0.9632427734375001,1.1158035156250001,1.0181816406250002,1.1156591796875,0.9128353515625001,0.9184439453125,0.9311232421875,0.9098285156250001,0.9348681640625001,0.9081892578125,0.9082101562500001,0.9392494140625001,0.9297273437500001,0.91950078125,0.9027589843750001,0.9100798828125001,0.9409210937500001,0.98192734375,0.9586904296875001,0.9852490234375001,1.0414429687500002,1.2071400390625002,1.0407197265625001,1.0011396484375,1.2079357421874999,1.2075898437500001,1.2089810546875002,1.2097216796875,0.9628783203125,0.9819621093750001,0.9824337890625001,1.1034908203125002,1.3755173828125002,0.9367726562500002,0.8578611328125,0.8870558593750001,0.9486367187500001,0.8689386718750001,0.8850333984375001,0.90449453125,0.9779109375000001,1.1218441406250002,0.3976404296875,0.21319316406250005,,0.24703886718750004,1.26241953125,0.8475595703125001,1.1764845703125,0.9277082031250001,1.2538486328125,0.6413626953125,0.6548978515625,0.781602734375,0.7669406250000002,0.40010292968750005,0.39300332031250007,0.398399609375,0.39980312500000004,0.38681093750000006,0.38360175781250005,0.40009960937500005,0.8649398437500001,1.1168490234375001,1.111780078125,0.9165080078125001,0.9200572265625001,0.9286964843750001,0.91407578125,0.9312882812500001,0.9099625000000001,0.9029007812500001,0.933171875,0.9329910156250001,0.9218416015625001,0.9035933593750001,0.9117755859375001,0.9423035156250001,0.9846322265625,0.9858925781250001,1.0348279296875,1.2081460937500001,1.2065455078125003,1.2104970703125,1.2089511718750001,1.2084912109375,0.9614046875000002,0.9838421875000001,0.9801330078125001,0.9374064453125,0.8539048828125,0.8857001953125001,0.9455900390625,0.8693402343750001,0.8885537109375001,0.9022656250000001,0.9782841796875001,1.11904609375
lapgyn4_anatomical_actions,0.5369699218750001,0.28091054687500006,0.23872402343750004,0.0,1.0274517578125,1.0169482421875,1.337722265625,0.95961640625,0.9727316406250002,1.2495763671875002,0.8557656250000001,0.8354779296875,1.0169267578125,0.9781705078125001,1.3128630859375001,1.3271392578125,0.7947400390625001,0.816427734375,0.8885333984375,0.8778378906250001,0.5542564453125001,0.55762421875,0.5517705078125,0.5525722656250001,0.5517279296875001,0.5548542968750001,0.551916015625,1.00073828125,0.902753125,1.058274609375,1.2243833984375,1.1281197265625003,1.19512109375,0.988731640625,0.9908703125,0.9963203125,0.9902990234375,0.9992664062500001,0.984673828125,0.9895044921875,1.0047796875000001,0.9952912109375001,0.9893693359375,0.9841712890625001,0.9821996093750001,1.0000908203125,1.0602978515625001,1.04897109375,1.063793359375,1.1487916015625,1.3125398437500002,1.075226953125,1.0866941406250001,1.31360078125,1.3131623046875,1.313948828125,1.3154425781249999,1.066551171875,1.0914212890625001,1.09436953125,1.1862453125,1.464240625,0.9970896484375,0.949764453125,0.9818181640625,0.9863841796875,0.9347685546875001,0.948003515625,0.9778302734375,1.0395240234375,1.2303048828125,0.5414703125,0.27818593750000004,0.23601621093750003,,1.3401912109375003,0.95972734375,1.2471484375,1.0223291015625,1.3076851562500003,0.794525390625,0.813407421875,0.8924576171875,0.8767818359375001,0.561587109375,0.555554296875,0.5574103515625001,0.5602912109375001,0.5430068359375,0.5486425781250001,0.5611181640625,0.9053123046875,1.225050390625,1.1933923828125,0.9900347656250001,0.9903949218750001,0.9940587890625001,0.9919076171875002,0.9972818359375001,0.9865935546875,0.9842224609375001,0.9994123046875001,0.9955251953125002,0.9906714843750001,0.9873501953125001,0.9821769531250001,1.0016232421875,1.0623312500000002,1.0641455078125002,1.14275625,1.3129908203125003,1.3124437500000001,1.316164453125,1.3133755859375,1.3142261718750001,1.0646927734375002,1.0938884765625003,1.0914417968750003,0.9982152343750001,0.9453644531250001,0.980043359375,0.983834375,0.9356248046875,0.9524750000000002,0.9771751953125,1.0399093750000001,1.2283333984375
sklin2_skin_lesions,0.7950712890625001,0.9512732421875001,0.9050183593750001,1.0274517578125,0.0,0.7470761718750001,0.9191970703125001,0.9156451171875002,0.7923931640625,0.9738218750000001,0.7643798828125001,0.7766328125,0.9031027343750001,0.8211320312500001,1.0794109375,1.05617421875,0.6654390625000002,0.6947873046875,0.9106109375000002,0.9691154296875001,0.9040550781250001,0.9078279296875,0.9098203125,0.9048349609375002,0.9064710937500001,0.9058537109375001,0.9062646484375001,0.42934824218750006,0.9861021484375001,0.7245771484375001,0.8896375000000001,0.5638332031250001,0.9799857421875,0.9719685546875001,0.9796021484375002,0.9917462890625002,0.9679929687500001,0.9936876953125001,0.9684072265625001,0.9662011718750001,0.9969810546875001,0.9979890625000001,0.980453125,0.9521378906250001,0.9759353515625,0.9993042968750001,1.028584765625,0.4074259765625001,1.0470146484375,0.520740234375,0.8420599609375001,1.1524416015625,0.9964134765625,0.8434486328125,0.8451500000000001,0.8459685546875,0.8465548828125,0.7605845703125,0.731443359375,0.7336009765625,0.8374376953125,1.0546669921875,1.0831238281250002,0.9805673828125001,0.977021875,1.1061457031250002,1.019651171875,1.0454236328125,1.02593515625,0.8457425781250001,0.793915234375,0.7904947265625001,0.9481357421875001,0.9144164062500001,1.0357958984375002,0.921416796875,0.9118025390625001,0.9726919921875001,0.8995703125000001,1.0777787109374999,0.6647759765625001,0.6870060546875001,0.911825390625,0.9701550781250001,0.9024455078125,0.9038998046875,0.9150757812500001,0.9138886718750001,0.9173117187500002,0.8999529296875001,0.8992460937500001,1.0010734375,0.8893814453125,0.9758164062500001,0.9812568359375001,0.9866513671875001,0.9922175781250001,0.976905078125,0.98248671875,0.968971484375,0.95559140625,0.993061328125,1.0001375000000001,0.9809560546875,0.9535531250000001,0.9849630859375,1.0036792968750001,1.0361650390625001,1.04463671875,0.5169869140625001,0.844132421875,0.8428126953125001,0.8468560546875001,0.8447589843750001,0.8444005859375001,0.7574156250000001,0.729937890625,0.7344966796875001,1.0825802734375,0.9781994140625001,0.9807017578125001,1.1012912109375002,1.0173187500000003,1.0417099609375002,1.0167875,0.8458037109375001,0.7931312500000001
identify_nbi_infframes,0.8252626953125001,0.9872123046875,0.92857109375,1.0169482421875,0.7470761718750001,0.0,0.6084513671875001,1.0497556640625,0.7258822265625001,0.7039355468750002,0.7362736328125001,0.75886171875,0.861590234375,0.765919921875,0.875659765625,0.8520953125000001,0.7800191406250001,0.8186060546875,0.9999597656250001,1.0726759765625,0.9823339843750001,0.9873701171875,0.9866125000000001,0.9809818359375001,0.985579296875,0.9852681640625001,0.9875134765625,0.6731404296875001,0.9518259765625001,0.6990576171875,0.7208640625000001,0.6813183593750001,0.9282263671875001,1.0285404296875,1.0126669921875,1.0079126953125002,1.03303828125,1.0001154296875001,1.0263400390625002,1.029127734375,1.0020169921875,1.024766015625,1.0083160156250002,1.028265625,0.9977787109375,0.997316015625,0.9512851562500001,0.6615763671875001,0.9828443359375001,0.5972085937500002,0.9312478515625,1.1949951171875002,1.0515771484375,0.9308228515625001,0.93287890625,0.9340623046875001,0.9349044921875,1.0050279296875,1.003353125,1.0019458984375,0.6510853515625001,1.0954251953125,1.051451953125,1.0095841796875,0.9129644531250001,1.14624453125,0.9714921875,1.0133396484375001,0.9932812500000001,0.851892578125,0.9424480468750001,0.8200154296875,0.9605435546875001,0.9373695312500001,1.0288005859375,0.6091421875,1.0457400390625002,0.7087236328125001,0.8578089843750001,0.8706794921875001,0.7727197265625001,0.8086548828125001,1.0058914062500002,1.070248828125,0.9821474609375,0.9764552734375,0.9936234375,0.993616796875,0.9934839843750001,0.9782568359375001,0.97375390625,0.9676449218750001,0.7239115234375,0.9259230468750002,1.0316255859375,1.0196564453125,1.008146484375,1.04920859375,0.9849386718750002,1.0226214843750001,1.016392578125,1.000149609375,1.02306796875,1.0048080078125001,1.0375582031250001,1.0090400390625,1.005272265625,0.9614876953125,0.979268359375,0.5927123046875,0.931771484375,0.9323341796875,0.9329369140625001,0.9332464843750001,0.9328048828125001,1.0080375000000001,1.0063410156250001,0.9964279296875,1.0497962890624999,1.0094900390625,0.9181181640625,1.1404435546875,0.9707449218749999,1.0064802734375,0.9856851562500001,0.8535076171875,0.943348828125
laryngeal_tissues,1.142605859375,1.325384375,1.2601552734375001,1.337722265625,0.9191970703125001,0.6084513671875001,0.0,1.3464710937500002,0.853315625,0.6332884765625001,0.9119816406250001,0.9597529296875,0.9553427734375001,0.8783767578125001,0.8368826171875,0.8010099609375001,1.1247943359375001,1.1524296875000002,1.3090134765625001,1.44223203125,1.3534529296875002,1.3586738281250001,1.3578494140625001,1.3526800781250001,1.3555990234375002,1.3557582031250002,1.3579636718750001,0.8338394531250001,1.25452578125,0.9866113281250001,0.8512048828125001,0.7627677734375,1.0956367187500002,1.3445890625,1.33724140625,1.323756640625,1.3516271484375,1.316672265625,1.3463125,1.3514857421875,1.3168457031250003,1.3388892578125002,1.3255494140625002,1.3478513671874999,1.3128125000000002,1.3081998046875003,1.2315275390625,0.8393542968750001,1.268476953125,0.6573400390625002,1.0169230468750001,1.4671039062500002,1.36257890625,1.016665234375,1.0188142578125001,1.018604296875,1.0207632812500003,1.2119433593750002,1.2120013671874998,1.213704296875,0.8143179687500001,1.122540625,1.2723802734375,1.3049324218750002,1.1720041015625002,1.3899376953125002,1.2378802734375,1.278480078125,1.2535142578125,1.0362822265625002,1.0991564453125,1.13644453125,1.3186347656250001,1.2688029296875003,1.349540625,,1.342140625,0.643973046875,0.9490119140625002,0.83213984375,1.11758515625,1.1473593750000002,1.3132205078124999,1.4394259765625002,1.35330390625,1.34845859375,1.3646498046875002,1.3650490234375001,1.3636177734375001,1.3483718750000002,1.3458990234375001,1.2736720703125002,0.854573828125,1.0949841796875002,1.3469207031250003,1.34498671875,1.3232818359375,1.3666849609375,1.3026748046875,1.3421056640625002,1.3392392578125,1.3185267578125,1.3362208984375001,1.32026640625,1.3580751953125,1.322950390625,1.3187552734375,1.24335859375,1.2631482421875,0.6599550781250001,1.0172646484375,1.0188664062500001,1.0173078125,1.0176474609375001,1.019107421875,1.2161873046875,1.2121537109375002,1.2099296875,1.2702539062500002,1.3046195312500002,1.1771902343750003,1.385188671875,1.2377423828125,1.271844140625,1.2471083984375,1.0393515625,1.1034185546875002
nerthus_bowel_cleansing_quality,0.791709375,0.8338207031250001,0.8469705078125,0.95961640625,0.9156451171875002,1.0497556640625,1.3464710937500002,0.0,1.03739609375,1.1927427734375,0.8663890625,0.8358341796875001,0.9556638671875001,0.9040447265625,1.3060068359375,1.3125580078125,0.5538568359375,0.5054742187500001,0.27671113281250004,0.4986546875,0.7290490234375,0.72751328125,0.7282068359375001,0.7292503906250001,0.7287712890625001,0.7282976562500001,0.7301394531250001,0.948041796875,0.7359394531250001,1.0208046875,1.1876763671875001,1.1315412109375003,1.067209375,0.9453054687500001,0.929859375,0.944674609375,0.9332806640625001,0.9442820312500001,0.9324035156250001,0.9256154296875001,0.9522828125000001,0.9564701171875001,0.9365287109375001,0.9238361328125001,0.9498769531250001,0.9581455078125001,1.0821021484375,0.99056953125,1.087573828125,1.1026916015625001,1.154861328125,1.1676890625,0.894130078125,1.155097265625,1.1562697265625,1.157894921875,1.1563445312500003,0.7413917968750001,0.7275685546875,0.7206265625000001,1.143797265625,1.314892578125,1.0289474609375002,0.851780859375,0.9262439453125001,0.9969939453125001,0.9543169921875001,0.908220703125,0.9280732421875001,1.1028849609375002,1.0316669921875001,0.789321484375,0.8537656250000001,0.8488048828125001,0.959098828125,1.3492939453125001,,1.1852984375000002,0.9547158203125001,1.3054433593750001,0.5511816406250001,0.517000390625,0.27741699218750004,0.49586933593750016,0.723764453125,0.7314539062500001,0.7323763671875001,0.7318626953125,0.7342712890625,0.7259328125000001,0.7275888671875002,0.7375892578125001,1.189896875,1.0640423828125,0.9520105468750001,0.935858203125,0.9442900390625,0.9402982421875001,0.9417837890625,0.9341689453125002,0.9216162109375,0.9484841796875001,0.9623314453125,0.9397660156250001,0.9211416015625,0.950277734375,0.9607556640625001,1.0830847656250002,1.0886298828125,1.098570703125,1.1569384765625002,1.1547746093750002,1.1579734375,1.1580810546875002,1.15408515625,0.7381208984375001,0.7316767578125001,0.7166546875,1.031816015625,0.84758984375,0.9263433593750001,0.9942027343750001,0.9527076171875002,0.91269296875,0.9241947265625,1.10393125,1.0266025390625
stanford_dogs_image_categorization,0.8458367187500001,0.9475328125,0.8926251953125002,0.9727316406250002,0.7923931640625,0.7258822265625001,0.853315625,1.03739609375,0.0,0.8349013671875001,0.4355324218750001,0.4565927734375001,0.5962810546875001,0.5732736328125001,0.9308779296875,0.9248564453125001,0.8247748046875001,0.8678183593750002,0.9811396484375001,1.052841015625,0.9965564453125,1.0010449218750002,1.0004630859375,0.9965230468750002,0.9980556640625,0.999812109375,0.999970703125,0.708246484375,1.0016992187500002,0.82141328125,0.8814357421875001,0.7615302734375,0.9480359375,1.0427972656250002,1.0307539062500002,1.029320703125,1.0466712890625,1.02486171875,1.03969765625,1.0407888671875,1.027918359375,1.0420900390625,1.0285865234375,1.0438521484375,1.01931953125,1.0269009765625001,1.0475373046875003,0.7637835937500002,1.074720703125,0.7728541015625,0.9986652343750001,1.197603515625,0.9916343750000001,0.9991492187500001,1.0007208984375002,1.00057890625,1.002321484375,0.9587617187500002,0.9449201171875001,0.94660234375,0.829971875,1.1498714843750002,0.9823486328125001,0.992108203125,0.8920205078125001,1.0859341796875002,0.8932392578125001,0.9369460937500002,0.9320478515625001,0.8466810546875001,0.9923767578125,0.841978125,0.9304992187500001,0.9002498046875,0.9818992187500002,0.8548345703125001,1.0347085937500002,0.8335292968750001,0.6018669921875002,0.9273515625000002,0.8204753906250001,0.8614878906250001,0.9844845703125,1.0524998046875,0.9992332031250002,0.9964757812500002,1.0099455078125001,1.0071931640625,1.0062189453125001,0.9945675781250001,0.9901271484375002,1.0164294921875001,0.8833921875,0.9479724609375001,1.0477660156250002,1.037195703125,1.0309626953125002,1.0590212890625,1.0145146484375,1.0409005859375,1.0307837890624998,1.0258443359375,1.0421595703125002,1.027637890625,1.0480623046875,1.024293359375,1.0346455078125,1.056690234375,1.0725458984375003,0.76877890625,0.9994841796875,0.9997207031250002,1.0017132812500003,0.9992197265625,1.0005371093750002,0.9581802734375,0.9465580078125,0.943189453125,0.9804359375000001,0.9875347656250002,0.8949171875,1.0803171875000002,0.8920068359375001,0.9332843750000002,0.9261998046875,0.847639453125,0.9940708984375001
svhn,1.1334650390625,1.2391392578125,1.18024375,1.2495763671875002,0.9738218750000001,0.7039355468750002,0.6332884765625001,1.1927427734375,0.8349013671875001,0.0,0.7998892578125001,0.8222109375000001,0.6688296875000002,0.595142578125,0.6487949218750001,0.6256347656250001,1.05690859375,1.0837037109375,1.1632160156250002,1.2628736328125,1.232252734375,1.2367822265625001,1.235167578125,1.2310701171875,1.2340628906250002,1.2343408203125001,1.2367017578125,0.9123810546875001,1.1320087890625001,0.9606685546875,0.8900250000000001,0.92304296875,1.0752849609375001,1.1841169921875,1.1592263671875003,1.1486763671875,1.1863808593750003,1.1391845703125,1.1793193359375,1.1816375000000001,1.1431919921875002,1.168708984375,1.152933203125,1.182869140625,1.1451767578125,1.13742421875,1.13938125,0.9311544921875001,1.1675876953125002,0.831484375,1.0930607421875003,1.3486564453125003,1.2015787109375,1.0925970703125,1.0943546875,1.0952619140625002,1.0956681640625001,1.1206267578125002,1.114546484375,1.1167638671875002,0.8788255859375,1.2052388671875,1.0669953125,1.1369119140625001,1.015962890625,1.19725703125,1.0457410156250002,1.0413275390625,1.0573109375,1.0416953125,1.1351738281250001,1.1308591796875,1.2268263671875,1.186695703125,1.2582041015625,0.6339886718750001,1.1889431640625,,0.660133984375,0.6461048828125001,1.0509990234375,1.0787619140625,1.166834375,1.261979296875,1.2316123046875003,1.2285642578125,1.242383984375,1.2427398437500001,1.2413566406250003,1.2305095703125002,1.225410546875,1.14821796875,0.8911560546875,1.0745886718750002,1.1871748046875001,1.1658630859375,1.1473359375,1.20174609375,1.12611640625,1.176643359375,1.171498046875,1.1445093750000002,1.167303515625,1.1512705078125,1.1929148437500001,1.1529873046875,1.144943359375,1.1485962890625,1.1637644531250002,0.8312228515625001,1.093808203125,1.0941166015625001,1.0929455078125,1.0939421875000002,1.0932791015625,1.1224453125,1.113375,1.1126529296875,1.0669255859375002,1.1361298828125002,1.0200501953125,1.1936857421875002,1.0461437500000001,1.0360162109375,1.051596875,1.0439458984375,1.1365535156250002
caltech101_object_classification,0.7441867187500001,0.7939191406250001,0.7606896484375001,0.8557656250000001,0.7643798828125001,0.7362736328125001,0.9119816406250001,0.8663890625,0.4355324218750001,0.7998892578125001,0.0,0.14716308593750005,0.4871853515625001,0.42480996093750006,0.9011599609375001,0.9053361328125,0.6929580078125002,0.7228476562500001,0.8177822265625001,0.8784878906250002,0.8249396484375,0.8294363281250001,0.8272814453125001,0.8240441406250001,0.8261970703125,0.8276992187500001,0.828537890625,0.6950175781250001,0.828864453125,0.8176460937500001,0.8728021484375001,0.8338412109375001,0.884662890625,0.9126882812500001,0.9030425781250001,0.907016796875,0.9153087890625,0.9038652343750001,0.9076625,0.9102681640625001,0.9089156250000001,0.9157458984375001,0.9012583984375,0.9122271484375001,0.8977250000000001,0.9068119140625002,0.9371826171875001,0.7789292968750001,0.9579542968750001,0.7943099609375002,0.963811328125,1.0884277343750002,0.834343359375,0.964996875,0.9657908203125001,0.9662906250000001,0.9679261718750001,0.8074183593750002,0.7888958984375001,0.7910449218750001,0.8487164062500001,1.129105859375,0.8097650390625001,0.8176593750000001,0.7477396484375001,0.9040224609375,0.7199697265625,0.7349128906250001,0.7566873046875,0.7760947265625,0.9297083984375001,0.74121171875,0.7886644531250001,0.7689201171875002,0.8614503906250002,0.9133513671875001,0.86431953125,0.7947753906250001,0.4894638671875001,0.8981261718750001,0.6918367187500001,0.7185371093750001,0.8193103515625,0.8783970703125,0.8258429687500001,0.8260636718750001,0.8389845703125001,0.8369525390625001,0.8327029296875,0.8252410156250001,0.8205154296875001,0.8415931640625001,0.8746316406250001,0.8844767578125001,0.919153125,0.910003125,0.9058857421875001,0.9269111328125,0.8971369140625001,0.9091599609375001,0.9021412109375001,0.9068130859375001,0.9166982421875001,0.9019675781250001,0.9171818359375001,0.9018632812500001,0.9139728515625001,0.943851953125,0.9576283203125001,0.79006484375,0.9652642578125001,0.9648261718750001,0.9674199218750001,0.9648666015625,0.9660289062500002,0.8061376953125001,0.7911212890625001,0.7887515625000001,0.8095765625,0.8099324218750001,0.7488589843750002,0.8995976562500001,0.7197064453125,0.7352328125,0.7500224609375001,0.7779246093750001,0.9314962890625
caltech256_object_classification,0.7402587890625001,0.7678119140625,0.7370925781250001,0.8354779296875,0.7766328125,0.75886171875,0.9597529296875,0.8358341796875001,0.4565927734375001,0.8222109375000001,0.14716308593750005,0.0,0.4841601562500001,0.42499648437500004,0.9350972656250001,0.9427148437500001,0.67134140625,0.7061095703125,0.7952535156250001,0.8401685546875001,0.78736484375,0.7915607421875,0.789359765625,0.7867302734375001,0.788335546875,0.7899337890625,0.7905771484375002,0.7051201171875,0.7976119140625001,0.8289201171875,0.8932500000000001,0.857819140625,0.8887416015625,0.8904189453125001,0.8823263671875001,0.8903208984375002,0.893566015625,0.8876900390625,0.8857283203125002,0.8880847656250002,0.8938865234375001,0.8980972656250001,0.8832117187500002,0.8896386718750001,0.8796931640625001,0.892712109375,0.9291828125,0.7951861328125001,0.9473349609375001,0.8224378906250001,0.9605107421875001,1.0741978515625001,0.8065791015625001,0.9617302734375001,0.96226875,0.9624947265625001,0.9646623046875,0.7871322265625001,0.772803125,0.7754912109375001,0.8631775390625,1.1272896484375,0.783319921875,0.7753294921875,0.714747265625,0.8804812500000001,0.682427734375,0.7001029296875001,0.7214925781250001,0.7849355468750001,0.9181183593750001,0.7386173828125,0.7580642578125001,0.7442992187500002,0.8408119140625001,0.9609035156250001,0.8337666015625,0.8159177734375,0.4867894531250001,0.9323837890625002,0.6706810546875002,0.7018595703125001,0.7965261718750001,0.8404296875000001,0.7876455078125,0.7888689453125001,0.8001179687500001,0.7995558593750001,0.795785546875,0.7880404296875001,0.782651171875,0.80972421875,0.8954302734375,0.8878132812500001,0.8983849609375001,0.8898744140625001,0.889012109375,0.9045261718750002,0.8818265625000001,0.88737890625,0.8799996093750001,0.89126796875,0.8993035156250001,0.8851775390625001,0.8934460937500002,0.8831423828125,0.8992988281250001,0.9354958984375001,0.9475457031250001,0.8177380859375001,0.9622945312500001,0.9615888671875001,0.9635224609375002,0.961483984375,0.9630341796875002,0.7847953125,0.77534453125,0.7727548828125,0.7843068359375001,0.7676087890625001,0.7149056640625,0.8766982421875,0.6817910156250001,0.7014271484375001,0.7149703125000001,0.7869087890625001,0.9194296875000001
cifar10_object_classification,0.9169759765625001,0.9439759765625001,0.9225847656250001,1.0169267578125,0.9031027343750001,0.861590234375,0.9553427734375001,0.9556638671875001,0.5962810546875001,0.6688296875000002,0.4871853515625001,0.4841601562500001,0.0,0.18807031250000006,0.877171875,0.88073984375,0.8483386718750001,0.8726474609375001,0.9240039062500001,0.9610271484375,0.947586328125,0.9508548828125001,0.9500527343750002,0.9484048828125,0.948916015625,0.9501248046875,0.9511060546875001,0.8380107421875,0.9116474609375,0.8887123046875001,1.01272421875,0.9590035156250002,1.0756486328125001,1.0087041015625,0.9936021484375,0.9979650390625001,1.006796875,0.9945818359375,1.0007525390625,0.9992546875000001,1.0023189453125,1.012308203125,0.9950863281250001,1.002826953125,0.9916302734375,1.0032628906250003,1.0757453125,0.8833677734375001,1.0948458984375002,0.9449242187500001,1.1110009765625,1.1998490234375,0.9718150390625001,1.1115134765625,1.1114984375,1.1129841796875002,1.1139818359375,0.9241416015625001,0.922798828125,0.9243193359375002,0.9146080078125001,1.2717314453125002,0.9669937500000001,0.9536166015625,0.915786328125,1.0284746093750001,0.9036539062500001,0.8954419921875001,0.917075,0.9357789062500002,1.0695773437500002,0.9144857421875001,0.9500947265625,0.9274988281250001,1.0205173828125,0.9568972656250001,0.9529107421875,0.6612498046874999,,0.8752314453125001,0.8455052734375001,0.8686982421875,0.9254640625000001,0.9612609375000001,0.9470443359375,0.9471962890625001,0.95760703125,0.9568742187500001,0.953985546875,0.9478619140625002,0.944804296875,0.9228765625,1.0145146484375,1.076743359375,1.0137134765625,0.9990181640625001,0.998573046875,1.017378125,0.9877382812500001,1.0014410156250002,0.99428125,0.9998070312500001,1.0126328125000001,0.9962404296875,1.005945703125,0.9939064453125002,1.01014921875,1.0814822265625001,1.093620703125,0.9414283203125,1.1124507812500002,1.1114455078125,1.1130380859375,1.1122734375,1.1130427734375,0.9236781250000001,0.924140234375,0.9207587890625001,0.9680431640625,0.9487736328125,0.9164693359375001,1.0267861328125,0.90362109375,0.8941060546875002,0.9136648437500001,0.9383041015625001,1.06882265625
cifar100_object_classification,0.8515705078125001,0.9006662109375001,0.8754011718750001,0.9781705078125001,0.8211320312500001,0.765919921875,0.8783767578125001,0.9040447265625,0.5732736328125001,0.595142578125,0.42480996093750006,0.42499648437500004,0.18807031250000006,0.0,0.824276171875,0.8257355468750001,0.782993359375,0.8061037109375,0.8704515625,0.9251779296875,0.900255078125,0.9038494140625001,0.90296015625,0.9009279296875,0.9016625,0.9028791015625,0.9038552734375,0.7551712890625,0.8693541015625,0.8210138671875,0.912393359375,0.8838593750000001,1.0071689453125001,0.9551478515625,0.9390525390625,0.9425736328125001,0.955654296875,0.9385443359375001,0.9476326171875,0.9478710937500001,0.9452568359375001,0.9576453125000002,0.9405664062500001,0.95090859375,0.9334740234375001,0.9461765625,1.012599609375,0.8109080078125,1.0312517578125,0.8600222656250001,1.0386943359375,1.1568396484375003,0.9201677734375002,1.0393466796875002,1.039635546875,1.0412091796875003,1.0419400390625002,0.8735974609375001,0.8659906250000001,0.8668115234375002,0.8586166015625001,1.2175279296875001,0.9166496093750001,0.9109833984375001,0.879846875,0.9933699218750002,0.8661671875,0.8550724609375001,0.8798613281250001,0.8648011718750002,1.006337109375,0.8487833984375,0.9089521484375,0.880425,0.9836396484375001,0.8800292968750001,0.9006736328125001,0.5873939453125001,0.19446250000000007,0.8220681640625,0.7805076171875001,0.8024779296875001,0.8721160156250001,0.9259753906250001,0.8999076171875,0.9001025390625,0.911383203125,0.9106859375,0.9087371093750001,0.9003787109375,0.896354296875,0.8824066406250002,0.9145263671875,1.006786328125,0.9599345703125001,0.9464130859375002,0.9429804687500001,0.9667609374999999,0.9304824218750001,0.94840703125,0.9415324218750001,0.9439875000000001,0.9580453125000001,0.9407291015625001,0.9552945312500001,0.9368080078125001,0.9531632812500002,1.0188798828125,1.0299500000000001,0.8553482421875002,1.0407593750000002,1.0389033203125,1.0409701171874999,1.040471484375,1.0406833984375001,0.8732128906250001,0.866755859375,0.8634544921875,0.9169060546875001,0.9067654296875001,0.8809654296875,0.9906009765625001,0.8661492187500001,0.8546607421875001,0.875901171875,0.8672072265625002,1.0055015625000001
mnist_digit_classification,1.2218423828125,1.3064177734375,1.2580914062500002,1.3128630859375001,1.0794109375,0.875659765625,0.8368826171875,1.3060068359375,0.9308779296875,0.6487949218750001,0.9011599609375001,0.9350972656250001,0.877171875,0.824276171875,0.0,0.20944648437500007,1.135444140625,1.1750130859375,1.2632359375000002,1.3877791015625,1.3313875000000002,1.3341478515625,1.3330375,1.3291326171875002,1.33355078125,1.3333857421875002,1.3349041015625,1.0016255859375,1.2206595703125003,1.0948255859375,0.8688148437500001,0.9723187500000001,1.0817513671875,1.3070833984375,1.2944529296875003,1.2819181640625001,1.313635546875,1.2746080078125002,1.3061548828125003,1.311436328125,1.2761666015625002,1.2950761718750001,1.2861585937500002,1.3154124999999999,1.2779935546875,1.27066796875,1.24092109375,1.0102064453125001,1.2648115234375001,0.9083035156250001,1.1047439453124999,1.3724658203125,1.1880107421875001,1.1037564453125002,1.1057511718750002,1.1052544921875,1.1066423828125003,1.2079537109375,1.198389453125,1.1972138671875001,1.0476611328125003,1.1603306640625002,1.1633007812500002,1.2417572265625,1.060546875,1.2475597656250001,1.0882878906250002,1.1186119140625,1.12308359375,1.153476953125,1.1859347656249999,1.2199501953125,1.2924533203125002,1.265343359375,1.3205908203125,0.83670703125,1.3030115234375002,0.6473689453125,0.8683875,,1.1301486328125,1.1733658203125001,1.2675925781250001,1.3862339843750002,1.3333080078125001,1.3283009765625,1.341984375,1.3387039062500001,1.33664296875,1.3300873046875001,1.3250222656250004,1.23364453125,0.8706146484375,1.08135546875,1.3098466796875,1.2994451171875,1.2813140625,1.3282394531250001,1.266926171875,1.30539296875,1.3015238281250001,1.278062890625,1.29278671875,1.2833912109375003,1.32265859375,1.2862142578125002,1.278529296875,1.2466251953125,1.2613550781250003,0.9094841796875001,1.1041605468750002,1.1058662109375001,1.1045107421875,1.1044871093750002,1.1041560546875,1.2107261718750002,1.1991,1.1923529296875,1.1598751953125002,1.2402318359375,1.0631873046875002,1.2428830078125,1.0878031250000002,1.1162595703125002,1.1139777343750001,1.1548900390624999,1.189672265625
emnist_digit_classification,1.2142228515625002,1.3195806640625,1.2648558593750001,1.3271392578125,1.05617421875,0.8520953125000001,0.8010099609375001,1.3125580078125,0.9248564453125001,0.6256347656250001,0.9053361328125,0.9427148437500001,0.88073984375,0.8257355468750001,0.20944648437500007,0.0,1.142834765625,1.1742970703125002,1.274551171875,1.3939115234375001,1.3391007812500002,1.3423798828125002,1.341234375,1.3367830078125,1.34086484375,1.3413927734375002,1.3425279296875,0.9809193359375001,1.2241138671875,1.0565041015625,0.8298742187500001,0.95517890625,1.0662201171875,1.3058115234375,1.2924513671875,1.2807318359375,1.311347265625,1.2733716796875,1.3048939453125001,1.3081613281250002,1.2748341796875002,1.2943132812500002,1.2842015625,1.311571875,1.2759994140625002,1.269894140625,1.2426085937500002,0.9885232421875001,1.2698044921875,0.891612109375,1.0718240234374998,1.3843974609375,1.2065955078125001,1.0709845703125,1.07288515625,1.0726740234375,1.0738576171875,1.2123373046875,1.2113234375000002,1.2107744140625,1.0088146484375,1.1392783203125,1.18860546875,1.2440564453125003,1.067870703125,1.2717800781250002,1.0987324218749999,1.1357224609375,1.1394187500000001,1.147008984375,1.1533937500000002,1.2123490234375,1.3036181640625,1.2720730468750001,1.3354419921875,0.8011507812500002,1.3094220703125001,0.6243509765624999,0.87255234375,0.20689003906250003,1.1363693359375,1.1714029296875001,1.278371875,1.39114140625,1.3409556640625,1.3367826171875001,1.3505234375000001,1.347933984375,1.344944921875,1.3378990234375001,1.332571484375,1.238419921875,0.8318236328125,1.0658589843750002,1.3092505859375,1.2976111328125,1.2798621093750002,1.32705859375,1.26495,1.304205078125,1.2982718750000002,1.2756039062500002,1.2931863281250002,1.2810845703125002,1.319575,1.2852736328125003,1.2770531250000001,1.2495849609375003,1.266023828125,0.8924693359375,1.071047265625,1.0730240234375001,1.0719802734375001,1.0719851562500002,1.0713494140625,1.2164203125,1.2117453125000002,1.2050568359375,1.1853904296875002,1.2410669921875002,1.0707740234375,1.2661708984375002,1.097324609375,1.1328849609375,1.131290625,1.1483474609375002,1.156742578125
