,lapgyn4_anatomical_structures,lapgyn4_surgical_actions,lapgyn4_instrument_count,lapgyn4_anatomical_actions,sklin2_skin_lesions,identify_nbi_infframes,laryngeal_tissues,nerthus_bowel_cleansing_quality,stanford_dogs_image_categorization,svhn,caltech101_object_classification,caltech256_object_classification,cifar10_object_classification,cifar100_object_classification,mnist_digit_classification,emnist_digit_classification,hyperkvasir_anatomical-landmarks,hyperkvasir_pathological-findings,hyperkvasir_quality-of-mucosal-views,hyperkvasir_therapeutic-interventions,cholec80_grasper_presence,cholec80_bipolar_presence,cholec80_hook_presence,cholec80_scissors_presence,cholec80_clipper_presence,cholec80_irrigator_presence,cholec80_specimenbag_presence,derm7pt_skin_lesions,idle_action_recognition,barretts_esophagus_diagnosis,brain_tumor_classification,mednode_melanoma_classification,brain_tumor_type_classification,chexpert_enlarged_cardiomediastinum,chexpert_cardiomegaly,chexpert_lung_opacity,chexpert_lung_lesion,chexpert_edema,chexpert_consolidation,chexpert_pneumonia,chexpert_atelectasis,chexpert_pneumothorax,chexpert_pleural_effusion,chexpert_pleural_other,chexpert_fracture,chexpert_support_devices,pneumonia_classification,ph2-melanocytic-lesions-classification,covid_xray_classification,isic20_melanoma_classification,deep_drid_dr_level,shenzen_chest_xray_tuberculosis,crawled_covid_ct_classification,deep_drid_quality,deep_drid_clarity,deep_drid_field,deep_drid_artifact,kvasir_capsule_anatomy,kvasir_capsule_content,kvasir_capsule_pathologies,breast_cancer_classification_v2,eye_condition_classification,mura_xr_wrist,mura_xr_shoulder,mura_xr_humerus,mura_xr_hand,mura_xr_forearm,mura_xr_finger,mura_xr_elbow,bean_plant_disease_classification,aptos19_blindness_detection,lapgyn4_anatomical_structures --shrink_train 800,lapgyn4_surgical_actions --shrink_train 800,lapgyn4_instrument_count --shrink_train 800,lapgyn4_anatomical_actions --shrink_train 800,laryngeal_tissues --shrink_train 800,nerthus_bowel_cleansing_quality --shrink_train 800,svhn --shrink_train 800,cifar10_object_classification --shrink_train 800,mnist_digit_classification --shrink_train 800,hyperkvasir_anatomical-landmarks --shrink_train 800,hyperkvasir_pathological-findings --shrink_train 800,hyperkvasir_quality-of-mucosal-views --shrink_train 800,hyperkvasir_therapeutic-interventions --shrink_train 800,cholec80_grasper_presence --shrink_train 800,cholec80_bipolar_presence --shrink_train 800,cholec80_hook_presence --shrink_train 800,cholec80_scissors_presence --shrink_train 800,cholec80_clipper_presence --shrink_train 800,cholec80_irrigator_presence --shrink_train 800,cholec80_specimenbag_presence --shrink_train 800,idle_action_recognition --shrink_train 800,brain_tumor_classification --shrink_train 800,brain_tumor_type_classification --shrink_train 800,chexpert_enlarged_cardiomediastinum --shrink_train 800,chexpert_cardiomegaly --shrink_train 800,chexpert_lung_opacity --shrink_train 800,chexpert_lung_lesion --shrink_train 800,chexpert_edema --shrink_train 800,chexpert_consolidation --shrink_train 800,chexpert_pneumonia --shrink_train 800,chexpert_atelectasis --shrink_train 800,chexpert_pneumothorax --shrink_train 800,chexpert_pleural_effusion --shrink_train 800,chexpert_pleural_other --shrink_train 800,chexpert_fracture --shrink_train 800,chexpert_support_devices --shrink_train 800,pneumonia_classification --shrink_train 800,covid_xray_classification --shrink_train 800,isic20_melanoma_classification --shrink_train 800,deep_drid_dr_level --shrink_train 800,deep_drid_quality --shrink_train 800,deep_drid_clarity --shrink_train 800,deep_drid_field --shrink_train 800,deep_drid_artifact --shrink_train 800,kvasir_capsule_anatomy --shrink_train 800,kvasir_capsule_content --shrink_train 800,kvasir_capsule_pathologies --shrink_train 800,mura_xr_wrist --shrink_train 800,mura_xr_shoulder --shrink_train 800,mura_xr_humerus --shrink_train 800,mura_xr_hand --shrink_train 800,mura_xr_forearm --shrink_train 800,mura_xr_finger --shrink_train 800,mura_xr_elbow --shrink_train 800,bean_plant_disease_classification --shrink_train 800,aptos19_blindness_detection --shrink_train 800
lapgyn4_anatomical_structures,0.0,0.00016561956080187842,0.00017964923566375786,0.0002573604811540848,0.00042974364595397706,0.0004598442104082955,0.0006813304104462529,0.00038024459078278333,0.000508573822893762,0.0006591433030822083,0.00040812685736723214,0.0004034478852725596,0.0004920132598462601,0.0004634149380648558,0.0006868416052297513,0.0007067037046011318,0.0002757396077218518,0.0002667765410866018,0.0003347336284583735,0.0003177780099379218,0.0002298796029966275,0.00023118755531348318,0.0002305483108091304,0.0002297044220794075,0.00022911571650014942,0.00022973890428416957,0.00022943869155485558,0.00043771424502856934,0.00043496349321822875,0.0004647893252228073,0.0005859422336626623,0.0005296989824696838,0.0006295075134768069,0.00048035938781991347,0.0004829889879900019,0.0004962024554935292,0.000477430824672099,0.0004986913441277919,0.00047631157313334286,0.0004756093676228337,0.0005009081701155144,0.0004953861792581146,0.0004879098961782795,0.0004718456207649323,0.00047865396863795993,0.0005061096420023268,0.0005603454904314954,0.00046696554667957906,0.0005625943415450041,0.0005000867058752359,0.0006736184253426611,0.0005923574708696013,0.0005228741149809006,0.0006750333498369319,0.0006751562382454009,0.0006766459386682404,0.0006764006899553127,0.0005063297397518499,0.000498340880792281,0.00049654427219177,0.0006083652911176763,0.0008241886167845748,0.0005816122715728432,0.00047118081980695233,0.0005273311087401356,0.0005330794455933607,0.0005302680691871282,0.0005116430049576063,0.0005401384809933356,0.0005425030214445915,0.0006175347899044959,,0.0001859637773003469,0.00017882387209197426,0.0002600890421534757,0.0006826569053896652,0.0003805199236114658,0.0006564242513922196,0.0004943052004439707,0.0006844274682896545,0.00027355728082981883,0.000265737992234778,0.0003370859933482155,0.0003157998320924964,0.00023152344571727561,0.0002301289472142446,0.00023105405793643412,0.0002349010469789775,0.0002326822011814965,0.0002254301012324752,0.0002348222128510644,0.0004386793002591893,0.0005876781021704123,0.0006259117199279493,0.0004839478730497051,0.00048443289902123487,0.0004945018503234365,0.0004789602936305272,0.0004963374308817334,0.0004769520210545876,0.0004722142285796543,0.0004977419937924107,0.0004990704666677951,0.0004899200471822648,0.0004717612581903341,0.00048014371277457215,0.0005069755676376514,0.0005615782097578052,0.0005625059267723077,0.0004957774812085081,0.0006748630822512563,0.000674531309459614,0.0006767485639418329,0.0006759085358755058,0.0006744471770324203,0.0005040932693128134,0.0005007235960907068,0.000496206136401249,0.0005820588279732597,0.000469396291658866,0.0005279551325622819,0.0005302537914364186,0.0005304536520671172,0.0005138388908964453,0.0005378306346987851,0.0005432731624474742,0.0006150692701904668
lapgyn4_surgical_actions,0.00016561956080187842,0.0,9.833125850889328e-05,0.00013982649722581137,0.00046847261534513324,0.0004989717385157002,0.0007159468819946946,0.00039187740440900206,0.0005411035868505213,0.0006698410434457323,0.0004228801794629718,0.00041320327218255797,0.0004944437535964938,0.00047443377481198054,0.0006759734589726547,0.0007036799128705606,0.0003185697284739052,0.0003157986819266611,0.0003496192798870952,0.0003233764872552892,0.00020095206794634878,0.00020230151294243915,0.00020026713812822328,0.00020079489418882142,0.00019946403014922714,0.00020070694999694836,0.0001995113196685286,0.0004669984124620246,0.000408846647697892,0.0004963583229498324,0.0006171231624887289,0.0005883217538365683,0.0006346772606096276,0.00048242920658063876,0.0004812845580999525,0.0004911861052179689,0.00047902989368648155,0.0004933671704154864,0.0004776359333582415,0.0004767620261340686,0.0004966832730692426,0.0004917756210580241,0.0004846370535000232,0.000472706180360027,0.00047948864509509597,0.0004994632822504638,0.0005665331218034358,0.0004964315116526776,0.0005656913946514802,0.0005557084466263794,0.0006954788328196551,0.0005769084603041931,0.0005202138191248968,0.0006968631587859315,0.0006965757205071435,0.0006978646650668244,0.0006978114578801272,0.0004996250538495407,0.0005008278603644905,0.0005010726130396628,0.0006212384518789833,0.0008407339830587585,0.0005474525926827086,0.00045709219367916427,0.0005157285257385151,0.0005033837857702872,0.0005001490052940324,0.0004886534420290456,0.0005128941441911487,0.000554241083483486,0.0006332964078261893,0.00016748589339173547,,9.417263289013736e-05,0.00014131330284141753,0.0007168018406670944,0.0003917729335869208,0.0006666321215006387,0.0004967876695642487,0.0006737642916230807,0.00031808195916890815,0.00031419438472858857,0.00035102265033508015,0.00032269449228591,0.00020354083112166982,0.0002008398448681955,0.00020051851459703312,0.000204515540365863,0.00019728506033709996,0.00019765075252867312,0.00020693180730825046,0.0004095875028595009,0.0006183827212079309,0.0006316884511697696,0.00048444520317242497,0.0004812423798756401,0.0004893090993287751,0.00047959523634671583,0.0004921887728199857,0.0004782029861752585,0.00047430124413881593,0.0004938642408651623,0.0004939417665436906,0.000487330726269389,0.0004727221258021279,0.00047990401110635603,0.0005000694403171252,0.000566406306858317,0.0005661990491491796,0.0005509599691621794,0.0006964530524014081,0.0006959546000175645,0.0006982294097581305,0.0006974362782010055,0.000696413614673741,0.0004975955811240644,0.0005027514422537778,0.0005008823797210874,0.0005479210038263016,0.0004541062835307616,0.0005141937348281735,0.0005010316572766731,0.0005010038001868366,0.0004914707036967488,0.0005117171846731028,0.0005546847545060165,0.0006303412961981714
lapgyn4_instrument_count,0.00017964923566375786,9.833125850889328e-05,0.0,0.0001193173326143424,0.0004519682379115579,0.00048306443303384935,0.0007020183560099676,0.000397275888375071,0.0005202946282680026,0.0006540999804266417,0.0004036015958971471,0.00039382066059017297,0.0004823664699822657,0.0004620603041161862,0.0006632737942168704,0.0006864739299966536,0.0003100702259703545,0.0003074737123245659,0.0003600136728732174,0.00034778030706774136,0.000178936119537023,0.00018122835992652976,0.00017869674060809866,0.00017888725672438426,0.00017801344342271335,0.00017919098696460772,0.0001777306673297194,0.0004594115727145027,0.00043151498621711137,0.0005091100823675328,0.0006033894528709419,0.0005652319287924549,0.0006271063043777904,0.0004942060765571375,0.000495459047765041,0.0005069947973485859,0.0004900263911706429,0.0005097363105631171,0.0004895965850786219,0.0004883656975583673,0.0005124932208444828,0.000506359366727845,0.0004984833508588501,0.00048334173458787814,0.0004929778654108239,0.0005159669872597311,0.0005697698050949511,0.0004900327869530163,0.0005698333221668877,0.0005478232642309762,0.0006759328369181851,0.0005916975589923169,0.0005294019317153052,0.0006771502542303482,0.000676729644769139,0.0006781414233567446,0.0006781371438202816,0.0004926613670667975,0.0004988886778844602,0.0004992005674353821,0.0006271671317195123,0.0008230229275697212,0.0005442446847836972,0.0004605039113576931,0.0005002854733354833,0.000514635253172601,0.0004894003145358345,0.0004827870820636889,0.0005018474459857001,0.000556077503561318,0.000616241133446413,0.00018112051276699014,0.00010343367531970575,,0.00012453449874832425,0.0007029042860266332,0.0003969351480286903,0.0006508929802495904,0.00048490790421037815,0.0006608788688404905,0.00030957091923246,0.0003051413307764633,0.0003617439697216844,0.00034678832775495913,0.00018204235818327136,0.0001792773202453864,0.00018043538803146628,0.0001832017279301327,0.00017620848625881792,0.00017516944446499994,0.0001836779690859824,0.0004340878249165176,0.0006049315627545055,0.000623844587178361,0.0004974936066731891,0.0004953322679781315,0.0005048088354041875,0.0004914655958233441,0.0005081262532316912,0.0004901166499953515,0.00048559311118307917,0.000509439040481401,0.000509536424587561,0.0005012569753171023,0.0004827635652299853,0.0004941931362124421,0.0005165997121281731,0.0005700493145259697,0.0005702774109977474,0.0005432248764764384,0.0006768012119619529,0.0006761749047026484,0.0006784758246005578,0.0006778378372253577,0.0006769877567561343,0.0004909552327513378,0.000500240960597549,0.0004987227441534715,0.000544802959908224,0.00045770919521857865,0.0004990046556336019,0.0005120763104087887,0.0004898312685580237,0.00048490498958458396,0.0005002568040553703,0.0005564907868103994,0.0006136214326254248
lapgyn4_anatomical_actions,0.0002573604811540848,0.00013982649722581137,0.0001193173326143424,0.0,0.0005217943203850282,0.0005468637740789961,0.000756690240111837,0.00045778586229652395,0.000573631084894007,0.000702427256357934,0.0004620931454070721,0.0004539248829899648,0.0005386169137587304,0.0005217172124808149,0.0007053528320377644,0.0007311426626501903,0.00039147481242816765,0.00038764553274954624,0.00042087056870988826,0.00040662445288276966,0.00025867515744370595,0.00026009351799238844,0.0002575634780889118,0.0002584023189871261,0.000257254431061218,0.00025854348254469655,0.00025709844846951433,0.0005205923855110845,0.00045773050258461395,0.0005706227535232847,0.0006706041875807905,0.0006369165740224173,0.0006765206969944774,0.000540623030316068,0.0005412111608850118,0.0005497395866462673,0.0005383139315841949,0.0005520606483845079,0.0005364449199223526,0.0005370025374801259,0.0005555451030786647,0.000549265923178277,0.0005430665432229029,0.00053228291024622,0.0005385083498790711,0.000556357810557359,0.0006172837858509195,0.0005440506016669682,0.0006168763305564803,0.000615886469713687,0.0007353658160804284,0.0006181424108400436,0.0005808413110713983,0.0007367682681997424,0.0007364310344475161,0.0007374444264124059,0.0007375205730969952,0.0005460392775829382,0.0005576010105856708,0.0005587759052339419,0.0006782332879199506,0.0008738902586873101,0.0005831753668462869,0.000510839408962461,0.0005551388608431824,0.0005428171222986951,0.0005283452502896386,0.0005188859310347857,0.0005448263725230025,0.0005968901774845537,0.0006711661072403507,0.00025837889931094437,0.00014500174947639855,0.00011742778058434612,,0.0007577563566879192,0.000457445918542854,0.0006992958056815445,0.0005414195262887503,0.0007023920153798721,0.0003914500122184243,0.00038622476135971367,0.0004224796269953001,0.00040631041212118516,0.00026203845871447355,0.00025938681898892855,0.0002589869663313961,0.00026113961557343925,0.0002530071803071282,0.00025568684090955697,0.0002630447059145397,0.00045854103041581334,0.0006720728911755194,0.0006737908616884642,0.0005428070183870135,0.0005401448000546651,0.0005477940074866022,0.0005387652700838624,0.0005513953346098928,0.0005371068306741204,0.0005344182033264243,0.000552646325734942,0.0005509597959593938,0.0005454791298414273,0.0005325010317725086,0.0005387347037168202,0.0005568030222489771,0.000617176932644066,0.0006170991573880216,0.0006119585743425317,0.0007361240550591965,0.0007359521850496162,0.0007380964735537005,0.0007370885224184187,0.0007360182738712232,0.000544043193713201,0.0005591642754010792,0.0005581426980615004,0.0005839858060346409,0.0005078584766940407,0.0005532027745879022,0.0005406707973810777,0.000529037463764401,0.0005214861035047401,0.0005440292671402133,0.0005974487796042308,0.000668682574231147
sklin2_skin_lesions,0.00042974364595397706,0.00046847261534513324,0.0004519682379115579,0.0005217943203850282,0.0,0.00045945254555201383,0.0006287889198545631,0.0004677951895969147,0.0005059924764403154,0.000634591748368659,0.0004193429851482766,0.00041435663198609155,0.0005035635898001346,0.00046507320724447265,0.0006731228017938043,0.0006786501115849863,0.00034016939813595853,0.0003541793311386571,0.0004555142346796004,0.0004609589075160657,0.0004241854327705841,0.0004256928762167625,0.0004262030509531484,0.00042478081823675616,0.00042496935451822796,0.0004252125945861718,0.0004249033079409822,0.00024448727117772144,0.0005102498334464377,0.0004337312643485906,0.0005631195114924373,0.0003784518474351527,0.0006122908649049156,0.0005377569771710983,0.0005449763566977491,0.0005569721288990625,0.000532198899890528,0.0005605691699643194,0.0005333062304178268,0.000529950043405167,0.0005636821812536662,0.0005585699962831492,0.0005465787547756916,0.0005188248804805435,0.0005457228925619202,0.0005667042376752594,0.0006329492065589362,0.00024189054012384374,0.0006385727656203532,0.00031146447970096364,0.0005447056330453626,0.0006652577667765373,0.0005426994118248734,0.0005465392518694744,0.0005466324072534291,0.0005478114369256225,0.0005478825997010182,0.00044269262731469645,0.00042289355492241014,0.0004239976235234027,0.000567784785126749,0.0007248579486690315,0.0006215020540263885,0.0005166919979232318,0.0005605478417414295,0.0006058233044456081,0.0005738112314584344,0.0005728726902722627,0.000564047687465357,0.0005314953820114324,0.0004974637157092736,0.00042816747334483855,0.0004679691736261997,0.00045757077980835995,0.0005252859023952177,0.0006298443968197979,0.00046631890626984803,0.0006312020619389834,0.0005038699780324662,0.0006718596483147937,0.00034077634786095,0.0003498228760492038,0.0004561311804595866,0.00046171095752301557,0.00042262137502282435,0.00042576010625839067,0.0004284302582412789,0.00042837109818772844,0.00043006438427540205,0.00042287456356151717,0.000422459348411805,0.0005176486249601136,0.0005641935286117166,0.0006083365091752342,0.0005436587169881906,0.0005475651419676624,0.0005550725282600782,0.0005337775866378129,0.0005564626511440883,0.0005338068312061428,0.000525516985533933,0.0005605012740257322,0.0005620264622434503,0.0005495845013726488,0.0005177689823661128,0.0005497251454488813,0.0005679029493578858,0.000635246701658149,0.0006385715294088782,0.0003097832420620062,0.0005460368393653823,0.0005456120532750144,0.000548674690057602,0.0005466156138938921,0.0005460436545790202,0.0004398619786970629,0.00042232922859922835,0.0004252179593177749,0.0006222147108468446,0.0005139525337833758,0.0005619506158666322,0.0006030348299309049,0.0005730911237022073,0.0005729201857884074,0.0005602312074347201,0.00053141350434472,0.0004946779678728238
identify_nbi_infframes,0.0004598442104082955,0.0004989717385157002,0.00048306443303384935,0.0005468637740789961,0.00045945254555201383,0.0,0.00047475408759885306,0.0005441366460291121,0.0004690942538550058,0.0004906178101348187,0.0003952210881744956,0.0003922958366710734,0.0004755160721946871,0.00042381341686433113,0.0006085290465037237,0.000617054592744701,0.00041590680906977435,0.00042644160711028956,0.0005067982347823631,0.0005172606021719738,0.00047199709079927965,0.0004743755934803407,0.0004737501925352358,0.00047211683687191624,0.00047341793306751676,0.00047332324334651524,0.0004744089692119875,0.00041435873581456074,0.000516591963256184,0.0004411503143186141,0.0005103780844146372,0.0005039441436645783,0.0006509341568723305,0.0005804352653821783,0.0005708912473592543,0.0005756519655143111,0.0005784245371498262,0.0005743349556511212,0.0005754789555193396,0.0005740525099149451,0.0005773703888998154,0.0005844801604973119,0.0005722920242347495,0.0005726213016285654,0.000568986447915588,0.0005790910123352159,0.0006325757249189219,0.0004255689162145892,0.0006448052799699547,0.0004118817196262742,0.000662676878985233,0.0007154701564574296,0.0005978651103196279,0.0006636263989159273,0.0006643755394481177,0.0006654186846015055,0.0006656269714402827,0.0005864070313678439,0.0005772030935854945,0.0005765309270843766,0.00048429967434655016,0.0008190080549278069,0.0006303836729225347,0.0005524762167347535,0.0005589272976034964,0.0006511935313075043,0.0005746135548140249,0.000573583343278492,0.0005837796921247696,0.000571978111018023,0.0006431289579885156,0.0004583292654713909,0.000489826118478517,0.0004871600293962114,0.0005504170550233639,0.0004750865939004363,0.0005420676083020688,0.0004910566781193501,0.00047520791487255744,0.0006057974633240295,0.0004134950342681602,0.0004205095787281368,0.0005094380512124328,0.0005170396539677911,0.0004708075528485147,0.00047113611049694643,0.0004768454606029685,0.00047869427331439314,0.00047828684221520455,0.0004721206315621896,0.0004692616665532705,0.0005242450373866095,0.0005135638902756779,0.0006477649063270994,0.0005836212794576007,0.0005731510215425365,0.0005746611514809662,0.0005845090358809419,0.0005685717752268462,0.0005740228382821765,0.0005688383330346384,0.0005756248663380198,0.0005860111014915312,0.0005739206040101982,0.0005747776189033437,0.0005732607643405589,0.000582142797704276,0.0006366098106184309,0.0006443646191089143,0.0004093491446606258,0.0006638011627435224,0.0006636547588848955,0.0006650947965924461,0.0006644519895288807,0.0006638278602260008,0.0005856061338246624,0.0005782141688536761,0.0005750949156336912,0.00063086202030608,0.0005495094717160051,0.0005610749998980682,0.0006479154577764125,0.0005746636950229749,0.0005724011333871886,0.0005806546322788151,0.0005729207216840268,0.0006414685371911277
laryngeal_tissues,0.0006813304104462529,0.0007159468819946946,0.0007020183560099676,0.000756690240111837,0.0006287889198545631,0.00047475408759885306,0.0,0.0007276373273675564,0.0005995561705203474,0.00046116788112135173,0.0005312333394094404,0.0005453861016016621,0.0005201128518830494,0.00047803612752215575,0.0006648492085600582,0.000658434801204651,0.000661381182947219,0.0006609148378286363,0.0007058714542650573,0.0007374728094919464,0.0007145298329156433,0.0007166243205099412,0.0007159146105328558,0.0007146364455231184,0.0007153110809624194,0.0007156060295057299,0.0007163842125066855,0.0005737140381198728,0.0007146064992472857,0.0006793065132513576,0.0006906798354132512,0.0006673210232892223,0.0008271621934858844,0.0007997165376608007,0.0008006653267287226,0.0008028895418965205,0.0007999388999754377,0.0008032598797214105,0.0007975874160866003,0.0007987204751963007,0.0008041864363125264,0.0008056059957168531,0.0007979645220252114,0.0007949988024772701,0.0007896801179867346,0.0008045495475702993,0.0008518706578576252,0.0006271872662249289,0.0008643670993804922,0.0005448075110247599,0.0008312014817086113,0.0009330903176400318,0.0008236573266475723,0.0008322247339903558,0.0008321219208702346,0.0008327758304739592,0.0008336996849320902,0.0007484683495001226,0.0007383428577252401,0.000738870343609794,0.0006646571142441501,0.0009640045345795255,0.0008069256726668568,0.0007603003328908908,0.0007743188422334324,0.0008235789722206897,0.0007782216953392236,0.0007624711882115805,0.0007694417478199673,0.000744060947568528,0.0008336273302431,0.000679090755172592,0.0007345909516324473,0.0007055280794024931,0.0007596140839079583,,0.0007260532159753963,0.00046519455855985266,0.0005191621022385641,0.0006615077932993515,0.0006605779884645846,0.0006579482541064557,0.0007077268948359012,0.0007375204479701927,0.0007129625654592085,0.0007140441347953358,0.0007191244516538025,0.0007206350224306007,0.0007197886058954246,0.0007124728207659447,0.0007124854723729846,0.0007231449125255554,0.0006926218588089093,0.0008244368858021838,0.0008031993907818855,0.0008024701753872944,0.0008003624628831728,0.0008028995391582375,0.0007993982826947786,0.0007969954281999124,0.0007941304307243977,0.0008036276906181249,0.0008074502660350888,0.0007987335906205002,0.000797030146328916,0.0007926767005836596,0.0008075449523189677,0.0008556434733188831,0.0008633550362372078,0.0005447599444229922,0.000832422065085103,0.0008320480027943751,0.0008327397576944496,0.0008318742345878028,0.0008327693543194705,0.0007476961654901291,0.0007387235826520694,0.000739053773935868,0.0008071349975550702,0.0007580237609430604,0.0007758679005530146,0.0008217589583462955,0.0007779863161404177,0.0007629393772537508,0.000767844174442099,0.0007453941183539871,0.0008318225477008747
nerthus_bowel_cleansing_quality,0.00038024459078278333,0.00039187740440900206,0.000397275888375071,0.00045778586229652395,0.0004677951895969147,0.0005441366460291121,0.0007276373273675564,0.0,0.0005924792784036848,0.0006506104101015812,0.000462459625272985,0.0004469445758578806,0.0005115012619806973,0.0004871646047283918,0.0006708969661493373,0.0006869887815053059,0.0002698993769517242,0.0002403706937069446,0.00013690632549441986,0.00023750041161590263,0.0003289223375549255,0.00032838477768575345,0.00032862391187057444,0.0003293354757761424,0.0003289333907962327,0.00032865019547507335,0.0003293430904770362,0.000478947098845997,0.0003607551932781406,0.0005269847734238889,0.000631558546680932,0.0006148579882421258,0.0005853350923372164,0.000488467775063369,0.00048321498790179253,0.0004956720891235094,0.0004815783509070963,0.0004972928354684756,0.00048135266265835516,0.00047764503475304827,0.0005002191942360334,0.000498629287767901,0.0004875655483294511,0.0004734398985749274,0.0004927028774962066,0.0005055862284205083,0.0006000943865674193,0.0005087548147529528,0.0006021706551275214,0.0005657613681588523,0.000614077693841885,0.0006161046207254266,0.0004707603545399887,0.0006151232776659163,0.0006153984297436453,0.000616611235544879,0.0006155586256417187,0.00038392821293489553,0.00038000533665840844,0.00037693319244230756,0.0006291481849213716,0.0007491750175496853,0.0005588984793254857,0.0004365905664042837,0.00048550391566899324,0.0005198826915370627,0.0005072570277419295,0.00048432080905093963,0.0004940579213243689,0.0006215638005112355,0.0005551136054929404,0.00037970450625861296,0.00040364445927251,0.00039823446206282737,0.00045776082926370304,0.0007292310732259305,,0.0006454322342929888,0.0005109961344656093,0.0006707541653922808,0.00026897539539329527,0.0002463047990963536,0.00013733863224475664,0.00023597560026565264,0.00032732836054122274,0.00033015521236261534,0.0003300079252843027,0.00033108069378062185,0.00033144162648761745,0.0003277754931197343,0.0003292671056392148,0.000361707147534103,0.0006336886686512884,0.0005818676719829425,0.0004925727906196532,0.0004846059707997911,0.0004938062283835832,0.0004842764489743805,0.0004955301285993237,0.00048158653322633954,0.00047531391905392335,0.000497086356734699,0.000502869901048045,0.000490537846513328,0.0004720130575851723,0.0004931657662633863,0.0005065283211538534,0.0005998931900693207,0.0006030675382208689,0.0005620736839562306,0.000615652309815875,0.0006143942468512483,0.0006165319539939737,0.0006165309826485978,0.0006136191539351991,0.0003820998501811657,0.00038117051039972196,0.00037615128937209185,0.0005600923694527167,0.00043343549062168296,0.0004856884950484889,0.0005179734652917139,0.0005068970945406278,0.00048603218558338987,0.0004915052339443162,0.0006224468331620272,0.000551715812406474
stanford_dogs_image_categorization,0.000508573822893762,0.0005411035868505213,0.0005202946282680026,0.000573631084894007,0.0005059924764403154,0.0004690942538550058,0.0005995561705203474,0.0005924792784036848,0.0,0.0005710585228357592,0.0002754603382807212,0.0002788580027771537,0.00037541416203390346,0.0003707390898363402,0.0006237821873400489,0.0006450086956958946,0.0004886832906030918,0.0005048089883242773,0.0005566184465092116,0.000572225274124023,0.0005446211967925813,0.0005467882907877802,0.0005464085533808806,0.0005447869711035935,0.0005451723863257939,0.0005459290425437921,0.0005460511522679596,0.0004743036104141145,0.000600621606045922,0.000533437021552547,0.0005994473919544762,0.0005411459081951409,0.0006569235847796358,0.0006382528121705801,0.0006333912504020612,0.000638458409536901,0.0006371184761159087,0.0006383857615251771,0.0006344406314685092,0.000633324402810405,0.0006403663450346181,0.0006430587530431338,0.0006345111498867572,0.0006329409535142379,0.0006281140143125794,0.0006426595242682879,0.0007027565529271291,0.0005154222586814323,0.0007131467756253556,0.0005283829685403538,0.0006932002091891558,0.0007515053162870141,0.0006131759832143966,0.0006942725532910125,0.0006949912694252641,0.0006952454436696877,0.0006959010855040432,0.0006014382420987837,0.0005869322158407797,0.0005870171363647059,0.0005900559453681554,0.0008330161475940514,0.0006404915662176457,0.0005918060524141061,0.0005792854211270199,0.0006652078896247826,0.0005729036101254246,0.0005807476574616467,0.000589844563350532,0.0005600738724100763,0.000677397821715294,0.0005054570443524352,0.0005384752112583518,0.0005250884277116551,0.0005779179854237007,0.000599802138925132,0.0005910590280107729,0.0005687338304291328,0.0003788367010646055,0.0006214374530686004,0.0004872167473709413,0.0005013560628916414,0.0005580569921195841,0.0005722169066062181,0.0005458143517881396,0.0005454799738497548,0.0005501469936670441,0.0005501475999679776,0.0005496027548130629,0.0005442613599734913,0.0005428209703370746,0.0006079558425712839,0.0006010219877926012,0.0006542436989257197,0.0006415814407862115,0.0006351247549766732,0.0006380492007277783,0.0006411752060949781,0.0006344931072832277,0.0006352126077117963,0.0006290474098370162,0.0006390017389766114,0.0006442217580294109,0.0006359947797912554,0.000633865502259886,0.0006298428440812836,0.0006456311364484708,0.0007061366167853719,0.0007126497696342477,0.0005264792790967276,0.0006942253158926465,0.0006943585883877369,0.0006954265790580757,0.0006943707849665025,0.0006944344521382637,0.0006001438231949249,0.0005885177868201873,0.0005859713603515574,0.0006406912257475173,0.000587654697335236,0.0005802352994665639,0.0006620115934330565,0.0005723814433895162,0.0005807350205959735,0.0005865316315859819,0.00056060384436433,0.0006760704927275345
svhn,0.0006591433030822083,0.0006698410434457323,0.0006540999804266417,0.000702427256357934,0.000634591748368659,0.0004906178101348187,0.00046116788112135173,0.0006506104101015812,0.0005710585228357592,0.0,0.00047749758728091206,0.000470493049545543,0.00035268885903815895,0.000312423357387806,0.00047227002902856753,0.00046634832652177804,0.0006060387696076848,0.0006065824131315616,0.0006287929143066104,0.0006526707021278111,0.0006437786929265631,0.0006459591061917973,0.0006449509024256995,0.0006439243741534121,0.000644695130472178,0.0006447778715173869,0.0006460506026298753,0.000604890630056607,0.0006520818484255988,0.0006454117418909712,0.0006556048840448559,0.0007257340526205745,0.0007588124047814589,0.0007041782602971909,0.0006944514742116541,0.0006982882839152979,0.000702027088507997,0.0006966713566898396,0.0006988486773454733,0.0006985594485596897,0.0006993368398650211,0.0007046739126465331,0.0006945551566332618,0.0006967846151679845,0.0006900403065402076,0.000700552128751048,0.0007679724280335453,0.000643166336955897,0.0007777003733913649,0.0006182708420109601,0.000809047864576086,0.0008419991433092957,0.0007161998681489026,0.0008096705813386701,0.0008101050516580861,0.0008109035500993025,0.000810761278826477,0.0006776215280178497,0.0006653727398946037,0.000666177422375595,0.0006713820258538882,0.0009319052937884218,0.000672870705597597,0.0006509462765841146,0.0006520770722086097,0.0006979568269619062,0.0006466170975517507,0.0006091184709738356,0.0006402219726656045,0.0007243030340432713,0.0007962948441875552,0.0006583881223074764,0.0006715383248758239,0.0006573011807306259,0.0007041499183982733,0.0004622194480074071,0.0006490644093257409,,0.00034928479672043057,0.0004707483989216367,0.0006051693534172786,0.0006031170832106049,0.0006304504617753813,0.0006537127125551509,0.0006428987555119447,0.0006438261101650769,0.0006484068162572981,0.0006500036450158859,0.0006490311518985462,0.0006443088896054629,0.0006418625245611554,0.0006591849990243103,0.0006578287108761493,0.0007566541210861939,0.0007075192151653859,0.000696845002533048,0.0006961829236587147,0.0007069161492932491,0.0006916900133912597,0.0006981055013207712,0.0006943708343308528,0.0006984360545137184,0.000706385184029873,0.0006969802867195676,0.0006996677885648614,0.0006931709575600295,0.0007033133925283704,0.0007707077155479933,0.0007770337033126298,0.0006174267215027797,0.0008103624012605139,0.0008096855005988032,0.0008101755693983603,0.0008097558706739312,0.0008092467196384005,0.0006760424755882992,0.0006653557648016149,0.0006656441863947246,0.0006739382779113632,0.0006489172351612435,0.0006533607206511524,0.0006964511824777133,0.0006463589926304906,0.0006089028025156651,0.0006383515116413965,0.0007252115366940383,0.0007943339264101493
caltech101_object_classification,0.00040812685736723214,0.0004228801794629718,0.0004036015958971471,0.0004620931454070721,0.0004193429851482766,0.0003952210881744956,0.0005312333394094404,0.000462459625272985,0.0002754603382807212,0.00047749758728091206,0.0,7.583045594848513e-05,0.0002798047207447495,0.00024329918011142262,0.0005099035272413181,0.000530395084343235,0.0003787172983676857,0.00037997276741934434,0.00043241884882431764,0.00044615191046191484,0.0004178245585600834,0.00041994106613829515,0.00041906257352645934,0.0004177020237899874,0.00041835837822268534,0.0004190608144828837,0.0004193144295623796,0.00038562851367968044,0.0004552483392258772,0.00046047082842723684,0.0005001983165421449,0.0005014625152002057,0.0005521101516263048,0.000524695283837252,0.00052186177256805,0.0005296690562107218,0.0005237568224765422,0.000529702623792273,0.0005207454877694554,0.0005207230986239925,0.0005323804881360616,0.0005324460987042044,0.0005226991765439476,0.0005188786336051527,0.0005184273524064428,0.000534050101341676,0.0005956719153397692,0.0004390744380791498,0.0006043800690910448,0.00044734543316414565,0.0005938510151756267,0.0006496651372396608,0.0004854820299949722,0.000595454151499597,0.0005954519011831223,0.0005959076173100052,0.0005967500876980709,0.00046403990376632916,0.00045118375061306874,0.00045202375934602244,0.0005186699959137764,0.0007361477262417662,0.0005132086963158262,0.0004646477255150145,0.00045722475341048515,0.0005349432671152266,0.00044578985457589706,0.0004431881844241877,0.00046087307667991463,0.00048599880955999995,0.0005701669908760269,0.00040631056626280683,0.0004263745908695627,0.0004088946079378921,0.000465261740581025,0.0005310506465603855,0.000461208897672424,0.0004738921358509174,0.0002814818371128025,0.0005076917537634849,0.00037792375451755917,0.0003776206002162702,0.00043343085285753557,0.0004464092488696154,0.0004179693989325709,0.00041858030788997447,0.0004239793966586456,0.00042402638713872086,0.0004221988180343585,0.0004176087941367054,0.000416221544223364,0.00046227571598384345,0.0005023358794267424,0.0005500553269254837,0.0005287835986067309,0.0005243284112649557,0.000528312782725782,0.0005284773262410051,0.0005263728212026215,0.0005216653069274133,0.0005163350827693373,0.0005305811447678712,0.0005341751253596466,0.0005246980322476747,0.0005202982576955343,0.0005203802274974282,0.0005373598976607073,0.0005983447770220717,0.0006045284257213369,0.00044502284637340246,0.0005951348023952604,0.0005949343905706026,0.0005962041269190128,0.0005953379465905728,0.0005954047915431738,0.00046259668557744303,0.0004525879372417165,0.0004509929433234327,0.000514046705264292,0.0004596884971906106,0.0004578261026887889,0.0005317774189323783,0.00044560278431074365,0.00044391004672516025,0.00045693851407209863,0.00048674081858622684,0.0005690421120911013
caltech256_object_classification,0.0004034478852725596,0.00041320327218255797,0.00039382066059017297,0.0004539248829899648,0.00041435663198609155,0.0003922958366710734,0.0005453861016016621,0.0004469445758578806,0.0002788580027771537,0.000470493049545543,7.583045594848513e-05,0.0,0.0002711752872733284,0.00023418933948912628,0.0005092745322141511,0.0005307840149497779,0.0003626002466944467,0.00036550073277862813,0.0004200524284377903,0.00042907016945498133,0.00039915736464811533,0.00040112047914441884,0.000400267581116472,0.00039905538080835994,0.0003997597969888091,0.0004004714467342329,0.0004007019705090238,0.0003818829918418446,0.00043902859495929613,0.00045616541455502434,0.0004986480245184651,0.0005032319110175395,0.0005396431670278038,0.0005067613237624405,0.0005047932332022696,0.0005139310441473226,0.0005057865462250407,0.0005141334264400148,0.0005028190996260038,0.0005026011911574352,0.0005170438691357731,0.0005162803978410631,0.0005063611262601178,0.0005006982837928037,0.0005021040301495951,0.0005191001716127197,0.0005784955421722023,0.00043623418904957414,0.0005867320083632673,0.00044809410848063307,0.0005758058938749867,0.0006305062280726994,0.0004655280720377806,0.0005773803447275483,0.000577488325651868,0.0005777589527841331,0.0005786966054398395,0.0004493766345416983,0.00043705265330124226,0.00043816000708934907,0.0005116824024758403,0.0007174125213846665,0.000487957644085873,0.0004364428507885155,0.00042968938836785396,0.0005136813672380907,0.00041692670554829787,0.0004159571433418338,0.00043288894139150195,0.000481073823972455,0.0005515370203596321,0.0004021711313625713,0.0004105030220843137,0.00039910665340525485,0.00045693952596921887,0.0005453246101905582,0.00044591243896230256,0.00046667829783919145,0.00027245055439279646,0.0005073128548730158,0.00036210228898274214,0.0003632075675694333,0.0004209067949005503,0.00042977565937211905,0.0003993489788771929,0.00039999693044474036,0.0004047868041454805,0.0004056272515472032,0.0004037581333193389,0.00039922736963333326,0.00039703379480902245,0.00044631839399852425,0.0005008069434875393,0.000537243558567763,0.0005115201667279068,0.0005074754793069315,0.0005123463442679515,0.0005103612526395138,0.0005109371831135315,0.0005037965648871186,0.000498314153292984,0.0005150309187539775,0.0005182786724626035,0.0005087215255934238,0.0005017954188348309,0.0005040628980390817,0.0005221773367167614,0.0005812125834779754,0.0005868809360141364,0.00044574336419453333,0.0005772730765473794,0.0005771502048897591,0.0005779284164052998,0.0005773071598374053,0.0005773866157233541,0.00044754035250164697,0.00043836090309653706,0.0004371590946483082,0.0004889679376158533,0.00043133692960279637,0.0004299046445577283,0.0005107534835414026,0.0004166026637260207,0.000416882995432161,0.00042905392227399853,0.0004818963496443993,0.0005504185856914825
