,lapgyn4_anatomical_structures,lapgyn4_surgical_actions,lapgyn4_instrument_count,lapgyn4_anatomical_actions,sklin2_skin_lesions,identify_nbi_infframes,laryngeal_tissues,nerthus_bowel_cleansing_quality,stanford_dogs_image_categorization,svhn,caltech101_object_classification,caltech256_object_classification,cifar10_object_classification,cifar100_object_classification,mnist_digit_classification,emnist_digit_classification,hyperkvasir_anatomical-landmarks,hyperkvasir_pathological-findings,hyperkvasir_quality-of-mucosal-views,hyperkvasir_therapeutic-interventions,cholec80_grasper_presence,cholec80_bipolar_presence,cholec80_hook_presence,cholec80_scissors_presence,cholec80_clipper_presence,cholec80_irrigator_presence,cholec80_specimenbag_presence,derm7pt_skin_lesions,idle_action_recognition,barretts_esophagus_diagnosis,brain_tumor_classification,mednode_melanoma_classification,brain_tumor_type_classification,chexpert_enlarged_cardiomediastinum,chexpert_cardiomegaly,chexpert_lung_opacity,chexpert_lung_lesion,chexpert_edema,chexpert_consolidation,chexpert_pneumonia,chexpert_atelectasis,chexpert_pneumothorax,chexpert_pleural_effusion,chexpert_pleural_other,chexpert_fracture,chexpert_support_devices,pneumonia_classification,ph2-melanocytic-lesions-classification,covid_xray_classification,isic20_melanoma_classification,deep_drid_dr_level,shenzen_chest_xray_tuberculosis,crawled_covid_ct_classification,deep_drid_quality,deep_drid_clarity,deep_drid_field,deep_drid_artifact,kvasir_capsule_anatomy,kvasir_capsule_content,kvasir_capsule_pathologies,breast_cancer_classification_v2,eye_condition_classification,mura_xr_wrist,mura_xr_shoulder,mura_xr_humerus,mura_xr_hand,mura_xr_forearm,mura_xr_finger,mura_xr_elbow,bean_plant_disease_classification,aptos19_blindness_detection,lapgyn4_anatomical_structures --shrink_train 800,lapgyn4_surgical_actions --shrink_train 800,lapgyn4_instrument_count --shrink_train 800,lapgyn4_anatomical_actions --shrink_train 800,laryngeal_tissues --shrink_train 800,nerthus_bowel_cleansing_quality --shrink_train 800,svhn --shrink_train 800,cifar10_object_classification --shrink_train 800,mnist_digit_classification --shrink_train 800,hyperkvasir_anatomical-landmarks --shrink_train 800,hyperkvasir_pathological-findings --shrink_train 800,hyperkvasir_quality-of-mucosal-views --shrink_train 800,hyperkvasir_therapeutic-interventions --shrink_train 800,cholec80_grasper_presence --shrink_train 800,cholec80_bipolar_presence --shrink_train 800,cholec80_hook_presence --shrink_train 800,cholec80_scissors_presence --shrink_train 800,cholec80_clipper_presence --shrink_train 800,cholec80_irrigator_presence --shrink_train 800,cholec80_specimenbag_presence --shrink_train 800,idle_action_recognition --shrink_train 800,brain_tumor_classification --shrink_train 800,brain_tumor_type_classification --shrink_train 800,chexpert_enlarged_cardiomediastinum --shrink_train 800,chexpert_cardiomegaly --shrink_train 800,chexpert_lung_opacity --shrink_train 800,chexpert_lung_lesion --shrink_train 800,chexpert_edema --shrink_train 800,chexpert_consolidation --shrink_train 800,chexpert_pneumonia --shrink_train 800,chexpert_atelectasis --shrink_train 800,chexpert_pneumothorax --shrink_train 800,chexpert_pleural_effusion --shrink_train 800,chexpert_pleural_other --shrink_train 800,chexpert_fracture --shrink_train 800,chexpert_support_devices --shrink_train 800,pneumonia_classification --shrink_train 800,covid_xray_classification --shrink_train 800,isic20_melanoma_classification --shrink_train 800,deep_drid_dr_level --shrink_train 800,deep_drid_quality --shrink_train 800,deep_drid_clarity --shrink_train 800,deep_drid_field --shrink_train 800,deep_drid_artifact --shrink_train 800,kvasir_capsule_anatomy --shrink_train 800,kvasir_capsule_content --shrink_train 800,kvasir_capsule_pathologies --shrink_train 800,mura_xr_wrist --shrink_train 800,mura_xr_shoulder --shrink_train 800,mura_xr_humerus --shrink_train 800,mura_xr_hand --shrink_train 800,mura_xr_forearm --shrink_train 800,mura_xr_finger --shrink_train 800,mura_xr_elbow --shrink_train 800,bean_plant_disease_classification --shrink_train 800,aptos19_blindness_detection --shrink_train 800
lapgyn4_anatomical_structures,0.0,0.0001649862560876818,0.00017902980254491733,0.000256559340490922,0.0004253533160036684,0.0004491955525844165,0.0006539195956144362,0.0003792345667753245,0.0004989905455315912,0.0006373532774944566,0.00040174763414757455,0.0003978778933227192,0.00048379954375507225,0.0004550068773812614,0.0006603273883397677,0.0006789412908559125,0.0002746768816243648,0.0002659015131107206,0.0003337735869077211,0.0003170911490971343,0.00022902334617759955,0.000230322378123709,0.00022967375371227739,0.0002288397058963413,0.00022825439581110817,0.0002288810198865069,0.00022856827470149648,0.00043248983012444866,0.0004338014252297888,0.0004596800129005287,0.0005719586332041356,0.0005195123971760611,0.0006218614200460282,0.00047937953532104145,0.00048163601521220543,0.0004948505083700307,0.0004764799882141925,0.0004971852328127739,0.00047526735215516226,0.00047454064141286365,0.0004994399619383265,0.0004941808892363882,0.0004865414418486995,0.00047086752651663853,0.0004774383413500582,0.0005046023006510203,0.0005588056807589712,0.00046195402703024663,0.0005612786701036602,0.0004898227073506334,0.0006648435382926186,0.000590630438842034,0.0005200669597097013,0.0006662722550066823,0.0006662888680061085,0.0006678750151404343,0.0006676196628074212,0.0005044419711440649,0.0004967258004524371,0.0004949638275453033,0.0005978395212445595,0.0008137157837974659,0.0005780593886741332,0.0004691256641475275,0.0005227393422824616,0.0005312856263027892,0.0005262308291787544,0.0005085967093181576,0.000536705713463362,0.0005380384211322235,0.000611118384449868,1.5094236936992705e-05,0.0001852302730605688,0.00017820939453369887,0.0002593169084302102,0.0006551299008294522,0.00037947444215407337,0.0006349916509040646,0.00048609779793839006,0.0006577470786058818,0.0002725047398700488,0.0002648669040397123,0.00033614520729140517,0.0003150912232600466,0.00023064785214059873,0.00022927853523594836,0.0002301888376684746,0.00023403711382148483,0.00023180564759159235,0.00022457075197273896,0.00023395145817867708,0.00043758168620149584,0.0005736854105766389,0.0006183543688979988,0.00048291415556167105,0.000483170013837604,0.0004931326880383861,0.0004780974981268947,0.0004947717945733256,0.0004758519559332125,0.00047109728617977564,0.0004963003385078212,0.0004978440814232163,0.0004885774962341495,0.0004708349557707517,0.00047901893582879006,0.0005055098297165866,0.0005600642844147605,0.0005612210962771267,0.00048571241153894936,0.0006660217579622641,0.0006657669577719464,0.0006679450526856917,0.000667092864430484,0.0006656328359016543,0.0005022182137351325,0.0004990763288821333,0.0004946122772574342,0.0005785081911708338,0.0004673669956214634,0.0005234041487564921,0.0005284207049430375,0.0005264494107269141,0.0005106993090691209,0.0005343448502434825,0.0005387658185316886,0.0006086649783251579
lapgyn4_surgical_actions,0.0001649862560876818,0.0,9.824984856926897e-05,0.0001397918710011821,0.0004629331532869989,0.0004874025327959227,0.0006875228438450185,0.0003911386656049481,0.0005310296804314544,0.000648505280587438,0.00041649229686733776,0.0004077676147809353,0.00048684636463743936,0.00046637961425765337,0.0006512504208148875,0.0006776717296288235,0.0003174793461167961,0.00031490485379954855,0.0003489289324967907,0.0003231366773551955,0.00020070147936996746,0.00020203756141899795,0.00020000302030741642,0.00020053016953169807,0.00019921606106837412,0.00020044476257326387,0.00019924845458022615,0.0004609130963317664,0.00040818821321163875,0.000490553294083496,0.0006019947570201342,0.000576059287928062,0.0006270515192820439,0.0004818454302609111,0.0004803828783298066,0.0004902905904965087,0.00047847031377230105,0.0004923412992420696,0.00047699461622667874,0.00047609909380039785,0.0004956612608936673,0.0004910279981625741,0.00048371247881557103,0.000472108330415515,0.0004787012255307489,0.0004984439923715466,0.0005651999615247573,0.0004904318336933474,0.0005646390886800052,0.0005434383300651261,0.0006857478891321675,0.0005757548039913175,0.0005180334318319502,0.0006871436486096435,0.0006867458512265726,0.0006881729434053871,0.0006880892378335133,0.000498170902725498,0.0004994778533290334,0.0004997355612596135,0.0006109921462666457,0.0008300472555389268,0.0005447024799642558,0.00045551509675708713,0.0005117683723056653,0.0005021734087334898,0.0004969742604145243,0.0004862971923800316,0.0005102449622245487,0.0005496487855803029,0.0006262396533113842,0.00016680313587449932,6.269465575237736e-05,9.411839385446053e-05,0.00014132473559606975,0.0006882616302589315,0.00039098977974196084,0.0006456896207079116,0.0004892082898091147,0.0006489071774704147,0.00031699647464159745,0.000313309826124151,0.0003503492974747029,0.00032243439166157093,0.0002032562941271468,0.00020057771454100394,0.00020026604473673314,0.00020426399807848566,0.00019704246490068105,0.0001973741043654101,0.00020665706469103452,0.0004090134208018021,0.0006033010180826612,0.0006241259136936317,0.00048383149258421116,0.00048042744574967845,0.0004884009605657131,0.00047913593394133713,0.0004910812158886158,0.00047750142412308916,0.00047357410014641665,0.0004928670736674983,0.0004931861431259211,0.00048642317564692337,0.00047217351203811253,0.00047921384426673403,0.0004990876930850404,0.0005651165309869139,0.0005651641169114138,0.0005388566668700081,0.0006866536177460596,0.0006862550058739392,0.0006884887178028,0.0006876561621778217,0.0006866641220135612,0.0004961596443243137,0.0005013870657594553,0.0004995393591512845,0.0005451707990936249,0.00045255936827457127,0.0005102829399016187,0.0004997694638755623,0.000497837402427198,0.0004890039675715373,0.0005089972742987983,0.0005500295102151118,0.0006233338847072775
lapgyn4_instrument_count,0.00017902980254491733,9.824984856926897e-05,0.0,0.00011928518488236043,0.00044634725286086944,0.0004714929765594027,0.0006742965982132811,0.0003962192749942941,0.0005102238127469517,0.0006335951544002832,0.00039718959162773595,0.0003883052396277708,0.00047508785981728856,0.0004544915035853339,0.0006392259560308167,0.000661075794216322,0.00030870672975778194,0.0003063035010646432,0.0003589791797523939,0.00034709185775717155,0.00017850083940521656,0.00018078987585346085,0.00017825097856871984,0.0001784469082999997,0.00017758096286287932,0.0001787541911553239,0.000177282654358527,0.0004532026728720146,0.0004303369573966206,0.0005027154652147122,0.0005886986384751856,0.0005530087683065946,0.000619139323709841,0.0004931712988667708,0.0004940539096374208,0.0005056028513614191,0.0004890097697835878,0.0005081979271399314,0.0004884932078171886,0.0004872356165863713,0.0005109594652756035,0.0005051173394380662,0.0004970569657045892,0.0004823022177089908,0.0004917171095452221,0.0005144296468621429,0.0005681604523079997,0.0004836631688625425,0.0005684757464536193,0.0005353090735604815,0.0006662396684696916,0.0005901660583315453,0.0005268053528175488,0.0006674693022976727,0.0006669464471675842,0.0006685000150527335,0.000668459252181474,0.0004910801273045194,0.0004973209347326871,0.0004976320846297803,0.0006160873606374587,0.0008123126316752757,0.000541298951197605,0.00045856324583740625,0.0004960676230841501,0.0005132024839950781,0.00048602513102942126,0.0004801841792529593,0.0004989066776978305,0.0005510440545045944,0.0006090071964892265,0.00018045043838071334,0.00010331567959448874,1.6362461089562426e-05,0.00012452577948472422,0.0006750729509426266,0.00039584662751681113,0.0006307402793004883,0.0004776355908551603,0.0006367097095543925,0.00030822072960163334,0.00030398580419367633,0.0003607265501892506,0.00034608370782187144,0.00018157754697122383,0.00017882564449282822,0.00017998965273838442,0.00018276709360601968,0.00017577977980493773,0.000174724750301016,0.00018323426225297582,0.00043299856284018427,0.0005903051064390417,0.0006159605024420332,0.0004964302571138095,0.0004940063940665205,0.0005033999382972371,0.000490546560243787,0.0005065027556504458,0.0004889532436628664,0.00048439869312308413,0.0005079377291226533,0.0005082996707491218,0.0004998510080005184,0.0004817889872591463,0.0004930396589593135,0.0005151049259592392,0.0005684707756942933,0.0005689444825262553,0.0005309138023007532,0.0006670383917064322,0.0006665207703283874,0.0006687673891775391,0.0006681047347958085,0.0006672893130436427,0.0004893722718376911,0.0004986722042210688,0.0004971421039358633,0.0005418628430401892,0.0004558063764334748,0.0004948428676990364,0.0005106060130055834,0.00048645574436392624,0.00048218813476236645,0.0004972478110741016,0.0005514108371177029,0.0006064232763281953
lapgyn4_anatomical_actions,0.000256559340490922,0.0001397918710011821,0.00011928518488236043,0.0,0.000515539776113041,0.0005350478666555357,0.0007286371857858934,0.00045655461723873497,0.0005637656198172656,0.0006818747770253354,0.0004557621129366777,0.00044856246364841584,0.0005314129490786557,0.0005141185428603097,0.0006815668229449676,0.0007060862882392624,0.000389768981200218,0.000386149296425838,0.0004196477089712568,0.0004059277910661727,0.0002581639486901008,0.0002595704732134171,0.00025704012514168195,0.0002578874313542436,0.00025674482135461284,0.0002580328241207064,0.00025657194242322256,0.0005138748626907809,0.00045649932232511383,0.0005638890714075258,0.0006548245485854408,0.0006239461586151646,0.000668377465736947,0.0005395990629913072,0.0005398277971932213,0.0005483790386566013,0.0005372891298105902,0.0005505522250388965,0.0005353486225983584,0.00053587127531121,0.0005540431110872451,0.0005480713535354688,0.000541670442526044,0.0005312411918876031,0.0005372924575198852,0.0005548708051612765,0.0006156201197165165,0.0005372050756257108,0.0006154658348116928,0.0006025069364650736,0.0007248324418820494,0.0006165741498496697,0.0005782077976644093,0.0007262381777585123,0.0007258039807376741,0.0007269657124605245,0.0007270025082367584,0.0005441322098772177,0.0005557005834675851,0.0005568582829437635,0.0006672477649477531,0.0008623448387793312,0.0005802243897756191,0.0005087290634904532,0.0005506940696541889,0.0005412710171428141,0.0005248865658206659,0.0005162227568375735,0.0005417951147358056,0.0005918801570899043,0.0006631026908933014,0.0002575227987714121,0.0001449702585670615,0.0001173902554707898,1.9105894296010856e-05,0.0007295882624510166,0.00045618172005417265,0.0006790863438682332,0.0005342398652723301,0.0006784819952990141,0.00038975264139983845,0.00038473715019387764,0.00042127470536544527,0.00040560528812261763,0.0002614902140942023,0.0002588574702240234,0.0002584760180337442,0.0002606175877122157,0.0002525004777518269,0.00025514806309877633,0.00026250463757582947,0.00045738923709481226,0.0006563828015435174,0.0006657070124839716,0.0005417518532864175,0.0005388449758278401,0.0005464235772508094,0.0005378612809816838,0.0005498091416185638,0.000535949707205599,0.0005332143783898231,0.0005511742032066525,0.0005497598058576139,0.0005441064824086119,0.0005315152180204192,0.0005376234727243671,0.0005553499991686413,0.0006155481809681864,0.0006157071850071345,0.0005987276329947942,0.0007255101601674972,0.0007254606056939359,0.0007275468254645902,0.0007265180960000534,0.0007254829057718258,0.0005421502669021858,0.0005572546713337786,0.0005562239014643844,0.0005810318650256309,0.0005057900595163723,0.0005488135463818998,0.0005390835637166805,0.0005255843078596106,0.0005187148097241315,0.0005409250030133934,0.0005923861085381104,0.0006606794732228795
sklin2_skin_lesions,0.0004253533160036684,0.0004629331532869989,0.00044634725286086944,0.000515539776113041,0.0,0.00045004575451893994,0.000603707079974491,0.0004636910069711405,0.000496183839075715,0.0006136146193766516,0.00041159944201303974,0.00040709647535738715,0.0004934033879602369,0.0004549460666978259,0.0006466161304279113,0.0006504412409168944,0.0003368582686344239,0.0003504669611222052,0.00045112756666116906,0.00045634212070270986,0.000419316068610467,0.00042081525468136676,0.00042131294492352785,0.0004198916011167462,0.00042009272784571214,0.00042034802366206587,0.000420035483226243,0.0002417928686468623,0.0005053066378150705,0.00042957470433805663,0.0005500927861417007,0.00037277633342879213,0.0006038636128014497,0.0005346254940849944,0.0005414163718822998,0.0005533031534117983,0.0005290987708858105,0.0005567705361989451,0.0005300724350105247,0.0005267175695854425,0.00055992157304575,0.0005550484410724852,0.000542978029110994,0.0005157380792647379,0.0005422438162485269,0.0005628690998313244,0.0006292856340091499,0.0002399361408039636,0.0006350736894244124,0.0003059185524598105,0.0005392022613944534,0.0006620789171938605,0.000537101221907483,0.000541055415605702,0.0005410945601665193,0.0005423602034735689,0.000542388980341809,0.00044017189480833653,0.00042056055310944935,0.00042163605627970597,0.0005604511302876647,0.0007169168784576465,0.0006149455827833434,0.0005121104141012107,0.0005533695025786592,0.0006009749211873777,0.0005664598051424559,0.0005666138685688101,0.000557713752616775,0.0005263246457488831,0.0004937876102897294,0.0004237871818366511,0.000462281336525075,0.000451916940063918,0.0005190796820346016,0.000604655962518622,0.00046217920586379146,0.0006105848064190581,0.0004936550439649729,0.0006452797002776121,0.000337443093346133,0.0003461341449268032,0.0004517733190452446,0.00045704593319006645,0.00041778888063810215,0.00042089692614679655,0.00042357656289578353,0.0004235051298752988,0.0004251684726395864,0.00041799749681585314,0.0004175741512897272,0.0005127073028124039,0.0005511081176291801,0.0005999770206841525,0.0005404769642275052,0.0005440211553229188,0.0005513819275209382,0.000530706981232347,0.0005526056328906761,0.0005305586720522708,0.0005222883712289643,0.0005567671266409335,0.0005584474736017376,0.0005460057831668703,0.00051476235807747,0.0005462666205296612,0.0005640969615585175,0.0006316139915639036,0.0006351114980770865,0.0003043514535644926,0.0005405038849781692,0.0005401431678378518,0.0005431975245699209,0.0005411536716083958,0.0005405601786064983,0.00043733220417723883,0.0004199860688451076,0.00042284693858374387,0.0006156490828343634,0.0005094080829740435,0.0005547714955778512,0.0005981755360085959,0.0005657772159745691,0.0005666191813740883,0.0005539297148471664,0.0005262301797358476,0.0004910179118455614
identify_nbi_infframes,0.0004491955525844165,0.0004874025327959227,0.0004714929765594027,0.0005350478666555357,0.00045004575451893994,0.0,0.00045563980944047806,0.000533112721848004,0.00045745088397349047,0.00047133113389760857,0.0003840564449225898,0.00038156509162646385,0.00046113984315456413,0.0004100178155959642,0.0005791049919430466,0.0005881467107607301,0.0004060028805333395,0.00041629931603564673,0.0004959859138819133,0.0005064023797534377,0.0004605969298794206,0.0004629854589391067,0.00046234120072433007,0.00046072185366884827,0.0004620052933245527,0.000461910608459743,0.0004629850833054143,0.00040616604238345966,0.0005077493671235601,0.00043391479033657096,0.0004949972318384396,0.0004925984092399217,0.0006389721213641382,0.0005716816185848204,0.0005621035961243886,0.0005671286087022033,0.0005695687436932724,0.0005658224224250556,0.000566607017855747,0.0005651086593630424,0.0005688601203273016,0.0005758885697053344,0.0005636010176423897,0.0005636550263066616,0.0005602822012297855,0.0005707044620568687,0.0006254994018112757,0.0004181485026354529,0.0006376485032405394,0.0004026462731182886,0.0006507988570255166,0.0007063833693688091,0.00058779306372337,0.0006518327901302518,0.0006524316579443795,0.000653568100214391,0.0006537755037717399,0.0005764971713545782,0.0005673141930877529,0.0005666411911847415,0.00047710050304578547,0.0008061452525241375,0.0006202276730569152,0.0005424380758705653,0.0005479618070486067,0.0006416688864414363,0.0005638502612347516,0.0005634490196211278,0.0005736044332721598,0.0005639636235702946,0.0006327389964946189,0.00044770561687698955,0.00047840027958588377,0.0004755323486033296,0.0005385351915008457,0.0004558665429656996,0.0005310256100903965,0.00047191920790293966,0.0004607807470341759,0.0005763582468343843,0.000403595124571154,0.00041040096678775933,0.0004986374787859753,0.0005061554367000246,0.00045940831118404285,0.000459798632863045,0.0004654207771655966,0.0004673122626031819,0.0004668705539401714,0.0004607703614411549,0.000457867044857784,0.0005154094544264871,0.0004980688466761539,0.0006359014465004677,0.0005748835557436029,0.0005644160862630673,0.0005660788977453492,0.0005756542430192762,0.000560117082751291,0.0005651831537895648,0.0005598817370453821,0.0005670938355264817,0.0005774699455139806,0.0005653294468004384,0.0005657714511612521,0.0005645499663036442,0.000573695869484333,0.0006294762197794605,0.0006372671787401381,0.0004002748756706525,0.0006519095394827831,0.0006518131064103731,0.0006533259851293353,0.0006525891772232223,0.0006519128763165984,0.0005757005658117121,0.0005683412171728042,0.0005652251012398905,0.0006207238281161605,0.0005394403633808758,0.0005500457758840105,0.0006383927003817561,0.0005639160091903539,0.0005623355376421984,0.0005704333812759575,0.000564922242237245,0.0006310732146004648
laryngeal_tissues,0.0006539195956144362,0.0006875228438450185,0.0006742965982132811,0.0007286371857858934,0.000603707079974491,0.00045563980944047806,0.0,0.0007007615493740869,0.0005801991970419676,0.0004470099208042381,0.0005123066646769159,0.0005255479520233078,0.0005013542686467855,0.00046033487868892063,0.0006364156477395843,0.0006304510793180987,0.0006319704658672501,0.0006321486392157725,0.0006775931046493679,0.0007073571120318275,0.000684297124040831,0.0006863509942770408,0.0006857071332773323,0.0006845129445712657,0.0006851234327755731,0.0006853950304224557,0.000686163710709912,0.0005516393681485325,0.0006876342527741006,0.0006534185167196848,0.0006672570169181794,0.0006439672851441125,0.0008044507509002849,0.0007738419979076642,0.0007743948526201046,0.0007769533234466233,0.0007739919064806316,0.0007771440106845837,0.0007714642331573977,0.0007724133226663431,0.0007780204842611863,0.0007795272466795043,0.0007718814522370331,0.0007688815322027718,0.0007636602203135352,0.0007785947896560921,0.0008270087560979871,0.0006046321579394212,0.0008390782731837054,0.0005247173331883853,0.0008048487253072638,0.0009050315943663452,0.0007966763886859114,0.0008060282993677108,0.0008059129809705541,0.0008067047536243024,0.0008074859935420197,0.0007238258719418183,0.0007140994613897862,0.0007145217184306697,0.000642464080109342,0.0009374905525611258,0.0007818350158167297,0.0007330431714011263,0.0007456688676473103,0.0007983992705420294,0.0007506182106698238,0.0007374325341591168,0.000742878210422635,0.0007220112413324094,0.0008055792133344474,0.0006517396622780859,0.0007044037691246296,0.0006778428002394921,0.0007315434861965414,8.802627071289217e-06,0.0006991974577376442,0.00045085816642897244,0.0005004015272030886,0.0006329325597560947,0.0006312905970006816,0.0006291901976621917,0.0006794112689443299,0.0007073742440009084,0.0006827109053056954,0.0006837758371136116,0.0006887869490166077,0.0006905176563796601,0.0006895200488981759,0.0006825163500214675,0.0006823116705248149,0.0006960184878575042,0.0006692123097162181,0.0008018183040517745,0.0007771675154061015,0.0007761463282882542,0.0007745116733122032,0.0007769134687965926,0.0007733374909033384,0.000770945920763855,0.000767846411481486,0.0007776548638951401,0.0007814230965895277,0.0007727793345772788,0.000771032357162616,0.0007665821455976193,0.000781482184328404,0.0008305795278303731,0.0008382118082424565,0.0005247184788462727,0.0008060464975324685,0.000805800025582782,0.0008065586005591226,0.0008057641254213038,0.0008066490060076722,0.0007230391102375703,0.0007145908481141544,0.0007146395887358865,0.0007820598257200973,0.0007307585784863854,0.000747202268482201,0.000796549391844176,0.0007503419193343165,0.0007376959330371257,0.000741167273591403,0.000723435316743421,0.0008037768495250995
nerthus_bowel_cleansing_quality,0.0003792345667753245,0.0003911386656049481,0.0003962192749942941,0.00045655461723873497,0.0004636910069711405,0.000533112721848004,0.0007007615493740869,0.0,0.0005828128384847019,0.0006331093828846959,0.00045736675384446825,0.0004426792928624916,0.0005060408596059057,0.00048138437002912974,0.0006501421554124542,0.0006643083964249948,0.0002692722811353059,0.0002402347704535552,0.00013701422708411142,0.0002378083866963305,0.0003285666975988286,0.00032803410025256764,0.0003282762718737252,0.0003289782565575059,0.0003285768078255632,0.0003282867852189892,0.0003289920514835614,0.00047387151065516854,0.0003604820037255015,0.0005214718600597091,0.0006181544738193758,0.0006028057944407023,0.0005799847653277284,0.00048817230294171397,0.0004827509558215621,0.0004951349446671766,0.0004813600733527622,0.0004966723827678663,0.00048106236814017235,0.00047737882758204606,0.000499567312429692,0.0004981952893094767,0.0004870461385195616,0.00047321757629866196,0.0004922184431169958,0.0005049058820360011,0.0005986590882900106,0.0005039677499000406,0.0006010369252163342,0.0005548763831188804,0.000606517508613523,0.0006147661967809674,0.0004699541850979263,0.0006076387194529164,0.000607790738941905,0.0006090802776220402,0.0006080679753277098,0.0003838037159528873,0.00038012309504112016,0.0003770826509963469,0.0006204283078171946,0.0007410936268121306,0.0005564538463774902,0.0004360130764680828,0.000482778956269952,0.000519326305282009,0.0005046569943708632,0.00048270136566564705,0.0004922204626169396,0.0006160737808497325,0.0005499383644937698,0.00037867749712878747,0.0004026732816710653,0.0003971953412743835,0.00045661373937114604,0.0007021698886879178,1.2857516450266197e-05,0.0006283912078347475,0.0005055077965480599,0.0006498860171547932,0.00026836285501641175,0.0002461216592180813,0.00013745644045515292,0.00023626378571051706,0.00032699191173089076,0.0003297902043818015,0.00032966239531231407,0.000330741193527191,0.0003310939073003551,0.00032742016352536657,0.0003288885177465662,0.0003615041057325475,0.000620296213223097,0.0005765892762535317,0.0004922425383192044,0.0004841861877725316,0.0004932545136741835,0.0004841259841372103,0.0004948321581065162,0.0004812610607759442,0.00047500557443411,0.000496515248126048,0.0005024050118706094,0.0004899761442360071,0.00047186202753344284,0.0004927856316467855,0.0005058893591816827,0.0005985140874168735,0.0006019468414775515,0.0005514045131904208,0.0006080531956199475,0.000606899598977782,0.000609026017725362,0.0006089423625476817,0.0006060396232518469,0.0003819923982813449,0.0003812561352715282,0.0003762937757826623,0.000557640196988955,0.000432872163135899,0.0004829935155280309,0.000517358739836634,0.0005043209564212796,0.0004842828912184758,0.0004896401535106364,0.000616873264804578,0.000546598424426745
stanford_dogs_image_categorization,0.0004989905455315912,0.0005310296804314544,0.0005102238127469517,0.0005637656198172656,0.000496183839075715,0.00045745088397349047,0.0005801991970419676,0.0005828128384847019,0.0,0.0005574146535116289,0.0002709684435930186,0.00027378572717093417,0.0003689229815982924,0.00036405780238836765,0.000608009388868342,0.0006286431857065976,0.00047849310977265654,0.000494953971961131,0.0005468524720923481,0.0005619927779418006,0.0005339389066548472,0.0005361104230318125,0.0005357218387587289,0.0005341145879293015,0.0005344830726565441,0.0005352332656620528,0.0005353694470580505,0.0004648018340236926,0.0005910567636130081,0.000524102769841002,0.000586561575811646,0.0005277684829302178,0.0006485268068965645,0.000629746283320056,0.0006246003697182075,0.0006297662256525608,0.0006285391305556706,0.000629654596550726,0.0006258123114588917,0.0006245930745449513,0.0006317199348997373,0.000634488459925465,0.0006257816443141864,0.0006241903093130267,0.0006196316739779512,0.0006340178001995386,0.0006948343066619152,0.0005057344023011935,0.0007052132926799651,0.0005150731855627438,0.0006829621707546995,0.000742540303955156,0.0006049663936162112,0.0006841482437327025,0.0006848169932901879,0.0006851382303799014,0.0006857701967969043,0.000593827272740552,0.0005794524012465473,0.0005795004652980628,0.0005800336352549385,0.0008233610064852046,0.0006326057431340751,0.0005827751323887942,0.0005696814659608703,0.0006570730289389851,0.0005642274340502079,0.0005724767135204062,0.0005814473937305569,0.0005517506958925109,0.0006675619404988085,0.0004958982335466567,0.0005281317585967577,0.0005150226216136895,0.0005680380283122409,0.0005803355408284975,0.0005813640087372497,0.0005553418253244203,0.000372331601140185,0.0006056471067987586,0.0004770645843859006,0.0004914676693989693,0.0005483270680193715,0.0005619813637760689,0.000535111073752457,0.0005348035102669501,0.0005394330615974024,0.0005394780939230536,0.0005389293779912023,0.0005335965774216054,0.0005321632133709782,0.0005984279402727107,0.0005881486348731084,0.0006458512910362828,0.0006330911076074855,0.0006263382953995042,0.0006293354475593752,0.0006326276006923167,0.0006257642545343625,0.0006265067600673326,0.0006203505566317851,0.0006303292720651597,0.0006356422109441062,0.000627383579003818,0.0006251306475414671,0.0006214047341133869,0.0006369601551219242,0.0006981168082551918,0.0007047716860344004,0.0005131926837233708,0.0006840319760651123,0.0006842623047751961,0.0006852923501241524,0.0006842400808492636,0.0006843060552928892,0.0005925355366277988,0.0005810663922601485,0.0005784468830874451,0.0006328430964433682,0.0005787390573128218,0.0005706172837974103,0.0006538885629277514,0.0005637645091323238,0.0005724247835574469,0.0005781174184044195,0.0005522873922958209,0.0006661470245608828
svhn,0.0006373532774944566,0.000648505280587438,0.0006335951544002832,0.0006818747770253354,0.0006136146193766516,0.00047133113389760857,0.0004470099208042381,0.0006331093828846959,0.0005574146535116289,0.0,0.0004666399089805799,0.00045935342107513935,0.0003454144692241293,0.0003055248830539864,0.00046146051741052145,0.00045558404549627275,0.0005844087613328011,0.0005855854823875763,0.0006098760510286983,0.0006319487857047081,0.0006225012113946953,0.0006246727138448202,0.000623728583414388,0.0006227828688599841,0.0006234490045327679,0.00062355683045109,0.0006248138703572781,0.0005845453120667654,0.0006346437449198844,0.0006246034820843659,0.0006380378277088623,0.0006989096199221664,0.0007435145594906413,0.0006874464724200265,0.0006776624362098181,0.0006817951215339315,0.0006852521269108615,0.0006800366198976585,0.0006818846504966841,0.0006814475337286207,0.0006826436147399003,0.0006880400590823446,0.000677894632005256,0.0006798502384011216,0.0006730912758934394,0.0006840740260362159,0.0007519813430178912,0.0006245199672036705,0.0007614340058375896,0.0005956752566216631,0.0007877308213019767,0.0008259601109053705,0.0007016664040633616,0.0007886132074927537,0.0007889887455581598,0.0007899501022215047,0.0007897531729617671,0.0006632591243767891,0.000651335709287658,0.0006520066235555225,0.0006529117944197674,0.0009116033979537913,0.0006578963834266643,0.0006343209921112261,0.0006351557365036535,0.0006832444002648494,0.0006305050014467233,0.0005951124210367934,0.0006247764617679215,0.0007064225624451262,0.000776549297122074,0.0006366057627815483,0.000648546711049585,0.0006368773434302516,0.0006836523496581483,0.000447942945783881,0.0006315876754843861,1.6619788281967965e-05,0.00034205072848160435,0.00045986608480175033,0.0005837216278975127,0.000582101479663755,0.0006115221959308967,0.0006329898583523134,0.0006216001160729242,0.0006225087364641068,0.0006270236578584629,0.0006289633123889482,0.0006277804194155817,0.0006232599312851447,0.0006207014346355617,0.0006416733824101699,0.000640191761581777,0.0007413953264682794,0.0006907063413521383,0.0006799534945751504,0.0006797279506278553,0.0006900911927432883,0.0006750803242697311,0.0006812954545852806,0.000677311875001825,0.000681949748514817,0.0006898113948870496,0.0006803470468246086,0.0006827774533334013,0.0006761759506524912,0.0006867445511617924,0.000754631780823928,0.0007608675686123386,0.0005948891783937617,0.0007890842459678947,0.0007885244172936116,0.0007891230439808747,0.0007886345480147162,0.0007882893945614884,0.000661691926288444,0.0006513877062854429,0.0006514489737097802,0.0006589937364001771,0.0006322099012220216,0.0006364825249131122,0.0006817334643433453,0.0006301997841616123,0.000594659492748232,0.0006227984029367026,0.0007074153259186097,0.0007747780868845452
caltech101_object_classification,0.00040174763414757455,0.00041649229686733776,0.00039718959162773595,0.0004557621129366777,0.00041159944201303974,0.0003840564449225898,0.0005123066646769159,0.00045736675384446825,0.0002709684435930186,0.0004666399089805799,0.0,7.478672554078647e-05,0.00027618350558945626,0.00023987384385720347,0.000497081784756509,0.0005163154877649168,0.0003722746973411914,0.00037387767222867604,0.0004269516047687696,0.0004400814493099475,0.0004110590536724949,0.0004131744030907642,0.00041229743092281094,0.00041096429406790814,0.00041157781606146964,0.0004122906416433395,0.00041254984606968166,0.00037798953777854063,0.00044989051539195366,0.0004519685625425097,0.0004893752672924591,0.00048805414423005154,0.0005469144147646949,0.000519697948669219,0.0005165794863505286,0.000524551336715099,0.0005187457293899598,0.0005244989272394883,0.0005156670935868128,0.0005155706658036279,0.0005272118814168324,0.0005273866737287526,0.0005174900667732846,0.0005137701170067426,0.0005133755773438044,0.0005289332069360101,0.000591468968711752,0.00043101624739234743,0.00060020742672799,0.00043473719269117387,0.0005861056119422099,0.0006442072396351396,0.00048193111822756874,0.0005877938927759085,0.0005877734969285001,0.0005883346655188677,0.0005891443144315698,0.00046058704002303576,0.0004479134879314402,0.0004487090095452418,0.0005094984221006439,0.0007289337612572728,0.0005091564442196067,0.0004599231555744613,0.0004521286645645784,0.00053133063657575,0.00044135812252452057,0.0004394076733918182,0.0004566020390420239,0.00048042172405668904,0.0005631945868623407,0.0003999253711372674,0.000419620848168444,0.00040251158366382494,0.0004589854678975542,0.0005119396876991286,0.0004560848816842686,0.00046339528166172575,0.0002778967773793624,0.0004947953177574384,0.00037149934932443344,0.00037147866770185774,0.00042799832143148903,0.00044031665079468583,0.00041119674635029755,0.00041180619303760724,0.0004171755570396845,0.000417279222805978,0.0004154431842649794,0.00041086555530941266,0.0004094567940551275,0.00045694600143186083,0.0004915607790674564,0.000544874943797385,0.0005237883574414711,0.0005190793529086318,0.000523173740562515,0.0005235137330945937,0.00052115116524016,0.0005165579639585992,0.0005111870059747715,0.0005254305636444508,0.0005291653887533542,0.0005195442438257871,0.0005152270334144115,0.0005153864523926142,0.0005322195786443263,0.0005940939689535618,0.0006004101197133978,0.0004325271978890317,0.0005873941369870432,0.0005873021126245558,0.0005885859393666572,0.000587671497786326,0.0005877995944433364,0.00045914114434683184,0.0004493302405035675,0.0004476812953452502,0.0005100505205047619,0.00045503072751816164,0.00045278526355081695,0.0005281462189728117,0.00044120572300387136,0.0004400091178266217,0.00045267937560855467,0.00048114785795031406,0.0005620497982552237
caltech256_object_classification,0.0003978778933227192,0.0004077676147809353,0.0003883052396277708,0.00044856246364841584,0.00040709647535738715,0.00038156509162646385,0.0005255479520233078,0.0004426792928624916,0.00027378572717093417,0.00045935342107513935,7.478672554078647e-05,0.0,0.0002677334889654551,0.00023088122902171853,0.0004959171025595536,0.000516295575831366,0.0003572762127699901,0.00036034904699923495,0.0004154934011815562,0.0004240396703727967,0.0003934993678669134,0.0003954554110736282,0.00039460644205232783,0.00039341249538548507,0.0003940868910349253,0.00039480199193529396,0.00039504329284688767,0.0003746151585288629,0.0004347701382062572,0.0004481909289269671,0.0004876932754724153,0.0004898730201447247,0.0005349629435659358,0.0005028289321268591,0.0005006076909433005,0.0005098608459689857,0.0005018441455830858,0.0005099814477988866,0.0004988034620301824,0.0004985182169661524,0.0005129156648722073,0.000512308600710465,0.000502235255108804,0.000496678198202234,0.000498103785380945,0.0005150300641441672,0.0005752937865544556,0.00042868976509339126,0.0005836072160091039,0.00043560931528475316,0.0005684996996720851,0.0006264364699085292,0.00046276076067730163,0.0005701546688015071,0.0005702290158842117,0.0005706003057104881,0.0005715205091573821,0.0004466386665528926,0.00043447675306537226,0.00043553592818063453,0.0005029159624423073,0.0007106032881957037,0.0004848144320025227,0.0004328326333511684,0.00042564419288484924,0.0005109417135583673,0.00041352487850189695,0.00041305321250638524,0.00042959655845604597,0.0004761725445589155,0.0005452054570934035,0.00039659025640408465,0.0004047502010512533,0.0003936263845638922,0.00045163019665985806,0.0005253356904204611,0.0004416134630466477,0.00045590910550044795,0.00026903510468707936,0.0004938966446881151,0.00035678639059954614,0.0003580052098789124,0.00041638928000143624,0.00042471418068832614,0.00039367953299435717,0.0003943212062521459,0.00039909570303021307,0.0003999752330376116,0.00039811254774566935,0.0003935739321520513,0.0003913740704823767,0.00044208174596672197,0.0004898788788810929,0.0005325958234831559,0.0005076077485175267,0.0005033345551753406,0.0005082639314573199,0.0005064765465507086,0.0005067625263275154,0.0004997491149884385,0.0004942408227211683,0.0005109187901681082,0.0005143348677650889,0.0005046473475737327,0.0004977910170179526,0.0005001376719391917,0.0005180935212916929,0.0005779844802896958,0.0005838038864145398,0.0004333578254299981,0.0005699562882546088,0.000569949494275909,0.0005707292941645272,0.0005700525422358302,0.0005701966485439817,0.0004448069085886156,0.0004357932330746619,0.0004345209828128032,0.0004858761866753634,0.00042777077593622896,0.0004259219830453975,0.0005080038456129292,0.0004132289245919765,0.00041385465470434446,0.00042578707325034417,0.0004769553514639972,0.000544067626665349
