,lapgyn4_anatomical_structures,lapgyn4_surgical_actions,lapgyn4_instrument_count,lapgyn4_anatomical_actions,sklin2_skin_lesions,identify_nbi_infframes,laryngeal_tissues,nerthus_bowel_cleansing_quality,stanford_dogs_image_categorization,svhn,caltech101_object_classification,caltech256_object_classification,cifar10_object_classification,cifar100_object_classification,mnist_digit_classification,emnist_digit_classification,hyperkvasir_anatomical-landmarks,hyperkvasir_pathological-findings,hyperkvasir_quality-of-mucosal-views,hyperkvasir_therapeutic-interventions,cholec80_grasper_presence,cholec80_bipolar_presence,cholec80_hook_presence,cholec80_scissors_presence,cholec80_clipper_presence,cholec80_irrigator_presence,cholec80_specimenbag_presence,derm7pt_skin_lesions,idle_action_recognition,barretts_esophagus_diagnosis,brain_tumor_classification,mednode_melanoma_classification,brain_tumor_type_classification,chexpert_enlarged_cardiomediastinum,chexpert_cardiomegaly,chexpert_lung_opacity,chexpert_lung_lesion,chexpert_edema,chexpert_consolidation,chexpert_pneumonia,chexpert_atelectasis,chexpert_pneumothorax,chexpert_pleural_effusion,chexpert_pleural_other,chexpert_fracture,chexpert_support_devices,pneumonia_classification,ph2-melanocytic-lesions-classification,covid_xray_classification,isic20_melanoma_classification,deep_drid_dr_level,shenzen_chest_xray_tuberculosis,crawled_covid_ct_classification,deep_drid_quality,deep_drid_clarity,deep_drid_field,deep_drid_artifact,kvasir_capsule_anatomy,kvasir_capsule_content,kvasir_capsule_pathologies,breast_cancer_classification_v2,eye_condition_classification,mura_xr_wrist,mura_xr_shoulder,mura_xr_humerus,mura_xr_hand,mura_xr_forearm,mura_xr_finger,mura_xr_elbow,bean_plant_disease_classification,aptos19_blindness_detection,lapgyn4_anatomical_structures --shrink_train 800,lapgyn4_surgical_actions --shrink_train 800,lapgyn4_instrument_count --shrink_train 800,lapgyn4_anatomical_actions --shrink_train 800,laryngeal_tissues --shrink_train 800,nerthus_bowel_cleansing_quality --shrink_train 800,svhn --shrink_train 800,cifar10_object_classification --shrink_train 800,mnist_digit_classification --shrink_train 800,hyperkvasir_anatomical-landmarks --shrink_train 800,hyperkvasir_pathological-findings --shrink_train 800,hyperkvasir_quality-of-mucosal-views --shrink_train 800,hyperkvasir_therapeutic-interventions --shrink_train 800,cholec80_grasper_presence --shrink_train 800,cholec80_bipolar_presence --shrink_train 800,cholec80_hook_presence --shrink_train 800,cholec80_scissors_presence --shrink_train 800,cholec80_clipper_presence --shrink_train 800,cholec80_irrigator_presence --shrink_train 800,cholec80_specimenbag_presence --shrink_train 800,idle_action_recognition --shrink_train 800,brain_tumor_classification --shrink_train 800,brain_tumor_type_classification --shrink_train 800,chexpert_enlarged_cardiomediastinum --shrink_train 800,chexpert_cardiomegaly --shrink_train 800,chexpert_lung_opacity --shrink_train 800,chexpert_lung_lesion --shrink_train 800,chexpert_edema --shrink_train 800,chexpert_consolidation --shrink_train 800,chexpert_pneumonia --shrink_train 800,chexpert_atelectasis --shrink_train 800,chexpert_pneumothorax --shrink_train 800,chexpert_pleural_effusion --shrink_train 800,chexpert_pleural_other --shrink_train 800,chexpert_fracture --shrink_train 800,chexpert_support_devices --shrink_train 800,pneumonia_classification --shrink_train 800,covid_xray_classification --shrink_train 800,isic20_melanoma_classification --shrink_train 800,deep_drid_dr_level --shrink_train 800,deep_drid_quality --shrink_train 800,deep_drid_clarity --shrink_train 800,deep_drid_field --shrink_train 800,deep_drid_artifact --shrink_train 800,kvasir_capsule_anatomy --shrink_train 800,kvasir_capsule_content --shrink_train 800,kvasir_capsule_pathologies --shrink_train 800,mura_xr_wrist --shrink_train 800,mura_xr_shoulder --shrink_train 800,mura_xr_humerus --shrink_train 800,mura_xr_hand --shrink_train 800,mura_xr_forearm --shrink_train 800,mura_xr_finger --shrink_train 800,mura_xr_elbow --shrink_train 800,bean_plant_disease_classification --shrink_train 800,aptos19_blindness_detection --shrink_train 800
lapgyn4_anatomical_structures,0.0,0.14902269671741425,0.15550775712703152,0.2157144264154473,0.3310528843542091,0.34499041907414624,0.48073869661841606,0.3178474937253712,0.3815707550780596,0.4786188149889228,0.324556907059944,0.32394375009709303,0.39058867234842387,0.3642752489581077,0.5024048560908358,0.5047441291112953,0.22854942806183862,0.22508781437047826,0.2833785608766805,0.28133328498080445,0.20408565272948342,0.20529530028580417,0.20490274518188248,0.20383507471798246,0.20371144814921183,0.20408800463213012,0.20388732324671477,0.33557097805992747,0.34980487364374235,0.3564247950108435,0.42984588288489955,0.38413943484010504,0.4509396423039278,0.36904158835857404,0.37047076686563163,0.37702166029667505,0.3682140988222298,0.37804010546407096,0.3671865594319851,0.3674725212296141,0.3790211046087125,0.3767808472167927,0.3725491280191102,0.365797321892772,0.36522362235500105,0.3814122145519844,0.39863055735612934,0.3557043703493793,0.4021924214882115,0.3747179742137564,0.47787956905376233,0.4399682784612158,0.4074331495560667,0.47836927236284554,0.47873120857558116,0.47958235101979546,0.47949130083558683,0.39450402825267494,0.38816409147881237,0.3864233485422412,0.43083501355763654,0.559657317574981,0.4314326644602474,0.3658265926512927,0.3900148567218532,0.41256343232532644,0.39785470099349945,0.3918899970631289,0.41147848558157823,0.3931160086255645,0.4484570726389394,,0.1622492296196415,0.1552688061254902,0.21740361841137196,0.4818392988796314,0.3181396907858261,0.47792047549489003,0.3923218923689742,0.5007054850507504,0.22669982701274133,0.22371467713300916,0.2853492163605432,0.2795921318857429,0.20575265373786528,0.20399355011678139,0.20577882275274573,0.2085908762586603,0.20655788813929954,0.20067742011066098,0.20737300915225426,0.35339707033082857,0.43054526401578896,0.4491483190368034,0.37072948366318137,0.37248436537689933,0.37610889275361004,0.3704494380222199,0.3757743601255861,0.36754507367739175,0.36429084425802305,0.3772234341526304,0.3784541396852454,0.37286259450522885,0.36650998582027,0.367096420105557,0.38224300515314713,0.4002211898458729,0.401828896614578,0.37158516651155993,0.47858887160303054,0.47816145893891726,0.47960341871346934,0.47907910063306736,0.4782727061834563,0.39329217882126855,0.3898902237713123,0.38577807273954395,0.4313001446281044,0.3652431066194254,0.39076697297050966,0.4106562848009996,0.39757923095784453,0.3928668889084217,0.4093707643546785,0.39359958479735435,0.44760575825180793
lapgyn4_surgical_actions,0.14902269671741425,0.0,0.08659647670823595,0.11579351033328891,0.3868458950665433,0.4037182439141407,0.5461639058213076,0.3353500190681896,0.4183557229926598,0.5163693976779565,0.3423432842546141,0.33425890979186046,0.4022116576403696,0.3837484413297295,0.5310571556389704,0.541074092042229,0.2692866716440949,0.27273951648540296,0.30272629099967713,0.28541134928634804,0.1767058381553661,0.17794340288621815,0.17613547328925938,0.17629766820163287,0.17543307313015793,0.17675603528166095,0.17562006656013218,0.3832500320813498,0.33429417778796966,0.3971104441962738,0.48332550913808525,0.4577011130965343,0.4815616213942953,0.37593773596980057,0.3750118440200906,0.38006397928238456,0.374272303443524,0.38128885849364835,0.37327801030693175,0.3731787489765373,0.3834345179712273,0.38035094667949265,0.3765418323833677,0.37131189800746256,0.3724574352393649,0.3842945890168135,0.41776522073775213,0.4052321553860073,0.418067830419517,0.4456076366980284,0.5274500840725991,0.4336306193621098,0.412798827717122,0.5280406875055605,0.5279846430944791,0.5286731642766389,0.5287955537260223,0.40428977786869924,0.40552750934342985,0.4054592649740739,0.46785880058280194,0.6050999107779182,0.4150612995563526,0.3610886710313297,0.39655656421617264,0.39719233480084803,0.3857571342758517,0.3826732916514771,0.4006187199531348,0.4196862016344399,0.4874940914852758,0.1510879102861064,,0.08347395317801892,0.1155765915085429,0.5471735134095196,0.33536999982100013,0.514696832336911,0.40432836404839606,0.529435173246968,0.26875045949374865,0.27122101582611413,0.30385558282197644,0.28479988062658895,0.17932681228626537,0.17689767979432636,0.17677968141761938,0.17996095759858077,0.17331269742369382,0.17422050350683488,0.18155926829722674,0.3349647564606586,0.48364429966843303,0.48015232650113426,0.37663482611625654,0.37547271134867727,0.37888417177918443,0.3750562249989275,0.3803269696412155,0.3738326814665309,0.37120966069007205,0.3816469626148372,0.3810945275714277,0.37786141055196704,0.3719106553366106,0.37277906550014667,0.38470385436321536,0.4180009389772066,0.41856118892779565,0.4421082047553401,0.5280019307271282,0.5273991335481362,0.5290271620913294,0.5284139514794781,0.5280325955570959,0.4030019160048187,0.4069842908015611,0.4050194117955309,0.41505912233983905,0.35924056343950106,0.3956167223848024,0.39571907513751353,0.38630658994768996,0.38482182102879703,0.3995115782498523,0.41985722933988245,0.48603475569412635
lapgyn4_instrument_count,0.15550775712703152,0.08659647670823595,0.0,0.0987742075757435,0.36805416394897256,0.3828340955278374,0.5227580043948328,0.3390966301867233,0.3973029316914295,0.49546258885656824,0.3273399315563835,0.3201412811482751,0.3921891964341739,0.3735538253802364,0.5128622910322895,0.5200399215257523,0.2607649255098763,0.26419024803816976,0.30961678322780467,0.3074739847541297,0.15731562590202,0.1592610007676485,0.1570614573812702,0.15698561844905545,0.15657486733514353,0.1577095341104938,0.15642529329712987,0.3683178164155155,0.3544442517913458,0.4038648449994363,0.46426250855570217,0.4296014760703468,0.469006471488538,0.3868323059451684,0.38789511406566357,0.3937559102639194,0.3849619225039567,0.39525094177600284,0.3844894336040416,0.3843478984516018,0.3968997414236184,0.3933750849686134,0.3887917751736706,0.3816481740782351,0.3842736911466503,0.397989961487944,0.4186040876271236,0.39196141604912627,0.4205380847062389,0.4287993395184173,0.503337404271501,0.4459009236043255,0.42068375138703473,0.503747811540368,0.5036970384568329,0.5044658975120064,0.5045691020868031,0.39487264443018,0.40210847571254194,0.40224365361763903,0.46313981356127587,0.5823341669009261,0.4072316636638823,0.36245086611024824,0.37847239184146486,0.4018596126270845,0.3737501238833377,0.3766795497034653,0.38770910159526467,0.4155164894211826,0.46896059660036427,0.1574102007990179,0.08828582575495741,,0.10236273846637145,0.5236406225097057,0.33897660933986873,0.49396809248609763,0.39408791166789287,0.5110441476976122,0.260085307887134,0.2619500674186408,0.3114144539837642,0.3064008291868713,0.16031081312754325,0.1576318686875357,0.1591855609845785,0.16070067378689246,0.15492198096019932,0.15388008475738843,0.16082434675888405,0.3567020747405859,0.4647946766626649,0.4672294494813819,0.3885366071787113,0.38846555493327406,0.3924747898606935,0.38666113320909307,0.3936157782668551,0.3848234112407425,0.38199158453448706,0.39481759667382554,0.39491910158649923,0.389923600458546,0.38198422313064606,0.3855092656530823,0.3986747060768978,0.41956696569757645,0.4208959470999274,0.42555160448011,0.5039151375211663,0.5032261687124149,0.5046454015233928,0.5042985598797087,0.5038839070408849,0.394069113429349,0.40294638057527155,0.40157899468397873,0.4072692699696968,0.3609153897058106,0.377871398499724,0.40021327195332984,0.3738469094085567,0.37817040719517026,0.3862334927065399,0.4157726363465366,0.4678345988111403
lapgyn4_anatomical_actions,0.2157144264154473,0.11579351033328891,0.0987742075757435,0.0,0.42041757979027033,0.42444976319412453,0.5588605023295128,0.387051977767746,0.43497736903787226,0.5283269924112853,0.36999971372344254,0.3643067392651306,0.4346427371825152,0.4189422537416402,0.5403974110587484,0.5501787961697423,0.32427043977190967,0.3285755290328715,0.3567468764877333,0.3539835407324653,0.223385043828765,0.22466275144450432,0.22238962179519944,0.22279106683250127,0.2222863570183516,0.22351144582513838,0.22232042334988658,0.4139264009050703,0.37349693735569234,0.44694230991876344,0.512459859154508,0.4785329319897367,0.5046025145297448,0.4209969502311728,0.42102039619209247,0.4239786775982784,0.42080198511640815,0.42507200450984983,0.4189510077034445,0.4205081542011112,0.4273495369641438,0.4238718181253629,0.4208082225645854,0.41790632415821727,0.4171971623650656,0.4259915302615166,0.4537077472307734,0.43150992505810815,0.4555492574951616,0.47550891264063755,0.5490526471862589,0.4639964878247339,0.4589330930450666,0.5496090911319427,0.5495203489994087,0.5500263260454583,0.5503241277339045,0.4385304885297874,0.44875015476335645,0.4495871655566705,0.5004165586703778,0.6215799017106256,0.43576500551168373,0.40208358328392124,0.4201044751152978,0.42088085771322686,0.4033268571101979,0.4044941102309832,0.42028302590217614,0.44464186347239654,0.5142436297799455,0.21710758354913173,0.11662574660951207,0.09752401455934259,,0.5598687811818264,0.38687162641254474,0.5272731947250003,0.4367644111479593,0.5382619755020388,0.3239846531563242,0.3272094666056684,0.35839526163854274,0.35347981711387366,0.22639294684224437,0.2239580436475453,0.22424548975694186,0.22589364763460923,0.21864131052769623,0.2208880590961217,0.22646704408439078,0.37438853630105584,0.5129790978043944,0.5034567465019457,0.4216285620942697,0.4207798023980801,0.4228252492122059,0.42166650282737406,0.4241491217626595,0.41936948937320095,0.41820861774881507,0.4254152930325381,0.4240834579055681,0.42163997001492504,0.4190297197873799,0.41754075180502837,0.42660516104530477,0.45439366614501797,0.4557243703031014,0.4725953626872559,0.5494315280319351,0.5491564710234427,0.5505225439254195,0.5498104963813282,0.5494791471170153,0.43755721548537796,0.44974433033989036,0.4487691681078064,0.43592437784610394,0.40032699964036667,0.4191666384628926,0.41951411116113135,0.4037249261726739,0.4064160528653584,0.41951990381660825,0.44493993499932794,0.5133742409541816
sklin2_skin_lesions,0.3310528843542091,0.3868458950665433,0.36805416394897256,0.42041757979027033,0.0,0.32235331720964155,0.4023075644642161,0.3753615109482558,0.36059475729579415,0.4257211118336891,0.3286612140549395,0.332678454805642,0.38694502654210605,0.3538623914620118,0.455631061926853,0.44978437988235187,0.27321226729524645,0.28396408316596455,0.3692326819082118,0.3915764275040054,0.35981858290163926,0.3612533995865693,0.3618317630545257,0.360144485907427,0.3606804573665098,0.3606236175294927,0.36064225325129284,0.1819303799288729,0.4062411294970844,0.3137792064191378,0.38412609649341545,0.25044343648149286,0.4219219546738614,0.41092043348801643,0.4140423665594431,0.41956681634454923,0.4087572888659926,0.42054758392160696,0.4090219543742537,0.4078243712467137,0.4221342746470839,0.4222044195609138,0.4143558481247458,0.4012340413961445,0.4126239814782098,0.4231483348191375,0.446357921655946,0.17297409352615126,0.45397230111799824,0.222813425563748,0.3644041157098888,0.4932750826762438,0.4189092320274266,0.3651918345338665,0.3656826974210142,0.36626037040752596,0.36635429534061453,0.32563869616401764,0.3123179734019578,0.3130408136304867,0.36860910626397486,0.462677213559473,0.4622451120486738,0.4078543652248853,0.4130526635519157,0.4661444874387445,0.4320188955138837,0.4389778018369151,0.43125375348087963,0.3668448037692342,0.3427281122355711,0.3291206029899271,0.38572838050193226,0.3721732260431685,0.4239395321846523,0.4031437048831308,0.3739694097492927,0.4250015100347544,0.38595739922497346,0.4547259350144543,0.2729495635552923,0.2806840466756101,0.3700609846924444,0.39184054157922865,0.3591191026449686,0.3600884635309925,0.3637487949850974,0.3636689377049905,0.3650008473918852,0.3582935903465405,0.3582936428955443,0.41270219062960467,0.38421380646000336,0.41976401975546207,0.414742779426505,0.4167915763400399,0.4191718524342548,0.411867803874941,0.41613835256104953,0.40910241460582103,0.4034009359263936,0.42064431523279755,0.4234800216241812,0.41493076073977064,0.4017154700314395,0.4166212213812007,0.42480583770790825,0.4493162635964037,0.45330892574987813,0.22111922885178364,0.3653200190777759,0.3647857828480461,0.36657019035671223,0.365557024142061,0.36524313969016753,0.3243450217188368,0.3116529806835465,0.3134161122952458,0.4619870321918047,0.40679453351282346,0.4147402240869805,0.46386963343596543,0.4310195170599115,0.437997048825974,0.4276032374901936,0.3668499689374556,0.3421446274550991
identify_nbi_infframes,0.34499041907414624,0.4037182439141407,0.3828340955278374,0.42444976319412453,0.32235331720964155,0.0,0.2695167237455962,0.4307599505032062,0.3246598857354902,0.3095342074944201,0.3126499944815504,0.32119058804472533,0.36815704315523706,0.32790551361944786,0.37595917962333675,0.369934268066059,0.3245157084934802,0.3377006207282907,0.4071270270233498,0.4323960954227276,0.394190924797889,0.3961589508638408,0.3957825506613357,0.39373974822794927,0.39548506835335356,0.3952155952676026,0.3961925848071481,0.29142379704392024,0.4021194560423337,0.30647975308553776,0.3171436327760636,0.3060616586285254,0.41401135619322693,0.4367458125365441,0.42880312462884884,0.4275396793605917,0.4377368791815671,0.42455247283930403,0.4350664923301555,0.43575718910383543,0.4257484372913275,0.435095955151501,0.4276016905337692,0.43532819811193957,0.4238456295138061,0.4245221682551935,0.4248233862062787,0.2888890885541788,0.4374880561707897,0.26202439710226544,0.41458229236412314,0.5178706665165635,0.4511465801379333,0.4144873155893486,0.4154227075227618,0.41603377065598457,0.4163420746314347,0.43304592517866003,0.4299684348556906,0.42913986024651196,0.2925890252603366,0.4913810536634051,0.45570887523010917,0.4259145961619181,0.39517124750530885,0.4885586345857472,0.4191579149894188,0.4311246790521578,0.42902442699852517,0.3777748743159557,0.42019706620024966,0.3428627261250582,0.39419376879263834,0.3863020419551574,0.4289465198853121,0.2697703849611786,0.4292831265177002,0.31147302625934004,0.3667519482992414,0.37387418202731293,0.32177092642220606,0.3334056482392331,0.40956887541813464,0.431365962238652,0.3940058951297343,0.3922083194685989,0.3983439003954301,0.39907448184155425,0.3988071069683443,0.3930533648886262,0.39144182862649,0.4087171567692941,0.31865373216191284,0.41265571044801713,0.43802288366476294,0.4313818915209679,0.42761229892373953,0.4441869382582106,0.4186930500945073,0.4332988495701966,0.4304829148591747,0.4253128971803454,0.43484226519845653,0.42670366193231074,0.4388192784402561,0.4283889012397275,0.42753837875861694,0.42896776176240625,0.4364031715499508,0.26024567737319926,0.41489986921549415,0.41504562020314406,0.4154520594174168,0.41542324584676904,0.4152552468669394,0.4338189470567789,0.4307858378099227,0.42712617950226367,0.4552198468769847,0.4255176110255404,0.397485713149569,0.4859006164345209,0.4188549740353307,0.42884247984714463,0.42598154592188753,0.3783950660895261,0.4203247788402887
laryngeal_tissues,0.48073869661841606,0.5461639058213076,0.5227580043948328,0.5588605023295128,0.4023075644642161,0.2695167237455962,0.0,0.5538575996451807,0.38609192050208463,0.2760011458731468,0.39083756430500366,0.4100235663409624,0.40115245948745654,0.36824246051132714,0.36893048052359756,0.3555918804769232,0.470948767089457,0.4799030316418977,0.5359106169646339,0.5858065888492997,0.550733573528625,0.5527189119684608,0.5522410551499721,0.5503569328591302,0.5515632142884981,0.5516116952140893,0.552452839215805,0.36549829600733363,0.5281913538122752,0.4357528064155314,0.38421126065690525,0.35408655721987337,0.49567264870413114,0.5727574496902893,0.5691797377207312,0.5648412870963249,0.5751414674851357,0.5622776144679079,0.5727803598512613,0.5747100244897514,0.5626517099482293,0.5709424948331362,0.5650422563965897,0.5732457251916347,0.5595879211160925,0.5597995517884071,0.5463536026234754,0.3748069453587556,0.560953322976526,0.2985009335270946,0.467638371600305,0.63963418095201,0.5853817659873406,0.46756685192978165,0.46845062469885634,0.468596314379667,0.4692376058907427,0.5234215252426591,0.5213654792346079,0.5216355861675066,0.37184415944032523,0.5218279484318658,0.5512558206017519,0.5527642983360048,0.5111674697350257,0.5921904271133136,0.5349280908835893,0.5443371004273689,0.5384161085452839,0.46427531513362186,0.49880665991937223,0.4781211576258181,0.5472124967036096,0.5263403727458822,0.5633549198851412,,0.5523628929198997,0.2804191981332739,0.39886008812195234,0.36685286056101396,0.4685007233856135,0.47757045713847396,0.5378903393767448,0.5846589343363304,0.5504363400096358,0.548841882876903,0.5548649443170857,0.5556149353094997,0.5547778593080134,0.5487132230447902,0.5481773249524626,0.5357323273807875,0.38566445189919696,0.49491434550648317,0.5739349044126407,0.5719861249665914,0.5643628753599945,0.5806706366579709,0.5568446438320129,0.5710599786084837,0.569704754199397,0.5632293421812107,0.5703866069783635,0.5634030092053961,0.5770115345231541,0.5637371946493404,0.563632745371772,0.550910855185831,0.5591228268865125,0.2995843162460132,0.4678190191617711,0.4684085957577612,0.46792996259968045,0.46792447086952027,0.46850803743871017,0.5247173125997621,0.5215281572877803,0.5203755383446406,0.550443344230684,0.5526065679825032,0.5132613952512605,0.5902475159044456,0.5346311776937792,0.5422925497876423,0.5359916896608946,0.46536085381869224,0.49987095383101376
nerthus_bowel_cleansing_quality,0.3178474937253712,0.3353500190681896,0.3390966301867233,0.387051977767746,0.3753615109482558,0.4307599505032062,0.5538575996451807,0.0,0.4574802896904752,0.49934859861416375,0.37466689669229614,0.36383501643043187,0.41062792791665575,0.38850959103524096,0.5307021227405162,0.5359345750866255,0.22264076019474163,0.20214688607504946,0.11309503023701165,0.20402046929432713,0.2881278103270682,0.2875223155093478,0.2878046207573322,0.28829410201536,0.28812619320964444,0.2878668487256179,0.2885822366797507,0.38816564709368356,0.2997824831425586,0.4244177907943037,0.4908532245421513,0.4725793174863147,0.4440640280229887,0.3938636533409794,0.38780965033805026,0.3943050521253269,0.3889756528174403,0.39424088683922737,0.38883286430159253,0.38625897184905567,0.39693788650103784,0.3983367387363499,0.3903171219580437,0.3844988071830795,0.3946108849484784,0.39946554122774547,0.45308754341574453,0.4047637161246099,0.4561978595617594,0.4498731519040716,0.4738183993336283,0.48537522636837455,0.3752951253824506,0.47402426368924866,0.4744095958084119,0.4752766343426901,0.47449814841461235,0.3044342209024169,0.3001402638641735,0.2972762023833381,0.47490207746142543,0.5477985770788785,0.435142418528643,0.35469769982645155,0.3838894343978344,0.4168212660767609,0.4005110328391075,0.3830933834227143,0.391123459777835,0.4666796830565232,0.4285555836631694,0.31676235950975995,0.3442516192543492,0.3398698175082543,0.3869728197913619,0.5550637981477842,,0.49636619073295635,0.410034095303108,0.5304712135229304,0.22156804896289034,0.20697404434268807,0.11360037725945077,0.20257476770719357,0.2863793476565112,0.2890154382352702,0.2892812390210039,0.28980302092503274,0.29028274206717286,0.286854522440135,0.28793725835539125,0.30066180561176986,0.49183676620122385,0.4421266326591168,0.3966044129679809,0.38994020006832836,0.3935441722927426,0.3917328474587116,0.39287138246629927,0.3890474245082013,0.3842167691185837,0.39545595702931746,0.4007237512648418,0.39174225932953155,0.38378676531618783,0.395462776583408,0.4005477671018495,0.4534076687813841,0.4565965107289649,0.44765210353014717,0.47480055854893904,0.4737255427549351,0.4750216413867322,0.4752342510451927,0.4733666532085802,0.3029479681587696,0.3016866818366326,0.29589490667851404,0.43589881872473013,0.35291229221270104,0.3841323799966005,0.41547535250199125,0.39992405157472066,0.38458697458376545,0.38897384148473213,0.4671826205962982,0.4265527496900824
stanford_dogs_image_categorization,0.3815707550780596,0.4183557229926598,0.3973029316914295,0.43497736903787226,0.36059475729579415,0.3246598857354902,0.38609192050208463,0.4574802896904752,0.0,0.3837141881133532,0.20139111969229623,0.20909014777835985,0.2742350675932678,0.2668388263804251,0.4166763077888491,0.419092870442445,0.37145247110954915,0.38797348182449887,0.4320788862997168,0.45696229545942857,0.4319032980100119,0.4338169364295912,0.4334308162384287,0.4318773453772601,0.4324972660142484,0.43303255960793097,0.43326005712506244,0.3275451266305728,0.4497071120557294,0.37347129421254177,0.39671723041629403,0.3536172032375353,0.43712391443864035,0.4708838231450646,0.4649865834045991,0.46547033630420714,0.4716558596270081,0.46382955343041393,0.46892965553777705,0.46875544235259575,0.4651344041039651,0.4708076339151749,0.4647113401162393,0.46993893778106544,0.46024714106364706,0.46524721113182843,0.4837576676004067,0.3525909807404902,0.4945267447973042,0.352339849025575,0.4602572534501605,0.5433265481618335,0.4489721967056749,0.4605449076123468,0.4612904533005331,0.46137036970193046,0.46188838724372405,0.44093845378329555,0.4323703964793527,0.4326927536928176,0.38156168191507367,0.5300070865993667,0.4517986015017902,0.445076238523028,0.41034667672681924,0.48931969525553143,0.41101680559359743,0.4257058993072518,0.42684301744313935,0.387789071454529,0.45928929373673383,0.3794357935077258,0.4126823496330229,0.4009265485713369,0.4388783713775183,0.3865021624772804,0.4563101489033894,0.38316997575461015,0.27701529663070446,0.4150594375537574,0.37000733390666,0.38511070513467893,0.4337486925178875,0.45669203083589993,0.4330802146976258,0.43212524722940465,0.43712690671372495,0.4365306434064519,0.436066275767651,0.4312211143950109,0.4297901263478442,0.4559746785061887,0.3977193503223639,0.43633198981402854,0.47277909070810326,0.4673455503065123,0.46584891492321423,0.4763610920209841,0.45982343208176113,0.46907656915800744,0.4648122377769839,0.4643928898459041,0.47095852808491,0.464829744318198,0.4715264673051447,0.4623075490666553,0.46806598057781934,0.48721332064330836,0.4938005949500813,0.3511311428566554,0.4606301287780512,0.4608268296726947,0.4615094067647439,0.4605632869614848,0.460938094859396,0.4405827416082577,0.4332231614276213,0.4314147164186003,0.45108411269024035,0.44300976049465596,0.4115967295883455,0.486747081923243,0.4102693590716875,0.4247480568905655,0.4240304383600929,0.3881968963897151,0.4595937724264072
svhn,0.4786188149889228,0.5163693976779565,0.49546258885656824,0.5283269924112853,0.4257211118336891,0.3095342074944201,0.2760011458731468,0.49934859861416375,0.3837141881133532,0.0,0.3527339508117967,0.36043018668592974,0.2845518930506063,0.25207393140369877,0.28604253676675045,0.2772371602865543,0.4453470546616327,0.45380848902122684,0.48388211578015494,0.5203243984244394,0.506641222325146,0.5084643951973896,0.5077767700623613,0.5062775551674792,0.5074727939428164,0.5075163848088913,0.5085141559217496,0.4011346505323841,0.48382438995079385,0.4271619520472112,0.39680787035061815,0.42208101199241,0.4833407668643679,0.5124695133761836,0.5024095770261723,0.4994515889801806,0.5127723840781352,0.496092797179428,0.5100706381498339,0.5107598177389892,0.4977264639514865,0.5071195550427829,0.5002979782512669,0.510581335389358,0.4968918813741674,0.4958358832033058,0.5073015960752685,0.4121822886177076,0.5187302620824856,0.37241320468642203,0.49338240948261036,0.5908707136706419,0.5195335482131498,0.49326690255958117,0.49406334028374616,0.4945439435236491,0.49452555644908186,0.4875119392587296,0.4828613802583088,0.4833451681564511,0.40026071540364205,0.5481361950516039,0.46995593257522983,0.48592656884627544,0.44688218192951135,0.5154179497701317,0.4582354016942046,0.4495960649026309,0.4607638164309088,0.46922006529508264,0.5081847145082506,0.47733224326910084,0.5129630984447442,0.4983043666231592,0.5315847873578203,0.2765358541849391,0.49794976921454304,,0.28107153468589646,0.2848584446829411,0.4433029991688,0.45152091655542276,0.48553130735571826,0.5202083743930854,0.506390080473607,0.5053052725821612,0.5105411572869198,0.5112943009656354,0.5105828755695958,0.5060339815090262,0.5043890405449758,0.4901650876705123,0.39771038396527475,0.48259588492584715,0.5138805931850438,0.5049510752045685,0.4987565266210982,0.5185721678107261,0.4907631515489508,0.5087972900765521,0.5066031767603081,0.49820115221510564,0.5068765029855986,0.500107873633223,0.5144381312970824,0.5003119418751691,0.49871931042064893,0.5107672760522208,0.5174288630734566,0.3724568205462201,0.493854786984299,0.4938417404912875,0.4935139431500163,0.49380112393877024,0.4934583567040145,0.4877840324794749,0.48261912296307974,0.4819418896336253,0.46992637883793525,0.4856055568606315,0.4485537827567623,0.5139082554863196,0.45835602762577876,0.4479257795239042,0.4585929311737725,0.47001525031356184,0.5085185956728069
caltech101_object_classification,0.324556907059944,0.3423432842546141,0.3273399315563835,0.36999971372344254,0.3286612140549395,0.3126499944815504,0.39083756430500366,0.37466689669229614,0.20139111969229623,0.3527339508117967,0.0,0.06433754419363341,0.21784922035941295,0.19134584242136124,0.38331088831787885,0.3888694018062323,0.3039086980446895,0.3115436310491034,0.3529982162084392,0.37207635704887854,0.34796411342333233,0.3496364977108614,0.3488915401163867,0.3476751474307032,0.3483002635491075,0.3489361357822391,0.3492889262378666,0.30097061576609385,0.36041768937637847,0.3540220875628409,0.3730501152907861,0.3654807593690709,0.39217187666680187,0.40200273424610844,0.3978303226066413,0.40058491004514263,0.4027935023757572,0.39944469012354983,0.39976828126065017,0.40063685664141185,0.4014928859504113,0.4041010240678967,0.39753860952950154,0.4009034642880877,0.3953212077503969,0.4010606531029167,0.4222916505678893,0.336367499801401,0.4305503122883393,0.34093275993741196,0.42329765475489933,0.48234998968178344,0.36869338300816246,0.42401315603895967,0.42433780424793743,0.4245279464516519,0.42516219457174254,0.3577455387423506,0.34905945343471256,0.3498025871054489,0.3692650761721709,0.49944519555564104,0.36665352138486695,0.35970998359835366,0.33520173185769586,0.4006962120913735,0.3249153074157179,0.3283257955889729,0.33966511846098646,0.3465327728449239,0.4115136964442105,0.3230667780295885,0.3419243566136546,0.3312840781857148,0.37261286286583695,0.39109311872136254,0.37373278777015817,0.35076704227231703,0.2191229340772012,0.38188599827305975,0.3034287583837457,0.30955275506084445,0.3538741425913967,0.3720092613268702,0.34827763883375407,0.34838033583071853,0.35350178191155224,0.3529387868886708,0.3511925317755179,0.34788137480168874,0.346174504949033,0.36606563141052695,0.37400600443817555,0.3914344946594371,0.40451617821293206,0.40062371988366646,0.4000925695324644,0.40737324803353725,0.39671609226660853,0.40026703848587286,0.39699270580642076,0.40065880227407014,0.40455258934278704,0.39817606146758555,0.4028174302377102,0.39717570218182213,0.4039965754802043,0.42487018751372535,0.4305136004498169,0.33940411204753307,0.42398110438603487,0.42383265658098757,0.4247136457583383,0.42388318279742093,0.42424412475377166,0.35720685094828114,0.3499973979811066,0.3487753072590322,0.36694024079674503,0.3563903078349888,0.3357312502090375,0.39841612336571264,0.3246271441239278,0.3286282848587192,0.3366466879431914,0.3471499556371336,0.4118289506060472
caltech256_object_classification,0.32394375009709303,0.33425890979186046,0.3201412811482751,0.3643067392651306,0.332678454805642,0.32119058804472533,0.4100235663409624,0.36383501643043187,0.20909014777835985,0.36043018668592974,0.06433754419363341,0.0,0.21599842782198958,0.19006712576398363,0.39551815453928846,0.4023694375994819,0.29650779122420773,0.3052734131960474,0.3456231772726303,0.3580741937731533,0.3348321406625112,0.33640435604926006,0.335633439140979,0.3346431207710868,0.33515381741357486,0.3357758496804727,0.33612490015441715,0.30486246356770264,0.34933079191192007,0.35808763998030535,0.38130116501034805,0.3746943170866633,0.3919910629501546,0.3932035290121566,0.38970508247106794,0.3939275117750973,0.39395679724056537,0.3929328646197032,0.3909225283026931,0.3915876360545657,0.3953204081610026,0.3970813724853947,0.39030532621738656,0.39191538427898487,0.38828355572785456,0.3953493908124225,0.4170927148097766,0.34214189246379234,0.42475730870707507,0.3515679107906951,0.41955556399114646,0.4752531581075287,0.35791321144991894,0.42027625640443944,0.42053480400763843,0.420687659520651,0.4214383854438001,0.35001783835208955,0.34253836755092615,0.34359051485853453,0.3740139448924608,0.4957872118057836,0.35486272314016454,0.34140823561748995,0.3211271895540496,0.39123307383881767,0.30838689939974795,0.3128551499797556,0.32418263160523286,0.3495791015660619,0.40524712059638046,0.3229673724756179,0.33085749102724754,0.32399362295648637,0.3665766116491124,0.4102666604558437,0.363159010484735,0.3581778110214359,0.21712188932237947,0.3941678424621007,0.29633692779757775,0.3033364248521419,0.3464492772530562,0.35834775201625657,0.33495894015912986,0.335459657201829,0.3398466985297838,0.33985620087294155,0.3383744540989626,0.3349734507018426,0.33292252451845006,0.3550296895062331,0.3822769227888694,0.39092807166419596,0.3963368806835811,0.39272891352250083,0.39326311230066713,0.3982771811615445,0.39049919899216184,0.39140641943480975,0.38813734637527253,0.39426876857290905,0.39774351228847615,0.391413746344791,0.3934061378021494,0.3899671016144122,0.39811763143011336,0.41962019735400435,0.42483504266984223,0.34994514654026687,0.4203668914726283,0.42022798350035734,0.4208285294629014,0.42015570684125636,0.42059287140838875,0.3489530309175206,0.34343239436279127,0.3425872460045497,0.35534611721666376,0.3378839817164036,0.3212087838051357,0.38913273651106217,0.3080268084261051,0.313592996672174,0.3213673853914083,0.35024473717983495,0.40544139681987873
cifar10_object_classification,0.39058867234842387,0.4022116576403696,0.3921891964341739,0.4346427371825152,0.38694502654210605,0.36815704315523706,0.40115245948745654,0.41062792791665575,0.2742350675932678,0.2845518930506063,0.21784922035941295,0.21599842782198958,0.0,0.08126562924675802,0.3724038849921316,0.37699793659201253,0.363713499266973,0.3704709310236195,0.3944987269902533,0.40613093829916047,0.3975679015280958,0.39900171161570974,0.3983970968568396,0.3978793910318249,0.3979871354785497,0.3984780176899011,0.3989654210483047,0.3602125110137274,0.3990424245977796,0.38228294295857485,0.4327189535295149,0.423277663734326,0.4730413724001441,0.4401512351502829,0.4336176825620085,0.43646089074574757,0.4391517649769606,0.4351691577709134,0.4367958497342823,0.43593655975448126,0.4384061453601362,0.44206046054972303,0.434742300771919,0.4370181569694277,0.4321442718215073,0.43894214883569516,0.4759827714672112,0.38163534696678164,0.4837396231962399,0.40775129591396597,0.48807166951049896,0.5273046949220472,0.4255193224436967,0.4885331198981589,0.48856385742206543,0.4891758330733702,0.48955322800355516,0.40803829169292705,0.40489341229843556,0.40539667283007735,0.3988355875050724,0.5604207972347917,0.4336881493626158,0.4151539897130876,0.40437357428878695,0.4526743428992549,0.4018037876335837,0.39633202383406463,0.4070130563654533,0.41490540665802883,0.4715401684425163,0.38902451492071244,0.40520584858450664,0.39480794813890463,0.43641245538470547,0.4018520584489941,0.40934982868729086,0.28135917014622375,,0.3716424102768136,0.36262826648180047,0.3685825325890638,0.39529101306831105,0.406270573386197,0.39737374523867164,0.3975987063581051,0.40171255198088807,0.40156339666483676,0.4005131355039191,0.39765371293190915,0.3961569736804613,0.40393997015166067,0.4334805773052547,0.47254183601990213,0.44213037096341756,0.43556291902746735,0.4366959550613457,0.4430933563643394,0.4321817087496731,0.4368285603324368,0.43358338737376634,0.43719793370913396,0.44263425027352316,0.4355719948617536,0.43838512816190056,0.4332629805362338,0.44173628602842174,0.4782306501169531,0.4833852454357912,0.40617406167090486,0.48890523480567805,0.4884299110760312,0.48893723855384197,0.4887720033248768,0.48907119367978547,0.40746343378771016,0.4052573194039584,0.40409535383714545,0.4340706436566598,0.4129864985447237,0.4046456077842462,0.4514819253397502,0.40189423487199577,0.39610387529216645,0.4052499151872621,0.41568726436027353,0.47094298426705283
cifar100_object_classification,0.3642752489581077,0.3837484413297295,0.3735538253802364,0.4189422537416402,0.3538623914620118,0.32790551361944786,0.36824246051132714,0.38850959103524096,0.2668388263804251,0.25207393140369877,0.19134584242136124,0.19006712576398363,0.08126562924675802,0.0,0.3490543054339298,0.35200217151100205,0.33665694278251845,0.3428039592617914,0.3717578000823364,0.38978765192406845,0.3773204505400823,0.3789198065570528,0.37830419524597114,0.3776651138674515,0.37784137466384166,0.37836188700379586,0.3788253664592244,0.32573166782213786,0.3791346496920973,0.35492869639701,0.3901869162505649,0.3924154523159764,0.44353425123780277,0.41744028789467913,0.41070120716971803,0.4131785921314103,0.41708225305140995,0.4116363763631616,0.41421743426895763,0.41394308815420544,0.4145157845782083,0.41903619945357407,0.41179363760641297,0.41474729594081533,0.40770850397413777,0.4151993496548519,0.4491518532962949,0.35090411715365255,0.456761351239976,0.37201802973316267,0.4575948773720819,0.5088638903510833,0.40322657213119156,0.45808792632671413,0.45823343054116894,0.458936527429262,0.4592702669407084,0.3853802516417741,0.3800882959745145,0.38038807595443447,0.37579639009292404,0.5368726437647329,0.4105406134845757,0.3962224389560545,0.38816064469233735,0.4361032013988145,0.3844149694496113,0.37798990581903746,0.389781525135787,0.38644398159911475,0.444699151980233,0.362757767654812,0.3872188699637277,0.3761423950178747,0.4211829930162262,0.36894089318221446,0.38728438314241354,0.2488822986921038,0.08365131655525734,0.3480867043500623,0.3356576427737308,0.3409867441882447,0.37263582095776104,0.3900026175721081,0.37720904837694447,0.37748900391496043,0.3816983490115443,0.38198353879324254,0.38116073818848184,0.37733312273176484,0.37562865139628343,0.3848592914616358,0.3910508971164556,0.442585515707739,0.4194009230403164,0.41338840084702183,0.4132428487974116,0.42127337881151894,0.4082614155298575,0.4144210127666942,0.4110160868358127,0.4137288326565913,0.419637879323983,0.4121916489894362,0.4166209429077281,0.4094482143330532,0.4180097357265838,0.45158117517907126,0.456374384923223,0.37004886857435687,0.4585825525011993,0.4579057333523437,0.45857096697681077,0.4584764654460346,0.45850336884871,0.3848926061024157,0.3803970276478643,0.3790492769205664,0.4108822008784103,0.3943881160140206,0.38875184007989105,0.43448277921238665,0.38454605003045084,0.3781770565423348,0.38777865436241443,0.38726017362408766,0.4442490592914114
