,lapgyn4_anatomical_structures,lapgyn4_surgical_actions,lapgyn4_instrument_count,lapgyn4_anatomical_actions,sklin2_skin_lesions,identify_nbi_infframes,laryngeal_tissues,nerthus_bowel_cleansing_quality,stanford_dogs_image_categorization,svhn,caltech101_object_classification,caltech256_object_classification,cifar10_object_classification,cifar100_object_classification,mnist_digit_classification,emnist_digit_classification,hyperkvasir_anatomical-landmarks,hyperkvasir_pathological-findings,hyperkvasir_quality-of-mucosal-views,hyperkvasir_therapeutic-interventions,cholec80_grasper_presence,cholec80_bipolar_presence,cholec80_hook_presence,cholec80_scissors_presence,cholec80_clipper_presence,cholec80_irrigator_presence,cholec80_specimenbag_presence,derm7pt_skin_lesions,idle_action_recognition,barretts_esophagus_diagnosis,brain_tumor_classification,mednode_melanoma_classification,brain_tumor_type_classification,chexpert_enlarged_cardiomediastinum,chexpert_cardiomegaly,chexpert_lung_opacity,chexpert_lung_lesion,chexpert_edema,chexpert_consolidation,chexpert_pneumonia,chexpert_atelectasis,chexpert_pneumothorax,chexpert_pleural_effusion,chexpert_pleural_other,chexpert_fracture,chexpert_support_devices,pneumonia_classification,ph2-melanocytic-lesions-classification,covid_xray_classification,isic20_melanoma_classification,deep_drid_dr_level,shenzen_chest_xray_tuberculosis,crawled_covid_ct_classification,deep_drid_quality,deep_drid_clarity,deep_drid_field,deep_drid_artifact,kvasir_capsule_anatomy,kvasir_capsule_content,kvasir_capsule_pathologies,breast_cancer_classification_v2,eye_condition_classification,mura_xr_wrist,mura_xr_shoulder,mura_xr_humerus,mura_xr_hand,mura_xr_forearm,mura_xr_finger,mura_xr_elbow,bean_plant_disease_classification,aptos19_blindness_detection,lapgyn4_anatomical_structures --shrink_train 800,lapgyn4_surgical_actions --shrink_train 800,lapgyn4_instrument_count --shrink_train 800,lapgyn4_anatomical_actions --shrink_train 800,laryngeal_tissues --shrink_train 800,nerthus_bowel_cleansing_quality --shrink_train 800,svhn --shrink_train 800,cifar10_object_classification --shrink_train 800,mnist_digit_classification --shrink_train 800,hyperkvasir_anatomical-landmarks --shrink_train 800,hyperkvasir_pathological-findings --shrink_train 800,hyperkvasir_quality-of-mucosal-views --shrink_train 800,hyperkvasir_therapeutic-interventions --shrink_train 800,cholec80_grasper_presence --shrink_train 800,cholec80_bipolar_presence --shrink_train 800,cholec80_hook_presence --shrink_train 800,cholec80_scissors_presence --shrink_train 800,cholec80_clipper_presence --shrink_train 800,cholec80_irrigator_presence --shrink_train 800,cholec80_specimenbag_presence --shrink_train 800,idle_action_recognition --shrink_train 800,brain_tumor_classification --shrink_train 800,brain_tumor_type_classification --shrink_train 800,chexpert_enlarged_cardiomediastinum --shrink_train 800,chexpert_cardiomegaly --shrink_train 800,chexpert_lung_opacity --shrink_train 800,chexpert_lung_lesion --shrink_train 800,chexpert_edema --shrink_train 800,chexpert_consolidation --shrink_train 800,chexpert_pneumonia --shrink_train 800,chexpert_atelectasis --shrink_train 800,chexpert_pneumothorax --shrink_train 800,chexpert_pleural_effusion --shrink_train 800,chexpert_pleural_other --shrink_train 800,chexpert_fracture --shrink_train 800,chexpert_support_devices --shrink_train 800,pneumonia_classification --shrink_train 800,covid_xray_classification --shrink_train 800,isic20_melanoma_classification --shrink_train 800,deep_drid_dr_level --shrink_train 800,deep_drid_quality --shrink_train 800,deep_drid_clarity --shrink_train 800,deep_drid_field --shrink_train 800,deep_drid_artifact --shrink_train 800,kvasir_capsule_anatomy --shrink_train 800,kvasir_capsule_content --shrink_train 800,kvasir_capsule_pathologies --shrink_train 800,mura_xr_wrist --shrink_train 800,mura_xr_shoulder --shrink_train 800,mura_xr_humerus --shrink_train 800,mura_xr_hand --shrink_train 800,mura_xr_forearm --shrink_train 800,mura_xr_finger --shrink_train 800,mura_xr_elbow --shrink_train 800,bean_plant_disease_classification --shrink_train 800,aptos19_blindness_detection --shrink_train 800
lapgyn4_anatomical_structures,0.0,0.0007691695477589889,0.0008360855905225408,0.0011777748171843598,0.001960110175097898,0.002011072131095985,0.0028813524572619594,0.0018081458215919298,0.0021213102769359242,0.00287258173079873,0.0018244178662904346,0.0018160860090312724,0.002254564036104796,0.0021355978659653545,0.0030072674759837673,0.003053718960889012,0.0012913691651680324,0.001265593275208754,0.001600012046429592,0.0014863337174672326,0.0010976502444785523,0.0011043726986750216,0.0011008033576061593,0.0010979493544677013,0.0010941495063665173,0.0010972960846529676,0.001095429900092242,0.0019877676566840024,0.0019990230914948824,0.002027738486721427,0.0024650605822840108,0.002179586896164781,0.002606628039764503,0.002077997672269885,0.002096637903003941,0.00214758054293163,0.002072756798528275,0.0021563687291217097,0.0020662950848832854,0.0020682915411359176,0.0021635743154286105,0.002139523369801586,0.0021161734246709614,0.0020586384175105424,0.0020792052253922437,0.0021836901990494543,0.0022571911727138913,0.0021173104211151044,0.0022637383520545205,0.0021692686329546945,0.0028223213997519165,0.0024402514316647595,0.0023239559729909933,0.002826302581797586,0.0028271173101716202,0.0028317135411751342,0.0028314864475985644,0.00229382455481215,0.002272155545859079,0.00226707103415053,0.0025993700034493633,0.0032645079860183735,0.002473793436056548,0.0021103556762315265,0.0023157491485865057,0.0023267351467190995,0.0023156757581892975,0.0022675907368965966,0.002367257830268875,0.002303243893305975,0.0026344873101223727,7.050966528109661e-05,0.0008642091873427973,0.0008320824641059447,0.0011894055772354575,0.00288532526654154,0.0018096302400729288,0.002867267619414227,0.0022669554479138303,0.002997916089116524,0.0012814623471345812,0.001261283643262783,0.0016093723900101708,0.0014774343005274774,0.0011050071596668746,0.0010992898763838243,0.0011053484452831696,0.0011193961542803096,0.0011108930755433335,0.001075662891088655,0.001121968315770357,0.0020165304953417033,0.0024697745763462764,0.0025963342868163125,0.0020918804793109676,0.0021034330900713914,0.0021415411457144954,0.002079371107242332,0.0021488701032691443,0.002071614298857148,0.0020528572930770626,0.0021506162912003648,0.002150516957275474,0.0021191388493977427,0.0020600640310853664,0.0020826257438164558,0.002187152629013326,0.0022621397850163677,0.0022623483255726226,0.0021557561218227992,0.0028248385101737727,0.0028256172989625586,0.002834238603406266,0.002829477794558213,0.0028257368300759226,0.002284809466476594,0.0022813568393529465,0.0022623825279584424,0.0024756908112807167,0.002103943315784727,0.0023200716269383918,0.00231881868217281,0.002315770761449119,0.0022775162261454403,0.002360188552520424,0.0023063256123746502,0.00262708651854189
lapgyn4_surgical_actions,0.0007691695477589889,0.0,0.00044014276425876644,0.0006111769693138542,0.0021510589011696935,0.002175253168096674,0.003025622101954356,0.00185919429331571,0.002269462841437559,0.002917228731785706,0.001900251173844538,0.0018644579270008991,0.0022616473167058984,0.002184993615542595,0.00295291266629622,0.003043860147540653,0.0015014023520753513,0.001504643533373053,0.001672163791472937,0.0015129934458675567,0.0009409883161513933,0.0009488064947524152,0.0009372821881899968,0.0009405989187896808,0.0009337754806556377,0.0009403489189761132,0.0009340454914751775,0.002128555463693849,0.0018639425486123,0.002173787618079112,0.002586944732273756,0.002451087621476708,0.002628691616141569,0.002084389531371255,0.0020824599851569786,0.0021159389099307735,0.0020757962432605697,0.0021230342773666112,0.002068532325559096,0.00206905888638274,0.002136082824384181,0.0021160926433945295,0.002093912591720712,0.0020578508134394442,0.0020792893025467383,0.0021439054494843107,0.002298699081686718,0.0022589387741628287,0.002287253991225745,0.0024289867999393207,0.0029206732745731758,0.0023560830694322734,0.002290363424187641,0.0029245265427997385,0.002923487265426911,0.0029267393998337124,0.002927965340986408,0.00225186061521531,0.002275184167962075,0.0022781864468300397,0.002658700093353338,0.0033194268155501876,0.002292512300698337,0.0020314664820823168,0.002244374214089956,0.002166717585219368,0.002158132121745558,0.002140170731640768,0.0022218697630293524,0.0023502269114488005,0.0027025660826950756,0.0007778338894991891,0.00028572254908981455,0.0004214952756780776,0.0006168371939914523,0.0030278274040561087,0.0018596342166201252,0.0029085593602510246,0.0022734953535216334,0.0029449224885267572,0.0015000430851586032,0.0014976947576180635,0.0016780987477336509,0.001510271334560645,0.000954219932482053,0.0009403404260515489,0.0009408093690612077,0.0009573578191684363,0.0009240544740216649,0.0009268745003240214,0.0009694933802772909,0.001865388304942323,0.0025894848162336887,0.0026214223956181346,0.0020898786815984863,0.0020824361718131345,0.0021095737427674725,0.002077533896781395,0.00212123795005237,0.0020725268507818615,0.0020587523908121713,0.002125068563035319,0.0021206305326107212,0.0021002055401597884,0.002059548404492995,0.0020777542756672887,0.0021450644583918634,0.002295564779639068,0.0022890648057854353,0.002415539009333693,0.0029216349150644363,0.0029224099082738094,0.002931013191544288,0.0029263036989703554,0.002924444222765726,0.002244449669853947,0.0022818635379188153,0.002274185625146123,0.0022952153947318407,0.0020203714028335555,0.00223771904700528,0.002160805177520473,0.002161966971098491,0.002153500967132146,0.002221049052454936,0.0023506977226467485,0.0026946984372851175
lapgyn4_instrument_count,0.0008360855905225408,0.00044014276425876644,0.0,0.000523751314509157,0.0020725332276321723,0.0020883765543135355,0.002954093529108758,0.0018921711235982117,0.0021599137717525025,0.002837172953475857,0.0018054801777755644,0.0017692029554738156,0.002208805601089296,0.0021249557605018767,0.0028912783753740753,0.00295804738622791,0.0014598641353896085,0.0014652105118405645,0.0017247491134714439,0.0016379123747064341,0.0008382133397699221,0.0008502732798990963,0.0008370921747129132,0.000839311936525013,0.0008342100508522664,0.0008405362838167294,0.0008328537331310343,0.002087156921777248,0.001978578071218226,0.0022316098220776723,0.0025243362668634405,0.00233727224835128,0.002605275529552583,0.0021423847431241315,0.0021540590134548326,0.0021961587351021165,0.0021316804556859724,0.0022057283202337775,0.002128523251021938,0.00212781362668253,0.0022162939777676683,0.0021905045702389943,0.002163693899074565,0.0021110682171282405,0.002145869222403604,0.0022273714357568626,0.0023134316400809114,0.002222989489834345,0.0023102442248065613,0.002388941380601739,0.002827080553450398,0.0024318205946115,0.00233167083436706,0.002830506311950855,0.002828472335934149,0.002832525340565951,0.0028339120924134155,0.0022120388659593857,0.0022604611574349154,0.00226347489863897,0.0026805778407804097,0.003240214143007522,0.0022728408786987135,0.002044661386981818,0.002154350802439683,0.002210702954847491,0.002097835411638795,0.002102344510673612,0.0021608296382428535,0.002342692047063039,0.0026193450229686946,0.0008418216107047528,0.000460761044737393,7.143923531048992e-05,0.0005463436229950105,0.002956689304534457,0.0018912304931625046,0.002829242554324011,0.0022209970729120928,0.0028814817595042798,0.001458923630101026,0.0014537138487682854,0.0017313973944111183,0.001633441723473442,0.0008539853912836522,0.0008401591813930738,0.0008482416578883233,0.0008577411845814027,0.0008274595751606966,0.0008214271125558243,0.0008598878997374015,0.001989372158132662,0.0025290418770403562,0.0025970761455332307,0.0021540115162056793,0.002153978184301337,0.0021882774020831135,0.0021378142362702794,0.0022015759657182258,0.002132224957364457,0.0021155529124492266,0.0022031534275188626,0.0021996753882100708,0.002171254470069647,0.002109374614624864,0.002147700651889659,0.002229192144124346,0.002313474248754651,0.00231198739389706,0.002377222562567579,0.002827452060376311,0.0028275007495743637,0.002836639884842008,0.002832662518081049,0.002830941901472997,0.0022066173144640574,0.002264480154960444,0.002258125526875563,0.0022760439086715054,0.0020336603606701037,0.002149032588585371,0.002203803962780018,0.0021004290748455334,0.0021128851867599453,0.0021583278082095946,0.0023432283320326264,0.002611856847351959
lapgyn4_anatomical_actions,0.0011777748171843598,0.0006111769693138542,0.000523751314509157,0.0,0.0023866804930521516,0.002363210023660736,0.00318548889468035,0.0021600321796250146,0.0023949404447686905,0.003049091741122973,0.002065587444396221,0.002035466787210021,0.0024546293997286485,0.002389090354790736,0.003065635333588318,0.0031522076982874155,0.0018374912751855988,0.0018345142536680924,0.0019965019062012403,0.0018976929498356896,0.001191171345606131,0.0011982316331761468,0.001185882447966705,0.0011903033095844876,0.0011846954508261463,0.001190422804485891,0.0011834911581745588,0.002363539119477724,0.002088218921812569,0.002507101042275056,0.0028110764155151718,0.0026485461384650254,0.0028203390013017185,0.002340847295693641,0.0023487463700036103,0.0023769572869992883,0.002339864693627811,0.002385037291270388,0.002328769177600097,0.0023382041935921085,0.0023983680491113176,0.0023702559783589923,0.0023537430760057817,0.0023229261082987392,0.0023398580794395684,0.002395322151337618,0.002519509383256741,0.0024656475928275597,0.0025139276831787527,0.0026945542622488832,0.0030898313629507423,0.0025302414183807826,0.0025573829848041527,0.0030936378795370133,0.0030922263448256663,0.003094356192617144,0.0030965050012741416,0.0024508557160648767,0.002522792649170333,0.00253142775701574,0.002902647775141986,0.0034544321816047685,0.002435555268876925,0.0022654476928518595,0.0023964918085759876,0.0023207323169241647,0.002267364533691438,0.0022592478218224953,0.002347964535833029,0.0025156536038690807,0.0028623506999131848,0.0011832969247579498,0.000632379603582271,0.0005158150886219375,8.269900951180499e-05,0.0031880515436697936,0.002158861188730248,0.0030410133655274893,0.002468127125593935,0.003052798009211509,0.0018390685033621026,0.0018287875961603035,0.00200283805416432,0.0018960405995570484,0.0012070683714186714,0.00119407648982276,0.0011937394201288272,0.0012013764913921306,0.0011651724660219514,0.0011785134248709298,0.0012124261166490556,0.0020902097266348846,0.002814807932234575,0.0028153767611946824,0.0023477037875053158,0.002343405773681158,0.002370142194518101,0.0023399586711038015,0.002386169506570713,0.00233313193812493,0.0023270937619056273,0.0023866500817961286,0.0023727160387318575,0.00235936710518165,0.002325768929435825,0.0023374970609890797,0.0023965456653998987,0.002517738859735303,0.0025145663893358945,0.0026847091659209753,0.0030890677986601302,0.0030915842051076016,0.0030998253700846162,0.003093012000497126,0.0030924407018906655,0.0024441079801001595,0.002528399118798086,0.0025243705832331104,0.0024403949933679966,0.0022541888811205757,0.0023888869924012113,0.0023145168644010143,0.0022714651434688335,0.0022718228829286574,0.002348701406016079,0.002516476330230299,0.0028556792615748636
sklin2_skin_lesions,0.001960110175097898,0.0021510589011696935,0.0020725332276321723,0.0023866804930521516,0.0,0.001924718924105048,0.0025222294051722256,0.0021204340467197197,0.002030652645395651,0.0026141452147956656,0.001799864319269659,0.0017823967325337892,0.002191282750655313,0.002019814612442582,0.0028128236310828872,0.002793228937560312,0.0015228317649579424,0.0016068577779522145,0.002087009563252511,0.0020989774910198118,0.001972415298338939,0.0019799343014372424,0.001983787002747727,0.0019751176421716,0.0019770631293933973,0.001977209175854591,0.0019752664604919777,0.001017693017022623,0.002272985166621234,0.0017984786504663562,0.002274318570944573,0.0014336877245506943,0.002415219534061899,0.002289219703923399,0.0023248017891369186,0.0023700486271572715,0.0022715843819346906,0.002383067865492234,0.0022749962129937334,0.0022637845857586343,0.002394953764520747,0.00237427026835382,0.002329517474455753,0.002221474553613655,0.0023278372902179644,0.002404641980577273,0.002543407801121794,0.0009903711863192798,0.0025656974853620427,0.001282374149261061,0.0021327847694919914,0.002749151881048826,0.0023181272986670027,0.0021382626149862773,0.0021386287723806786,0.002141580113600617,0.0021431523335937413,0.0018540754396923005,0.0017824261147411022,0.001789114268711043,0.0022960605955198985,0.002704504489847055,0.0025478213934648523,0.0022412953946837747,0.0023635243597144454,0.0025672552384346406,0.002412447210312563,0.0024449245012207483,0.002370144597756965,0.002136241857700784,0.0019797099043170094,0.001952683476971285,0.002144427725666884,0.002098273342541461,0.002401746656279991,0.0025267072877768414,0.002113466281897837,0.0026064971976144124,0.002192171392188317,0.0028097542237264066,0.001528105318505007,0.001586460192139654,0.0020867090387060388,0.002104228470129743,0.0019647521808376267,0.0019795849131340987,0.0019953355938763396,0.001991738312908666,0.002000785760604967,0.0019661381316335453,0.0019609048267081987,0.002304565125076707,0.002275290788883953,0.002405574404174749,0.0023142384565953337,0.002338847275921467,0.0023634211856435033,0.0022808055823152844,0.0023649298274760503,0.0022778893886310015,0.0022444139268949755,0.0023814740758286972,0.002384814412516178,0.002337929580954972,0.002217247356278927,0.0023437040107134946,0.0024094890470775883,0.0025534407564242,0.0025651440667565483,0.001278403156245905,0.002136721795927676,0.002134823385368651,0.002146897457281774,0.002138821609866483,0.0021385056963009333,0.001841231866457156,0.0017770944125768099,0.0017937340539011986,0.002549953417466941,0.002228696936016212,0.0023713756884187493,0.002560403754729933,0.0024085713208334496,0.0024428106815697365,0.002354823962811386,0.0021353683625398422,0.0019720539195253028
identify_nbi_infframes,0.002011072131095985,0.002175253168096674,0.0020883765543135355,0.002363210023660736,0.001924718924105048,0.0,0.0019155106002857146,0.002399603118102485,0.0018417395606093012,0.001998271255373075,0.0016111949459588974,0.0015985835279551908,0.001959784367127026,0.0017375899989741355,0.0024835975655425543,0.0024824468536188945,0.001772827623005796,0.0018363203444327555,0.002239190538066737,0.002269395735655897,0.0020856358646434573,0.0020977773282827425,0.0020945500766678623,0.002086111710574154,0.0020929073288345366,0.0020933149034427145,0.00209757699267731,0.001721919329101084,0.0021745786209634195,0.0017964508884681296,0.0020044532214559332,0.0019679890512880943,0.002540747369753171,0.002397052821080655,0.0023613186570497335,0.0023787593024331925,0.00239858276884832,0.0023682402574504583,0.0023813382656676712,0.0023804348086623947,0.00238012000072325,0.0024133679267751606,0.0023674292649483847,0.002381530081146977,0.0023488356649875785,0.002383632484345779,0.0024701048220951236,0.0017566791153597935,0.002524238145889859,0.0016911692289805701,0.0026110024856198805,0.002905991380712348,0.0024555644101147437,0.0026130122331295296,0.002616412567252298,0.0026190289642352123,0.0026196856788150147,0.0024482047463635155,0.002426629337879908,0.002426815525806009,0.0018915426043766984,0.003099376213063008,0.0025106381108986765,0.002314041921457235,0.002263505251633228,0.0026870390530935257,0.002314031969136633,0.002356439970582565,0.002355186641571635,0.0022814662836425385,0.0025865557406537835,0.002005566543286426,0.002122714184142704,0.0021075584063406897,0.0023798638369502342,0.0019156298384898863,0.002389428907247958,0.002003234629566997,0.0019583440379267645,0.0024718909488416945,0.0017627777361832273,0.0018080634900370656,0.0022505320972168873,0.002270881343031104,0.00207886149901365,0.0020810622041541067,0.002112270720200472,0.0021175371850484354,0.002115965081904602,0.002085044477749136,0.0020690585753065545,0.0022077833851042485,0.0020142513736998947,0.002533955150010107,0.0024106366044995297,0.0023751493522766285,0.002374904006769569,0.00242711555319747,0.0023423828598895,0.002378105064657578,0.002357574008320964,0.002370042856066695,0.002414323819470883,0.002368673797838582,0.002392683548701314,0.002366172723462435,0.0023978466122502088,0.0024855995962370743,0.0025214046593853997,0.0016802344695523233,0.002613424932882947,0.0026142853755551625,0.002619921774278578,0.002617847378263495,0.0026150728730842876,0.002447108142229024,0.002430735792395649,0.0024176171019819606,0.0025121720039064767,0.002301225243789136,0.002272422922541844,0.0026762584430372926,0.002313512768276354,0.002349799144777717,0.002342826596530472,0.002286019940751493,0.002581605154091276
laryngeal_tissues,0.0028813524572619594,0.003025622101954356,0.002954093529108758,0.00318548889468035,0.0025222294051722256,0.0019155106002857146,0.0,0.0030878700111341443,0.0022825977158379036,0.001810992345549409,0.0020949540371717036,0.0021551730408556355,0.0020288251220190517,0.0018630119364721426,0.002604325215734182,0.0025921252019473623,0.0027267529797723655,0.0027462171465985822,0.0029864579908360275,0.003115156018591992,0.003039333381407619,0.003050183149046146,0.003047127469853611,0.003040693305507277,0.003044282533031249,0.0030454052040921114,0.0030487403715246135,0.0022891593771167066,0.0029133816651883875,0.0026601683849158363,0.0026872574105997757,0.002521283748897693,0.0031962906454794265,0.0032002940269057834,0.003200097543701084,0.003197309910238427,0.0032105028329643976,0.0031953549996748126,0.003196222397189642,0.0032046843232535083,0.0031986787969930917,0.0032146495915682154,0.0031848543810374724,0.0031945177493358234,0.0031640280964947394,0.003192571499628552,0.00326860721702611,0.002487910780049761,0.0033244204193630623,0.0021338245515692593,0.0032194214898981937,0.0036513983300511745,0.003335360868237691,0.0032218965871377405,0.0032227892703275687,0.003222432701673975,0.003228301522317599,0.0030174832934565347,0.0029902215195858704,0.0029955697097286777,0.002506651252096691,0.003635039474026455,0.003159092758063349,0.0030764547132501124,0.0030567510802944784,0.00333203706784648,0.0030936777236092016,0.003084941982354913,0.0030640893256290184,0.002894975387653392,0.0032361313810046624,0.00287138362366571,0.0030931790560712884,0.0029695680100279135,0.003196301865390841,3.48209680750011e-05,0.003080885873095413,0.0018280460078821652,0.0020269854119910865,0.002589653986367654,0.002723788949792609,0.0027322630238939653,0.0029925750234030485,0.00311734316380433,0.0030312199002016683,0.0030386506110148346,0.00306276797098388,0.0030692288728117537,0.0030654318826396393,0.0030333337273891776,0.0030278083558965122,0.002950891441743815,0.002691534243555339,0.0031905380206904872,0.0032135083413889734,0.003211655864946657,0.003190580790900437,0.0032263753219892296,0.0031765344900531317,0.0031920151046739777,0.0031873625011049726,0.00319987988234896,0.0032142430383149123,0.003183257777927561,0.003207279845161696,0.003173422320512568,0.0032088835152793353,0.0032842556321800607,0.003320673893451577,0.002135899774457428,0.0032223746259925534,0.0032218134319164527,0.0032244104070967778,0.0032215939161219956,0.00322722176518159,0.00301485009515404,0.00299007888132219,0.0029951154885573586,0.0031580457770074497,0.0030649739904565964,0.0030633308593594113,0.0033263595548780455,0.0030927561934239803,0.0030860336202025653,0.00305753467927634,0.0029023080208815375,0.003232996985018613
nerthus_bowel_cleansing_quality,0.0018081458215919298,0.00185919429331571,0.0018921711235982117,0.0021600321796250146,0.0021204340467197197,0.002399603118102485,0.0030878700111341443,0.0,0.002522755906494774,0.0028208037387419324,0.0020878701676899825,0.0020233643436671288,0.002349042372871827,0.002253289414563722,0.0029178507585322947,0.0029460716273088114,0.0012567975119834019,0.0011110238792514907,0.0005949741138904415,0.0010584579546602186,0.00156283650739839,0.0015604446462748685,0.0015616526034532344,0.001564703577984767,0.0015636489652343867,0.0015619237572065887,0.0015656621711732557,0.0021692574917572954,0.001604938192277112,0.002327031098801226,0.0026364618065517465,0.002562262974356332,0.002360295578294219,0.002115721398579558,0.002096572347528425,0.0021465178776796136,0.0020899925726067295,0.002149317175316156,0.002089282467931267,0.002075096246230629,0.0021636405777434795,0.0021589685155543013,0.002116212626028488,0.002062667506004539,0.0021463698612413425,0.0021830649782080287,0.002454013079772301,0.002295025646255425,0.0024553602984940543,0.0024871223678218316,0.0025167634789819236,0.0025549631580800056,0.002041698899110409,0.0025184850034717103,0.0025202882924342447,0.002522944108511298,0.002519534234358211,0.0016261484034982459,0.0016210284202916457,0.0016066381701755348,0.002700543843366788,0.0028843626162520833,0.002340982479912475,0.0019191204380281366,0.0020993809138293443,0.002227138288893065,0.0021825884790586544,0.002086785853036338,0.002110557509251379,0.0026557829568018693,0.002281061631319429,0.0018072576797988746,0.0019155949926848792,0.0018950171079651628,0.00215878131981423,0.0030922101417040423,5.634690438226083e-05,0.0028031541290993948,0.0023466121203796265,0.0029189824695199495,0.0012530661868654703,0.0011402734076695993,0.0005949748707064317,0.0010527712908046795,0.0015541308641165018,0.00156906729959683,0.0015690111222442455,0.0015702012625106905,0.0015758165005025691,0.0015593230430689005,0.0015630066153818631,0.0016067548226775161,0.002644016019201489,0.0023526986420853635,0.002134564605647921,0.0021050205499049696,0.0021413434372861673,0.002102275158748955,0.002143126146357554,0.00209241734724842,0.0020671470763740304,0.0021513139550696277,0.002175523128373314,0.0021266096491098724,0.0020551764536021725,0.0021446344066729127,0.0021876571384740603,0.002451209012126483,0.0024606983534350294,0.0024798160648042767,0.0025199110742700186,0.0025172088339256576,0.0025244176393916036,0.0025246058834275473,0.002513839197622599,0.0016202663328364736,0.0016270660439702627,0.0016003185908048951,0.0023474710660424053,0.0019064558364362653,0.0020994856504800595,0.00222182745329512,0.002179850965791195,0.0020960716476945895,0.002104082274793132,0.002658258023300701,0.0022693812742446764
stanford_dogs_image_categorization,0.0021213102769359242,0.002269462841437559,0.0021599137717525025,0.0023949404447686905,0.002030652645395651,0.0018417395606093012,0.0022825977158379036,0.002522755906494774,0.0,0.0022459034221549642,0.0010474537678425008,0.0010623892446626204,0.0014743537281420205,0.0014570565756489714,0.0025161154211613655,0.0025665733734865403,0.002001196604745576,0.0020923635251047473,0.0023542078714175432,0.0024151388670921167,0.0023126164907477918,0.002323568688016326,0.0023219559775581387,0.0023140951577895067,0.0023157709872146147,0.002320191139249391,0.002319559056160699,0.0018776467632264258,0.00247969981228768,0.0020946201170551834,0.002319095478816348,0.0020205937976863937,0.0025128500839527194,0.002572054084675148,0.0025551982106577042,0.002568492936648528,0.0025777334077173066,0.0025651574001561133,0.0025626291912792002,0.0025644297358309474,0.002570792605958593,0.0025860551278588904,0.0025561339171507828,0.0025693912354888314,0.0025309590565101136,0.0025754784723556893,0.0026818388846967995,0.002054068208678126,0.0027311314238563284,0.0020719523584983735,0.002670341658880085,0.0029705249989801985,0.002454336183794095,0.002673027709165365,0.002676173809735576,0.0026755051951586496,0.0026793790338789057,0.002420275609416257,0.0023699063869766007,0.002372369695347203,0.0022612666455461977,0.003092270721457703,0.002469756190459492,0.002400129720001286,0.002272367840874853,0.0026667637971482467,0.0022373136739034863,0.002303797049155833,0.002307255712405106,0.0021365543869484214,0.002635868563196624,0.002107593532661457,0.002249556013190431,0.0021813234952380413,0.0024143346325865424,0.002282400193175005,0.0025163329738503537,0.0022417796342964784,0.0014892679736337303,0.0025067963739701217,0.0019934648635265943,0.0020760185618237757,0.002359095648841537,0.002416717853849366,0.0023180630907545952,0.002317220958436508,0.0023412510139644615,0.0023390871771355026,0.0023365662147878993,0.00231132466828642,0.0023018293065137415,0.0025123390052189053,0.002322479945365862,0.002508524441687911,0.002586874416864248,0.0025668139037136827,0.002568887050091496,0.002597715734993381,0.0025469900833756925,0.0025667499135665936,0.00254494034772265,0.0025667192307256186,0.002586556404090527,0.0025578565430355296,0.0025748828537978967,0.00253756762650811,0.0025903186864861256,0.002696620464476553,0.0027287581905997174,0.002065387874463318,0.002673133669553556,0.0026748978959105617,0.0026779077707691328,0.002673789924813804,0.0026758498240106294,0.002415219681852455,0.002376104323031422,0.0023653552120124744,0.0024715561823307215,0.002382499634723729,0.0022775599970940564,0.0026567863420844506,0.002235228520120279,0.0023022012139975916,0.002296033099134013,0.002138251154576369,0.002634512139538259
svhn,0.00287258173079873,0.002917228731785706,0.002837172953475857,0.003049091741122973,0.0026141452147956656,0.001998271255373075,0.001810992345549409,0.0028208037387419324,0.0022459034221549642,0.0,0.0019485050648951018,0.0019161762145019964,0.0013916800501189072,0.001232592425638363,0.0018654638063633697,0.0018409636954437622,0.002579183970533504,0.0026073311091657173,0.002733613348225458,0.0028199321928141447,0.002814715707161004,0.002825365511656398,0.0028209431655052556,0.002815615886473202,0.0028193791188431093,0.0028198511722443927,0.002825919857000743,0.0024967996704668366,0.0027525408807387297,0.002575960407911211,0.0026145993411678253,0.00282822366947332,0.002988776582747046,0.0028155791369329918,0.002771754849032473,0.0027756890140193764,0.002813663640506343,0.0027650336451469646,0.0027980028779401056,0.0028001869338050655,0.0027753045271991313,0.002807160855477136,0.0027691343541203155,0.002799276151513169,0.0027577149215236105,0.002774193472908084,0.002953013994222093,0.002636645481729193,0.002997856338945039,0.0024908467287071525,0.003185862165777842,0.0033044479839542352,0.0029689606843141736,0.0031866740817757095,0.0031891577507048886,0.0031906292718222352,0.003190795383517143,0.0028203129441540624,0.002775468812976686,0.002781822656726581,0.002577384406222738,0.0035340993335802517,0.002620090140889815,0.002661115754822959,0.0025820506277963464,0.0028528086855146005,0.0025713627417219475,0.002464097329481382,0.002532837117858014,0.0028884582311854913,0.0031671487273401684,0.002870030536681509,0.002899233301061054,0.0028510401492258582,0.0030561048284229943,0.0018143022184336987,0.0028136185646331774,6.981118024287672e-05,0.001376726131545462,0.0018601451127871907,0.0025763381884390526,0.002591092801919021,0.0027398445315691905,0.002825011591073019,0.002809122000030135,0.0028154146589387894,0.0028370005269144857,0.0028443503252179882,0.0028396746146033295,0.002820747300746584,0.0028032523256427766,0.0027837404323354264,0.002617809497278183,0.0029862923381713787,0.0028281950918729137,0.002783937580894737,0.0027697942033961882,0.0028377100137146104,0.0027414230104327777,0.0027942874662795847,0.002784201941688778,0.002773660952536489,0.0028071642066444056,0.0027740515104872658,0.0028137889621029388,0.002766567801701635,0.002787249011177764,0.002966586862462836,0.002995181294142138,0.002489959983340506,0.003188034528463294,0.0031879566747357413,0.0031885898769842985,0.003187839895441808,0.0031863324573737114,0.002815618864434661,0.0027720846795734914,0.0027773952055894385,0.002625358199891409,0.0026514072585241367,0.00258705780561478,0.0028484751909817335,0.0025695504104036844,0.0024603771905540813,0.002527679189876054,0.0028929645488531405,0.0031620552000928533
caltech101_object_classification,0.0018244178662904346,0.001900251173844538,0.0018054801777755644,0.002065587444396221,0.001799864319269659,0.0016111949459588974,0.0020949540371717036,0.0020878701676899825,0.0010474537678425008,0.0019485050648951018,0.0,0.00030527060722866975,0.001180577712216291,0.0010251698991677813,0.002147331215813995,0.0021987924105682797,0.00167048918768611,0.0017002765095671295,0.0019522724444003645,0.002010083316274086,0.001911304059390068,0.001922873857910952,0.0019180364623008475,0.001911162068701117,0.0019148413752882107,0.0019180538771561147,0.0019190906513149742,0.0016287442407361655,0.001994969751117981,0.0019027222493981754,0.001994735578468078,0.001970273194051299,0.002187405584541239,0.0022019798338259646,0.0021931365235733098,0.002216304107392148,0.0022052318602907577,0.0022134923654832848,0.0021904143776945036,0.0021944986302391274,0.0022225688598608373,0.0022262320778676896,0.0021917698863307125,0.002193423990656425,0.0021781566593469166,0.0022239039327970546,0.002338536598434587,0.001872912270345205,0.0023797292677863882,0.0018254412382203104,0.002367848240859456,0.0026286119532720822,0.0020344125547888782,0.002372741607772434,0.002373051589895852,0.002373362367347346,0.002378641047869945,0.001953886830153647,0.0019105604457290157,0.0019164829285862142,0.0020750630777546467,0.002800343040166223,0.002038791466405286,0.0019710516143191855,0.00186116682773054,0.002229149481351874,0.001799523956977089,0.0018287678791261103,0.0018688569250309628,0.001940947774759627,0.0023038254252837533,0.0018153003532122287,0.001907558114753647,0.001830339664154707,0.0020793773333360323,0.002093239027282118,0.002082107777515262,0.0019385169315108558,0.001186627035079164,0.002138755260318834,0.0016681962100933562,0.0016891095753895004,0.001955691730562501,0.0020124328668159027,0.0019111059938195013,0.0019158497124531718,0.0019427679888349306,0.0019415164823979583,0.0019339533856257505,0.0019114894117270298,0.0019022147505977046,0.002025855320173753,0.002001775917324153,0.0021857176781662534,0.0022197866600591736,0.002206470047362041,0.002211494417884967,0.0022279038653342472,0.0021980915422133993,0.002194185398067691,0.0021767210512311065,0.0022170388415885442,0.0022286782944478207,0.00219558352526567,0.002201771176091029,0.0021850758930238613,0.0022391105440069167,0.002349881672703282,0.0023804855487543366,0.0018194500156259782,0.0023713863978785015,0.002371855151340691,0.0023767723594096822,0.002372250690398295,0.002374768769741996,0.0019483003105770424,0.0019141599576397881,0.0019096277059154716,0.002040588212616978,0.001949434914084202,0.0018652576878474408,0.002219851406140623,0.0017988356553392012,0.0018309018791223027,0.0018534573157095453,0.0019449607968618924,0.002303977667884408
caltech256_object_classification,0.0018160860090312724,0.0018644579270008991,0.0017692029554738156,0.002035466787210021,0.0017823967325337892,0.0015985835279551908,0.0021551730408556355,0.0020233643436671288,0.0010623892446626204,0.0019161762145019964,0.00030527060722866975,0.0,0.0011510932080710235,0.0009923516737087427,0.0021454034517854152,0.0021995645276173268,0.001601173622992667,0.0016379879621059674,0.0019025144155907926,0.0019436815748281788,0.0018291838649345893,0.0018402478268227812,0.0018354926370105092,0.001829112816107454,0.0018326999371188666,0.0018362730674939258,0.001836666702669095,0.001616887377647686,0.0019254063131564352,0.0018902220175434311,0.0019865730580332012,0.001978763529419632,0.0021394131037880473,0.0021247533877417884,0.0021188643469226467,0.0021484359251567756,0.0021298942577635217,0.00214664853514646,0.0021140608173618267,0.0021183976807850795,0.0021568379930848834,0.0021564143901214496,0.00212212726690467,0.0021161128975454406,0.002105484740723108,0.0021603656158593366,0.0022702679826489317,0.0018636973853821928,0.0023076352889525313,0.0018296006203109302,0.0022893178352230226,0.002557510994216091,0.0019434800448583818,0.0022938899733596432,0.0022941566350201757,0.0022937153327059496,0.002299993765835086,0.0018950012739161709,0.0018552422941419539,0.0018620785320941423,0.002043607470058964,0.002710779604125753,0.001936442286325206,0.0018579569381932974,0.001747212162068024,0.002140281080006139,0.0016830662612711991,0.001721250702967325,0.0017563600296376992,0.0019210183603178734,0.002228484888491471,0.001809863442224901,0.0018429653963380475,0.0017913559686094918,0.002048934721715568,0.002153101969199116,0.0020170809111448537,0.0019035330475350523,0.0011568406885699122,0.0021384967812673895,0.0015986383140610544,0.0016264784274908723,0.00190466622206003,0.0019469982817234381,0.0018289857410096035,0.0018334784428012995,0.001858544022169633,0.001861400245958055,0.0018530129974663172,0.0018305865269560174,0.0018178997687904599,0.001956038858757859,0.00199463867589775,0.0021358301297016,0.0021454325225025916,0.0021330707894937012,0.0021427720225917594,0.0021519602887702495,0.0021315724449525535,0.002118818811331494,0.00210043617144342,0.0021508325638375826,0.002159618919211204,0.002127467053226627,0.002122717802335086,0.002112872028154129,0.002173981605637721,0.0022822440750474926,0.0023087762149929464,0.0018236494700928406,0.00229351197767233,0.0022936794491626986,0.002296622401344166,0.002293371777655864,0.0022965924848518567,0.0018882504615610174,0.0018600691878210966,0.0018551473338235783,0.0019398923535461736,0.0018369412641966165,0.0017495674782979451,0.0021319687725197753,0.0016807373626578966,0.0017242846956002837,0.0017407900798930883,0.0019250180836578468,0.002229002225475756
cifar10_object_classification,0.002254564036104796,0.0022616473167058984,0.002208805601089296,0.0024546293997286485,0.002191282750655313,0.001959784367127026,0.0020288251220190517,0.002349042372871827,0.0014743537281420205,0.0013916800501189072,0.001180577712216291,0.0011510932080710235,0.0,0.0004217429399049111,0.001993254760256221,0.0020425702073034167,0.0020417978506802005,0.002064549472233489,0.0022340459759416205,0.0022421109925288194,0.0022194799810056226,0.002227961306719317,0.0022256706827688986,0.002221891907367211,0.002223069395482122,0.002225508400691172,0.0022276293798766606,0.0020175148187434044,0.002268722066657909,0.002054687650943208,0.002368836739773568,0.002373826374328124,0.0026624343328279423,0.002409950889626867,0.0023861145198526175,0.0024106553229062177,0.0024046617232547874,0.00240942490936805,0.002392822765561005,0.002387683432128159,0.002423546095187709,0.0024299028368667906,0.0023942881386378873,0.0023943196255395835,0.0023756557383648328,0.0024331861945587436,0.002634211491266791,0.0021932244453047303,0.0026690764700467756,0.0023182689321822126,0.0027963220046224907,0.0028739346666982668,0.0023914694402708734,0.0027994814191912454,0.0027978873670425858,0.0028004925734771736,0.002803565105094698,0.0023129214880264616,0.0022924100134444304,0.002297242079145639,0.002237964041791102,0.003192517010298516,0.002390016557803387,0.0022692529063708436,0.0022623403482285483,0.0024985758352710774,0.002222597783630681,0.0021919088130210587,0.002224955700014306,0.002348098518000211,0.0026948606661575188,0.0022446584055168728,0.0022743107846470764,0.0022242994678227917,0.0024635036612893034,0.0020294993495242977,0.0023420927904294164,0.0013791705934191358,7.841911320524e-05,0.0019869145238716815,0.002039174151879354,0.00205109768045603,0.0022377680793754908,0.002246712102329326,0.0022161140561087964,0.002222173010921989,0.00224211227552737,0.002245321624796944,0.0022378688049561166,0.0022220950406883926,0.0022112229149514294,0.002294175822959781,0.0023712256280557413,0.002661387504968728,0.002423861195406608,0.002393983636567447,0.002408491469952668,0.0024238773771212436,0.0023962865223613053,0.0023957096810734357,0.002377418167086927,0.0024162303051886913,0.0024334525284521987,0.0023987114329591863,0.0023979205969567544,0.002377849282342089,0.002445926640539898,0.0026432005887510857,0.0026678288105216556,0.00231401973133402,0.002799686641462327,0.002798821635772538,0.002801797637217088,0.002800343577877294,0.0028027728899279,0.0023072347508233523,0.0022945426324308188,0.0022897184185294976,0.002394797560265954,0.0022525084490474683,0.002262157826009155,0.00249466120152249,0.002221484996123434,0.0021923305942478464,0.0022180345261388146,0.0023524118970286853,0.0026889661088353137
