,lapgyn4_anatomical_structures,lapgyn4_surgical_actions,lapgyn4_instrument_count,lapgyn4_anatomical_actions,sklin2_skin_lesions,identify_nbi_infframes,laryngeal_tissues,nerthus_bowel_cleansing_quality,stanford_dogs_image_categorization,svhn,caltech101_object_classification,caltech256_object_classification,cifar10_object_classification,cifar100_object_classification,mnist_digit_classification,emnist_digit_classification,hyperkvasir_anatomical-landmarks,hyperkvasir_pathological-findings,hyperkvasir_quality-of-mucosal-views,hyperkvasir_therapeutic-interventions,cholec80_grasper_presence,cholec80_bipolar_presence,cholec80_hook_presence,cholec80_scissors_presence,cholec80_clipper_presence,cholec80_irrigator_presence,cholec80_specimenbag_presence,derm7pt_skin_lesions,idle_action_recognition,barretts_esophagus_diagnosis,brain_tumor_classification,mednode_melanoma_classification,brain_tumor_type_classification,chexpert_enlarged_cardiomediastinum,chexpert_cardiomegaly,chexpert_lung_opacity,chexpert_lung_lesion,chexpert_edema,chexpert_consolidation,chexpert_pneumonia,chexpert_atelectasis,chexpert_pneumothorax,chexpert_pleural_effusion,chexpert_pleural_other,chexpert_fracture,chexpert_support_devices,pneumonia_classification,ph2-melanocytic-lesions-classification,covid_xray_classification,isic20_melanoma_classification,deep_drid_dr_level,shenzen_chest_xray_tuberculosis,crawled_covid_ct_classification,deep_drid_quality,deep_drid_clarity,deep_drid_field,deep_drid_artifact,kvasir_capsule_anatomy,kvasir_capsule_content,kvasir_capsule_pathologies,breast_cancer_classification_v2,eye_condition_classification,mura_xr_wrist,mura_xr_shoulder,mura_xr_humerus,mura_xr_hand,mura_xr_forearm,mura_xr_finger,mura_xr_elbow,bean_plant_disease_classification,aptos19_blindness_detection,lapgyn4_anatomical_structures --shrink_train 800,lapgyn4_surgical_actions --shrink_train 800,lapgyn4_instrument_count --shrink_train 800,lapgyn4_anatomical_actions --shrink_train 800,laryngeal_tissues --shrink_train 800,nerthus_bowel_cleansing_quality --shrink_train 800,svhn --shrink_train 800,cifar10_object_classification --shrink_train 800,mnist_digit_classification --shrink_train 800,hyperkvasir_anatomical-landmarks --shrink_train 800,hyperkvasir_pathological-findings --shrink_train 800,hyperkvasir_quality-of-mucosal-views --shrink_train 800,hyperkvasir_therapeutic-interventions --shrink_train 800,cholec80_grasper_presence --shrink_train 800,cholec80_bipolar_presence --shrink_train 800,cholec80_hook_presence --shrink_train 800,cholec80_scissors_presence --shrink_train 800,cholec80_clipper_presence --shrink_train 800,cholec80_irrigator_presence --shrink_train 800,cholec80_specimenbag_presence --shrink_train 800,idle_action_recognition --shrink_train 800,brain_tumor_classification --shrink_train 800,brain_tumor_type_classification --shrink_train 800,chexpert_enlarged_cardiomediastinum --shrink_train 800,chexpert_cardiomegaly --shrink_train 800,chexpert_lung_opacity --shrink_train 800,chexpert_lung_lesion --shrink_train 800,chexpert_edema --shrink_train 800,chexpert_consolidation --shrink_train 800,chexpert_pneumonia --shrink_train 800,chexpert_atelectasis --shrink_train 800,chexpert_pneumothorax --shrink_train 800,chexpert_pleural_effusion --shrink_train 800,chexpert_pleural_other --shrink_train 800,chexpert_fracture --shrink_train 800,chexpert_support_devices --shrink_train 800,pneumonia_classification --shrink_train 800,covid_xray_classification --shrink_train 800,isic20_melanoma_classification --shrink_train 800,deep_drid_dr_level --shrink_train 800,deep_drid_quality --shrink_train 800,deep_drid_clarity --shrink_train 800,deep_drid_field --shrink_train 800,deep_drid_artifact --shrink_train 800,kvasir_capsule_anatomy --shrink_train 800,kvasir_capsule_content --shrink_train 800,kvasir_capsule_pathologies --shrink_train 800,mura_xr_wrist --shrink_train 800,mura_xr_shoulder --shrink_train 800,mura_xr_humerus --shrink_train 800,mura_xr_hand --shrink_train 800,mura_xr_forearm --shrink_train 800,mura_xr_finger --shrink_train 800,mura_xr_elbow --shrink_train 800,bean_plant_disease_classification --shrink_train 800,aptos19_blindness_detection --shrink_train 800
lapgyn4_anatomical_structures,0.0,0.07962957439128122,0.08163750539462214,0.11271329318823411,0.1717183769020576,0.19717281299917505,0.2929140441662036,0.16212549899260276,0.20385966830026936,0.2677531189588619,0.16778154734623954,0.1666173813118034,0.20120794414833032,0.18570107685074583,0.292400535623216,0.297039395551592,0.11741634062345882,0.11576862842844914,0.14552173623986694,0.14761143176298672,0.10668735774001947,0.1073160214121564,0.10716635304423211,0.10654710021302086,0.10656897848855594,0.1067222483185673,0.10663521775958987,0.17646096578966253,0.1794193318822006,0.19151307591113462,0.25807876111265726,0.22191578136619738,0.24540530595934784,0.19191482357125722,0.19268294544999592,0.19602292129236604,0.1913437298532473,0.19662088315562698,0.19090329011963347,0.19095638812224686,0.19711953308774097,0.19597235311141337,0.19362269039275104,0.18980858454506466,0.18976005463016984,0.19833046329509246,0.2124362805347835,0.1875174258607527,0.21438803714605584,0.21162556396880294,0.26615917264750094,0.23343733972392955,0.21287749691396068,0.2664458058718111,0.266648606374701,0.26706859365887525,0.2670235992470405,0.20113527151980634,0.1979329366007367,0.1969407271172568,0.2330358972342913,0.3325698487142429,0.2257909388468649,0.18856677270828837,0.20246392835407892,0.21425747774742124,0.20586529226529182,0.20146207427427898,0.21346072616844727,0.20909500834030398,0.24199749504103985,,0.08583410392528962,0.0816557030519652,0.11346329315027635,0.29384821550065887,0.16231432759799247,0.2663775443252294,0.2021923299432896,0.29124486525976856,0.11642797577406047,0.1149521998565315,0.14648605980495988,0.14675691369421545,0.1075877052887628,0.10662633980957169,0.1076924056204387,0.10905075192783104,0.10796744566949996,0.10505739490936743,0.10812419893651107,0.18136529540619412,0.2583317400702251,0.24402131678087818,0.19283339531249424,0.1938240829980652,0.19556382252974203,0.1925557616725255,0.19536224889786008,0.19107892762571066,0.18918744113611313,0.19613518453791773,0.19689385145083232,0.19383080577548004,0.19017256632596627,0.19085439674134097,0.19883117360443942,0.2133589334829487,0.21408472679347007,0.20907290000257162,0.26694929669980083,0.26603797026935627,0.26717281776661633,0.26697648151395464,0.26633709916669934,0.20047713588847815,0.19886576890524327,0.19657512004559397,0.2255951566794273,0.1882420633591522,0.20278504904309003,0.21319243304222557,0.2057320178054893,0.20197502901324163,0.2123119880374286,0.20945752816373017,0.24127933331062434
lapgyn4_surgical_actions,0.07962957439128122,0.0,0.04551882673989367,0.060279359732514234,0.20301044661813095,0.23085999435960922,0.3306006962054024,0.17137148565839938,0.22527106622345047,0.28943604604765594,0.1779586915768987,0.17196527605248849,0.20704506064759448,0.19576074006259903,0.31028367241760846,0.31932917831826724,0.13739129413559667,0.13954759534945343,0.15510759952209274,0.14822379451638923,0.09103631264298008,0.09166064382082774,0.09077014640705873,0.0907678375656991,0.09040589448251476,0.09113177876599458,0.09052422022327754,0.20365589567647735,0.17127046760106507,0.21338824245405236,0.2892038230737543,0.26361208037596173,0.26402330047300443,0.19483328975496483,0.19453109970223764,0.19734642929896096,0.19379018119621894,0.1980887618595691,0.19337761580451746,0.19322503913540523,0.19924847425366723,0.19740327685469009,0.1953305120439631,0.1920383288191898,0.19292180731318387,0.19976868795754132,0.2231855561658504,0.21536536655292643,0.22344103893444361,0.2516409687499058,0.2960819683414575,0.230040004424676,0.2156826403248223,0.29642362516309106,0.2964123278775742,0.2967445146441916,0.2968085059181974,0.20735089551774044,0.20797163756324594,0.20782208535728583,0.2547418458534557,0.36051245546930966,0.2179464425038145,0.18600592857327009,0.20680550978927975,0.2068948227042106,0.1999665074727511,0.19687301092580448,0.2080110001997489,0.22451987857555364,0.2656430425694588,0.08077540369646233,,0.04402817005935748,0.05985403541633433,0.3315358363637507,0.17143665104344,0.28742727613199126,0.20826415074850232,0.3091631666181339,0.13707976275025646,0.13874037571610148,0.15564336610790117,0.14789050253000469,0.09244849988216805,0.09123858388258127,0.09111673294856526,0.0927415006782426,0.08926109193490722,0.08984387398198361,0.09344809701368664,0.17172871358251493,0.2893138080205176,0.2628177318734392,0.19528461906916383,0.19484487346684454,0.19668519784763644,0.19414693062004357,0.1975397376410304,0.1937379993957398,0.19211914818154124,0.1982268563839685,0.19789079146825816,0.19614365585174043,0.19236279238568085,0.1931438347591076,0.20001976832125448,0.22348024704427832,0.22365882653716251,0.24884652982706823,0.29680921485983547,0.29576970820540815,0.29703581067174656,0.29677580912440726,0.29635441064127976,0.20660863564802667,0.20878195196041233,0.20756134470304347,0.21782516585771297,0.18493057293709986,0.2062937754001724,0.2060628679300871,0.20029209593922603,0.19807062727884345,0.20738813805482087,0.2247345642239602,0.2645275616267056
lapgyn4_instrument_count,0.08163750539462214,0.04551882673989367,0.0,0.051262422087661345,0.1936682993685257,0.21920532359387768,0.317595477843008,0.17356962726722208,0.2142934363214225,0.27804004480863925,0.1708154703759186,0.1655503230005248,0.20241948532997905,0.19101309731567545,0.30089871966621423,0.3085666602024506,0.13377743066632103,0.1358604185206039,0.15886086017073076,0.16019075159012908,0.08149431353766115,0.08243443473689556,0.08134681345327432,0.0812485739554318,0.08111050160368799,0.08171164039651717,0.08105087516314302,0.1956220512801609,0.1826442407859537,0.21714815607535246,0.27870565065107555,0.24850866793752752,0.25713529202736074,0.20132914276858657,0.2019656774394354,0.20500884390174579,0.2002162764900261,0.20585126300673473,0.20005364524045682,0.19989539467102135,0.2067632740066585,0.20482810778637756,0.20239351317945048,0.1982928942392032,0.19977162644831314,0.2073267614360216,0.22403441857368997,0.20849288751448158,0.225276853871573,0.2423366496390021,0.2834276085135946,0.23662302332857327,0.22059324661401553,0.28367156649720016,0.2836756399660961,0.28403115236206367,0.2840725383256135,0.20313923357474112,0.20706109950894117,0.20704053808693834,0.25191617495329544,0.34848246819233974,0.2142284016432316,0.187616612233752,0.19807834938357,0.20951424235909588,0.19471666153529069,0.19483377424900133,0.20226763703177877,0.22242490759898217,0.25668879108369397,0.08277800940916132,0.0459837397586039,,0.05302481517656721,0.31844087784041225,0.17355691150124486,0.27616635003439327,0.20353725989693744,0.2996724660841267,0.13334642730469443,0.13469183780810146,0.1598645808045619,0.15959469216128525,0.08310033148131254,0.08168949852495397,0.08255499596209856,0.08313541265893616,0.08022877959158049,0.07970771420582831,0.0831852492741901,0.1838264981383095,0.2789100256755265,0.25571484399481037,0.20225415949814018,0.20235045771706078,0.20435340331229473,0.20107280706859837,0.20495373313040882,0.20025434017010108,0.19859220284132695,0.2055770115335139,0.20566162489968115,0.20304598401912993,0.198531713411736,0.20046688852244543,0.20776766605433294,0.22476095055501405,0.22540154867880938,0.23965253106675688,0.2841808877634098,0.28309810933126023,0.2842317405022552,0.28411702648971016,0.2836614405982081,0.20271591736180275,0.2075270009443434,0.2066690534990887,0.21410631097097946,0.1867510269856403,0.19775209537136235,0.20858527832126805,0.19482239436658727,0.1957108050570125,0.20149442372592272,0.22269133779237488,0.25577713175400457
lapgyn4_anatomical_actions,0.11271329318823411,0.060279359732514234,0.051262422087661345,0.0,0.21975535801134582,0.23835720037975258,0.3346183627455477,0.1979390833319415,0.23160964277298082,0.2932033424541241,0.19140235714168358,0.18683157023087252,0.22320880134355436,0.21329831573876315,0.31348222862405306,0.32253816109513356,0.16555164772648961,0.16851432599670269,0.18267699041635124,0.18368676857181476,0.11562384516807162,0.11627200814376515,0.11511666208298382,0.1152486312956977,0.11509119124930016,0.11573353185176413,0.11514442676329313,0.2182720005305771,0.19211702694113625,0.2378368794792311,0.30214312718501685,0.2720559345752761,0.27456727621748267,0.21819710688491384,0.2182561424401319,0.21979667057145963,0.21798242086212657,0.22042632426583852,0.21706477121942302,0.2177992516596487,0.22165540702329606,0.2198107780579917,0.21809276745619136,0.2162157563881377,0.21591353544062405,0.22095444308208556,0.24155907319460623,0.227762540298542,0.24286350799965273,0.2649174422460827,0.3064166778709454,0.245562877783843,0.2395079224467926,0.30673338088308566,0.30669214908798964,0.3069349812214555,0.307100162178779,0.22550859375897175,0.2305531047026989,0.23088810926151118,0.27005873438105915,0.3683239797432789,0.22804850064579202,0.20756136703091346,0.21861516796247948,0.2187827835505472,0.2091763327637978,0.20872371497985315,0.21833883016461475,0.23672352915281658,0.27998458360869044,0.11352867450630472,0.06014156532614312,0.05068141176696135,,0.3355469385580556,0.19787922315484488,0.2915817056709755,0.22438939153497678,0.31211224091903816,0.1653236214637061,0.16780166515564743,0.18356209578852273,0.18336915854249264,0.11719760728431142,0.11598092436262858,0.11614406136715404,0.11699376394565837,0.11321989951319389,0.11439921820909521,0.11707289509133506,0.19266874128727973,0.30233245913693607,0.2734787135623283,0.21857121448068065,0.2182397346591426,0.2191870970775457,0.21840943447310468,0.21985314434694592,0.2173289964776841,0.21649895946020625,0.22055053425914417,0.21997971089194004,0.21858968746998947,0.21686537074877926,0.21615864067145169,0.22139983309773498,0.24215437992642203,0.24288758796068372,0.2624492296022692,0.3070523193712694,0.3061793224449943,0.30730749716035716,0.30697986809320854,0.30662673466236967,0.22497903118473508,0.23108949416119218,0.23046342588843144,0.22802660192793706,0.20653454690412684,0.21815095888783323,0.21800440863542317,0.20945275645437308,0.20976145010942776,0.2178996436774563,0.23700876960471048,0.2792030428458847
sklin2_skin_lesions,0.1717183769020576,0.20301044661813095,0.1936682993685257,0.21975535801134582,0.0,0.18245475323292054,0.2528030678371235,0.19637196911824303,0.1947630280989792,0.24273912895235933,0.17599195315161537,0.17875769161966748,0.20478445021157346,0.1859987750621506,0.27139239238101165,0.27235651966379026,0.14466678101579403,0.1504541315891538,0.19359288468831892,0.20778906740479436,0.19103885977548998,0.1917650814285397,0.19206774831335544,0.19118770273219057,0.19150970515959595,0.19141294227381933,0.1914710331567062,0.10074026963418886,0.21515994869158922,0.17028821704778535,0.23575411432393734,0.1546983183492886,0.23596175949779438,0.21820387749436315,0.21958942844899326,0.2224170526604496,0.21695211668175096,0.22290527286567335,0.21725973625774966,0.21655755196768478,0.22368117437706017,0.22395147572655094,0.21987233446378238,0.21308050133154177,0.2186416992522311,0.22434606583692332,0.23988359662595365,0.09481964637069026,0.2440208599493608,0.13334843926137893,0.21191715568266795,0.2628509866985944,0.22550991444424606,0.2123040626593536,0.2126903749946322,0.21296959186119913,0.21299687282380236,0.17086463253668885,0.16433147129237288,0.16460785920193838,0.2010437261714009,0.28665362166713315,0.2500373045944848,0.21804082930516985,0.2215544934554447,0.2490055665726096,0.2314522584330101,0.23425903558356423,0.23223334661830286,0.201216491681723,0.1919388727302198,0.1707932234921943,0.20236900876806516,0.19557211538282215,0.2214539137096792,0.25357438816909256,0.19567353384097363,0.24139234866799658,0.2041857619287058,0.27064274874012106,0.14442678156123512,0.14885764655049116,0.19410224758817451,0.2078741423703746,0.1907496118545417,0.19097323842647104,0.1929409728526616,0.193081675525425,0.1936171663025986,0.19020571633848454,0.19035184638964356,0.21843374383580627,0.23575902363128431,0.23438033857209223,0.22014425588771858,0.22095016323750308,0.22233627055252084,0.21866701387761894,0.2206000876582277,0.21725842851857854,0.21421234758434857,0.22295130097585208,0.22469406482534085,0.22014253964006075,0.21336028356879383,0.22076721583583558,0.22528575969796394,0.24159348780001497,0.24351789819234287,0.13151730529561084,0.21273363816601393,0.21186578486178126,0.21314736412246182,0.21273896272264498,0.21238241236099253,0.17019927791770356,0.16402841176258856,0.16473903235602122,0.24980385928740467,0.21755494174455664,0.222335599053669,0.24764336613440646,0.2309373161209781,0.23368812098676417,0.23016795902109016,0.20137078781368156,0.19136769828068106
identify_nbi_infframes,0.19717281299917505,0.23085999435960922,0.21920532359387768,0.23835720037975258,0.18245475323292054,0.0,0.17030999602470068,0.24252336241135344,0.18675357569780382,0.18111617154883952,0.18315478057540643,0.18901631083329035,0.2119291801748656,0.18948826044461337,0.23064291499809603,0.22971662245935828,0.18879116349629277,0.19608829074019066,0.23168894244847038,0.248851352240429,0.2277413259943712,0.22871878848287513,0.22858181179443798,0.22742329140914902,0.22843900731715366,0.22822535550307305,0.22875772639096112,0.16655562021062081,0.22775605774040825,0.175604899660527,0.19773225565389857,0.18081258614511053,0.234204485623146,0.24855954187351478,0.24419057697290675,0.24318249372951284,0.24902937127613728,0.24145845631443807,0.24782542833993954,0.24817530426447787,0.24205476310881735,0.24733447874062484,0.24342098417018349,0.2477645045739939,0.24155127435743923,0.24121976901708278,0.23946854101245021,0.1635731885426473,0.24669029423087524,0.1522040442069797,0.2393354625912289,0.28918497481631084,0.2561418418552024,0.2392133528646282,0.23977684197504118,0.24013373169482027,0.2402999163366501,0.23974017627571254,0.23935881331403755,0.2388145250787102,0.16428113381185888,0.29941341693722867,0.2569546184197763,0.24245787078360698,0.223140270076457,0.27324925850520154,0.2366843303764798,0.24372009546328682,0.242031193857831,0.2124311408323831,0.2346752491575542,0.19600929206311796,0.22550889038829397,0.221017561450276,0.2408363472540367,0.17076961958053632,0.24180652260251878,0.1815839955351059,0.21095247802319225,0.22933917456322284,0.1872391190833274,0.19415069130747925,0.23295145523719166,0.2481502587691056,0.22779876729090498,0.22648730969266412,0.22975095055550027,0.2300522042507014,0.22989281669498196,0.2269468492008945,0.22628324466434072,0.2310718343240695,0.1985166436683597,0.2333223351280317,0.24914741402306256,0.24559245090208778,0.24327953677122077,0.25266401325443555,0.23816286562645295,0.2466547027754867,0.24537208857438741,0.241925403589488,0.24723007548342818,0.24275725209792406,0.2496916285180018,0.24413169082903402,0.2429000040460364,0.24188243325789363,0.24591344978140978,0.15066680724251258,0.23980614523992047,0.23938279977459734,0.23976454558687582,0.23992103614880977,0.23964581315452685,0.24024847842157773,0.2398066032765832,0.2376965617947337,0.2564994688488551,0.24242211316936946,0.22431904827811103,0.2717603906915564,0.23651988636379606,0.24227606131280877,0.24039057210954334,0.2127797684193146,0.23476096776440553
laryngeal_tissues,0.2929140441662036,0.3306006962054024,0.317595477843008,0.3346183627455477,0.2528030678371235,0.17030999602470068,0.0,0.3336290423458568,0.2395839394867061,0.1815167021923693,0.24903691141969467,0.2607329217336761,0.2601215020622136,0.24168630549458828,0.24189274781554598,0.23501501035468164,0.29090550849492636,0.295732120638472,0.32556899717216936,0.3549719677792502,0.3334130594934096,0.3344047375493123,0.33419983464495956,0.33313614760262067,0.33383896128380497,0.3338103148847005,0.33426984433170126,0.2326033163520232,0.32135257770173575,0.27056877473776464,0.24540793431723545,0.22514326944246787,0.2972473635599068,0.3472026473064922,0.34505196654435644,0.3426927060516244,0.34829942816811765,0.3411602701039409,0.34720927833689413,0.34817685367480633,0.3413248916641495,0.3460993454946821,0.34290090965935327,0.347243325793475,0.33986813289944895,0.3398048138755274,0.3305462235229599,0.2363097723898719,0.3386697874956726,0.19258443565472555,0.282187878743789,0.38145561191330535,0.35151850067979906,0.28216067967703923,0.2827435911678383,0.2828488149272795,0.28316556494451134,0.3162466341003404,0.3159348758099151,0.3159730775649053,0.2336434745438594,0.3228776906671296,0.3336740809800561,0.3359842799769873,0.310568963327831,0.35535450942734065,0.32436267276769537,0.3299178627522702,0.32754715255094713,0.28243038837672446,0.2965099037428973,0.2915838632618836,0.32983249292946804,0.3194275747156308,0.3370979173555078,,0.3328751373389266,0.18408863762815653,0.2587469729454699,0.240775775861426,0.2894591308167909,0.29463516230082554,0.3266080185561424,0.35417449206779567,0.33339317073734664,0.33223451743738774,0.33537535144384917,0.33573088506123544,0.33526988293281945,0.33228616881508377,0.3320806039586084,0.32522327674018986,0.24615805340382,0.296907918071347,0.34767865097842154,0.34657033135607285,0.34241960781304426,0.3514315023816896,0.33818771268438264,0.3461785224437234,0.34540816461315654,0.3416072317348308,0.3458985023402942,0.3419225672287641,0.34928927912409513,0.3422428726144318,0.34193628603650705,0.33314927977802644,0.33751346323206843,0.19307301066351237,0.28243165774160356,0.2824802288228555,0.2825321456782647,0.2824459634432329,0.28255539564601195,0.31706595777632546,0.31609083054030784,0.315192745029503,0.3331215704930764,0.3360217112008958,0.31162827903304846,0.3542050045506317,0.32426699496111594,0.32852558831527956,0.32609554072266833,0.2831070660461308,0.29713245470713834
nerthus_bowel_cleansing_quality,0.16212549899260276,0.17137148565839938,0.17356962726722208,0.1979390833319415,0.19637196911824303,0.24252336241135344,0.3336290423458568,0.0,0.24279671638527878,0.2805172797906987,0.1926882807848917,0.18599386965615167,0.20913128246350748,0.19628133999769437,0.3111189467124012,0.3185510796961937,0.11441416673151894,0.10431961556761449,0.058516913563619946,0.10670737372387729,0.1486216631718762,0.14830369699383544,0.14843764589307945,0.14866866641429,0.14862018934887422,0.14849166264457125,0.148845798574755,0.20582788683258021,0.15643901003121086,0.2277672468855964,0.293433216479173,0.27059348692007307,0.24770974576821111,0.20762707861932947,0.20410969173405646,0.20743722286397454,0.2048213846796346,0.20737420618821972,0.2048137162361809,0.20331191727329165,0.2089396435989076,0.20985838371972199,0.20547897551852196,0.20237814621648714,0.207397157896874,0.2102886560116924,0.2437171733566183,0.2143025925212521,0.2455271568227291,0.25310096152949463,0.27261000681154257,0.26139717401473217,0.1980077777287027,0.27276723012833104,0.2729702760060253,0.2734325452718241,0.2730034503711615,0.15944940087869827,0.15685159473818439,0.15533115200657055,0.2587715088714156,0.3354906097232811,0.23105737001022073,0.1859919883559254,0.203549522267078,0.21874045637608983,0.21018311623983618,0.19929134325777959,0.205778288049601,0.2474869348823836,0.2392124809585059,0.16152107848949004,0.1758683352275643,0.1739714495398768,0.19779231349103213,0.33464823174327807,,0.2779297609074456,0.2089610500396493,0.3106904458251474,0.11373127558374467,0.10676631403239722,0.05879422226988237,0.10590001833635573,0.1477048268343103,0.14906160891205256,0.14924344325060052,0.14947973311239926,0.14966836135249822,0.14790223207410383,0.14850247762120922,0.1570329704376367,0.29382747689904004,0.2461714507207841,0.20911466169837814,0.20529402638876565,0.20709663556312274,0.20627210877500024,0.20668101621385404,0.20498786388318702,0.20210787120396367,0.20815289495589728,0.2111439483203199,0.20627816701594637,0.20204889280556096,0.20789789567194666,0.21089877487972414,0.24407514141645784,0.24559029383974573,0.2509851008699131,0.2735877777887883,0.2723024842274532,0.27334843013227506,0.2735773792491592,0.2724097496108925,0.1585931703365961,0.15773761856530186,0.1545240441666174,0.2313959237327239,0.18500433676975064,0.20361583006151696,0.21797031643510717,0.209929619851723,0.20021109643549442,0.2045935234227173,0.24789029018978626,0.23778199596050487
stanford_dogs_image_categorization,0.20385966830026936,0.22527106622345047,0.2142934363214225,0.23160964277298082,0.1947630280989792,0.18675357569780382,0.2395839394867061,0.24279671638527878,0.0,0.22033496346400297,0.11360480655274402,0.1190521234149858,0.1528251654780881,0.1471047836213906,0.2462084125775066,0.25013280887103895,0.20091282250155235,0.2090150929006931,0.23085037859295215,0.24749336606345335,0.23371475461241992,0.2346532019137741,0.23449235293827114,0.23366049087850924,0.23404973090603545,0.23428211801003168,0.2344146278171832,0.17764995992287125,0.24089685097735736,0.20666544894134342,0.2399394065846905,0.2054124250702568,0.23872271808556908,0.2544687933634497,0.251208465990363,0.2510310207991204,0.2546857744196319,0.2499909037708376,0.25344053819499157,0.2532899634676593,0.2507313912845447,0.25398782468708,0.25089156701816634,0.2537153219759385,0.2485475253765463,0.2506348390501745,0.26190530636267817,0.18945716920557326,0.26767540586535743,0.2000609122616595,0.25913243690419313,0.29163395535331516,0.24388722554886047,0.2593251081514413,0.25972716181447175,0.2597692778845097,0.25999104165524833,0.23262110652493456,0.2291351498167894,0.22926793517992825,0.21054796290920846,0.31568624805328216,0.24474840103811674,0.2414384384510832,0.22175099817210642,0.262014700914875,0.22282272995762895,0.22982314644834542,0.23126318636077267,0.21264972909762367,0.2517122694828591,0.20284465629892365,0.22195324913705677,0.21602725042436094,0.23367828809096725,0.24013046187120674,0.2422072880582122,0.21923847694746193,0.1541780265327823,0.245053454245373,0.20009617902490226,0.20772617287158396,0.23171032928904037,0.24724951232831796,0.23432629461998405,0.23365590527907154,0.23627743928623293,0.2359840264763739,0.23574542498470863,0.23324327435831127,0.23256508329841885,0.24416003726752314,0.24047046810914174,0.23800332013606257,0.2553859831047679,0.2523666670077668,0.25125646486241565,0.25718761979513904,0.24788013138918122,0.2536054718110318,0.25109338804338643,0.2503860349410323,0.2541332400699333,0.2508490912593941,0.2546288445792793,0.2496417079385249,0.25219653354338034,0.26386401555856287,0.2671490799878934,0.19862804018043342,0.259672236818943,0.25916102966565524,0.2599622094300894,0.2594870369131951,0.259392607360598,0.23252902942260242,0.22958027797388925,0.22846321789891313,0.24412186293382004,0.24056815263034573,0.22244097830323548,0.26058845490842203,0.22241507630690735,0.2292521766147164,0.22974714101217047,0.2129820826533122,0.25175006172120673
svhn,0.2677531189588619,0.28943604604765594,0.27804004480863925,0.2932033424541241,0.24273912895235933,0.18111617154883952,0.1815167021923693,0.2805172797906987,0.22033496346400297,0.0,0.20482695291468034,0.21062962684207642,0.17641931597355495,0.15888590481910486,0.1747935373626736,0.17118833697321553,0.2533410238795748,0.25787430363439595,0.27325844437137964,0.29530308728736515,0.28595164225807695,0.28680658931850234,0.2864897297929383,0.2856730313513882,0.2863270633789589,0.28633846569781046,0.28681637652032066,0.22938123696792806,0.2734502046188909,0.24566197481273844,0.24292770702715233,0.24464525890740865,0.27484385200281813,0.29185061192657485,0.28628523811783346,0.2846450992718793,0.2917669475707204,0.2827081248454759,0.29051552952351123,0.2908405313118383,0.2836462144261215,0.2888302294039918,0.28518824596175807,0.2905503732774837,0.2831889018009562,0.2826116343736149,0.2892672851152137,0.2354158955722533,0.2955860616812408,0.21837104366876287,0.2834275173466594,0.3331234089862676,0.2952529787662257,0.2833767771372437,0.2838033804908081,0.28414764318579394,0.28405962089509307,0.2730094486187236,0.2714242436613994,0.27161965794871623,0.23124214410213684,0.33111199718943285,0.27082610746522706,0.2784066522339249,0.2566193866916177,0.29307936448372757,0.26339861248778024,0.259607864835678,0.26653052607549943,0.26584672421126454,0.28756184295685056,0.26711610927325524,0.2878126908868487,0.27941267379245527,0.2950349314303142,0.18193102290735094,0.27982151934284044,,0.17446411925200683,0.1740810389508007,0.2521060557542182,0.256911790234018,0.27410960499434994,0.2950279934208504,0.2858934718926328,0.28503662557685305,0.2877705713118688,0.2880580157403486,0.28772704828589896,0.28538681431427243,0.28480101073306885,0.27667236934590816,0.2434329286680746,0.274301583939852,0.2925032339133944,0.2876040988321793,0.28422665710070427,0.29496248118190044,0.2798753010110373,0.2898127484141437,0.2885429280324963,0.2838727287256521,0.28880512335906394,0.2850326239129038,0.292650036466147,0.28512853621694145,0.2841939335813017,0.29121527284139187,0.2947694437563896,0.21773634469043293,0.28396959128452814,0.28347695436504394,0.2835667675733472,0.2839009998839499,0.283493725801672,0.27323117904349414,0.2713129126761914,0.27083425903530844,0.2706639360899954,0.27831417865541275,0.25754500741976366,0.2921556304752603,0.2635741569787645,0.25860337908608555,0.26520866341545374,0.2663642558975847,0.2877019622340687
caltech101_object_classification,0.16778154734623954,0.1779586915768987,0.1708154703759186,0.19140235714168358,0.17599195315161537,0.18315478057540643,0.24903691141969467,0.1926882807848917,0.11360480655274402,0.20482695291468034,0.0,0.036204968529061216,0.11679797450241033,0.10193844050727234,0.23125115954493128,0.23854137879590598,0.1583352254958156,0.16279826615292092,0.18224164619804278,0.19546096701429871,0.18216479234656696,0.18297683516522523,0.18259424495717025,0.18195245698979384,0.182335207916248,0.1826159858392759,0.18283557449969431,0.1634930637559209,0.18924005367956004,0.1955925470106638,0.2321542892088684,0.21518885362969697,0.21592090513118942,0.21267388593273304,0.2102484825258145,0.2114628119079637,0.21286162931723757,0.21080393771860026,0.21138911872356442,0.2117862042063038,0.21199092762949936,0.2135800960021001,0.21010101260263597,0.21178248448102152,0.20894621079503972,0.21175123655737535,0.225672188085557,0.1809049560196211,0.2299898871954806,0.19757466369903717,0.24171593633789484,0.2563407177843584,0.19593449178979253,0.2420986105302924,0.2423016269516902,0.24239919185715114,0.24266770006937402,0.18559448149479782,0.18156768247324648,0.18185691893688566,0.20550492441760793,0.3035147900361671,0.19457757603235265,0.19021798196570838,0.1774765829256748,0.20927904463411295,0.17173383598360048,0.17213695109200416,0.17981359851135503,0.1876031327342513,0.22718803298769213,0.1671130455149288,0.17725283476390158,0.17267634001769533,0.19266188841430215,0.24960616160329496,0.19222418873469366,0.20282430918902516,0.11746202993646086,0.23032516886182408,0.15805564782220866,0.1619556714027984,0.18267713334386843,0.1952769020441147,0.1823791471699522,0.18223387427207347,0.1849156070205183,0.18458371399900297,0.18362652868175489,0.18208405186844692,0.181304971498976,0.19213225714501875,0.2325694034488901,0.21510899513307347,0.2139651301098051,0.21166200859974932,0.21124006590604472,0.21524694537209071,0.20941224999361985,0.21170027744691,0.2097479675950426,0.21152090568286097,0.2138685111878349,0.210430497955652,0.2128185308932556,0.209942637490305,0.21334238837949976,0.22710606796113053,0.22984095457338677,0.19586332370345283,0.24246949865156245,0.2417045269559896,0.24256205925651625,0.24219808136760673,0.24211456726049418,0.18535145657117713,0.1821199847851812,0.1812834222507235,0.19453171779501255,0.18856083793701853,0.17770338185268758,0.20798305902344516,0.17165744705785752,0.17237393157243944,0.17820064181482817,0.18804467161058436,0.22713957335727902
caltech256_object_classification,0.1666173813118034,0.17196527605248849,0.1655503230005248,0.18683157023087252,0.17875769161966748,0.18901631083329035,0.2607329217336761,0.18599386965615167,0.1190521234149858,0.21062962684207642,0.036204968529061216,0.0,0.11504661469470184,0.10094015064139873,0.23953392163827605,0.24759948157183204,0.15405138545517272,0.15931822549243024,0.17734305134679532,0.18653737918044655,0.17425158429014936,0.1750154944785532,0.1746121268451837,0.1741106417903981,0.17439430944529394,0.17467707075128758,0.17487609913487787,0.16557202724225975,0.18208016988134873,0.19785009939101494,0.2376750855333185,0.22111165237850464,0.21682659545569474,0.2075420725684508,0.20538854015326316,0.20750057626341273,0.20769095909928967,0.20693098827324063,0.20619043642739288,0.2064506115899522,0.20836903866561812,0.2093999669798003,0.205775246257837,0.20652614353109505,0.2047922764207716,0.20833905957682838,0.22322991716333615,0.1843749509174418,0.2271781506855404,0.20427377100651994,0.24109738472141717,0.25274148806552066,0.18992762139305155,0.24149122617005933,0.24162990685264052,0.2417342269092957,0.2420472658990102,0.1808715831945674,0.17767406016806891,0.17814718893571163,0.20927823738628126,0.3036057812613097,0.18869430578007873,0.18001249260882665,0.16997715009984968,0.2044272268461658,0.16277687555811238,0.16385175349356523,0.17143750784955775,0.18950657970604615,0.22470167101350977,0.16621851543728972,0.17029509757483757,0.16733261540343408,0.1879002533771506,0.2612784546097936,0.18566349429883106,0.20840806595867903,0.1156659916209112,0.23863035719022718,0.15395101497736668,0.15850551854537664,0.17774806116001488,0.186563221486148,0.17432685312176455,0.17447143262425757,0.17671991199480785,0.176670159203529,0.17589165119886774,0.17428518131472692,0.1733601751851176,0.18496277519833823,0.23809420870047732,0.2158575064746425,0.20914608584549965,0.20695113959642808,0.20716695213211156,0.20988668568459845,0.20574963468783442,0.2064855983329036,0.20454792216734652,0.20774884612958971,0.20980667653918494,0.20641838812425,0.20733822453678102,0.20567119211673707,0.20983258080955997,0.22460439354711442,0.22711415408512026,0.20246483125618298,0.24193089422131092,0.24115450171684308,0.24186396633895166,0.24160243720483465,0.24155554120449726,0.18034251092627512,0.1782144816872106,0.17760756944173456,0.18878365903603628,0.17823435091796447,0.16993387494929266,0.2032606348750437,0.16265992397658402,0.16438986500900166,0.16990535573266063,0.18998513093498293,0.22455493748657107
cifar10_object_classification,0.20120794414833032,0.20704506064759448,0.20241948532997905,0.22320880134355436,0.20478445021157346,0.2119291801748656,0.2601215020622136,0.20913128246350748,0.1528251654780881,0.17641931597355495,0.11679797450241033,0.11504661469470184,0.0,0.04456035484487545,0.2280000210274596,0.2353687317662946,0.1883559517575936,0.19216694805013737,0.20190290384296794,0.21025145201283932,0.20517810225785652,0.20586391988946612,0.20556350187118136,0.205335213844675,0.20538427871467305,0.20561029569793354,0.20585157109918847,0.19344080785053847,0.20541652704830812,0.21011336707801015,0.26308001040264445,0.2430521205393662,0.25865648731348934,0.23143080480094347,0.22774150069925514,0.22928056132423552,0.23055667453479112,0.2285017380985602,0.22947603070544526,0.22888579939375592,0.23041089809305734,0.23245365247759314,0.22843046707019243,0.2291493977797368,0.22721216932110888,0.23067421410762978,0.2540285092575757,0.20332113892415904,0.25793646811525195,0.2304561891554323,0.2740545181059356,0.279056267923278,0.22451909990869895,0.27430125793843835,0.27433647804880357,0.2746749850960288,0.2748016711244497,0.20858932653100512,0.20797731097205982,0.20822045220039803,0.22073767621012808,0.33498421890548524,0.2298816780348121,0.21830809530158662,0.2133261982834991,0.23640071230435306,0.21171669277040378,0.20735689007010957,0.21490673054060422,0.22287787128291392,0.25701147115267065,0.20055669421888897,0.20892864231597474,0.20358821649598421,0.2239483877659307,0.2607740693556369,0.20853994558412264,0.17370290987993592,,0.2274799402097321,0.1877098826171987,0.19141676160591986,0.20226291695867638,0.2101870552900201,0.2051579289775597,0.20505832744361807,0.2071667553863102,0.20705146276166522,0.20650139677075427,0.205171018163373,0.20456898434448695,0.20790948961975692,0.2634480912171026,0.25804496713443364,0.23249163767931919,0.22879119937557998,0.2294490089312221,0.23253849022675022,0.22699370198153096,0.2294878610448779,0.22761888423457874,0.22972547282979866,0.23281297634481216,0.2289433170145886,0.22990667074603227,0.22784720956042265,0.2321544994155174,0.25527178234128095,0.2576690181800474,0.22874406705149408,0.27489248826158846,0.27394115418303555,0.27461183327458877,0.2746211005023298,0.2744816246486057,0.20827399680663422,0.20827997118362718,0.20752912193329842,0.2299462423163929,0.2172541120332695,0.2135075450863903,0.2357239812765709,0.21189368455263705,0.20732471356458054,0.21392316898890484,0.22345174202748658,0.2563899201630072
cifar100_object_classification,0.18570107685074583,0.19576074006259903,0.19101309731567545,0.21329831573876315,0.1859987750621506,0.18948826044461337,0.24168630549458828,0.19628133999769437,0.1471047836213906,0.15888590481910486,0.10193844050727234,0.10094015064139873,0.04456035484487545,0.0,0.21525463598646027,0.22175084634841752,0.17282510410044985,0.1760672921706277,0.18877677236244994,0.20054736770966022,0.19323838645920627,0.19401210988598763,0.19369204177819738,0.1933942515249945,0.19348251765077118,0.19373051517588477,0.19396119740419043,0.17394858638938376,0.19400362079430203,0.19359877467876935,0.23919925010099885,0.2253532359809371,0.24142541100816556,0.21808003300326834,0.21417886898545724,0.2154365514240092,0.21750611981880813,0.2145150642938829,0.2162032632720436,0.21589936512296526,0.21619322131618302,0.21872299351068814,0.21482824316060278,0.2160668665738181,0.2126771588075714,0.2165064972771814,0.23852973756277543,0.18599134822849187,0.24244556056507205,0.21047937598261388,0.25669227810842143,0.26766731702703345,0.21122657866265432,0.25696145125716197,0.2570586826291664,0.25746556173298607,0.2575770797412482,0.19549693945086824,0.19352695853960464,0.19363321762617053,0.20712972262707813,0.3211847785038532,0.2167874263482839,0.20694245511810172,0.2040236240332843,0.22633776847369236,0.20189965719261796,0.19657427568848057,0.2050736843393957,0.20604104714552948,0.24172830886356467,0.18503421742679943,0.1980832088228979,0.1921607891477762,0.21432646978162523,0.24234051668542042,0.19574091331088683,0.15614170429325192,0.04610086304976861,0.21458339972953414,0.17221697117653728,0.1753531363608083,0.18918994466870415,0.20051732333571404,0.19323243597437614,0.19317091209689924,0.1953372998703397,0.19542709000420289,0.19500887032854594,0.19315659742818708,0.19247463932156253,0.19691626237246496,0.23961191543200552,0.24054392237930278,0.21908955962863938,0.21560196002984325,0.21544286239433763,0.2196473581230808,0.21286065232224832,0.2162847240652927,0.21444530899078296,0.2157660086255622,0.2190809051998414,0.21505856559307235,0.21709662722513895,0.21365503495070004,0.21801625373725364,0.23982569206443294,0.24218419463555974,0.20852124438150244,0.25762940468119067,0.2565699398690265,0.2572907161265596,0.2573712169694921,0.25709752319166057,0.19524889946734417,0.1937894169634573,0.19295993974793046,0.21676669031322732,0.2061215877567289,0.20430054410132786,0.22540925217973257,0.20206696939949828,0.19676338289773834,0.20396105452702395,0.20658625849089263,0.2411351877749221
