,lapgyn4_anatomical_structures,lapgyn4_surgical_actions,lapgyn4_instrument_count,lapgyn4_anatomical_actions,sklin2_skin_lesions,identify_nbi_infframes,laryngeal_tissues,nerthus_bowel_cleansing_quality,stanford_dogs_image_categorization,svhn,caltech101_object_classification,caltech256_object_classification,cifar10_object_classification,cifar100_object_classification,mnist_digit_classification,emnist_digit_classification,hyperkvasir_anatomical-landmarks,hyperkvasir_pathological-findings,hyperkvasir_quality-of-mucosal-views,hyperkvasir_therapeutic-interventions,cholec80_grasper_presence,cholec80_bipolar_presence,cholec80_hook_presence,cholec80_scissors_presence,cholec80_clipper_presence,cholec80_irrigator_presence,cholec80_specimenbag_presence,derm7pt_skin_lesions,idle_action_recognition,barretts_esophagus_diagnosis,brain_tumor_classification,mednode_melanoma_classification,brain_tumor_type_classification,chexpert_enlarged_cardiomediastinum,chexpert_cardiomegaly,chexpert_lung_opacity,chexpert_lung_lesion,chexpert_edema,chexpert_consolidation,chexpert_pneumonia,chexpert_atelectasis,chexpert_pneumothorax,chexpert_pleural_effusion,chexpert_pleural_other,chexpert_fracture,chexpert_support_devices,pneumonia_classification,ph2-melanocytic-lesions-classification,covid_xray_classification,isic20_melanoma_classification,deep_drid_dr_level,shenzen_chest_xray_tuberculosis,crawled_covid_ct_classification,deep_drid_quality,deep_drid_clarity,deep_drid_field,deep_drid_artifact,kvasir_capsule_anatomy,kvasir_capsule_content,kvasir_capsule_pathologies,breast_cancer_classification_v2,eye_condition_classification,mura_xr_wrist,mura_xr_shoulder,mura_xr_humerus,mura_xr_hand,mura_xr_forearm,mura_xr_finger,mura_xr_elbow,bean_plant_disease_classification,aptos19_blindness_detection,lapgyn4_anatomical_structures --shrink_train 800,lapgyn4_surgical_actions --shrink_train 800,lapgyn4_instrument_count --shrink_train 800,lapgyn4_anatomical_actions --shrink_train 800,laryngeal_tissues --shrink_train 800,nerthus_bowel_cleansing_quality --shrink_train 800,svhn --shrink_train 800,cifar10_object_classification --shrink_train 800,mnist_digit_classification --shrink_train 800,hyperkvasir_anatomical-landmarks --shrink_train 800,hyperkvasir_pathological-findings --shrink_train 800,hyperkvasir_quality-of-mucosal-views --shrink_train 800,hyperkvasir_therapeutic-interventions --shrink_train 800,cholec80_grasper_presence --shrink_train 800,cholec80_bipolar_presence --shrink_train 800,cholec80_hook_presence --shrink_train 800,cholec80_scissors_presence --shrink_train 800,cholec80_clipper_presence --shrink_train 800,cholec80_irrigator_presence --shrink_train 800,cholec80_specimenbag_presence --shrink_train 800,idle_action_recognition --shrink_train 800,brain_tumor_classification --shrink_train 800,brain_tumor_type_classification --shrink_train 800,chexpert_enlarged_cardiomediastinum --shrink_train 800,chexpert_cardiomegaly --shrink_train 800,chexpert_lung_opacity --shrink_train 800,chexpert_lung_lesion --shrink_train 800,chexpert_edema --shrink_train 800,chexpert_consolidation --shrink_train 800,chexpert_pneumonia --shrink_train 800,chexpert_atelectasis --shrink_train 800,chexpert_pneumothorax --shrink_train 800,chexpert_pleural_effusion --shrink_train 800,chexpert_pleural_other --shrink_train 800,chexpert_fracture --shrink_train 800,chexpert_support_devices --shrink_train 800,pneumonia_classification --shrink_train 800,covid_xray_classification --shrink_train 800,isic20_melanoma_classification --shrink_train 800,deep_drid_dr_level --shrink_train 800,deep_drid_quality --shrink_train 800,deep_drid_clarity --shrink_train 800,deep_drid_field --shrink_train 800,deep_drid_artifact --shrink_train 800,kvasir_capsule_anatomy --shrink_train 800,kvasir_capsule_content --shrink_train 800,kvasir_capsule_pathologies --shrink_train 800,mura_xr_wrist --shrink_train 800,mura_xr_shoulder --shrink_train 800,mura_xr_humerus --shrink_train 800,mura_xr_hand --shrink_train 800,mura_xr_forearm --shrink_train 800,mura_xr_finger --shrink_train 800,mura_xr_elbow --shrink_train 800,bean_plant_disease_classification --shrink_train 800,aptos19_blindness_detection --shrink_train 800
lapgyn4_anatomical_structures,0.0,0.0007691695898630912,0.0008360857700677089,0.0011777754523268017,0.0019601100197267473,0.002011071968245274,0.0028813522549799462,0.0018081456327951543,0.00212130998753471,0.0028725807220814307,0.0018244181728561445,0.0018160862526582324,0.002254564731416315,0.002135597611427323,0.0030072672863100565,0.00305371880013023,0.0012913689839672202,0.0012655927204378247,0.0016000117237672357,0.0014863335251219497,0.0010976505301682551,0.0011043729825474175,0.0011008036403170394,0.0010979490077175258,0.0010941496446054601,0.0010972961940321426,0.0010954295371106782,0.00198776715068542,0.001999023960900877,0.0020277383327512045,0.0024650604031029814,0.0021795869300353984,0.0026066284325506855,0.002077998118783035,0.0020966380086945464,0.002147580941772069,0.0020727572299329895,0.0021563691242563214,0.0020662957284004226,0.002068291781930711,0.002163574714960174,0.0021395247387455216,0.002116173653565358,0.0020586394872178747,0.002079204923994067,0.0021836902200499143,0.002257191416354783,0.00211731021049049,0.0022637390125288563,0.002169268915414372,0.0028223198955756802,0.0024402520274861075,0.002323955791887917,0.0028263024298707026,0.0028271171578575878,0.002831713389127197,0.002831486295378335,0.0022938249164983888,0.002272155901682942,0.002267071027064384,0.0025993698135726878,0.003264507830340086,0.0024737936757638123,0.002110356164994525,0.002315749316896822,0.002326735514343361,0.0023156762802010577,0.0022675912922073224,0.0023672583338381742,0.0023032436090124377,0.0026344871547642388,,0.0008642090811655664,0.0008320826380768652,0.001189406232202974,0.0028853250617623047,0.0018096300504008556,0.0028672673666709477,0.002266955210093881,0.0029979158938947597,0.0012814621651023545,0.0012612834760941669,0.001609372204912083,0.0014774341083146853,0.001105007445761575,0.0010992895828285955,0.001105348724830691,0.0011193962043899888,0.0011108932870314676,0.001075662536970299,0.0011219686021120539,0.0020165298905761575,0.0024697750263314904,0.0025963342953545347,0.0020918810155144143,0.002103433886864272,0.002141541253693981,0.0020793709156373555,0.0021488704692525775,0.002071614723955563,0.0020528577157418056,0.002150616681188146,0.0021505173834570515,0.002119138930271626,0.002060064281464483,0.002082626205497658,0.0021871530254174106,0.0022621401124356426,0.0022623486505783264,0.0021557559699962557,0.0028248383588620257,0.0028256169491041277,0.002834238451395379,0.0028294776429154444,0.002825736678243138,0.002284809830811031,0.0022813571960263006,0.002262382847746966,0.002475691192668839,0.0021039442036518267,0.0023200718081275626,0.002318818771506244,0.002315771268240212,0.0022775173782565166,0.0023601890739283703,0.0023063262474147285,0.0026270863635326153
lapgyn4_surgical_actions,0.0007691695898630912,0.0,0.00044014341161199307,0.0006111766031513782,0.0021510585981288103,0.0021752527781646446,0.00302562185634081,0.001859193948708304,0.0022694625125683904,0.002917227610894968,0.0019002508231227584,0.001864457471707874,0.0022616478809136652,0.0021849932051437974,0.0029529123616596053,0.003043859895972736,0.001501402038925093,0.0015046428122416616,0.001672163307529897,0.0015129940058057002,0.0009409888115054998,0.0009488069920924944,0.000937282684556007,0.0009406001665143663,0.0009337758161659026,0.0009403495918605162,0.0009340458721716972,0.0021285548855826363,0.0018639434794107785,0.00217378722571664,0.0025869452964715637,0.0024510874659717814,0.002628691384454433,0.002084389194815242,0.0020824600010642914,0.002115938589631796,0.002075795895767746,0.0021230339582627325,0.002068532198203508,0.0020690587579320976,0.0021360825029776665,0.002116093362934856,0.0020939120520803984,0.002057851137294614,0.00207928821686877,0.002143904775129232,0.002298698847450905,0.0022589384138812707,0.0022872538664021904,0.0024289869854989777,0.0029206716881174655,0.0023560828293129163,0.0022903646036701196,0.0029245262736566774,0.002923487000326327,0.002926739135670067,0.002927965075520457,0.0022518602855267776,0.002275183819620784,0.0022781857379273957,0.0026586997224786564,0.003319426596957911,0.0022925126603071193,0.00203146689999295,0.002244374217294788,0.002166718007262517,0.0021581316987192905,0.00214017033102013,0.002221869423358479,0.0023502266248420995,0.002702565862358979,0.0007778335151333892,,0.00042149546847399227,0.0006168368329252844,0.0030278271641305194,0.0018596338781257972,0.0029085589727938215,0.002273494968072322,0.002944922190870969,0.0015000427712570114,0.0014976944581710711,0.0016780984278838731,0.0015102718986901495,0.000954220423717149,0.0009403412289443198,0.0009408098623215665,0.0009573585567279394,0.0009240550970432822,0.0009268744290800385,0.0009694938751501837,0.0018653878879326359,0.002589485952119857,0.0026214217580426804,0.002089879041044071,0.0020824364486385495,0.0021095730552137615,0.002077533720465388,0.0021212375928994333,0.002072526500930991,0.0020587520430671224,0.0021250682395952195,0.002120630218605402,0.0021002048904509704,0.002059547853772375,0.0020777539362587362,0.0021450641425264454,0.0022955644471895826,0.0022890644729357946,0.0024155387166865383,0.002921634648697699,0.00292240943048557,0.0029310129236179263,0.0029263034337371893,0.002924443957925939,0.0022444493380778057,0.002281863199681624,0.002274186176697089,0.002295215899002088,0.0020203727578575613,0.002237719049416896,0.0021608052961965257,0.0021619665557428107,0.0021535011730993404,0.002221048715316573,0.002350697767767463,0.0026946982158674955
lapgyn4_instrument_count,0.0008360857700677089,0.00044014341161199307,0.0,0.0005237515318710238,0.0020725330408461985,0.002088376334417134,0.0029540934096206626,0.0018921709509683185,0.002159914134006175,0.0028371724057550925,0.0018054799406149757,0.0017692026567126505,0.0022088063720871677,0.0021249560272613567,0.0028912782377265205,0.002958047169191915,0.0014598639658855008,0.001465209911167426,0.0017247487613867975,0.00163791219167083,0.0008382131570313818,0.0008502730964031514,0.0008370919913760844,0.0008393125673983208,0.0008342097203126401,0.0008405359342616038,0.0008328534595323021,0.0020871564680556023,0.001978578292075736,0.0022316100828875564,0.002524336613771277,0.0023372722109871917,0.0026052754482165626,0.0021423845838660837,0.002154059218499208,0.0021961585721208252,0.002131680294754034,0.0022057281580765793,0.002128523294870257,0.0021278136926030926,0.002216293813853463,0.0021905044331556158,0.0021636935583344554,0.0021110687133096464,0.0021458683206935633,0.002227370942317811,0.0023134314187808983,0.002222989267070932,0.0023102436369788195,0.0023889416731511463,0.002827079062217101,0.002431820435010528,0.0023316711369694076,0.0028305061769082745,0.002828472200152467,0.0028325252041312525,0.002833911956109991,0.0022120386699293303,0.002260460993987201,0.0022634743789613824,0.0026805776582847275,0.003240214023061792,0.0022728410087822625,0.0020446612408935153,0.002154351058635166,0.0022107031909000653,0.002097835222472798,0.002102344739969186,0.0021608294499854993,0.0023426923148068654,0.0026193448859681426,0.0008418214170984556,0.0004607607360340638,,0.0005463438410670109,0.002956689186283343,0.0018912303175595527,0.0028292428496164775,0.0022209968598387664,0.0028814816210311423,0.0014589234578211404,0.0014537136856178961,0.0017313971981532577,0.0016334415415571756,0.0008539852074979878,0.000840158435748208,0.0008482414719637092,0.0008577407751402007,0.0008274595083872897,0.0008214263298800633,0.0008598877182431181,0.0019893710795446367,0.0025290427920998696,0.0025970756239933625,0.002154011370099016,0.002153978614395379,0.0021882768709741785,0.002137814169061781,0.0022015757661712175,0.00213222479649649,0.0021155527516159567,0.0022031532632231466,0.0021996752222788333,0.0021712539749002475,0.002109374265299272,0.002147700491276123,0.00222919197791353,0.0023134741142752974,0.00231198725563945,0.0023772224239661573,0.002827451925596995,0.002827500413368415,0.002836639749654579,0.0028326623822983446,0.002830941766107262,0.0022066171169662823,0.0022644799847439403,0.0022581252707657316,0.0022760441689426278,0.0020336611765454224,0.002149032099489895,0.0022038039295311194,0.0021004288873529503,0.0021128859827443196,0.002158327621015508,0.0023432283456247065,0.0026118567106039057
lapgyn4_anatomical_actions,0.0011777754523268017,0.0006111766031513782,0.0005237515318710238,0.0,0.002386680460743716,0.002363210023660736,0.00318548889468035,0.0021600321796250146,0.0023949404447686905,0.0030490909767757132,0.0020655874189488433,0.002035466725568813,0.0024546304627346876,0.002389090354790736,0.003065635333588318,0.0031522076982874155,0.0018374912751855988,0.0018345138452969681,0.0019965017418591973,0.0018976929498356896,0.001191171345606131,0.0011982316331761468,0.001185882447966705,0.0011903042607970746,0.0011846956099209622,0.0011904226521323637,0.0011834913282911317,0.0023635388424374983,0.0020882192550343973,0.002507101042275056,0.0028110764155151718,0.002648546287936682,0.0028203391190532927,0.002340847295693641,0.0023487467531157933,0.0023769572869992883,0.002339864693627811,0.002385037291270388,0.0023287694353085813,0.002338204439073232,0.0023983680491113176,0.002370256107187234,0.002353742886496349,0.00232292680698113,0.0023398573880838054,0.0023953218528284964,0.002519509485788376,0.0024656475359864146,0.002513927259813289,0.0026945546648824603,0.003089830035886241,0.0025302414183807826,0.0025573829848041527,0.0030936378795370133,0.0030922263448256663,0.003094356192617144,0.0030965050012741416,0.0024508557160648767,0.002522792649170333,0.002531427417488203,0.002902647775141986,0.0034544321816047685,0.0024355550725187244,0.0022654476928518595,0.002396492198721839,0.0023207323169241647,0.002267364533691438,0.0022592478218224953,0.002347964535833029,0.0025156536038690807,0.0028623506999131848,0.0011832969247579498,0.0006323801853883055,0.0005158149015063628,,0.0031880515436697936,0.002158861188730248,0.0030410133655274893,0.002468127125593935,0.003052798009211509,0.0018390685033621026,0.0018287875961603035,0.00200283805416432,0.0018960405995570484,0.0012070683714186714,0.0011940768079034911,0.0011937394201288272,0.0012013767671965128,0.0011651726316575122,0.0011785128362688895,0.0012124261166490556,0.002090208814443167,0.0028148084989223065,0.0028153764459932402,0.0023477038728867004,0.0023434064462281214,0.0023701425773454757,0.0023399587439550773,0.0023861694703183277,0.00233313193812493,0.0023270937619056273,0.0023866500817961286,0.0023727160387318575,0.0023593667949839527,0.0023257687541326537,0.0023374970609890797,0.0023965456653998987,0.002517738859735303,0.0025145663893358945,0.0026847091659209753,0.0030890677986601302,0.00309158399330011,0.0030998253700846162,0.003093012000497126,0.0030924407018906655,0.0024441079801001595,0.002528399118798086,0.0025243715954692903,0.002440394972264957,0.0022541899569822306,0.0023888866227035747,0.0023145166132637887,0.0022714651434688335,0.0022718229600576277,0.002348701406016079,0.0025164760827478773,0.0028556792615748636
sklin2_skin_lesions,0.0019601100197267473,0.0021510585981288103,0.0020725330408461985,0.002386680460743716,0.0,0.0019247189939302985,0.0025222302421107597,0.002120434000601608,0.002030652625525056,0.0026141457178496907,0.0017998642965358158,0.0017823966525164453,0.002191284551957819,0.0020198144629397976,0.002812823247148862,0.0027932285744385952,0.0015228317342657022,0.001606857414879474,0.0020870094082552186,0.0020989774732509915,0.0019724152712085985,0.0019799342720590177,0.0019837869725131212,0.0019751172232035435,0.001977063283718323,0.00197720902959054,0.0019752657960031886,0.0010176933879970764,0.0022729848755462315,0.0017984787093498625,0.0022743181605705135,0.0014336879063340832,0.0024152196038617064,0.0022892196474455515,0.0023248014933386144,0.002370048562818616,0.002271584325629624,0.0023830677979147087,0.002274995993354742,0.002263784400217054,0.002394953695767609,0.0023742696496228404,0.002329517267920261,0.002221474201070703,0.002327838741689222,0.002404642445320789,0.002543407702440777,0.0009903717995298936,0.002565697120809463,0.0012823744983140087,0.0021327853980956553,0.002749151859825108,0.002318127184585467,0.002138262226786836,0.002138628385126248,0.0021415797260999855,0.002143151946042349,0.00185407583754928,0.0017824264735181174,0.0017891142630517807,0.0022960614970940385,0.0027045041105581147,0.0025478211092179607,0.0022412954470581864,0.0023635240417781535,0.002567255418436159,0.0024124471767234226,0.0024449244137766755,0.0023701446036048113,0.00213624145486622,0.0019797095116582354,0.0019526835045689923,0.002144427198548493,0.0020982731112933607,0.0024017466174096882,0.0025267081429716175,0.002113466240900385,0.0026064966506621477,0.002192171246274535,0.0028097538381018127,0.0015281052867106638,0.0015864601704833805,0.0020867090532321925,0.002104228458309723,0.0019647521531034953,0.0019795842504917657,0.0019953355710444756,0.0019917381025786936,0.002000785665593932,0.0019661380738425008,0.0019609048010521034,0.002304564417559155,0.0022752908946731256,0.0024055741345194604,0.00231423873948452,0.002338847025643736,0.0023634208446727573,0.002280805043012461,0.002364929722698975,0.0022778893289711957,0.0022444138740898272,0.0023814740091859738,0.002384814346127158,0.0023379291873409447,0.0022172471312152994,0.002343703955827491,0.0024094889721629187,0.00255344073940428,0.0025651440673680925,0.0012784030662102725,0.0021367214081387574,0.002134822757120884,0.0021468970694580223,0.002138821221511631,0.002138505308746346,0.0018412322558334381,0.0017770947718033995,0.0017937337867982934,0.0025499529700097356,0.0022286963952216584,0.002371375376495763,0.0025604036644521926,0.002408571288107602,0.002442810837880771,0.0023548239696693403,0.0021353684949087467,0.001972053523232177
identify_nbi_infframes,0.002011071968245274,0.0021752527781646446,0.002088376334417134,0.002363210023660736,0.0019247189939302985,0.0,0.0019155106002857146,0.002399603118102485,0.0018417395606093012,0.0019982705253135833,0.0016111945758558763,0.00159858301051695,0.0019597833348301663,0.0017375899989741355,0.0024835975655425543,0.0024824468536188945,0.001772827623005796,0.0018363200056990482,0.0022391904161139795,0.002269395735655897,0.0020856358646434573,0.0020977773282827425,0.0020945500766678623,0.002086111329461404,0.00209290720790064,0.0020933147687159674,0.002097576462334192,0.0017219190984387894,0.002174578356886085,0.0017964508884681296,0.0020044532214559332,0.0019679892739860576,0.0025407477364671424,0.002397052821080655,0.0023613184085673456,0.0023787593024331925,0.00239858276884832,0.0023682402574504583,0.0023813380610694028,0.0023804346693694156,0.00238012000072325,0.0024133678258921806,0.0023674290618331613,0.0023815294567357316,0.002348834963908908,0.002383632141001297,0.002470104995673063,0.0017566787917598962,0.0025242376129607637,0.0016911696714087244,0.002611001292801163,0.002905991380712348,0.0024555644101147437,0.0026130122331295296,0.002616412567252298,0.0026190289642352123,0.0026196856788150147,0.0024482047463635155,0.002426629337879908,0.002426815173322356,0.0018915426043766984,0.003099376213063008,0.002510637966163861,0.002314041921457235,0.0022635049417093116,0.0026870390530935257,0.002314031969136633,0.002356439970582565,0.002355186641571635,0.0022814662836425385,0.0025865557406537835,0.002005566543286426,0.0021227135718334903,0.0021075581560964967,0.0023798638369502342,0.0019156298384898863,0.002389428907247958,0.002003234629566997,0.0019583440379267645,0.0024718909488416945,0.0017627777361832273,0.0018080634900370656,0.0022505320972168873,0.002270881343031104,0.00207886149901365,0.0020810615592166855,0.002112270720200472,0.0021175369623542693,0.0021159649901830446,0.002085043965237958,0.0020690585753065545,0.002207782363981987,0.0020142509387683417,0.0025339549214878757,0.0024106361138076862,0.00237514916510861,0.0023749037244228275,0.0024271149265767435,0.0023423828299862864,0.002378105064657578,0.002357574008320964,0.002370042856066695,0.002414323819470883,0.002368673474684769,0.002392683299586713,0.002366172723462435,0.0023978466122502088,0.0024855995962370743,0.0025214046593853997,0.0016802344695523233,0.002613424932882947,0.0026142852019085793,0.002619921774278578,0.002617847378263495,0.0026150728730842876,0.002447108142229024,0.002430735792395649,0.0024176165777415977,0.002512172099457854,0.002301224479183353,0.002272422618992553,0.0026762581201145823,0.002313512768276354,0.0023497986342953026,0.002342826596530472,0.0022860196975497903,0.002581605154091276
laryngeal_tissues,0.0028813522549799462,0.00302562185634081,0.0029540934096206626,0.00318548889468035,0.0025222302421107597,0.0019155106002857146,0.0,0.0030878700111341443,0.0022825977158379036,0.0018109915186555617,0.00209495358249452,0.0021551725499803923,0.0020288242550575977,0.0018630119364721426,0.002604325215734182,0.0025921252019473623,0.0027267529797723655,0.0027462165206043384,0.002986457872629228,0.003115156018591992,0.003039333381407619,0.003050183149046146,0.003047127469853611,0.0030406929394585338,0.0030442824106079415,0.00304540509764808,0.00304874000418333,0.002289159144650907,0.0029133814907624928,0.0026601683849158363,0.0026872574105997757,0.0025212836631729515,0.0031962915593730813,0.0032002940269057834,0.00320009736749616,0.003197309910238427,0.0032105028329643976,0.0031953549996748126,0.0031962221018239844,0.003204684223978944,0.0031986787969930917,0.0032146489473070345,0.0031848541211014765,0.003194517347390739,0.003164027491997722,0.0031925712568336667,0.0032686071553539166,0.0024879105077396917,0.003324421058328275,0.00213382430138839,0.003219420372622788,0.0036513983300511745,0.003335360868237691,0.0032218965871377405,0.0032227892703275687,0.003222432701673975,0.003228301522317599,0.0030174832934565347,0.0029902215195858704,0.0029955692726542638,0.002506651252096691,0.003635039474026455,0.0031590926267512317,0.0030764547132501124,0.0030567508458356797,0.00333203706784648,0.0030936777236092016,0.003084941982354913,0.0030640893256290184,0.002894975387653392,0.0032361313810046624,0.00287138362366571,0.0030931786592234617,0.0029695678461738257,0.003196301865390841,,0.003080885873095413,0.0018280460078821652,0.0020269854119910865,0.002589653986367654,0.002723788949792609,0.0027322630238939653,0.0029925750234030485,0.00311734316380433,0.0030312199002016683,0.003038650114913306,0.00306276797098388,0.003069228559350198,0.003065431727983419,0.0030333332620369816,0.0030278083558965122,0.002950890016386629,0.0026915339694402523,0.0031905377808596905,0.0032135079531468765,0.003211655622502279,0.0031905805623151325,0.0032263747056229426,0.003176534463949068,0.0031920151046739777,0.0031873625011049726,0.00319987988234896,0.0032142430383149123,0.0031832573701829877,0.0032072796853662624,0.003173422320512568,0.0032088835152793353,0.0032842556321800607,0.003320673893451577,0.002135899774457428,0.0032223746259925534,0.0032218132567804585,0.0032244104070967778,0.0032215939161219956,0.00322722176518159,0.00301485009515404,0.00299007888132219,0.002995114948216666,0.003158045446202717,0.0030649734937119636,0.003063330517727599,0.0033263593621967046,0.0030927561934239803,0.0030860332857349107,0.00305753467927634,0.0029023078030875923,0.003232996985018613
nerthus_bowel_cleansing_quality,0.0018081456327951543,0.001859193948708304,0.0018921709509683185,0.0021600321796250146,0.002120434000601608,0.002399603118102485,0.0030878700111341443,0.0,0.002522755906494774,0.0028208028984019334,0.0020878706473488706,0.002023363791670556,0.0023490433687940824,0.002253289414563722,0.0029178507585322947,0.0029460716273088114,0.0012567975119834019,0.0011110245133912145,0.0005949739596580572,0.0010584579546602186,0.00156283650739839,0.0015604446462748685,0.0015616526034532344,0.0015647031511253431,0.0015636491409202734,0.0015619239286506713,0.001565662466709944,0.0021692572434603534,0.0016049384831220352,0.002327031098801226,0.0026364618065517465,0.002562263156072555,0.0023602957205791624,0.002115721398579558,0.0020965720885173624,0.0021465178776796136,0.0020899925726067295,0.002149317175316156,0.0020892826668623145,0.0020750965026032023,0.0021636405777434795,0.0021589686852082485,0.002116212478887684,0.0020626680573236056,0.002146369022713239,0.0021830654622454746,0.0024540130003373123,0.00229502553363231,0.0024553599559753257,0.0024871228369943597,0.0025167620628915787,0.0025549631580800056,0.002041698899110409,0.0025184850034717103,0.0025202882924342447,0.002522944108511298,0.002519534234358211,0.0016261484034982459,0.0016210284202916457,0.0016066377375482774,0.002700543843366788,0.0028843626162520833,0.002340982781805781,0.0019191204380281366,0.002099380573672596,0.002227138288893065,0.0021825884790586544,0.002086785853036338,0.002110557509251379,0.0026557829568018693,0.002281061631319429,0.0018072576797988746,0.0019155945286584088,0.001895017478374797,0.00215878131981423,0.0030922101417040423,,0.0028031541290993948,0.0023466121203796265,0.0029189824695199495,0.0012530661868654703,0.0011402734076695993,0.0005949748707064317,0.0010527712908046795,0.0015541308641165018,0.001569067368190966,0.0015690111222442455,0.001570201479537636,0.0015758164286257597,0.0015593229943390383,0.0015630066153818631,0.0016067539013251862,0.0026440167297434062,0.0023526990164804036,0.002134564900875177,0.002105020284241988,0.0021413431831600466,0.0021022745557874828,0.0021431260980593835,0.00209241734724842,0.0020671470763740304,0.0021513139550696277,0.002175523128373314,0.002126609245812455,0.00205517674924036,0.0021446344066729127,0.0021876571384740603,0.002451209012126483,0.0024606983534350294,0.0024798160648042767,0.0025199110742700186,0.0025172090623242424,0.0025244176393916036,0.0025246058834275473,0.002513839197622599,0.0016202663328364736,0.0016270660439702627,0.001600318521034487,0.0023474706970018334,0.0019064556829117407,0.0020994860360339634,0.0022218271803472107,0.002179850965791195,0.0020960723291027763,0.002104082274793132,0.002658258313827369,0.0022693812742446764
stanford_dogs_image_categorization,0.00212130998753471,0.0022694625125683904,0.002159914134006175,0.0023949404447686905,0.002030652625525056,0.0018417395606093012,0.0022825977158379036,0.002522755906494774,0.0,0.002245904543924729,0.0010474539048227712,0.0010623892491334233,0.0014743529444061524,0.0014570565756489714,0.0025161154211613655,0.0025665733734865403,0.002001196604745576,0.00209236316736924,0.002354207706629882,0.0024151388670921167,0.0023126164907477918,0.002323568688016326,0.0023219559775581387,0.0023140947541282456,0.0023157707629808785,0.002320191412499184,0.00231955851142169,0.00187764636827626,0.0024797000819651825,0.0020946201170551834,0.002319095478816348,0.0020205939809020777,0.0025128502419823123,0.002572054084675148,0.002555197922153866,0.002568492936648528,0.0025777334077173066,0.0025651574001561133,0.002562629006803263,0.0025644301276485405,0.002570792605958593,0.002586055310303175,0.0025561336274334285,0.0025693911169118225,0.0025309585156642186,0.002575478156305621,0.0026818390737149006,0.002054068125719931,0.0027311309642413847,0.0020719521438039637,0.0026703403710392707,0.0029705249989801985,0.002454336183794095,0.002673027709165365,0.002676173809735576,0.0026755051951586496,0.0026793790338789057,0.002420275609416257,0.0023699063869766007,0.0023723691757441944,0.0022612666455461977,0.003092270721457703,0.0024697565529452903,0.002400129720001286,0.002272367469289151,0.0026667637971482467,0.0022373136739034863,0.002303797049155833,0.002307255712405106,0.0021365543869484214,0.002635868563196624,0.002107593532661457,0.0022495556742901045,0.002181323758453084,0.0024143346325865424,0.002282400193175005,0.0025163329738503537,0.0022417796342964784,0.0014892679736337303,0.0025067963739701217,0.0019934648635265943,0.0020760185618237757,0.002359095648841537,0.002416717853849366,0.0023180630907545952,0.002317220791258899,0.0023412510139644615,0.0023390869745636565,0.0023365663437234846,0.0023113246379673686,0.0023018293065137415,0.0025123382541099772,0.002322479608362332,0.0025085241154062087,0.0025868738845651476,0.002566813700309831,0.0025688867410222317,0.00259771513392534,0.0025469901856439267,0.0025667499135665936,0.00254494034772265,0.0025667192307256186,0.002586556404090527,0.0025578560527623607,0.002574882576803668,0.00253756762650811,0.0025903186864861256,0.002696620464476553,0.0027287581905997174,0.002065387874463318,0.002673133669553556,0.002674897618964127,0.0026779077707691328,0.002673789924813804,0.0026758498240106294,0.002415219681852455,0.002376104323031422,0.00236535457601579,0.002471556195915662,0.0023824988973913945,0.0022775595917262194,0.0026567861230620054,0.002235228520120279,0.002302201255025489,0.002296033099134013,0.002138250850403506,0.002634512139538259
svhn,0.0028725807220814307,0.002917227610894968,0.0028371724057550925,0.0030490909767757132,0.0026141457178496907,0.0019982705253135833,0.0018109915186555617,0.0028208028984019334,0.002245904543924729,0.0,0.0019485069674493333,0.0019161768877972408,0.0013916822428293243,0.001232593480373548,0.0018654627753408035,0.001840962617212873,0.002579183095107837,0.002607329681281455,0.0027336124354343386,0.002819931520761861,0.0028147148504553757,0.0028253646593354434,0.0028209423129767546,0.002815614617249244,0.0028193781435302883,0.0028198502074745137,0.002825918404707052,0.0024967986707619934,0.0027525399283973686,0.002575959676528632,0.0026145986759453016,0.0028282228367204286,0.0029887769101854663,0.002815578227113146,0.0027717537345954184,0.0027756899339417074,0.0028136645532259312,0.002765034568120014,0.002798002325231558,0.0028001877314846923,0.002775303607430504,0.002807161361585449,0.0027691351027113527,0.002799276556527383,0.0027577152953941453,0.0027741920493858942,0.0029530131589145386,0.002636644463929895,0.002997855318346072,0.0024908457806843676,0.0031858601785070438,0.0033044489603044373,0.002968961764707295,0.0031866732850153318,0.0031891569559626795,0.003190628473004671,0.0031907945862744607,0.002820314176631979,0.0027754700416389084,0.002781823250307707,0.002577383752407097,0.0035340983830021286,0.0026200914245038207,0.0026611168762448417,0.002582051831246693,0.002852809786056213,0.002571364268802114,0.002464098751894079,0.002532838632492292,0.0028884575394657486,0.003167147814095802,0.002870029783693565,0.0028992320064278147,0.0028510391774621926,0.0030561040637535914,0.0018143013890274634,0.0028136177232342538,,0.0013767272039275724,0.0018601440906541168,0.0025763373068281854,0.002591091974811806,0.002739843723693969,0.0028250109224660378,0.0028091211463222923,0.002815413145894274,0.0028369996794063044,0.002844349844414137,0.0028396739012726173,0.002820745960543704,0.0028032514565942135,0.002783738842483527,0.0026178084245464623,0.00298629139380474,0.002828194465332337,0.0027839362928077224,0.0027697949339090173,0.002837708380488249,0.0027414239063017964,0.0027942865706032903,0.002784202865509386,0.0027736600401795167,0.0028071651350669658,0.002774050001049068,0.0028137896026645365,0.00276656874313488,0.002787249938508748,0.002966586098491834,0.0029951805364972174,0.002489959317108307,0.003188033736329516,0.0031879557022328835,0.003188589082108121,0.0031878391013459772,0.0031863316608012355,0.0028156200979047455,0.002772085909969938,0.002777395912327121,0.002625359679062078,0.00265140867991895,0.002587058896069914,0.002848476009461982,0.0025695519386736525,0.002460378886801013,0.0025276807126916,0.0028929642980679805,0.0031620542944924253
caltech101_object_classification,0.0018244181728561445,0.0019002508231227584,0.0018054799406149757,0.0020655874189488433,0.0017998642965358158,0.0016111945758558763,0.00209495358249452,0.0020878706473488706,0.0010474539048227712,0.0019485069674493333,0.0,0.0003052714319945267,0.0011805788940961064,0.0010251699754049242,0.0021473308334729723,0.0021987920351214997,0.0016704891541713212,0.001700276446101384,0.0019522726844860702,0.002010083813512392,0.0019113040453337476,0.0019228738425911278,0.0019180364485716043,0.001911161556755906,0.001914841602053764,0.0019180541662042177,0.0019190899250745986,0.0016287435341265852,0.001994969579395365,0.0019027223372292614,0.0019947352549456697,0.0019702731119511214,0.002187405840129975,0.002201979844769767,0.0021931362612909316,0.002216304121615997,0.0022052318739629755,0.002213492375925944,0.002190414135985066,0.00219449887667505,0.0022225688738353594,0.0022262315004718974,0.002191769692840637,0.0021934236946011994,0.00217815596197039,0.002223903643857784,0.002338536449251137,0.0018729119566420424,0.002379728384785733,0.001825441204246886,0.0023678463151512747,0.0026286119749160323,0.002034412653947857,0.0023727412362488627,0.0023730512201460556,0.0023733619957024815,0.0023786406777047834,0.0019538864503231826,0.001910560059980617,0.00191648208606818,0.002075062698358909,0.0028003432084507777,0.002038791730718475,0.001971051277926153,0.0018611662081856025,0.0022291494954183124,0.0017995235976911545,0.0018287679690301164,0.001868856586621422,0.0019409483212517557,0.002303825027415178,0.0018153003712005557,0.001907557665244076,0.0018303393964240232,0.0020793773135078086,0.0020932385682183056,0.0020821082565857067,0.0019385176224293332,0.0011866271431938914,0.002138754875646481,0.0016681961810037591,0.001689109995005481,0.0019556921629560295,0.0020124333618377933,0.0019111059783651517,0.0019158488689502236,0.0019427679786597767,0.0019415161937426661,0.0019339535100092692,0.0019114893625489346,0.001902214731295442,0.0020258546292772506,0.002001775160885973,0.0021857174068111197,0.002219786106144477,0.002206470692182552,0.0022114941013516615,0.0022279031824382176,0.002198091664253764,0.0021941854118609737,0.0021767210629575176,0.0022170388517629364,0.002228678307708765,0.0021955831116833,0.0022017709352651653,0.002185075909908062,0.0022391105597774756,0.0023498813336542525,0.0023804852100653305,0.001819449633882107,0.0023713860297615783,0.002371855076620858,0.002376771987352419,0.0023722503200053727,0.0023747683962652612,0.0019482999344231076,0.001914159568483285,0.0019096269424195213,0.0020405885178513584,0.0019494338367362961,0.0018652569671824383,0.0022198511137675554,0.001798835293900095,0.001830901528409345,0.001853456979488965,0.0019449610629239263,0.0023039772672541177
caltech256_object_classification,0.0018160862526582324,0.001864457471707874,0.0017692026567126505,0.002035466725568813,0.0017823966525164453,0.00159858301051695,0.0021551725499803923,0.002023363791670556,0.0010623892491334233,0.0019161768877972408,0.0003052714319945267,0.0,0.0011510921268437814,0.0009923515453618735,0.002145402801949723,0.0021995638357381045,0.0016011730310259852,0.0016379868614261794,0.001902513661658793,0.0019436814279736154,0.0018291837289789556,0.0018402476872174589,0.001835492499427153,0.0018291121593361822,0.0018327000540038058,0.001836273227415859,0.0018366658782763127,0.0016168872403477738,0.0019254060011818807,0.0018902214959489586,0.0019865725288336932,0.0019787632753460118,0.00213941274926799,0.00212475364180745,0.002118864302202133,0.0021484361466312637,0.00212989449931556,0.002146648754654234,0.002114060839398292,0.0021183981545975315,0.002156838225368353,0.0021564140550128516,0.002122127258633748,0.002116113602704104,0.0021054843213069207,0.002160365515014155,0.002270268429659871,0.001863697378022971,0.002307635045060181,0.0018296004779619923,0.002289315754150897,0.002557511739317624,0.001943480421632205,0.0022938894628016957,0.0022941561261130517,0.0022937148216966422,0.002299993254097956,0.0018950022215634252,0.0018552427629520936,0.0018620785892620691,0.0020436069114685897,0.0027107790808679625,0.001936441940513572,0.00185795719985872,0.0017472122261484061,0.0021402814530710203,0.001683066552561661,0.0017212514488956347,0.0017563594204522929,0.0019210186977921583,0.0022284848026994496,0.001809863351906347,0.001842964873264043,0.0017913561551352133,0.0020489346578066716,0.0021531014786128656,0.0020170803616605323,0.0019035325021419568,0.0011568405518240868,0.002138496136369048,0.001598637724631135,0.0016264778251721171,0.0019046656664611762,0.0019469981315273007,0.0018289856007486947,0.0018334774928877666,0.0018585438858782371,0.0018613998729685704,0.0018530130419993384,0.0018305863571431928,0.0018178996272229713,0.001956037545332959,0.0019946377305974693,0.0021358292715992835,0.002145432792005653,0.0021330715987805493,0.0021427719031808126,0.0021519597562589415,0.002131572796861508,0.0021188190577811385,0.0021004364077879647,0.0021508327913964762,0.002159619153414161,0.0021274669005433393,0.0021227177026534438,0.002112872272446998,0.0021739818299642485,0.002282244324979797,0.0023087764570003913,0.0018236489982732963,0.002293511468027242,0.0022936792459025243,0.002296621892302301,0.002293371267057853,0.0022965919746100044,0.0018882514062553242,0.001860069657014384,0.0018551477688134982,0.0019398923398434762,0.0018369407048840461,0.0017495674079841253,0.0021319688501350072,0.0016807376499013344,0.001724284977435366,0.001740789470126174,0.0019250180940766997,0.0022290021442577883
cifar10_object_classification,0.002254564731416315,0.0022616478809136652,0.0022088063720871677,0.0024546304627346876,0.002191284551957819,0.0019597833348301663,0.0020288242550575977,0.0023490433687940824,0.0014743529444061524,0.0013916822428293243,0.0011805788940961064,0.0011510921268437814,0.0,0.0004217439411096934,0.0019932561811452417,0.0020425716800070784,0.002041796986519262,0.0020645499248180613,0.002234046751664408,0.002242111938563926,0.0022194808863917727,0.0022279622145008945,0.0022256715938493046,0.0022218923539962304,0.002223070498167323,0.0022255095397226005,0.0022276297133591726,0.002017515544586934,0.0022687234504896597,0.002054688588770307,0.002368837809820187,0.002373827672056362,0.002662435862076527,0.002409950251157403,0.0023861136198499028,0.002410654671800461,0.002404661075780962,0.0024094242545001235,0.002392822489668811,0.002387682998728968,0.002423545442251276,0.002429901765010095,0.0023942872800741155,0.0023943186853368505,0.0023756544218452857,0.0024331852392141403,0.0026342108306364994,0.002193225618322737,0.0026690753345579316,0.0023182705447601566,0.0027963218690176947,0.002873934005801209,0.002391470464481506,0.0027994825233702003,0.0027978884717534134,0.0028004936792645693,0.0028035662098791947,0.0023129225035100377,0.0022924109428416957,0.002297242527270413,0.002237963231699624,0.003192517963017136,0.002390016035068396,0.0022692521600862397,0.0022623393631381024,0.0024985750797848426,0.0022225970041711662,0.0021919079425300365,0.0022249548865784334,0.0023480994299972966,0.002694861737058699,0.0022446593484021266,0.002274311309934882,0.0022243002750447233,0.0024635047237728373,0.002029498489600877,0.002342093793730311,0.0013791717128399483,,0.0019869159649346588,0.0020391732797914418,0.0020510986463841505,0.0022377690049740695,0.0022467130488923034,0.0022161149582951623,0.0022221731819557877,0.0022421131765324844,0.0022453229261499845,0.0022378698453254004,0.002222095901504301,0.002211223820451994,0.0022941762184627837,0.0023712263083750587,0.002661388991937177,0.002423860053036947,0.0023939836533398706,0.002408490524573625,0.0024238760489050494,0.0023962859682068087,0.002395709035265031,0.0023774175146800925,0.0024162296514069286,0.0024334518886814293,0.0023987103418432127,0.0023979202787007526,0.0023778486226219628,0.002445925987636571,0.0026431998093644216,0.002667828029878342,0.0023140208133906074,0.002799687752234664,0.002798822499826224,0.0028017987381968043,0.0028003446834021194,0.002802773994464468,0.0023072357621925564,0.0022945435719914148,0.002289718710776884,0.0023947972846438577,0.0022525069421480796,0.002262156671145243,0.0024946601605439584,0.0022214842253297663,0.0021923292967753584,0.002218033717939267,0.0023524132992347744,0.002688967180229804
