,lapgyn4_anatomical_structures,lapgyn4_surgical_actions,lapgyn4_instrument_count,lapgyn4_anatomical_actions,sklin2_skin_lesions,identify_nbi_infframes,laryngeal_tissues,nerthus_bowel_cleansing_quality,stanford_dogs_image_categorization,svhn,caltech101_object_classification,caltech256_object_classification,cifar10_object_classification,cifar100_object_classification,mnist_digit_classification,emnist_digit_classification,hyperkvasir_anatomical-landmarks,hyperkvasir_pathological-findings,hyperkvasir_quality-of-mucosal-views,hyperkvasir_therapeutic-interventions,cholec80_grasper_presence,cholec80_bipolar_presence,cholec80_hook_presence,cholec80_scissors_presence,cholec80_clipper_presence,cholec80_irrigator_presence,cholec80_specimenbag_presence,derm7pt_skin_lesions,idle_action_recognition,barretts_esophagus_diagnosis,brain_tumor_classification,mednode_melanoma_classification,brain_tumor_type_classification,chexpert_enlarged_cardiomediastinum,chexpert_cardiomegaly,chexpert_lung_opacity,chexpert_lung_lesion,chexpert_edema,chexpert_consolidation,chexpert_pneumonia,chexpert_atelectasis,chexpert_pneumothorax,chexpert_pleural_effusion,chexpert_pleural_other,chexpert_fracture,chexpert_support_devices,pneumonia_classification,ph2-melanocytic-lesions-classification,covid_xray_classification,isic20_melanoma_classification,deep_drid_dr_level,shenzen_chest_xray_tuberculosis,crawled_covid_ct_classification,deep_drid_quality,deep_drid_clarity,deep_drid_field,deep_drid_artifact,kvasir_capsule_anatomy,kvasir_capsule_content,kvasir_capsule_pathologies,breast_cancer_classification_v2,eye_condition_classification,mura_xr_wrist,mura_xr_shoulder,mura_xr_humerus,mura_xr_hand,mura_xr_forearm,mura_xr_finger,mura_xr_elbow,bean_plant_disease_classification,aptos19_blindness_detection,lapgyn4_anatomical_structures --shrink_train 800,lapgyn4_surgical_actions --shrink_train 800,lapgyn4_instrument_count --shrink_train 800,lapgyn4_anatomical_actions --shrink_train 800,laryngeal_tissues --shrink_train 800,nerthus_bowel_cleansing_quality --shrink_train 800,svhn --shrink_train 800,cifar10_object_classification --shrink_train 800,mnist_digit_classification --shrink_train 800,hyperkvasir_anatomical-landmarks --shrink_train 800,hyperkvasir_pathological-findings --shrink_train 800,hyperkvasir_quality-of-mucosal-views --shrink_train 800,hyperkvasir_therapeutic-interventions --shrink_train 800,cholec80_grasper_presence --shrink_train 800,cholec80_bipolar_presence --shrink_train 800,cholec80_hook_presence --shrink_train 800,cholec80_scissors_presence --shrink_train 800,cholec80_clipper_presence --shrink_train 800,cholec80_irrigator_presence --shrink_train 800,cholec80_specimenbag_presence --shrink_train 800,idle_action_recognition --shrink_train 800,brain_tumor_classification --shrink_train 800,brain_tumor_type_classification --shrink_train 800,chexpert_enlarged_cardiomediastinum --shrink_train 800,chexpert_cardiomegaly --shrink_train 800,chexpert_lung_opacity --shrink_train 800,chexpert_lung_lesion --shrink_train 800,chexpert_edema --shrink_train 800,chexpert_consolidation --shrink_train 800,chexpert_pneumonia --shrink_train 800,chexpert_atelectasis --shrink_train 800,chexpert_pneumothorax --shrink_train 800,chexpert_pleural_effusion --shrink_train 800,chexpert_pleural_other --shrink_train 800,chexpert_fracture --shrink_train 800,chexpert_support_devices --shrink_train 800,pneumonia_classification --shrink_train 800,covid_xray_classification --shrink_train 800,isic20_melanoma_classification --shrink_train 800,deep_drid_dr_level --shrink_train 800,deep_drid_quality --shrink_train 800,deep_drid_clarity --shrink_train 800,deep_drid_field --shrink_train 800,deep_drid_artifact --shrink_train 800,kvasir_capsule_anatomy --shrink_train 800,kvasir_capsule_content --shrink_train 800,kvasir_capsule_pathologies --shrink_train 800,mura_xr_wrist --shrink_train 800,mura_xr_shoulder --shrink_train 800,mura_xr_humerus --shrink_train 800,mura_xr_hand --shrink_train 800,mura_xr_forearm --shrink_train 800,mura_xr_finger --shrink_train 800,mura_xr_elbow --shrink_train 800,bean_plant_disease_classification --shrink_train 800,aptos19_blindness_detection --shrink_train 800
lapgyn4_anatomical_structures,0.0,0.07850965642880543,0.08058779215268255,0.11134853317067336,0.16756172994034893,0.1888516701608885,0.2722796826770596,0.16051959208097338,0.19870410865709304,0.25556800011199354,0.16486115408390362,0.16405678054506598,0.19755978152277376,0.18201296531753208,0.2768839135793545,0.28094807814679934,0.11584021839198907,0.11430312837163115,0.1439887040218953,0.14614186370214302,0.10528322763655351,0.10590954375409044,0.10576059401808617,0.10514916313034874,0.10516857060471314,0.10532389668678145,0.1052273884036401,0.17153824281887117,0.17756378372260895,0.18596367523561008,0.24662335132164576,0.21113449149127472,0.23874293001016691,0.19024374903614044,0.19082762329576708,0.19412100562911927,0.1896784932559004,0.1946194252887128,0.1892028345788812,0.18925496555243446,0.19514240804399335,0.19415947805110315,0.19174671017250497,0.18812847730992488,0.1879471644586278,0.1963035701496656,0.20956752617550167,0.18243735751658824,0.21168038711922632,0.20136043252776012,0.25782328742233546,0.23124723400049965,0.21033932714954168,0.2581239270703787,0.25830756054566195,0.2587901087515838,0.2587118898556573,0.1987921563480804,0.19569328431883704,0.19470767452990165,0.22515093452940702,0.32300140927663207,0.2221013134134846,0.18665224279674386,0.19869813530399083,0.21195550448153816,0.20254021002943148,0.19890614773583534,0.21039013892289588,0.20455818742453324,0.2361701826014962,,0.08456578760164002,0.08060804346897614,0.11210459554268626,0.2730749265078205,0.16069022408068412,0.2545151033565064,0.19851515393462085,0.27578024523091316,0.11488134581165207,0.11350465558853629,0.1449578507454945,0.14527664529998563,0.1061787305004028,0.10523104212718165,0.10627468114434858,0.10763941037823602,0.10654639578341402,0.10367976448060295,0.10672927256536935,0.1795306423840169,0.24690798269805175,0.23738557016742656,0.19114213371093353,0.19200250227577548,0.19366388442375634,0.19094309829540596,0.1933428413769324,0.1893613204223356,0.18745665758845434,0.19419037440543696,0.1950618533105058,0.19196110412378603,0.18853471452945503,0.18906759437839973,0.19682988986480254,0.21054574725410563,0.21135454811590146,0.198933284969815,0.25858527612528925,0.2577504102399186,0.25884285468158963,0.2586575984485123,0.2580100736445493,0.19816142068980855,0.1966008180708158,0.19431357442260877,0.22187962226109928,0.18633886623109563,0.19905855136408562,0.21088564613989003,0.2024443256711892,0.19935216330566521,0.2091973240721351,0.2048771460395743,0.23548358800581828
lapgyn4_surgical_actions,0.07850965642880543,0.0,0.04504973766825966,0.05970007506173491,0.19837371254573088,0.22191042358971313,0.3095283928024428,0.17009764336858638,0.21964773366624385,0.2773107402060471,0.17503442001012254,0.16951726261959474,0.2037242353383376,0.19232063525779508,0.2948908268999927,0.30322809354781477,0.13597372195672733,0.1382406287092002,0.1539410283228675,0.1473062967267018,0.09034160144472464,0.09096229201088851,0.09007890712058564,0.0900792656219945,0.08971631476619006,0.0904317447887363,0.08982456853217469,0.19826339686996258,0.16992006407651983,0.20761099762204854,0.27722952387523736,0.25192369393537845,0.2572461786402754,0.19349902691512808,0.1930363835831511,0.19578348593166295,0.1924735770805431,0.19643750485432032,0.19202838833581443,0.19188227504188554,0.19759480920963537,0.19593987936731433,0.1938031444865642,0.1907052295174007,0.1914784745698937,0.19807447271082101,0.2203310870964925,0.20992438603323407,0.2207788212486199,0.240569846263784,0.2872975995595705,0.22808524619090811,0.21342695215033092,0.28765524452714386,0.2876233180529186,0.2880140825533318,0.2880509144953807,0.205353877873645,0.20602449146391805,0.20587896973149494,0.24658110971286265,0.3506202024408291,0.21478959982755724,0.1844820221221146,0.20338925445529715,0.20509813111243996,0.19713457770179524,0.19472221282241092,0.2054521213097799,0.21978129768044324,0.2595333622676984,0.07960831344213203,,0.043585659825692874,0.059311051983428384,0.3103127976357427,0.1701430707543078,0.27564823473338285,0.2049296748391451,0.29382311261632243,0.13566834126522329,0.13745336727734322,0.15448693741694866,0.14696501316210014,0.09173398437586068,0.09054024447077033,0.0904347580999199,0.09205099445232462,0.0885784990831572,0.08914855208484712,0.09273557311735134,0.1704130891019846,0.27737843004971496,0.25607136974221645,0.19394665692605073,0.1933783150972147,0.19513451610448151,0.19290597351276256,0.19584772515708201,0.19236465554998963,0.19073734574160953,0.19660847794027403,0.19640893743322924,0.19460582862306058,0.19106712921099578,0.19173807710319138,0.19835398520555725,0.22067156023189544,0.22097207467504637,0.23790701558187563,0.2879930744721063,0.2870496204302473,0.2882576291840462,0.28800083942676535,0.2875842937456847,0.2046460252163113,0.20682156971777962,0.20559461040812554,0.21463676471599796,0.1834432377858497,0.20291912151853814,0.20425424312415222,0.19748619840053305,0.1958467255636077,0.20478603908702306,0.2199422081575248,0.2584617930132326
lapgyn4_instrument_count,0.08058779215268255,0.04504973766825966,0.0,0.050847328752140444,0.18901724031909137,0.21042806911241319,0.29670177810578136,0.17215055759684061,0.20878507750572423,0.26607147441357604,0.16790051609111367,0.16308763479854016,0.1990796803894725,0.18761307372283903,0.28560263162950006,0.29259993979445376,0.1321612722823884,0.13438609773497512,0.157472806841336,0.15892348422410485,0.08066525636765222,0.08159338642528828,0.08051538272187343,0.08042437578583267,0.08028412665062416,0.08087298167100174,0.08021840858756987,0.19024122205877558,0.18098478002087748,0.2112505802468513,0.2669335374000635,0.23697059473172094,0.2503456824817438,0.19970863044820547,0.20016320437537638,0.20315224305129403,0.19860670173272008,0.20390300956488228,0.19841229023039697,0.1982562677441477,0.20481597193139534,0.20307457267167495,0.2005632418718875,0.1966804292062612,0.19801984183881538,0.20535172908429075,0.22105454854762346,0.20295504870976733,0.22248620098459482,0.23135970984748092,0.2746926591389392,0.23444328032197392,0.2182584579933595,0.27495548217538524,0.2749411706835478,0.275356928393913,0.2753703963910623,0.20110618119711848,0.2050510447454077,0.20503025068976838,0.24368438214165528,0.33862884835271184,0.21095172954961217,0.18582702978246368,0.19453356396645174,0.2075435913214569,0.19174332055402504,0.19257519852820532,0.19953507632172932,0.2175398419734868,0.25050144243107464,0.08169459662216728,0.045389212660242165,,0.05261517083060116,0.2973972168623037,0.1721283300130339,0.2645388360361982,0.20016543775981,0.28443184200341687,0.1317445687858293,0.13324029289537137,0.1584809489530249,0.1583152007487751,0.08224230345871505,0.08084024709037302,0.08170825609369622,0.08230939294617913,0.07940677206326388,0.07889060529277735,0.08234656015358671,0.1821939344026372,0.26718936482448,0.24896546395952954,0.20063257969607862,0.20057356798952164,0.2025032504582936,0.19953594071265324,0.20296602597927463,0.19859384814438003,0.1969149202750333,0.20367166565288697,0.20390610768633227,0.20120919675135918,0.19695634225192915,0.19876230744105294,0.20581994784503738,0.2218207222269431,0.22258713088031234,0.2288057268893889,0.27541495105964864,0.2744300303758902,0.2755061331430294,0.2753972746424854,0.27493679614854566,0.20070023701845935,0.20551044095338616,0.20463445432988364,0.21080946032907655,0.18499248222853748,0.1942530642747649,0.2066095019981113,0.19185923612637795,0.19336654737276762,0.1987133030628714,0.21777305484414067,0.24962193119792064
lapgyn4_anatomical_actions,0.11134853317067336,0.05970007506173491,0.050847328752140444,0.0,0.21488933386690084,0.22960533204680983,0.31370027629704467,0.19634262793625146,0.22618203911093243,0.28127693674728776,0.18848096582261184,0.18440006724298638,0.21981386308765333,0.20983556121903757,0.2982353439695109,0.3066092115650809,0.16369276539571845,0.16678027563075237,0.18109355181119863,0.1823335271295021,0.11455394129909179,0.11519168904209223,0.11405112783317006,0.11418919330725749,0.1140240647990754,0.11466322542661549,0.1140608652241218,0.21261256372623305,0.19037885995919424,0.23177599389299036,0.2901670226513072,0.26032682138120966,0.2676810679889086,0.21645126686681251,0.21633004196809885,0.21781474494866532,0.2162383958535804,0.21835231618500162,0.2152972864233126,0.2160317814387344,0.21958409424379488,0.21794039620423716,0.2161447022998617,0.21447420633434072,0.21406060265359572,0.2188552667134936,0.23844118153830207,0.22205809580881242,0.23992619974780413,0.2537123834429751,0.29741595893732403,0.24328089101919065,0.23701201101147137,0.29775189541286057,0.29769064886545515,0.2979921319100902,0.2981198249578687,0.22326866377348115,0.2283550890365897,0.2286805236948838,0.2617718948449782,0.358220244808677,0.22477883995361267,0.2056092814771169,0.21495896281810398,0.21675151707452367,0.20613871854010385,0.20635619421045492,0.21554130005581784,0.2317153113412952,0.27351693617552253,0.11213219302393279,0.05948153029181916,0.05027106527157969,,0.31446913708276336,0.19627418593188933,0.280007476139959,0.22097977233291405,0.29692267666531486,0.16347247213316363,0.16608147609652318,0.18198429364504545,0.1820125916416581,0.11610983346357007,0.11489843755949715,0.11506890193044539,0.11591396918863225,0.11216082781235479,0.11332772264757573,0.11599284113797748,0.19095522057988878,0.2904074593122976,0.2666262324574049,0.21681733424602395,0.21634072857300157,0.2172168136783726,0.21675127471127964,0.21774406077444752,0.21553303717051725,0.21469308275195487,0.21851511135734428,0.21809060333861463,0.21663755830576648,0.21516154320313888,0.21434844272092352,0.21932262003731084,0.23907858598230497,0.23992829264172172,0.2513650716613446,0.2980228018705964,0.2972506257595001,0.298321211441563,0.2980036241313566,0.2976286373451512,0.2227682245261492,0.22887978036552853,0.22823288023356086,0.224717767599892,0.2046271092686416,0.21453441006759028,0.21596994436725978,0.2064352467296453,0.2073223020506731,0.21505515860676494,0.23195857939843828,0.27277431092546106
sklin2_skin_lesions,0.16756172994034893,0.19837371254573088,0.18901724031909137,0.21488933386690084,0.0,0.17540411654666904,0.23394906012394354,0.1920495007933739,0.1889755808956015,0.23083001080616944,0.17135423309938635,0.17423801645506998,0.1996156064863997,0.18094158247261252,0.2558928046990677,0.2564121506745617,0.14090803669057272,0.14650035245628712,0.18914474826728894,0.20339895983129064,0.18656757724514783,0.18728051380141775,0.18758070548260689,0.18669759145108583,0.18703343913077658,0.1869321540379395,0.18699261722174892,0.09724702743934914,0.2106669031953371,0.1650593003858521,0.22514880092355277,0.14641982553064833,0.22851997067951546,0.21422330766331177,0.21543504125101948,0.21826668147740458,0.21298405119591307,0.2186674539391308,0.21321408996087082,0.21252474807973631,0.2194602410735435,0.21984688344722114,0.21572438492898732,0.209122508194822,0.21453581506578273,0.2201438129697846,0.23483640505745174,0.09186440506339859,0.2390673452040273,0.12576577106375458,0.20473069318233228,0.2587116319897351,0.22069305115565901,0.20514855354199324,0.20550104014799786,0.20582730881417086,0.20582289847842228,0.1670276013121199,0.1606077722513542,0.1609016790422609,0.19399647831183348,0.27823551189440543,0.2442259794566008,0.21345023209373581,0.2158198422816351,0.24408323479773558,0.22580637931220007,0.22902951100533822,0.22681255605662246,0.19564280286405283,0.18646510945348532,0.1666311421782769,0.19774278072181284,0.19091154894033796,0.21661779988833435,0.23459126489581583,0.19134999951144419,0.22978306657787897,0.1990152216087402,0.25519813742185726,0.14066168358600462,0.14490930979201008,0.1896630949702739,0.2034723919648558,0.18629735360555788,0.18651099331672988,0.18846927535580218,0.18858566391016773,0.1891426364212571,0.1857312421534424,0.185880405062668,0.2139443398726976,0.22517831844017377,0.22696552700550468,0.21614923700630348,0.21680845433812296,0.2181815642860062,0.21472825749822103,0.2163473543957577,0.21321529994549576,0.21010931977228353,0.21873976591517724,0.22058742340473564,0.21599992391969836,0.20944163545017813,0.21666193068328676,0.2210964655046458,0.2365623855436373,0.23858004058192106,0.12403099461650519,0.20555844419539382,0.20473258093188684,0.2059822732716728,0.2055852731443834,0.20517547956359555,0.1663812203643974,0.16030438583875273,0.16100969519617372,0.24396662248171727,0.21299519301959935,0.21665036229518886,0.2427393445498725,0.2253352887831372,0.22845104959094104,0.22475665414402468,0.19576144360680733,0.18592375097684355
identify_nbi_infframes,0.1888516701608885,0.22191042358971313,0.21042806911241319,0.22960533204680983,0.17540411654666904,0.0,0.15553158050282834,0.23388058798971964,0.17933330547789217,0.17098304241822457,0.1754470642446258,0.18128236305694975,0.20347108991871377,0.18135575852611902,0.21569131090207355,0.21476377582411593,0.18073415112411517,0.18788635187562328,0.22305282160816092,0.2398725474476313,0.21873998390303545,0.21972769225153507,0.21958161108387697,0.2184372852837922,0.2194437077319234,0.2192295662888704,0.21975281710360778,0.15962972881696655,0.2197415106796729,0.16928209058364263,0.18791679397451244,0.17114574246004668,0.2253556192046453,0.2406056221318666,0.2363050946241333,0.23543819139087668,0.24104564380892335,0.2337341631876376,0.23982438959229757,0.24015013060938645,0.23429568084409436,0.2395006871066391,0.23559473879097917,0.23972802016514083,0.23365256122563358,0.23355030260152843,0.23211365055934335,0.1571984417112312,0.23924271279927634,0.14392915645275678,0.2298625423679181,0.2815965258899227,0.24778487034029026,0.22978916547628425,0.23032235498826728,0.2307251139565036,0.23085698318650644,0.23201765821771092,0.23142344932707093,0.23087921024482366,0.1584569566022193,0.28956165317143057,0.24865000829240663,0.23421995333013182,0.21485474190596282,0.26508279563655707,0.22850369991267233,0.23552520970361618,0.233991833516857,0.20530415765468313,0.22653679051144182,0.18769809482134597,0.21674329273941173,0.21221633403352558,0.23206180277251,0.1558709157531078,0.23316483997313642,0.17158761193105865,0.2025176559202711,0.21445216401395711,0.1791792848642056,0.18594103006803792,0.22432076259056966,0.23916437156231957,0.21880620931052824,0.21753030121696426,0.22074479356157922,0.2210632932996212,0.22090921310461123,0.21798787396149905,0.21732231710658956,0.22305450837788948,0.188662754705673,0.22445329567938743,0.24121581768492423,0.2377291815802148,0.2354866557947715,0.24464588136785628,0.23047883992457635,0.23869105210059358,0.23734461408631924,0.2341357775453455,0.23942181020095987,0.23496718714940742,0.24163293688764248,0.2362023526798379,0.23521980465851292,0.2344568130666927,0.23848851105855634,0.14250628793526848,0.2303627593686857,0.22993936406078913,0.23038807779410517,0.23050837129650098,0.23017606430183324,0.23254402682340378,0.23188058908585493,0.2297943685790611,0.2482034355588672,0.23415866217090708,0.21603679381515725,0.2636160747886298,0.22835135156745578,0.23415102930416357,0.23233727207802896,0.20566985713617747,0.2266132624141871
laryngeal_tissues,0.2722796826770596,0.3095283928024428,0.29670177810578136,0.31370027629704467,0.23394906012394354,0.15553158050282834,0.0,0.31290586032029155,0.22246483249129956,0.16831484554509551,0.2305544271949196,0.24188738861296505,0.24112052623604474,0.2230492466450157,0.22321933244214903,0.21711436506270665,0.27021295334910794,0.27502679798043084,0.304636857007239,0.33368801804856607,0.3122495306606761,0.3132404491162376,0.31304019617335693,0.31200037326906505,0.3126837823578264,0.3126692408536621,0.31310538763056905,0.21452271363116784,0.3007560799015033,0.25157885421560583,0.2291715649543962,0.2079748056389975,0.27870161699958984,0.326644156401804,0.3244879256177453,0.32220486334415255,0.3277382835313222,0.32068198917425306,0.32662992683951864,0.32757442401792813,0.3208516700653086,0.3255979882779494,0.32236835757093907,0.3266297261125306,0.31939677993884796,0.3193550997508434,0.3105856739431365,0.21786820251424552,0.3186191512123516,0.17703561403027318,0.2645996607050481,0.36084524007413005,0.3312110428394192,0.2645684044782918,0.2651109125398546,0.2653043183940857,0.2655437452577851,0.29610047493666825,0.2958113072395798,0.2958428133821527,0.21660437679661554,0.30791485822375003,0.31364504986279607,0.3154895414762796,0.29021904244413255,0.3349323517587254,0.3039744625014595,0.30973563530153797,0.3072378716100612,0.26349659250719626,0.2779145188928678,0.27097415771705624,0.30863780365795257,0.2985165685638805,0.31617167189752304,,0.31214043386265544,0.1706638394985291,0.23976266649716999,0.22215232016136605,0.26879242075841425,0.27393390904073156,0.30567550069205207,0.33288085650842786,0.31225085149337883,0.311077572311506,0.31421312544661034,0.31458921003197654,0.3141205269022991,0.3111682404894868,0.3109471571393262,0.30460390648038094,0.22988463998148062,0.2783137750612851,0.3271341248028612,0.326006227867249,0.3219413716246934,0.33084582599532353,0.31772804917978187,0.32562574995460397,0.3247999265486985,0.32114019643388486,0.325412486246224,0.3214215431745924,0.328680511833082,0.32177868539464366,0.3214750226306794,0.31315269598037576,0.3175209297375223,0.17739218961489434,0.26489797542234617,0.26488177849396977,0.2649584051867443,0.26489228530302067,0.26497832541232635,0.29691403493243074,0.2959728126710527,0.2950650743081228,0.31309793769295025,0.31551801951623115,0.2912894203051702,0.33379167887583683,0.3038740210823848,0.3083737546770663,0.30582328549279525,0.2641616464042711,0.2784787890328942
nerthus_bowel_cleansing_quality,0.16051959208097338,0.17009764336858638,0.17215055759684061,0.19634262793625146,0.1920495007933739,0.23388058798971964,0.31290586032029155,0.0,0.23756103799362133,0.26881851449048566,0.1902080088097441,0.183966560226074,0.20632877923846876,0.193430473068119,0.29599645547025655,0.3026895728737007,0.11321441268861235,0.10340633667055675,0.058083934435043186,0.10604656808001983,0.14754818204973774,0.1472245954116763,0.14736287193219744,0.14758885838528935,0.14754326087702563,0.1473996207274324,0.14776770122845898,0.20066353159095435,0.15516488475115012,0.2221450355115111,0.2817082310137151,0.2590440230444815,0.2411578108810627,0.20621678471516297,0.2025891127721247,0.20582202134294636,0.20345692569956708,0.20568620143947705,0.20340849129955063,0.2019357786396378,0.20723391281145573,0.2083217283048071,0.20391455174452472,0.20102650991995866,0.20584164329729981,0.20854886174473475,0.24068561375414044,0.20918708328898844,0.24268165741287423,0.24230298685567175,0.2640255079613248,0.2591490857749203,0.19617295359352493,0.2642003763066201,0.2643886788955215,0.26490630639188784,0.26445272520492014,0.15789350863853355,0.15547339484041223,0.15397476320155107,0.25075754023258395,0.3257598206081067,0.2277771927890232,0.1844969472474959,0.20024591629314695,0.2169464000894133,0.2072925359018675,0.19725286578862017,0.20322354676733032,0.24257213864415955,0.23336953153289866,0.15991319439788762,0.1744317437907962,0.17254544811638087,0.19624761379501787,0.3137565965649074,,0.2665834590020646,0.20612693241606517,0.2956190866420152,0.11257438417818179,0.10583564108383792,0.05837438485527668,0.1052447043206167,0.14663787686197988,0.14795991548107068,0.14816459072714538,0.14840530598000246,0.14859391848420916,0.1468294323134588,0.1474122597782082,0.1557932460935228,0.2821394913809795,0.2396600735798622,0.20767998101875393,0.20378643410496944,0.2055048821584464,0.20495861569445242,0.20496928386000046,0.2035611968568926,0.20070251591177035,0.20650981724543171,0.2095942825996882,0.20468451345814084,0.20073364504197952,0.20640389780162607,0.2091905442875252,0.2410891082933102,0.24272604118939994,0.24032601152764277,0.26497250350635826,0.263779155277143,0.2647806791592486,0.26499984499331664,0.2638349600010468,0.1570786608850785,0.15635176671248466,0.15315844664281203,0.22808974398964543,0.18353818640861536,0.2003622797387792,0.21617580019746768,0.20706332680016848,0.19806061004947306,0.20200518846780172,0.24294622826881734,0.23198384561883326
stanford_dogs_image_categorization,0.19870410865709304,0.21964773366624385,0.20878507750572423,0.22618203911093243,0.1889755808956015,0.17933330547789217,0.22246483249129956,0.23756103799362133,0.0,0.2106580086216072,0.1099644769988053,0.11508594030813671,0.14837870160112301,0.14268390404913775,0.23363264196544753,0.23727678604738978,0.19553109505181154,0.20377052655548267,0.2256765423407974,0.24183495320293374,0.22793139016596778,0.22886194542782218,0.2286962636534802,0.22787918749347363,0.2282569576371171,0.22848631794794994,0.22862276839059628,0.17179707495043692,0.23551187120795614,0.2000068761742753,0.22950564953380592,0.1953327305447477,0.2322481064261841,0.24928110318200775,0.2459494589819645,0.2458710701485653,0.2494858976807846,0.24481200599618536,0.2482110364293634,0.24803503206694844,0.2455796081020369,0.2488499007081167,0.24567752625481962,0.24846036603588234,0.24340812158237224,0.24551215369293033,0.2563155603878324,0.18377950434292883,0.2621301394723314,0.19031624189815144,0.25071357037672737,0.28640110940555186,0.23890219035290622,0.2509409581201548,0.2513014110375538,0.2514098564644616,0.2515972257003778,0.2279052634351923,0.22443519343851276,0.22456673348147066,0.20337890946281112,0.3072127292917627,0.2392226713827972,0.23612103831880302,0.21589838236558365,0.2569460992363225,0.21733090805374486,0.22473871090672895,0.22595234688708876,0.20697537076693057,0.24464633754580462,0.19770670039857988,0.21622199784619164,0.2105162363310371,0.22824006798831076,0.22288116678049505,0.23697012901421471,0.20981862536518353,0.149741445947047,0.2325255558631578,0.19474313063165327,0.20245968190482322,0.22654584260369398,0.2415981068295204,0.22853204361553875,0.227878267710034,0.23048556684487342,0.23020810875021258,0.22994155787251064,0.22747888294915214,0.226789262383303,0.23877228513393559,0.230044487733227,0.2315250546087425,0.2502260106190977,0.24712883240637307,0.24609586108943404,0.2519997956475764,0.242731160497282,0.2483549462066597,0.24585163161435433,0.24523809450076017,0.24899280603281326,0.24569713330362278,0.24937126040835123,0.24452083839565308,0.24705435898667436,0.2582718859990938,0.2616022774936289,0.18893439607907722,0.2512456010977331,0.25081120900350706,0.25156178337888785,0.25109263944128696,0.25100755083788273,0.2278083197857011,0.22489270465854755,0.22374989221970357,0.23860238192212488,0.23526974393105365,0.21657851063420688,0.25552242252717333,0.21698562904006824,0.22415124628292987,0.22437387568346165,0.20727816436694768,0.24465483755850076
svhn,0.25556800011199354,0.2773107402060471,0.26607147441357604,0.28127693674728776,0.23083001080616944,0.17098304241822457,0.16831484554509551,0.26881851449048566,0.2106580086216072,0.0,0.1951822101169553,0.2008900338793711,0.16747603248585427,0.1502307995094777,0.16408399836537488,0.1603186457642613,0.24142704029963313,0.24599069045251332,0.26152956789381004,0.2832918870622796,0.27392448997787017,0.2747815357611751,0.27447387216549435,0.2736602372818813,0.27431880126659675,0.2743279631131077,0.27480816289095067,0.2175885255347761,0.26193436642815204,0.2335463209939998,0.2305522307260308,0.23076918017347475,0.26343751163595297,0.280560860592418,0.27502466581651913,0.27344916608922293,0.2804890796706705,0.2715086023153483,0.27923000285617805,0.2795200277621785,0.27244701025926876,0.2776206264495187,0.27395219262183806,0.2792215846895344,0.27197552159011884,0.2714521158933126,0.27802108166510586,0.22345226131250037,0.28435065102839097,0.20548800428367658,0.2705430328113097,0.32164672246372294,0.28382162293764285,0.27054427464279884,0.27092610739865686,0.2712817993908286,0.2711991010608117,0.26180983136208824,0.26031195121864364,0.2604661543191105,0.21966039652924074,0.3189826838704495,0.25965325058049216,0.26709828303911437,0.24495668500620094,0.281966218272794,0.2520572055782635,0.2484785356940305,0.2552729884521934,0.2540551217212705,0.27507691380837895,0.25492663196647897,0.27558201620774886,0.2674384750772078,0.28310772649958543,0.16866947993719789,0.2681008545057298,,0.1655219376360093,0.163405709330667,0.2402075664898515,0.24502981933481,0.26238847983899505,0.28300437771647224,0.27387099244142726,0.27301268561242503,0.27576888333654825,0.2760616604806059,0.27572053751283676,0.27339475854597084,0.272803560804176,0.265140875213526,0.23109597412225952,0.26286568730563586,0.28123836389769163,0.2763436039794948,0.27305431707793526,0.28367364605000855,0.2686985606367349,0.2785392888880165,0.27722325558544086,0.27267918945310554,0.27762069128951855,0.2738118118813656,0.2813073442253533,0.27392959045979165,0.2730177567720362,0.27994490222548873,0.28355319588053945,0.20487852424919342,0.2711102200211543,0.27065056250849867,0.2706968766863621,0.271011588077754,0.2706298414676109,0.2620431495393776,0.2601963393681227,0.25968283469547754,0.25950364569999856,0.2669818326851629,0.2458892210592781,0.2810544579890715,0.2522201206288199,0.2474670690649141,0.2539595939904649,0.2545770040006446,0.27516312169154866
caltech101_object_classification,0.16486115408390362,0.17503442001012254,0.16790051609111367,0.18848096582261184,0.17135423309938635,0.1754470642446258,0.2305544271949196,0.1902080088097441,0.1099644769988053,0.1951822101169553,0.0,0.03546296111976396,0.11438900858924726,0.09963709151801706,0.21867614431325608,0.22522735934341734,0.15551274932484233,0.1600784020874427,0.179748522511977,0.19254065533693182,0.17914619761792844,0.1799466101488129,0.17957000947255347,0.17894293887810936,0.17930034253967625,0.17958893687969638,0.1798069100195071,0.15841181036830804,0.18653384614010288,0.18957788947082388,0.22176327819768266,0.2042368175930186,0.21042150507418483,0.20990632766348882,0.20738402973587827,0.20865825861585346,0.21009825006134322,0.20795349833172092,0.2086064467220881,0.20898055275378058,0.20914862935325154,0.21080139073242316,0.20726905049745395,0.2089923977192883,0.20616392856621968,0.20893085539789746,0.22233760225189386,0.17578028327000184,0.2267268804119662,0.1874802087649715,0.23389559878000243,0.25325174068529616,0.1934563605354879,0.2343106313023343,0.23449148424073213,0.23463947989825756,0.23489101855276895,0.1833463222775349,0.1793868827671458,0.1796769565373599,0.19817087854768434,0.29511631858336834,0.19136241195630502,0.18757587130304043,0.17410442948628185,0.20687034365111928,0.16879279886763507,0.16976627382279627,0.17703839846933528,0.18322475489759707,0.2213083617985579,0.16417801020837286,0.17420695165305367,0.16977202620608461,0.18977389373111062,0.23097193484363765,0.18974391806204438,0.19350484791942874,0.1150445014025051,0.21779374616457228,0.1552467725901612,0.15921385838977226,0.18020164837418803,0.19236219343790023,0.1793476942798961,0.17921093253604858,0.18188205169411187,0.18155751711217416,0.18059684966416256,0.17906575424960902,0.17827398047939136,0.18943826089626037,0.22220445252244705,0.20962650453753706,0.21120985267902298,0.2088059332793462,0.20843610389967165,0.21252002175338505,0.20655530474415695,0.2089046700373701,0.20693435893210527,0.20869595257654405,0.2111062625140422,0.20761338292121662,0.2100298834040341,0.20718686158080585,0.21051219081126604,0.22378715198173216,0.2265844466151984,0.1859000875556126,0.23463040128599183,0.23395450009252225,0.23476770517905127,0.23439434013782,0.23432271081848516,0.18310788625529417,0.17993292341596037,0.179087189467765,0.1913201715882164,0.18594698925697883,0.1743729258268754,0.20557716501206652,0.1687400447809326,0.1699215067908814,0.1753889247525538,0.18363754125884796,0.22125898085081214
caltech256_object_classification,0.16405678054506598,0.16951726261959474,0.16308763479854016,0.18440006724298638,0.17423801645506998,0.18128236305694975,0.24188738861296505,0.183966560226074,0.11508594030813671,0.2008900338793711,0.03546296111976396,0.0,0.11288608510317427,0.09882267773047737,0.22673223476117896,0.23408573542411865,0.15169609159424005,0.15701824575783402,0.17530482013301346,0.18414045538667798,0.17177093067963956,0.17252241796569626,0.17212806976090644,0.17163318131084682,0.17189903283530428,0.17218450782305877,0.17238863620273887,0.16060965611499123,0.17993212693865815,0.19199943961860272,0.22728353461082346,0.21009277280335953,0.21154415516252836,0.20528245807605605,0.203044655945578,0.205178629251278,0.20543814148539272,0.20456379238628467,0.20391331168677623,0.20415552071734594,0.20599625234213634,0.20713367828172086,0.20345239599683296,0.2042520756700325,0.2025279620139498,0.205994028309201,0.22022272665634224,0.17936804309407306,0.22427357521290842,0.19414076946698428,0.2333692161195491,0.2501271050533356,0.18788417227689314,0.2337841850454493,0.2339060411560632,0.23405877463120872,0.23435883551515915,0.1790299969144507,0.17587717815752985,0.17634281550363087,0.20197461400850356,0.2951525050933267,0.18588912989477788,0.17793885529429415,0.16706801865535048,0.20248653736591637,0.16034281643878967,0.161965380032786,0.16912051628323707,0.18528256167047208,0.21900239766516405,0.16364291776042655,0.16769723378168852,0.16487927706944053,0.18549343686836822,0.24227984828783772,0.18363247830465357,0.19900157220834225,0.11349136595886833,0.22587272008382886,0.15160877113349935,0.15618003888029308,0.17573063197089947,0.18416385114633094,0.17183501603053328,0.17197998275572296,0.17422874708721592,0.1741792466392701,0.1734032594663289,0.17179905506815601,0.1708710782024761,0.18282580384739977,0.22772499354686826,0.21059857778768662,0.2069040544070698,0.2046175106618771,0.20485834184545093,0.2076801269921929,0.20336122146484953,0.2041902300648224,0.20224192827666831,0.205403544430262,0.207538815335766,0.2041020679709114,0.20505785395069778,0.20344140322470297,0.20748111536773095,0.22162004382401113,0.22420886778659763,0.19244998041844844,0.23417947057684319,0.23349355156117158,0.23415286958265302,0.23387671308439623,0.2338496828672278,0.1785105641472051,0.17641656566117153,0.17577750215183455,0.18597602023846535,0.17618894548347638,0.16707137110471584,0.2013270957218854,0.16024954737916067,0.16241182386533637,0.16756534220304187,0.1857201766730844,0.21886031232773784
cifar10_object_classification,0.19755978152277376,0.2037242353383376,0.1990796803894725,0.21981386308765333,0.1996156064863997,0.20347108991871377,0.24112052623604474,0.20632877923846876,0.14837870160112301,0.16747603248585427,0.11438900858924726,0.11288608510317427,0.0,0.04386844897576696,0.21560886445328223,0.22216073456623983,0.18494585629271637,0.18887486139930332,0.19905233733908906,0.20724978348299672,0.2019818290887887,0.20266729043489307,0.2023740346114673,0.20213891456421768,0.20218972524850148,0.20241241169294844,0.20266584859112743,0.18754307091643996,0.2025613158437543,0.2036173357922107,0.25197115761200084,0.23164988149731092,0.25186339881554276,0.2283559287493906,0.22458937367937465,0.22612101753495523,0.22750597998854027,0.225305592080786,0.22639804334776725,0.22579662313447804,0.22719725770897342,0.22933792645045104,0.22526305654940076,0.22608648094924,0.2240964118387379,0.22746009231694186,0.2496727998180263,0.19767122302309292,0.2537199017172551,0.21971315461421834,0.2652477120638136,0.27550881105653374,0.22132160338550316,0.2655155307576305,0.26553036498326965,0.2659119162370854,0.266023780123565,0.2058999648364534,0.2052684472300167,0.20548915287058184,0.21279337125116446,0.32552175039937825,0.22574908426829995,0.21515502470733233,0.20901302071653982,0.2333603464298581,0.20775242694702029,0.20417396867088625,0.2112153928216323,0.21755004977872555,0.2503357450468249,0.19689831355570298,0.20539859037092453,0.20026036218289314,0.2205976764049462,0.2416238195793169,0.2057155292954628,0.1651030921930717,,0.2151458969630301,0.18431764814155815,0.188109560132679,0.1994302201843685,0.207175812920891,0.2019716647739693,0.2018479945245742,0.20398527925251445,0.20387402566119678,0.20331641795504587,0.2019805871520517,0.20135345898814144,0.2050728232045358,0.2524004625318821,0.25126218019585866,0.22942929100292228,0.22565635170254922,0.22629376910246674,0.22953705687682563,0.22376388537069533,0.22640558905653946,0.22450928299449063,0.22653778562486737,0.22970131622608028,0.2257845917643858,0.22685524739929203,0.22477292741434912,0.22895208046676888,0.25094863531758166,0.25344136268219464,0.21809028365765792,0.2660619337615322,0.26518768189016906,0.2658185015670662,0.26581925889352775,0.2656896080279242,0.20561069377996127,0.20554771098548053,0.20477228185604068,0.22582203542064755,0.21413020857430348,0.2092324247542811,0.23269827176434377,0.2079452955675411,0.20407340625193574,0.2102111331990687,0.21809081239404332,0.24974601403652247
cifar100_object_classification,0.18201296531753208,0.19232063525779508,0.18761307372283903,0.20983556121903757,0.18094158247261252,0.18135575852611902,0.2230492466450157,0.193430473068119,0.14268390404913775,0.1502307995094777,0.09963709151801706,0.09882267773047737,0.04386844897576696,0.0,0.20297433038461277,0.20865049620016818,0.1693871800470057,0.1727825284766718,0.18588757744539033,0.1974238109954053,0.18990587197464215,0.19067745629728022,0.1903684689893122,0.19006913169451803,0.1901553824911166,0.1904033854262615,0.19064434740063446,0.168233868423237,0.19104370017093997,0.1873436529123062,0.22859444355181918,0.21409224863183196,0.2349540712689291,0.2150013528894441,0.211029522410522,0.2123125880704937,0.21445677676569908,0.2113521775950979,0.21311897124971046,0.21280734113411573,0.21300787474229466,0.21562441946297262,0.21168865677651116,0.21300106058292398,0.20961228861283723,0.2133357318434915,0.23425998215805477,0.1804958990963615,0.23832037014392649,0.19992276044382398,0.2481699164094716,0.2641464088902864,0.2081545706202184,0.24844567982896115,0.24852868875778422,0.24896924920414004,0.24903332253786284,0.19284950742402346,0.19086839777392092,0.19095297163190597,0.19943439783271855,0.3118812597454826,0.2127399836044594,0.20383523103390608,0.199728650826361,0.22333007824550044,0.1979561383565323,0.19345887961040542,0.2013909053808371,0.20088977933148194,0.23516471090847468,0.18133196929380255,0.19445153742750368,0.18876955809930743,0.21089456124358852,0.22354994417542562,0.1928720207905374,0.14782612126092876,0.04537374079219407,0.20234864336243436,0.1687942822260004,0.17204737367905992,0.18631394784672914,0.19738051174871324,0.1899110572426146,0.18984681034524714,0.1920195608826121,0.19212314981914078,0.19169871660567078,0.18984171618650011,0.18912898365238673,0.19397352813951324,0.22904894479725146,0.23408816112127018,0.2160207236179343,0.2124739184718769,0.21231924536870586,0.2166382160508482,0.20966088666424976,0.21319306798276552,0.21133000190707985,0.21259457931569548,0.21600266223159265,0.21192565460023619,0.21403914966347998,0.21062819009068032,0.21484985640898432,0.2355835930081638,0.23805435781200301,0.19806177596010116,0.24906941824756348,0.24809497770502242,0.24876965725060213,0.24883298176727295,0.24856338948782813,0.19261709034618713,0.19110910877758108,0.19024541549843837,0.21272158882380449,0.20302210999321466,0.20004959190056143,0.22241696752204548,0.19814544657287433,0.19358862704676832,0.20026022024217194,0.2014113639013215,0.23460825501202398
