,lapgyn4_anatomical_structures,lapgyn4_surgical_actions,lapgyn4_instrument_count,lapgyn4_anatomical_actions,sklin2_skin_lesions,identify_nbi_infframes,laryngeal_tissues,nerthus_bowel_cleansing_quality,stanford_dogs_image_categorization,svhn,caltech101_object_classification,caltech256_object_classification,cifar10_object_classification,cifar100_object_classification,mnist_digit_classification,emnist_digit_classification,hyperkvasir_anatomical-landmarks,hyperkvasir_pathological-findings,hyperkvasir_quality-of-mucosal-views,hyperkvasir_therapeutic-interventions,cholec80_grasper_presence,cholec80_bipolar_presence,cholec80_hook_presence,cholec80_scissors_presence,cholec80_clipper_presence,cholec80_irrigator_presence,cholec80_specimenbag_presence,derm7pt_skin_lesions,idle_action_recognition,barretts_esophagus_diagnosis,brain_tumor_classification,mednode_melanoma_classification,brain_tumor_type_classification,chexpert_enlarged_cardiomediastinum,chexpert_cardiomegaly,chexpert_lung_opacity,chexpert_lung_lesion,chexpert_edema,chexpert_consolidation,chexpert_pneumonia,chexpert_atelectasis,chexpert_pneumothorax,chexpert_pleural_effusion,chexpert_pleural_other,chexpert_fracture,chexpert_support_devices,pneumonia_classification,ph2-melanocytic-lesions-classification,covid_xray_classification,isic20_melanoma_classification,deep_drid_dr_level,shenzen_chest_xray_tuberculosis,crawled_covid_ct_classification,deep_drid_quality,deep_drid_clarity,deep_drid_field,deep_drid_artifact,kvasir_capsule_anatomy,kvasir_capsule_content,kvasir_capsule_pathologies,breast_cancer_classification_v2,eye_condition_classification,mura_xr_wrist,mura_xr_shoulder,mura_xr_humerus,mura_xr_hand,mura_xr_forearm,mura_xr_finger,mura_xr_elbow,bean_plant_disease_classification,aptos19_blindness_detection,lapgyn4_anatomical_structures --shrink_train 800,lapgyn4_surgical_actions --shrink_train 800,lapgyn4_instrument_count --shrink_train 800,lapgyn4_anatomical_actions --shrink_train 800,laryngeal_tissues --shrink_train 800,nerthus_bowel_cleansing_quality --shrink_train 800,svhn --shrink_train 800,cifar10_object_classification --shrink_train 800,mnist_digit_classification --shrink_train 800,hyperkvasir_anatomical-landmarks --shrink_train 800,hyperkvasir_pathological-findings --shrink_train 800,hyperkvasir_quality-of-mucosal-views --shrink_train 800,hyperkvasir_therapeutic-interventions --shrink_train 800,cholec80_grasper_presence --shrink_train 800,cholec80_bipolar_presence --shrink_train 800,cholec80_hook_presence --shrink_train 800,cholec80_scissors_presence --shrink_train 800,cholec80_clipper_presence --shrink_train 800,cholec80_irrigator_presence --shrink_train 800,cholec80_specimenbag_presence --shrink_train 800,idle_action_recognition --shrink_train 800,brain_tumor_classification --shrink_train 800,brain_tumor_type_classification --shrink_train 800,chexpert_enlarged_cardiomediastinum --shrink_train 800,chexpert_cardiomegaly --shrink_train 800,chexpert_lung_opacity --shrink_train 800,chexpert_lung_lesion --shrink_train 800,chexpert_edema --shrink_train 800,chexpert_consolidation --shrink_train 800,chexpert_pneumonia --shrink_train 800,chexpert_atelectasis --shrink_train 800,chexpert_pneumothorax --shrink_train 800,chexpert_pleural_effusion --shrink_train 800,chexpert_pleural_other --shrink_train 800,chexpert_fracture --shrink_train 800,chexpert_support_devices --shrink_train 800,pneumonia_classification --shrink_train 800,covid_xray_classification --shrink_train 800,isic20_melanoma_classification --shrink_train 800,deep_drid_dr_level --shrink_train 800,deep_drid_quality --shrink_train 800,deep_drid_clarity --shrink_train 800,deep_drid_field --shrink_train 800,deep_drid_artifact --shrink_train 800,kvasir_capsule_anatomy --shrink_train 800,kvasir_capsule_content --shrink_train 800,kvasir_capsule_pathologies --shrink_train 800,mura_xr_wrist --shrink_train 800,mura_xr_shoulder --shrink_train 800,mura_xr_humerus --shrink_train 800,mura_xr_hand --shrink_train 800,mura_xr_forearm --shrink_train 800,mura_xr_finger --shrink_train 800,mura_xr_elbow --shrink_train 800,bean_plant_disease_classification --shrink_train 800,aptos19_blindness_detection --shrink_train 800
lapgyn4_anatomical_structures,0.0,0.014852325798418747,0.01550030608024017,0.02150058559721515,0.03298773854073254,0.034298358399331735,0.04781596055773514,0.031690857078253636,0.03791324173423,0.047635741524033944,0.03227816887962538,0.03222143821563536,0.0388987625110565,0.036278399695732017,0.05000792705821273,0.050223700703836124,0.02278068127940394,0.022438727285077655,0.028253042150995545,0.02804189792910445,0.020344812744535923,0.020465539318845802,0.020426153740852424,0.02032011179560566,0.020307219218792964,0.020344953928879594,0.020325483375600154,0.03342455093517065,0.03486725987437287,0.03550008738901832,0.042746817493916525,0.038199377583181426,0.04490287071507692,0.03677484118415557,0.03691707600134919,0.03756998539218694,0.03669266465954839,0.03767128025367529,0.036590105429195226,0.03661877813581518,0.03776941416100564,0.037546021963879,0.0371244271454796,0.03645285126023075,0.036395229542533894,0.03800768908145999,0.039710323228303174,0.03543456898326315,0.04006524948683941,0.037292914097475004,0.04757664741231911,0.04383800230941205,0.040601831592825106,0.047625441210671055,0.047661808013587055,0.047745960470982916,0.047737452417079315,0.03932707467487753,0.038695017971807535,0.03852221510136071,0.042905780965519405,0.05568837840610687,0.0429761970329532,0.036458325927991905,0.03885530210440731,0.04111441816037249,0.03963401799143071,0.03904805464930239,0.04099487250023943,0.039155062259978765,0.04465972300260865,,0.01617084324275618,0.015476865940159679,0.021668129900246393,0.04792548552554766,0.03172023572946068,0.04756816420938173,0.03907064725186349,0.049838667162829794,0.022596192172974976,0.022301839198961216,0.02844904712999894,0.027868740321085148,0.02051122319740093,0.020335091364521076,0.020513971737926455,0.020794043909826067,0.020591379288661685,0.020004106235228643,0.020672753661160052,0.035225871234369766,0.042817073870044645,0.04472599294896279,0.03694246639305093,0.037118394035718344,0.0374786854232812,0.03691647935711905,0.0374456775737739,0.036626489894508014,0.0363018932856209,0.03758994426111603,0.03771304145515597,0.03715572591270663,0.036523959252955665,0.036581860536348154,0.038090672694415115,0.03986886606151952,0.04002960808368885,0.03698458452298428,0.04764656851222742,0.04760541543591423,0.04774892472522506,0.047695818767606465,0.047616466761549674,0.0392065107040183,0.03886801428776814,0.038458214699710676,0.04296338410354181,0.036399440981086495,0.03893019832593486,0.040924078346291734,0.039605975842025375,0.03914472232000069,0.04078525160859271,0.03920347478886461,0.04457619286431757
lapgyn4_surgical_actions,0.014852325798418747,0.0,0.008628020272342269,0.011538010088388069,0.03855236128871116,0.040150850047066075,0.05433597475321712,0.033438498743042645,0.04157796649976299,0.051399239426362625,0.03404876809017805,0.033247249831519,0.04005752066673101,0.038219317246658197,0.052863913555689035,0.05384460319747375,0.026843983011281398,0.0271937491780845,0.03018566803579547,0.028453791815948308,0.017616058440671396,0.01774003406167017,0.017559189130467032,0.01757547380512401,0.01748870927847579,0.017621287414162613,0.0175081856900038,0.038178189317179916,0.03332032048417384,0.03955639395837038,0.0480736911535595,0.045531293010257295,0.0479557341959611,0.03746514436380603,0.03737198745617816,0.037875431631661405,0.037299570041316996,0.037996938671679234,0.03719996905358821,0.03719035975697939,0.038211357008111055,0.03790408657137512,0.0375247491731219,0.037005286129140044,0.03711908707028533,0.03829632320229512,0.04162239696931067,0.04037290921103513,0.04165215228130082,0.04435886012278982,0.052517258694820435,0.043207380819145914,0.041137810677162566,0.05257616652327017,0.0525707405673157,0.05263881383019746,0.05265149051212418,0.04030581550136955,0.04042899281070475,0.04042307850531013,0.04659836001333659,0.0602163354006314,0.04134274814026245,0.035987477702361256,0.039507775991955214,0.03958165692372477,0.038427627138511666,0.03812754441176522,0.039912617033060406,0.04180211235562513,0.048549567469565,0.015058289511359613,,0.008316312361870746,0.011516230527446238,0.05443619223051489,0.0334410451199693,0.05123446149126744,0.04026775204438513,0.05270217582489925,0.026790666724095767,0.02704179809197444,0.030298184498827006,0.028393499674622354,0.017877226579822627,0.01763445509700025,0.017623803419006823,0.017940338700389975,0.017277478452404123,0.017368061394633583,0.018100103938659864,0.03338734339646267,0.04810583118815314,0.047816849063555045,0.03753405761516858,0.037418542102917424,0.037757583025097574,0.03737810213590269,0.03790159745037809,0.037255864462360386,0.03699375936799233,0.03803307321554457,0.03797834433044102,0.03765599313556313,0.03706467514482566,0.03715108852313756,0.0383373284875478,0.04164581557003642,0.041701896136847286,0.04401401449118912,0.052571526679511205,0.05251282582578481,0.05267489331279731,0.05261285858790464,0.05257594746726836,0.040176718839915276,0.04057471571958832,0.04037881472828243,0.04134292693474986,0.03580259604772222,0.03941423850062156,0.03943500899774802,0.038481915067383306,0.03834103653954896,0.03980248919458375,0.041819402478403614,0.04840554220583003
lapgyn4_instrument_count,0.01550030608024017,0.008628020272342269,0.0,0.009841421967663041,0.03667781432368411,0.038069482913126354,0.052003319246814686,0.03380953688630885,0.03948055694786297,0.049314635997787126,0.03255591350021225,0.031842607296710956,0.0390587093371782,0.03720299137251684,0.05104857925679594,0.05174654356748891,0.025991587230759592,0.026338784657702445,0.030868855107467334,0.030650797904417073,0.015679599194020875,0.01587352653558846,0.015653863726267835,0.015646743781259784,0.015605085599992958,0.015718870359276823,0.015590867840404029,0.03668849455854813,0.03532860122449558,0.04022794113259297,0.046173732058837985,0.0427302999891869,0.04670336981040143,0.03854758137552708,0.03865324535670234,0.03923751462063502,0.03836195965495269,0.03938599567901906,0.03831412424439336,0.038300534527757855,0.03955095968959997,0.03919952629559979,0.038742871913376574,0.03803228257499416,0.03829402755558438,0.03965906848212167,0.04170320276590419,0.039048279785538736,0.041896027942545606,0.04268298282317694,0.05011211303513642,0.04442712155026027,0.04192031808304889,0.05015293550946172,0.05014779355801286,0.05022408418139508,0.050234963334812414,0.03936250212432504,0.040084516657786895,0.04009857143716427,0.04612498167349186,0.05794574272317629,0.04055940199565164,0.03611909118529097,0.03770064170061042,0.04004286434124163,0.03722794796739552,0.03752686226052947,0.038622347135367545,0.04138410213391523,0.04670006882445832,0.015690274136683797,0.00879646893835036,,0.010198799203942305,0.05209097809748685,0.03379803313079649,0.04916792614203589,0.03924702591545563,0.05086754478937419,0.025924030557385323,0.02611480259809143,0.03104832324325887,0.030544147673659747,0.015978125270819533,0.015710783766364443,0.015866018558336397,0.016016701480120105,0.01544120046174246,0.015337206857417142,0.016029207533485988,0.03555350042768696,0.04622732577758111,0.04652820699068125,0.038716783253384394,0.03871062501546357,0.03910983786258303,0.038531596793295764,0.03922378363875892,0.038347897986252516,0.038065600637905296,0.03934312717467915,0.03935311982299331,0.03885545564014776,0.038065014615937594,0.03841667880896184,0.03972737135033255,0.04179925433494895,0.04193206457876363,0.04236312722014336,0.05016890553964454,0.050101527293625846,0.05024257419959434,0.050207193864333366,0.050167033295345276,0.03928193815008431,0.040168342803170595,0.04003189156728629,0.040563472291252956,0.03596554110649311,0.037640767970909976,0.03987887683884503,0.0372369772435638,0.03767508947237,0.03847582509947822,0.04140995508500084,0.04658938679175774
lapgyn4_anatomical_actions,0.02150058559721515,0.011538010088388069,0.009841421967663041,0.0,0.04189741261553752,0.042216289996776124,0.05560062543899458,0.03859240698596572,0.04323324394463375,0.05259090397395924,0.03680671122519841,0.03624334924472816,0.04328988601724146,0.04172700892523548,0.05379297703106861,0.05474991664519853,0.032324043081513265,0.03275888164970543,0.03557004423884039,0.035290055538343815,0.02226818399737583,0.02239530891654356,0.02216853835763659,0.022208533737679025,0.02215802119474388,0.022280459587789916,0.02216220709239692,0.04123403471060242,0.037228313598111865,0.0445211876781914,0.05097677564929827,0.04760616248901997,0.05025193337223286,0.04195442273941122,0.04195618515841839,0.04225115054566882,0.0419361730783367,0.042359673410039295,0.041750685666568046,0.041906522205011704,0.04258709215425697,0.04224040017870757,0.04193547904603727,0.04164806645882302,0.04157698189535545,0.042450854407383234,0.04520276872361319,0.04299005487689424,0.04538679014449963,0.047338851358425776,0.05466837352319949,0.046231516466366064,0.04573464696812478,0.05472364710844067,0.054714745263344,0.054764874076578776,0.05479526733319783,0.043716343875797814,0.04473566815015054,0.044820098254919845,0.04984030257239968,0.06185755105607018,0.04340340939222122,0.04007137950035612,0.04185205368896536,0.04193969547381353,0.04017680404310672,0.04030021446409119,0.041870224158782665,0.04428590786761735,0.0512131893698896,0.021639891360951857,0.011621097136870276,0.009716979732959659,,0.055700930562887,0.03857464249994667,0.052487682012794135,0.043500802892901244,0.053579904094999714,0.032296309032969435,0.0326221516580817,0.03573423769577466,0.035240300641522795,0.02256762402062386,0.022324920678877244,0.022354010572735047,0.022517866456189677,0.02179515810061748,0.022019286147077155,0.022575230888298936,0.037317139475214915,0.05102925744883062,0.05013959803426628,0.04201690285534075,0.04193296412517552,0.04213579973568783,0.04202235684842322,0.042268271357235446,0.04179286300949704,0.041676943305734515,0.04239395754543086,0.04226143869318064,0.04201788380728374,0.04175951176252697,0.041610660685666885,0.04251240782180221,0.04527133255932104,0.04540463823600838,0.047052304270033755,0.054705385529149386,0.05467927269167215,0.054814948824808224,0.054743073885607375,0.05471128706872505,0.043618714559941804,0.04483522982136119,0.04473809912159934,0.043419839545032986,0.03989575336981373,0.04175882089856959,0.04180345298277912,0.040215739218325754,0.04049095330005916,0.04179483334967658,0.04431588643486682,0.05112791941021151
sklin2_skin_lesions,0.03298773854073254,0.03855236128871116,0.03667781432368411,0.04189741261553752,0.0,0.03203648852844999,0.039976206851229115,0.03740637916136655,0.035817162496168904,0.042336092103020084,0.0326838936823686,0.03308753518476454,0.03851780372400752,0.0352219620915057,0.04532011526204519,0.04472067846256923,0.027219652672783947,0.028293550213549228,0.036797336861728126,0.039020736968959094,0.03586325772768291,0.036006231690101254,0.03606406350028349,0.03589639871597085,0.035949222514390526,0.0359438955533338,0.03594549549720682,0.018100380350925163,0.040478961505098825,0.03123842098706739,0.038173890393076323,0.024866225414170343,0.04199047317111353,0.04093583815957598,0.0412466106680308,0.041796707246615536,0.040720743699032114,0.041893580688782864,0.04074677021964751,0.04062788914628361,0.04205217611288406,0.04205949784449604,0.04127749080919778,0.0399714043163104,0.041105948923720645,0.042152539717048604,0.044452543384956744,0.017213207278364624,0.04521188101981738,0.022147132902970657,0.03624766954579782,0.04913988391783039,0.04172497360008083,0.03632622559164549,0.03637533753618227,0.03643231463051166,0.036442478179368576,0.03243258395146199,0.03110570386114819,0.031178649941488883,0.0366872122207028,0.04600246956152175,0.04602812182087851,0.04063229914326393,0.04113582469632006,0.046434804500845375,0.04302300874660157,0.0437244893720472,0.04295012965011861,0.036513900678969646,0.03410758648922927,0.03279478599953314,0.03843947759706323,0.03708910929434614,0.04224820847775611,0.04005945212637667,0.03726724180707276,0.0422668681315728,0.038418395895147776,0.045230109115320466,0.02719442277322544,0.027966097705618725,0.036878964455503434,0.03904742850458599,0.035792964239095275,0.035889861315387045,0.03625571964831911,0.03624718581844831,0.036379594762015584,0.035711147715394055,0.03571046699956741,0.04112272474288654,0.038183308704898174,0.041777340821818824,0.041316860078853324,0.04152091113582226,0.041757630569659865,0.04103108296174494,0.04145413192357205,0.04075510927866737,0.04018630340683853,0.04190365615087592,0.042186108217557944,0.04133449007224274,0.04001939381958944,0.04150428135795546,0.04231770548893381,0.04474756635213696,0.04514598853975995,0.021981028970695184,0.03633854241452819,0.036285959040797955,0.036463943067758214,0.036362263097734805,0.03633154277817119,0.032304026472052196,0.03103990978630054,0.031216537763626734,0.04600327562194324,0.040525570680986854,0.041303967916945294,0.046207529602993985,0.04292284116938219,0.043626350910830114,0.04258641077821492,0.03651405490226137,0.03405012177033498
identify_nbi_infframes,0.034298358399331735,0.040150850047066075,0.038069482913126354,0.042216289996776124,0.03203648852844999,0.0,0.02678498090363578,0.04284662252044395,0.032258299487306505,0.030754359083515988,0.031075695626574522,0.03192595137046858,0.03659336906489528,0.03258728453940371,0.037358968281271845,0.03674964185225056,0.03225054102419817,0.03356585431291159,0.04048882034628382,0.043005911281419396,0.03920474636079153,0.039400311788976024,0.03936301562309973,0.039159986380541176,0.03933333784425154,0.039306694015358516,0.03940415025270579,0.028959676503308423,0.0399881509378868,0.030456106127037946,0.03149594611869195,0.030398867588631903,0.041157060139780495,0.043427370025054306,0.04263705036170822,0.042510712220827904,0.043527035236695634,0.042212541117761,0.04326060686182277,0.04332943621936368,0.04233224889653741,0.0432629414701398,0.042516828261322234,0.04328732920688817,0.04214100344949648,0.04220913414301908,0.042228323805876544,0.02870502443972291,0.04348997493960783,0.02603171519045452,0.041200574796031036,0.0515078054535202,0.04485852404710404,0.04119083137926373,0.04128447973021837,0.041344685438664694,0.041375535751280376,0.04305507438603613,0.042750491889362724,0.04266779799544315,0.029070463499054518,0.04882366965314641,0.045315621908167306,0.04235256554134603,0.03928786974403925,0.048594812980117606,0.041676490275049195,0.0428718514398857,0.04265820494707432,0.037556159250151835,0.041771705166032215,0.03408617873065898,0.0392011155978754,0.03841535105182747,0.04266346538939696,0.026810587854364507,0.042699435161574206,0.03094732921099424,0.03645336722136404,0.037151798868109265,0.03197715828387521,0.03313738384756084,0.04073176165196979,0.04290376716462402,0.03918606128612141,0.039006918346111814,0.039618782917060114,0.03969117685213294,0.039664618045423324,0.03909057933223858,0.038930031014811926,0.04064513254282101,0.031646792176043395,0.04102273686174585,0.04355487300965306,0.042893652082110656,0.04251801641624916,0.04416922283072254,0.041628888912923864,0.043084650229845894,0.04280429161411882,0.04228822520493314,0.043237317748474786,0.0424277426014736,0.043635385282724495,0.04259414617195328,0.04251008348132991,0.04264140871466159,0.04338219193478404,0.02585583927585565,0.04123205642440855,0.04124699218832423,0.041287186299145746,0.041284362155272945,0.04126728993255972,0.04313190667176443,0.04283171849514138,0.042467545871099924,0.04526646167208842,0.04231277815925435,0.039518584460732406,0.04832908355437703,0.041646573332353234,0.042644236221111104,0.04235559313831577,0.03761775751992657,0.041785128919505046
laryngeal_tissues,0.04781596055773514,0.05433597475321712,0.052003319246814686,0.05560062543899458,0.039976206851229115,0.02678498090363578,0.0,0.05510344839736697,0.03835551511535122,0.02740443952253211,0.03884575215881246,0.04075647543658508,0.039867846209704155,0.03659533211211656,0.036637960997468834,0.035305800160525244,0.046828798631596426,0.047723776979541915,0.05331097872535345,0.05828307715920855,0.05479747302248605,0.054994858088631915,0.05494771293401514,0.054759917669807964,0.05487974366242747,0.054884437995621836,0.05496875024373469,0.036314942213692594,0.052535209207387246,0.043309546747859695,0.038163144832598236,0.035154521833804485,0.049277315404933394,0.05696206380817516,0.05660588346426654,0.05617232918268997,0.05720049321234892,0.05591629689340066,0.056964966759929306,0.05715696500775727,0.05595413286377914,0.056780417049945416,0.056192586958852715,0.057011391775542056,0.05564975755770152,0.05566874100361684,0.05431937127872264,0.037234315043060476,0.05577492196314388,0.02964018331164091,0.04647360779411322,0.06361745069016583,0.05821970662997544,0.04646612397195773,0.046554332756613304,0.0465681331937252,0.04663270910951522,0.05204186309623192,0.05183902232802398,0.05186595102524964,0.03693365976214666,0.05184813826212564,0.05482043827887469,0.05497737019216152,0.05082475453077466,0.05890672591290638,0.05319307485878574,0.054138776333484025,0.05354027713726635,0.046152007692432634,0.049587355792643756,0.04755474388254921,0.05443950468361463,0.05236052346341753,0.05604791991820007,,0.05495447814874704,0.02784426636206879,0.039639563264281155,0.03643112663126187,0.04658506344026905,0.047491406296795005,0.05350775909661609,0.058169377283510564,0.05476746544981011,0.05460914043983497,0.05520952585422593,0.05528381474640817,0.05520049422855808,0.0545952438693872,0.05454189095458084,0.053286508076147016,0.03830772732541653,0.04920224300868922,0.05707952355752698,0.05688535795674427,0.05612494759895428,0.05775157728189977,0.055374656102316525,0.05679368096780102,0.056658716927993236,0.05601158637365186,0.05672403225380088,0.056029152027864945,0.05738744800316424,0.05606330817568214,0.056051676158553554,0.05477355093417917,0.0555925469010784,0.029748850030402358,0.04649060594779408,0.04655030950540068,0.04650209896810387,0.04650180572739735,0.04656021430297238,0.05217128529344603,0.051854556374225515,0.051740759079843615,0.054739182181013556,0.05496042118334661,0.051033617016024414,0.058711980995354685,0.053163904254017284,0.053934980379609074,0.05329926716889725,0.046260046647512994,0.049694101737335364
nerthus_bowel_cleansing_quality,0.031690857078253636,0.033438498743042645,0.03380953688630885,0.03859240698596572,0.03740637916136655,0.04284662252044395,0.05510344839736697,0.0,0.04547375024395496,0.04970386704457008,0.03726769044039734,0.03619130119752012,0.04089669182405321,0.03869206038893149,0.05282797970192344,0.05333116209576229,0.022193542491789273,0.020151425919290276,0.011273750783765014,0.020335038670207656,0.02873328404539284,0.028673436702412847,0.028700899451079977,0.028749613231457374,0.02873289139160993,0.02870757435382286,0.02877858200697119,0.03866728416985584,0.029880123566891053,0.04227968792973825,0.0488227111688912,0.04701261948574595,0.044213932800279555,0.039255731217788824,0.038652363433974254,0.03930044146896075,0.03876945749016629,0.03929322201205814,0.03875470911062641,0.03849836473612622,0.03956302459480326,0.03970244391671429,0.038903333707639695,0.03832301916736586,0.03933280898835012,0.039814514103934245,0.04514712433577126,0.04032543733903178,0.0454574513872996,0.044785293493538374,0.04716769471334776,0.04837378862916705,0.03739787041974625,0.047188472200124995,0.0472268100169209,0.04731289049861273,0.047236111755528165,0.030343999903846022,0.029916683950176638,0.029630296483916962,0.04730250253856468,0.05450348388241544,0.04334931886487807,0.03535235911383941,0.0382479742707744,0.041543788423665295,0.039901301687521644,0.038170998990821936,0.03896892049541859,0.0464876768015839,0.04266829859869149,0.03158146054856911,0.034323205519482466,0.033886969294253486,0.03858411861798304,0.05522314471111943,,0.04940854133753169,0.040836998084689116,0.05280503995281417,0.02208642936020415,0.020633026676479357,0.011323763524419793,0.020191423998961934,0.02855859388873496,0.02882162410700951,0.02884925983517924,0.028899889988841913,0.028948086778928316,0.02860634963659031,0.028714087817993415,0.02996841797025188,0.048921023303231434,0.04402316354617219,0.03952953130865654,0.03886543848319575,0.03922452915835602,0.03904469568381926,0.03915712552458722,0.03877619746366563,0.03829439796419263,0.03941443530700499,0.039940587931372035,0.03904526751793287,0.03825176104106222,0.039417310706278116,0.03992285880175543,0.04517928594097864,0.04549792469015576,0.044567685955318445,0.04726533194339656,0.047159589291133445,0.047288308109025186,0.04730867787926866,0.04712367266309797,0.030195734241988452,0.03007033842869589,0.029492789834660856,0.04342485143851736,0.03517385354289597,0.03827221171357189,0.041409803557887946,0.03984252726646112,0.038319944545692194,0.03875427430654958,0.046537796332330184,0.0424697558774307
stanford_dogs_image_categorization,0.03791324173423,0.04157796649976299,0.03948055694786297,0.04323324394463375,0.035817162496168904,0.032258299487306505,0.03835551511535122,0.04547375024395496,0.0,0.03811551157233044,0.020001568425754408,0.020768711886169855,0.027223958624511192,0.026491226311254217,0.04139861348213683,0.04163223783860053,0.036896598611737545,0.03854365014831735,0.04293916458876747,0.0454191993264166,0.04292986838479704,0.04312048351251263,0.04308235557811192,0.04292774716062381,0.04298913359770991,0.04304270154700189,0.043065370944652154,0.032531908576575716,0.04469907366861503,0.03710293085172782,0.03940719398108627,0.035118869604664746,0.04344143715453981,0.04679412199017872,0.046206237860674786,0.04625404659923238,0.046871529390923365,0.04609066313441688,0.04659968119114127,0.046582483310419184,0.046220416453475466,0.04678545818602409,0.04617820281629324,0.04670124232575258,0.045733674879990485,0.046231193255520206,0.048074067754849535,0.03502503907980995,0.04914732711973484,0.035003319717656675,0.04573079245767869,0.05401124849033773,0.0446142358981077,0.045760081717672194,0.04583366270995432,0.0458417392341499,0.04589322758540262,0.04380820588734314,0.042956139486584874,0.042988647807794655,0.0379059343700053,0.05265476867783332,0.04489524637385086,0.044228806165402604,0.04076941079246572,0.048636511837487684,0.04083465033954756,0.04230011678206923,0.04240918351696557,0.03852795842433474,0.04564278965224644,0.037700796991405605,0.04101291004195898,0.03984220059298452,0.04362151178800802,0.03839696954729653,0.04535700292012716,0.03806132052280095,0.027500622094749953,0.04123842342984067,0.03675238611789307,0.038258657586076106,0.04310490097160544,0.0453924635392528,0.0430475552492931,0.04295197574145048,0.043450733755169405,0.043391115958293966,0.04334497563466337,0.04286173005868521,0.042719076448199556,0.045322648736723495,0.03950734139741906,0.04336318104928835,0.046982608557287815,0.04644168930916359,0.046291964709903,0.047340489876564286,0.045691018163274956,0.04661411353233762,0.046189902741738884,0.04614644552802208,0.04680005727834105,0.04619013437227215,0.04685937190324803,0.045939684924810334,0.046512549158096154,0.04841886932417731,0.04907511546298115,0.03488399791665299,0.045768065767774854,0.04578772034841207,0.04585585169449592,0.04576092238315842,0.045798858986328725,0.04377207731017386,0.0430404932548932,0.04286202400734887,0.04482416347192993,0.044022087496255205,0.04089464355232137,0.04837973092169516,0.04076020084306209,0.04220481521494919,0.04212958429435716,0.03856829799279583,0.045673990585312255
svhn,0.047635741524033944,0.051399239426362625,0.049314635997787126,0.05259090397395924,0.042336092103020084,0.030754359083515988,0.02740443952253211,0.04970386704457008,0.03811551157233044,0.0,0.0350586945145346,0.03582481380039626,0.028287225168115947,0.02505273796634385,0.028430041759755952,0.027549265418825325,0.04431003848200592,0.04515785982073574,0.048159884432962506,0.051790950367695515,0.05043561760611051,0.05061693360932379,0.05054853813517372,0.05039894266402669,0.05051824626781709,0.050522257727040304,0.05062216360577409,0.03988982113181587,0.048146943201900924,0.042472229625992945,0.039424060776775995,0.041945716367825625,0.048069747368372745,0.05097995987445716,0.04997672950661863,0.04968043540387555,0.05101131377297593,0.04934548225206227,0.05074120898790989,0.05081019261365323,0.04950861846287198,0.050445071484752836,0.04976541770177817,0.050793252575171435,0.04942752276140268,0.04931895927205633,0.050454937001242206,0.04098502828285582,0.05159478752604728,0.03701251792450291,0.04905672069548284,0.05878869124532347,0.05168937749811853,0.04904512685625075,0.049124986595842184,0.04917215841582945,0.049170694939944706,0.04850403465617539,0.048041837122056105,0.04808985425604774,0.039779557452106276,0.0544842290658213,0.046737554235404065,0.04834264266610656,0.044439931164675026,0.05128540234954953,0.045569042089498704,0.04471939191695976,0.04582280872470505,0.046666950920074945,0.05054084784382362,0.04750696200610262,0.05105604362636045,0.04959787154089175,0.05291489151189846,0.02745758695923,0.04956410818256368,,0.027941192186713124,0.028312013801066474,0.04410606902372183,0.04492946541224485,0.04832428343213556,0.05177951461003648,0.05041011109118913,0.05030236694861067,0.0508242463271047,0.05089896989849856,0.050828566588771204,0.050374797824505164,0.05021011916358879,0.04877899797830014,0.03951394954454866,0.04799621011803235,0.05112063975775366,0.05023066025827077,0.04961186991889567,0.051589399451759416,0.04881400699889046,0.050614605567299964,0.05039616822625456,0.049555409359296004,0.050420419499826,0.049746749248476385,0.051178411650966815,0.04976843199702308,0.0496068178794998,0.050800774838695884,0.051465367725746,0.037018080907144854,0.04910324337399366,0.049103081450210334,0.04906984225713534,0.04909818408053304,0.04906412693795035,0.048531395849454664,0.0480166994388152,0.047949832822302765,0.0467347755446373,0.04830994270529932,0.04460647422847519,0.05113410632099977,0.04558076876129215,0.04455300415737275,0.0456065400031629,0.046746021271666174,0.05057438659856707
caltech101_object_classification,0.03227816887962538,0.03404876809017805,0.03255591350021225,0.03680671122519841,0.0326838936823686,0.031075695626574522,0.03884575215881246,0.03726769044039734,0.020001568425754408,0.0350586945145346,0.0,0.006393887471074982,0.02165158599778472,0.019015835781873422,0.03810886056991342,0.038653570537685304,0.030212621536575602,0.03097571537679196,0.035104901017078735,0.03700737000504794,0.03461193855930862,0.03477868580661032,0.03470423563228128,0.034583373814836026,0.03464557690903237,0.034709158360776454,0.03474411000238371,0.02992726714488715,0.03584893989769032,0.03520533101743786,0.037070223068177754,0.036328643691491955,0.038998931449618454,0.03997907121986334,0.03956308643370153,0.03983690415516772,0.040058214488169666,0.03972312578714525,0.03975616589727206,0.039843494285103406,0.039927152305042776,0.04018672445308974,0.03953337444263662,0.039870162772588605,0.03931306713061236,0.039883718034836216,0.04199127452345592,0.033456237130318006,0.042815057639860536,0.03389784293275071,0.04208698829812147,0.04798116516805344,0.036660954546250374,0.042158507961059605,0.04219077014189464,0.0422097887875306,0.04227311288796502,0.03556777780249345,0.03470365100345798,0.034778354488812876,0.036722734421567337,0.049641972728152364,0.03645730145849422,0.03577055491713213,0.03332794088515518,0.039854254847783044,0.032303421763798815,0.03264535229663197,0.033770755158823634,0.03445433598800242,0.04091950502503312,0.03212937492835578,0.03400715023136972,0.03294884548416744,0.037066281657085004,0.038871539286614326,0.03717448303374979,0.0348633475350026,0.021777195155462552,0.03796747938111021,0.030164768421878353,0.030777692627921197,0.03519149248181241,0.037001356506619704,0.03464335990782924,0.03465356163944953,0.0351640631979292,0.0351079017236553,0.03493359345266149,0.034603272375842244,0.03443381175297982,0.036410785757776946,0.03716569605216823,0.03892647447555432,0.04022960005279801,0.039841459879882815,0.039787811893271005,0.0405142651209477,0.03945110960909069,0.039806679579943875,0.039481115106512296,0.03984376253225043,0.0402309423389019,0.03959669953141716,0.04006101728509663,0.039498203881640936,0.040176183692163886,0.04224840356101427,0.04281132277490057,0.033746843485295996,0.0421549725893321,0.04214057825410207,0.04222879744461944,0.04214529578292871,0.04218143809691642,0.03551368788194102,0.03479663457262097,0.034677034314629464,0.03648604361536893,0.03543933133675541,0.03338114985655498,0.039627109386074555,0.03227420536708721,0.03267554659705254,0.03346997421898004,0.034515588944904634,0.040951519587827036
caltech256_object_classification,0.03222143821563536,0.033247249831519,0.031842607296710956,0.03624334924472816,0.03308753518476454,0.03192595137046858,0.04075647543658508,0.03619130119752012,0.020768711886169855,0.03582481380039626,0.006393887471074982,0.0,0.02146958543847834,0.018891786189610706,0.03932566057339695,0.03999772451005547,0.029477188866079838,0.030353716298808835,0.03437313660749533,0.03561512865637026,0.03330545553576644,0.033462184071460364,0.033385395445302744,0.03328715333454327,0.033337618509191036,0.03339993252387922,0.033434139826100315,0.030317545613480275,0.03474590737287019,0.035613939060242863,0.03788996089525906,0.03724516669732975,0.038985103998991716,0.039105771788322315,0.038757028130340085,0.03917740785724955,0.039181370745230565,0.03907812809317725,0.03887872523515096,0.03894556696099121,0.0393161943861126,0.03949106902341777,0.03881655223932644,0.038977908566934706,0.038615664956014824,0.03931880627006185,0.04147826772779327,0.034034514714822245,0.04224257790330196,0.034958288089705296,0.041716011458035135,0.04727699395850798,0.03558945423135586,0.04178793829827625,0.04181362763573511,0.041829172404507384,0.04190352860453074,0.034801712980318214,0.03405816602364157,0.03416296960185132,0.037197531520081956,0.0492785818731983,0.035286197448857304,0.03395047389688987,0.031930380304758275,0.03891383649388959,0.030660757281704813,0.031108546075097866,0.03223238991917934,0.03476017550302615,0.04029785711053646,0.03212383413712962,0.03290796687419711,0.03222659329498222,0.036468618136413694,0.04078105212958376,0.03612407309639248,0.03560111753461226,0.021580866926870227,0.03919183515113521,0.029460145984783505,0.03016106952829291,0.034454399528641266,0.035642493523899296,0.03331822574782718,0.03336825844067205,0.03380525466058168,0.03380677170101273,0.0336584304556518,0.03331935641986311,0.03311543340695794,0.035312743541478404,0.03798737266526589,0.0388804671283491,0.03941773605782653,0.03905841592937734,0.03911146881438954,0.03961136490262654,0.0388356605503592,0.03892740913307566,0.03860230697853149,0.039211133966328277,0.03955646143634074,0.03892667308177063,0.03912677186698589,0.03878363936901265,0.03959471097192936,0.04173062399275977,0.04225038506000692,0.03479864689088094,0.04179664815173171,0.041783117696709796,0.04184338227990838,0.04177552673068999,0.041819342087399104,0.03469497684289488,0.03414667898420525,0.03406406120648878,0.03533472815885561,0.03359932916913171,0.03193869214107758,0.03870482913213234,0.030624652564416918,0.031182466570190828,0.031951770475471354,0.034826163867266016,0.04031782951726191
cifar10_object_classification,0.0388987625110565,0.04005752066673101,0.0390587093371782,0.04328988601724146,0.03851780372400752,0.03659336906489528,0.039867846209704155,0.04089669182405321,0.027223958624511192,0.028287225168115947,0.02165158599778472,0.02146958543847834,0.0,0.00808324163498885,0.037033945302602386,0.037477471001579485,0.036212826945577356,0.03688981920079789,0.03928680507065051,0.04044523730666381,0.03959909992634039,0.03974205766473943,0.039681989998549036,0.03963032515294956,0.03964103166827754,0.03969018247209156,0.03973837729396568,0.03584937249728548,0.039734282346432,0.03804183626463807,0.04301226595161941,0.042081201919024515,0.0470755545870154,0.04381668848678567,0.04316577098445257,0.043448416959925296,0.04371783012865249,0.04331912955048622,0.04348290362100795,0.0433974692086873,0.04364231704440631,0.04400633551477627,0.04327739727818855,0.04350530629989965,0.043019472793786075,0.04369500981220597,0.047375822735691644,0.037983452586391644,0.04815048247644316,0.04055909324786592,0.04855457213329664,0.05249727408644651,0.04236083712757156,0.04860034929493172,0.048603625799928815,0.04866451313122198,0.048702327087182515,0.0406248226431705,0.04031248698134311,0.04036264508706454,0.03968243166303082,0.05573046981761066,0.043161157222249065,0.041329514910870786,0.04024637027471604,0.045069277282471606,0.03998895792258743,0.03945026335263874,0.04050888797112637,0.041288368273751395,0.0469188466386484,0.038742333016542986,0.04035322150389048,0.039319800470255545,0.04346628274345228,0.03993757477726415,0.04076918148750974,0.027971018060045344,,0.036957937287212805,0.03610406107745519,0.036701638890259757,0.039365690835545634,0.040459770297410394,0.039579716587664196,0.039602568037895566,0.04001266205718912,0.03999723806535713,0.039892779916622406,0.0396078568123394,0.039458473582070226,0.04022234745164992,0.04308875103566334,0.047027446419402145,0.04401424609707933,0.04336004405641658,0.04347200805336779,0.04411122245105184,0.0430218613634986,0.043486046915027055,0.04316301313888476,0.043521804103679396,0.04406290111388071,0.043359486676072284,0.04364178982261547,0.04313117404041814,0.043973724040421824,0.047600095442503515,0.0481156611879027,0.04040433499772304,0.04863689454012814,0.04859057995658448,0.0486411918109415,0.04862403262074998,0.04865410208514695,0.04056748403227586,0.04034845059476673,0.04023350615259046,0.04319995035686161,0.041112902680777844,0.040273731922249756,0.04495037481954264,0.039997429668875185,0.03942685843292118,0.04033280033869814,0.04136637520382944,0.046860281415433296
