,lapgyn4_anatomical_structures,lapgyn4_surgical_actions,lapgyn4_instrument_count,lapgyn4_anatomical_actions,sklin2_skin_lesions,identify_nbi_infframes,laryngeal_tissues,nerthus_bowel_cleansing_quality,stanford_dogs_image_categorization,svhn,caltech101_object_classification,caltech256_object_classification,cifar10_object_classification,cifar100_object_classification,mnist_digit_classification,emnist_digit_classification,hyperkvasir_anatomical-landmarks,hyperkvasir_pathological-findings,hyperkvasir_quality-of-mucosal-views,hyperkvasir_therapeutic-interventions,cholec80_grasper_presence,cholec80_bipolar_presence,cholec80_hook_presence,cholec80_scissors_presence,cholec80_clipper_presence,cholec80_irrigator_presence,cholec80_specimenbag_presence,derm7pt_skin_lesions,idle_action_recognition,barretts_esophagus_diagnosis,brain_tumor_classification,mednode_melanoma_classification,brain_tumor_type_classification,chexpert_enlarged_cardiomediastinum,chexpert_cardiomegaly,chexpert_lung_opacity,chexpert_lung_lesion,chexpert_edema,chexpert_consolidation,chexpert_pneumonia,chexpert_atelectasis,chexpert_pneumothorax,chexpert_pleural_effusion,chexpert_pleural_other,chexpert_fracture,chexpert_support_devices,pneumonia_classification,ph2-melanocytic-lesions-classification,covid_xray_classification,isic20_melanoma_classification,deep_drid_dr_level,shenzen_chest_xray_tuberculosis,crawled_covid_ct_classification,deep_drid_quality,deep_drid_clarity,deep_drid_field,deep_drid_artifact,kvasir_capsule_anatomy,kvasir_capsule_content,kvasir_capsule_pathologies,breast_cancer_classification_v2,eye_condition_classification,mura_xr_wrist,mura_xr_shoulder,mura_xr_humerus,mura_xr_hand,mura_xr_forearm,mura_xr_finger,mura_xr_elbow,bean_plant_disease_classification,aptos19_blindness_detection,lapgyn4_anatomical_structures --shrink_train 800,lapgyn4_surgical_actions --shrink_train 800,lapgyn4_instrument_count --shrink_train 800,lapgyn4_anatomical_actions --shrink_train 800,laryngeal_tissues --shrink_train 800,nerthus_bowel_cleansing_quality --shrink_train 800,svhn --shrink_train 800,cifar10_object_classification --shrink_train 800,mnist_digit_classification --shrink_train 800,hyperkvasir_anatomical-landmarks --shrink_train 800,hyperkvasir_pathological-findings --shrink_train 800,hyperkvasir_quality-of-mucosal-views --shrink_train 800,hyperkvasir_therapeutic-interventions --shrink_train 800,cholec80_grasper_presence --shrink_train 800,cholec80_bipolar_presence --shrink_train 800,cholec80_hook_presence --shrink_train 800,cholec80_scissors_presence --shrink_train 800,cholec80_clipper_presence --shrink_train 800,cholec80_irrigator_presence --shrink_train 800,cholec80_specimenbag_presence --shrink_train 800,idle_action_recognition --shrink_train 800,brain_tumor_classification --shrink_train 800,brain_tumor_type_classification --shrink_train 800,chexpert_enlarged_cardiomediastinum --shrink_train 800,chexpert_cardiomegaly --shrink_train 800,chexpert_lung_opacity --shrink_train 800,chexpert_lung_lesion --shrink_train 800,chexpert_edema --shrink_train 800,chexpert_consolidation --shrink_train 800,chexpert_pneumonia --shrink_train 800,chexpert_atelectasis --shrink_train 800,chexpert_pneumothorax --shrink_train 800,chexpert_pleural_effusion --shrink_train 800,chexpert_pleural_other --shrink_train 800,chexpert_fracture --shrink_train 800,chexpert_support_devices --shrink_train 800,pneumonia_classification --shrink_train 800,covid_xray_classification --shrink_train 800,isic20_melanoma_classification --shrink_train 800,deep_drid_dr_level --shrink_train 800,deep_drid_quality --shrink_train 800,deep_drid_clarity --shrink_train 800,deep_drid_field --shrink_train 800,deep_drid_artifact --shrink_train 800,kvasir_capsule_anatomy --shrink_train 800,kvasir_capsule_content --shrink_train 800,kvasir_capsule_pathologies --shrink_train 800,mura_xr_wrist --shrink_train 800,mura_xr_shoulder --shrink_train 800,mura_xr_humerus --shrink_train 800,mura_xr_hand --shrink_train 800,mura_xr_forearm --shrink_train 800,mura_xr_finger --shrink_train 800,mura_xr_elbow --shrink_train 800,bean_plant_disease_classification --shrink_train 800,aptos19_blindness_detection --shrink_train 800
lapgyn4_anatomical_structures,0.0,0.00016640552162099271,0.00018040554618057602,0.0002568079218361132,0.0004344728912981978,0.0004522788460409749,0.0006743333194167782,0.0003874395732664718,0.00048468218529322256,0.0006652971890041386,0.0004064311941170793,0.0004024405705321208,0.0005032684114273537,0.00047687229100944195,0.0006981594721327874,0.0007124036881363369,0.00027658527981925043,0.0002700805261126969,0.00034168412596677876,0.00031769090294351567,0.00023467448244727563,0.0002362056164915642,0.00023551297531922342,0.00023481870942001316,0.00023403277561145986,0.00023471637347716775,0.00023430504820328834,0.00044000942861886576,0.0004330172048553209,0.00045201178326642757,0.0005675355491343812,0.0004989329333804538,0.0005974463564220149,0.0004560840393952228,0.0004607624428368,0.0004733546628602019,0.0004543763738086019,0.00047565209499267385,0.00045301887373464287,0.00045324154050909024,0.0004775758659995997,0.00047133703856197225,0.0004655144611050248,0.00045046296534136104,0.00045676639521740334,0.00048254795028716916,0.0005106662697467249,0.00047038691725551947,0.000511924115858473,0.0004929158240324322,0.0006459181866162839,0.0005486435141893572,0.0005124978031583773,0.0006470214566178463,0.0006470964690162998,0.0006481970457293969,0.0006480112777184775,0.0005036004957922143,0.0004971246303346902,0.0004956397433785328,0.0005899347948005166,0.0007625107220567592,0.0005568004618229164,0.00046287470154511296,0.0005162414086889646,0.0005163983743495327,0.0005161578705603176,0.0005033859284007231,0.0005260459611402023,0.0005201979966721929,0.0005972212807753259,,0.00018664291760041323,0.00017964113858612958,0.0002597265681124534,0.0006752740373694553,0.0003879294273808025,0.0006630295558467614,0.0005059024348145914,0.0006960541124524433,0.0002746384018182059,0.0002689656199727737,0.0003437287172049676,0.00031579591306511414,0.00023623620795333133,0.00023502690059864768,0.00023641800605919694,0.00023944043411027043,0.00023764120592812435,0.00023013968352952554,0.0002398100414749506,0.0004366504452774054,0.0005685015935980765,0.0005948802222696558,0.00045945148649333367,0.00046202508480138653,0.0004719343734903673,0.0004556977986285097,0.00047391720002256353,0.000454202301706835,0.0004499263536182379,0.00047417517774985235,0.0004742204804981067,0.0004665924377140143,0.0004506505748317992,0.0004573244291320688,0.0004832324100851659,0.0005116693238447295,0.0005116364573485918,0.0004893642432080064,0.0006466603420267674,0.0006465928300575587,0.0006489370757398995,0.000647779451038035,0.0006466827267755386,0.0005015219251751674,0.0004992328038675451,0.000494660823666571,0.0005571961331897713,0.00046136334202077076,0.0005171447389496767,0.0005145332995013087,0.0005160615324377864,0.0005058866232103787,0.000524480233987862,0.0005208095953733189,0.0005951456280107075
lapgyn4_surgical_actions,0.00016640552162099271,0.0,9.495475128600456e-05,0.00013459544273479836,0.00047752958020812794,0.0004901129464297828,0.000706252666469787,0.00039711702279969795,0.0005192536610875613,0.0006733185222090461,0.00042369042081651906,0.0004132623168969263,0.000503107894202319,0.00048653774951239057,0.0006844196483365041,0.0007085676347035211,0.0003204576077884746,0.0003201638864247302,0.00035502760221201707,0.00032190404481343446,0.00020058513691662325,0.00020233207964664486,0.00019988961760714533,0.0002005497891294885,0.00019913476291164999,0.00020048049229791362,0.00019914897151177544,0.0004722665237549734,0.00040309458685782633,0.00048463855596801275,0.000596095218430709,0.0005612586637227611,0.0006015441288284022,0.00045654988925089427,0.00045699024499027026,0.00046589663895595546,0.0004542369400002995,0.0004678383571098964,0.0004526537128856135,0.0004526623874373504,0.0004709858522875826,0.0004655062998759021,0.00046003242606786293,0.00044962716987749393,0.0004559041175147731,0.00047330165179378645,0.0005181018292830302,0.0005022821185046545,0.0005155198091394517,0.00055205303059179,0.0006688414749378298,0.000529128794906419,0.0005041691594807228,0.0006699397121050187,0.0006695749931816596,0.0006704074481587328,0.000670525114408706,0.0004934909888710126,0.0004971476554525513,0.0004974073528073581,0.0006023822469824547,0.0007752868046380072,0.0005160444024946566,0.00044550429498207706,0.0004996478306582511,0.0004809772273633608,0.0004804352351736268,0.000474697838755864,0.0004932591442325052,0.0005303395951582837,0.000613319197658968,0.00016853307936304547,,9.090721482269041e-05,0.00013615657755319848,0.0007068231278861024,0.000397358158100958,0.000670263428910156,0.0005055892144242614,0.000682570348896103,0.0003202929265444475,0.00031856580660800655,0.0003563593314654286,0.0003213405562861254,0.00020333286683677263,0.00020054404973566978,0.00020058104072836152,0.00020416093318314645,0.00019707051300050585,0.00019773310048180827,0.0002066133490371211,0.0004035028293880422,0.0005965682843074816,0.0005994524700798639,0.0004581404741607415,0.00045676726227518254,0.00046435915335209417,0.0004545219171080097,0.0004673193200155879,0.0004536361365695277,0.0004504318140142521,0.0004679697420055184,0.0004668989663540996,0.0004618839429082718,0.0004499120886951233,0.0004554000972108615,0.00047349951730264186,0.0005173652629262562,0.0005159752558330022,0.000548491895112163,0.0006692837408600229,0.000669153653723423,0.0006714718567821281,0.0006703565727698118,0.0006696769238253122,0.0004918293047133453,0.0004986200555556778,0.0004965715671178978,0.0005166656659142196,0.00044297937936460335,0.0004982048113805287,0.0004795727926263334,0.00048117322536419464,0.0004780007391793417,0.0004930298753483498,0.0005304503407772604,0.0006110851668369122
lapgyn4_instrument_count,0.00018040554618057602,9.495475128600456e-05,0.0,0.00011520000720979344,0.0004613410184746257,0.0004720201397416988,0.0006915019252180778,0.0004043942254969147,0.0004959102658252754,0.0006567935052207423,0.0004036746753574863,0.00039333425281532343,0.000492437655167893,0.00047403559319414304,0.0006715872693681118,0.000690607350098814,0.0003124618065057064,0.0003126851304390178,0.00036661122473538815,0.00034887061971126157,0.0001791358800009262,0.00018173065191435964,0.0001789692008816971,0.00017939561580385685,0.00017831511452941892,0.00017958292456056083,0.00017802103391546359,0.00046370644295784947,0.00042869291398601415,0.0004976181976722434,0.000582846678292083,0.0005368958677952114,0.0005966153579465402,0.0004696099704582245,0.0004730199760282477,0.00048357017310077574,0.00046683606689957273,0.0004860504815837695,0.00046618797478553675,0.00046591289284894015,0.0004887465710997551,0.00048201187806652516,0.0004756201078502918,0.0004615554637258399,0.0004707816440853007,0.0004916562469058287,0.0005216000934235575,0.0004957131365255923,0.0005204723365233948,0.0005438366476277988,0.000648984560636844,0.0005455186658912836,0.000514514311315909,0.0006499571882755034,0.0006493345690035429,0.0006503957184570456,0.0006505493882695879,0.00048623063154425953,0.0004954074828739814,0.0004956953089835664,0.0006079620113873111,0.0007586134504714371,0.0005120703362152573,0.00044912080251429326,0.00048201033699221793,0.0004911224566240353,0.0004680115668481256,0.0004670324274380093,0.0004809441649235161,0.0005314591079768976,0.0005958549941706168,0.0001819706708507294,9.934143570410507e-05,,0.00012039349347036532,0.0006921116684649028,0.0004044585037160908,0.0006539643751247755,0.0004950113417121716,0.0006694501419645974,0.00031237366562868803,0.0003102057623146627,0.00036808368538646086,0.00034794981069218614,0.00018240731756468935,0.0001795593605107132,0.0001811876075696068,0.00018337147805596492,0.00017674113141031,0.00017567019877836343,0.00018376348173766564,0.0004309365147828979,0.0005838535722461052,0.0005944475634665882,0.00047255873722133203,0.00047280201723946976,0.00048168584218399337,0.00046805527797850045,0.00048514889840910684,0.00046712152518995015,0.00046327159986766565,0.00048531005619532625,0.0004843523557752211,0.0004776967653540026,0.0004611021150125809,0.00047088736975106664,0.0004919908889712784,0.0005214757878207904,0.0005208788295627595,0.0005406131659629293,0.0006493063382075827,0.0006490196933867658,0.0006514062512136111,0.000650531957005966,0.000649851498566711,0.0004849488352064653,0.000496362811734996,0.0004945545240000449,0.000512774469003893,0.00044662518901902057,0.000480787088387687,0.0004894760996973895,0.0004685724026307098,0.00046974928572138643,0.00048039574585668116,0.0005315964522800583,0.0005937569339487647
lapgyn4_anatomical_actions,0.0002568079218361132,0.00013459544273479836,0.00011520000720979344,0.0,0.0005328460809945388,0.0005341229490153647,0.000744077134455806,0.00046523233477342615,0.0005484867802943369,0.0007052934742286491,0.00046200103936773615,0.00045272984128241517,0.0005476839907920232,0.0005334802745019045,0.0007122164465220016,0.0007348272590925276,0.00039618579553037846,0.00039475492071051335,0.000428250025796951,0.000407374422170168,0.00025793264059655513,0.0002595100280194842,0.00025689431735539654,0.0002577779726059136,0.0002566107419086816,0.00025778703678961014,0.00025634808962939824,0.0005267905152451949,0.00045429981012823606,0.0005591510021420485,0.0006492438342943076,0.0006077852151880121,0.0006453043241777753,0.0005150604692377925,0.0005176504403273231,0.0005252610382900774,0.0005142987205288451,0.000527522075434177,0.0005119852247771749,0.0005138100543097882,0.0005307511345184445,0.0005234699675643798,0.000519253054761328,0.0005098350110627108,0.0005151503059089781,0.0005307574859519182,0.0005684567459937573,0.0005510933436425349,0.0005669430208446852,0.0006138527487048501,0.0007093471344594123,0.0005695322523215424,0.0005657381955018515,0.0007104560701494427,0.0007100273884586232,0.0007105845292820028,0.0007108712639635363,0.0005409899193288064,0.0005551367944687602,0.0005566432759372653,0.0006581432118886877,0.0008082023243693112,0.0005491765606177481,0.0004995489005407782,0.0005369502077245459,0.0005174952196632367,0.0005064279829002044,0.000502823592456678,0.0005230389490457831,0.0005705155490124693,0.0006519606329724915,0.0002581399566009136,0.00013927257141468723,0.0001134336996830395,,0.0007446129033737837,0.0004651411549951057,0.0007025323559406412,0.000550537690470052,0.0007093334877062635,0.00039662797776935705,0.00039348030992834246,0.0004295654612059286,0.0004070147175606038,0.00026120531453585985,0.00025861711889222413,0.00025850127296333754,0.0002602346988111099,0.00025246658444157436,0.0002553813547199746,0.00026238817729278224,0.0004548407172559719,0.0006499290862083777,0.0006437917567372296,0.0005169414790931613,0.0005163367816035522,0.0005236193940639993,0.0005142887812611238,0.0005276682141202789,0.0005130941135357053,0.0005113897323009314,0.0005276504807984209,0.0005244659524922713,0.0005209191859563692,0.0005103113152395575,0.0005144230725046659,0.0005309824444465791,0.0005680236593249715,0.0005671371616054128,0.0006111198598545758,0.000709416719082773,0.0007096828453270299,0.000711976062208212,0.0007104138899856636,0.0007099535067908128,0.0005394542714402737,0.0005564991440248383,0.0005551876910381798,0.0005502473953184605,0.0004970160760241187,0.0005352345066727258,0.0005160909005121619,0.0005072458488794716,0.0005060027132737527,0.0005231875060306983,0.0005708693065498806,0.000649960697484366
sklin2_skin_lesions,0.0004344728912981978,0.00047752958020812794,0.0004613410184746257,0.0005328460809945388,0.0,0.00044208518507941755,0.0005965760944532835,0.0004694584165058556,0.0004705077361535834,0.0006143897181922154,0.00040896781443327374,0.0004039277512558831,0.0004966633415350096,0.0004585659483176966,0.0006649324672221942,0.000663497712964628,0.0003385868352960704,0.00035675473526271446,0.0004605131142062272,0.00046432317549775114,0.00043558581946839256,0.00043723401371487423,0.0004380731292509884,0.00043627047431371823,0.00043657673843369607,0.000436557926221825,0.0004361913523693977,0.00023185473497241242,0.0005099309931989629,0.000408708626298869,0.0005313777207301558,0.00033657996286553957,0.0005662023382465937,0.0005133832247095155,0.0005225076170325406,0.0005340186206377351,0.0005090076474779314,0.0005372919211679066,0.0005099391238581978,0.0005072708825816824,0.0005400789474607562,0.0005345352648333584,0.0005239405821497937,0.0004968960968757544,0.0005232899423538665,0.0005428554180525314,0.000582986158332842,0.00022645871048643292,0.000587876219535073,0.0002973199945349603,0.0004983210275622585,0.0006251840971859043,0.0005254134159793668,0.0004997342099280061,0.0004997822648633759,0.000500535807863892,0.0005007554488190358,0.0004195457393001727,0.00040133003111536667,0.0004024673031277252,0.0005274587557090256,0.000643175912312531,0.000588756188851876,0.0005055100471206264,0.0005426795865211892,0.0005838959236415475,0.0005526507165431931,0.0005580139004739764,0.0005424526735184382,0.0004957046170597633,0.00045947921623454296,0.00043288895679859004,0.0004774480509129988,0.00046690689146922906,0.0005362524809069306,0.0005977290651656565,0.0004681369832114532,0.0006117840371014278,0.0004969738192089118,0.00066420525621288,0.0003399059440703282,0.0003523168378029789,0.0004606421287718562,0.0004655150286969267,0.00043407301778538757,0.0004371716430652143,0.0004402945135458528,0.0004397200875395141,0.0004416870386699363,0.00043418183963999567,0.0004335409473961902,0.0005167240602399244,0.0005317330129626797,0.0005635965061557312,0.000519261010916073,0.0005252443691302235,0.0005323945193896798,0.0005108463086689137,0.000533357638970295,0.0005105259050143952,0.0005030086494643921,0.0005366127556074944,0.0005374088580719601,0.0005262008928811704,0.0004958522959710777,0.0005266177077597799,0.0005439680273671294,0.0005851161836750942,0.0005877022896884458,0.00029628075199214624,0.0004992699995796359,0.0004987068318312239,0.0005018078430843824,0.0004998565320849872,0.0004994794135439414,0.0004167762599432591,0.0004002664727104511,0.00040349582074529396,0.0005892648036900409,0.000502644517916958,0.0005444923850252455,0.0005821842638520957,0.0005517633476122342,0.000557914413395977,0.000538931362592842,0.0004954127234771395,0.00045728020384996963
identify_nbi_infframes,0.0004522788460409749,0.0004901129464297828,0.0004720201397416988,0.0005341229490153647,0.00044208518507941755,0.0,0.0004541736255509678,0.0005385021153761756,0.0004314241091254602,0.000475234199785812,0.0003745973535092549,0.0003711676586384413,0.0004564702231778434,0.00040603287529084487,0.0005911566830054163,0.0005929929822446056,0.00040090638626878174,0.00041470890779215385,0.0005014675922399243,0.000508089394640614,0.0004681276387741951,0.0004706730953377827,0.0004700969057228076,0.00046831909727052657,0.0004696479728822703,0.00046964504967743207,0.0004706653216729561,0.00039461054103175823,0.0004910751022120133,0.0004103522671628584,0.0004715086074530975,0.0004597417520790154,0.0005972001052843275,0.000544076397780711,0.0005361565192977683,0.0005404776487425412,0.0005441646673400751,0.0005381151428411685,0.0005401989588493207,0.0005401184840510163,0.0005410759195872128,0.0005483488254414948,0.0005375731755841058,0.0005399505771901444,0.0005335308143089919,0.0005421461896497758,0.0005695810804526374,0.00040278716008430306,0.0005817502465932668,0.0003899492815813908,0.0006126810148073061,0.0006665878787649633,0.0005616190399769253,0.0006133878530572701,0.0006141695912169935,0.0006146485447708165,0.0006147327619762596,0.0005599951951686088,0.000554286049864556,0.0005539858131798017,0.000436567079518211,0.0007370020613897131,0.0005861300199338539,0.0005284309620689206,0.0005247816631165392,0.0006168000148907133,0.0005368301307305246,0.0005439457132597121,0.000544804236238134,0.0005287571029048414,0.0006014047782616429,0.00045105165704107785,0.0004794504955899518,0.000476171804134801,0.0005379696259259171,0.0004541563439189541,0.0005364702843419786,0.0004756690501337025,0.0004561862267708003,0.0005884119776678157,0.0003988544535240486,0.0004085895752875007,0.0005040980321040018,0.0005082753069363704,0.0004668591783412528,0.00046712196645811246,0.0004736131129687051,0.0004748307035054306,0.0004747003301714695,0.000467937121287538,0.0004650314423375125,0.0004983035831455703,0.0004739035818100521,0.0005952268710030102,0.0005471513800682442,0.0005388303588717924,0.0005394585827752464,0.0005503708229862048,0.0005323292906172525,0.0005394668807426643,0.0005349916310268454,0.0005386280755831829,0.0005488695990011655,0.0005380103996419443,0.0005424793858843614,0.0005374506812441357,0.0005453569485350649,0.0005730837415204794,0.000581113834664518,0.00038692850468481535,0.0006133997403331818,0.0006135268782896938,0.0006150412269170294,0.0006144140128545861,0.0006136682481321525,0.000559744992599484,0.0005552480683599715,0.0005520114904354419,0.0005863145294002323,0.0005257141190678463,0.0005268978352617117,0.0006142453169481637,0.0005366322939069824,0.0005427533996024535,0.0005418209205455447,0.0005296894051012673,0.0006001229076887071
laryngeal_tissues,0.0006743333194167782,0.000706252666469787,0.0006915019252180778,0.000744077134455806,0.0005965760944532835,0.0004541736255509678,0.0,0.0007208091615784832,0.000545250177408436,0.0004314337714711715,0.000495838616400485,0.000511201522218331,0.00048584598251803963,0.00044769558575588755,0.0006198965022464829,0.0006148363182359078,0.0006419259376497183,0.0006447491352486282,0.0006975083389959534,0.0007256528674851123,0.0007073188796551094,0.0007095279076435792,0.0007090427801541646,0.0007076549981043163,0.0007082550013405031,0.0007085228932413249,0.0007092797324363916,0.0005444295968659551,0.0006877228442090765,0.0006326822262348662,0.0006418009678789166,0.0006032612272436424,0.0007653429356772263,0.0007551880237219848,0.0007555450797276208,0.00075593574549149,0.0007571777002575632,0.0007555601480336464,0.0007538984814113814,0.0007558356245759824,0.000756511083273829,0.0007595216831218225,0.0007523573286250638,0.0007531162061260668,0.0007470705220696337,0.000755532282456219,0.0007813442898956596,0.0005899394926650941,0.0007939879296553486,0.0005078549375855906,0.0007683029555402151,0.0008638450811923284,0.0007836650998121892,0.0007692085630459143,0.0007693254911367684,0.0007691150437167194,0.000770480345799438,0.0007143870235060171,0.0007070206624235729,0.0007081292084350078,0.0006011059703050616,0.0008737390197697803,0.0007527057470704363,0.0007253134905712109,0.0007290803748873529,0.0007859298815940366,0.0007368330187134454,0.0007300743218058559,0.0007269155323317657,0.0006911542252225966,0.000769884808028529,0.0006725454496555362,0.0007223219358413445,0.0006948080246495123,0.000746847742852383,,0.0007195119601719085,0.00043535876882902074,0.0004853801244719359,0.0006162226228240162,0.0006412756832557857,0.0006417011335673897,0.0006991157643159582,0.0007260908397527566,0.0007057384653689698,0.0007071935416708077,0.0007121368801251169,0.0007137049969858316,0.0007128762366017186,0.0007058340768951539,0.0007052155164370447,0.0006960184708523747,0.0006430764228849905,0.0007637898764446303,0.0007583091060069538,0.0007577715196482266,0.0007540993100867177,0.000760644492129978,0.0007512478130671306,0.000752939788037039,0.0007519495400752146,0.000756473366462945,0.0007597806635400008,0.0007521915799874206,0.000755946691017697,0.0007491098507680507,0.0007592331042066275,0.0007848492458519683,0.0007931638552029943,0.0005084312565300036,0.0007691871237663237,0.0007691130245898934,0.0007696535127149256,0.0007689267288492679,0.0007701885929996789,0.0007138830829238405,0.0007070413467421626,0.0007078857288046124,0.0007523234795059029,0.0007228397016510553,0.000730484713496518,0.0007847298863343523,0.0007366540849405277,0.0007304467359497036,0.000725344312906874,0.0006927878407783994,0.0007690483448574408
nerthus_bowel_cleansing_quality,0.0003874395732664718,0.00039711702279969795,0.0004043942254969147,0.00046523233477342615,0.0004694584165058556,0.0005385021153761756,0.0007208091615784832,0.0,0.0005732516284658452,0.0006514293257035789,0.000461896940378389,0.00044564259761222517,0.0005196280424487681,0.0004987753302223818,0.0006769615994209426,0.0006881488500891938,0.00027088992757526585,0.0002393019700106706,0.0001312966037033357,0.00022835853275614222,0.00033216326349957276,0.00033183678427585803,0.0003319934052023055,0.0003326586403591207,0.000332393624828852,0.00033196788732989794,0.0003327971091582779,0.00048204269052244463,0.0003513831644167609,0.0005171421526390121,0.0006065884527576633,0.000587135572684212,0.0005451792048154787,0.0004644235790077413,0.0004605030489407079,0.00047269104444126346,0.00045835267347149383,0.00047372256702085804,0.0004580615499162412,0.00045476574292985434,0.000476944931081738,0.0004749457069438297,0.0004652317868965724,0.00045142120406061045,0.00047106538258907447,0.00048180368426156255,0.0005539161114017695,0.0005097387962732598,0.0005541676727781747,0.0005646807289317463,0.0005803450059176853,0.0005749224773111108,0.00044936025188618893,0.0005809701112745177,0.0005811217107841253,0.0005817589773027133,0.000581077503205406,0.00036300283983214335,0.0003601659997263754,0.00035690294271689053,0.000612103584009041,0.0006785602742609886,0.0005287332368055952,0.00042201305171608877,0.0004694794806275826,0.0004955923108712648,0.00048770914132352874,0.00046593988277875197,0.00047157300480725483,0.0005998894432065967,0.0005224639497325942,0.0003874374330919165,0.00040960654380134485,0.00040504343092078853,0.00046508826503425637,0.0007219656741010685,,0.000646613839281587,0.0005192551065303587,0.0006771484678833586,0.0002701380035444254,0.0002452307284476571,0.00013148116746876848,0.00022710704188463277,0.0003303325550218924,0.0003335815196601334,0.00033347772534883307,0.0003339575431046113,0.00033514890564548386,0.00033152824892839373,0.0003324909377504733,0.0003519089871091479,0.0006082261596503575,0.0005431496172970492,0.00046872388136198827,0.0004620044171342546,0.00047146695988598713,0.0004609822639397043,0.0004723838218978609,0.00045880953099574663,0.0004530409059539491,0.0004737656927055185,0.0004786816739710322,0.0004679502811733268,0.00044986498980657927,0.0004704888382433196,0.00048274927694450415,0.0005532065982740168,0.0005553752438375295,0.0005623791488033262,0.000581265449880603,0.0005803034669400046,0.0005823305341891633,0.0005822381217969175,0.0005796383959453651,0.0003615803361554755,0.00036122837708819135,0.000355652903405782,0.0005301464027024627,0.0004191984994411167,0.00046943490640884817,0.000494469698130654,0.0004870374116833973,0.00046830229238219406,0.0004700298493531373,0.0006004721899797012,0.0005193532292740939
stanford_dogs_image_categorization,0.00048468218529322256,0.0005192536610875613,0.0004959102658252754,0.0005484867802943369,0.0004705077361535834,0.0004314241091254602,0.000545250177408436,0.0005732516284658452,0.0,0.0005313762471803427,0.0002440826497584978,0.00024845496418294714,0.0003445464428747276,0.0003405420034497173,0.000591418606312333,0.0006055324440928508,0.0004617928177011245,0.00048021010690705305,0.0005356632223871303,0.0005503835814071346,0.0005267641941876569,0.0005290826449331416,0.0005287899362605528,0.0005271396915666748,0.0005274205191008877,0.0005283623706300126,0.0005281953119010848,0.0004381834488851801,0.0005684808485213464,0.0004872227408268817,0.0005467689116178186,0.0004808122682810176,0.0005894710762938977,0.000590774560532,0.000587250785558869,0.0005908379806189139,0.0005917230476314134,0.0005901678091662244,0.0005883513296607874,0.0005888520834305392,0.000591572962742256,0.0005945478494773122,0.0005875252297557775,0.0005894742372882834,0.000581523579936949,0.0005929406321570744,0.0006250023202030286,0.0004776597842995014,0.0006359952299932597,0.0004883595936225463,0.0006253447337591305,0.0006859511748188769,0.0005650401498643599,0.0006261115728995064,0.000626831752937725,0.0006265863862426456,0.0006274507538429155,0.0005574830028114016,0.0005447751186810628,0.0005451912936411194,0.0005314761030318653,0.0007330301982521853,0.0005770790661321777,0.0005533765024436183,0.0005312465733302919,0.0006144647257105738,0.000521594091567826,0.0005337974792414838,0.0005374332301388635,0.0005020519157903278,0.0006158309816071561,0.00048170324513741763,0.000515602129670883,0.0005005378017873812,0.000552798686079703,0.000545251715479565,0.0005719748026765832,0.0005298615678699077,0.0003477930936047674,0.0005892649311614131,0.0004602282503569572,0.00047660042833617386,0.0005368076914406778,0.0005505591170874842,0.0005279356642554709,0.0005277035474123751,0.0005327352577479637,0.0005324981644137155,0.0005319129646267726,0.0005263678082335439,0.0005245978161582253,0.0005755287000342845,0.000547562537060687,0.000588320794422386,0.0005941279380480748,0.0005895294836848015,0.0005906476741119259,0.0005960612465609459,0.0005861606606871769,0.0005893936969574749,0.0005844943239995309,0.0005904825087282278,0.0005948850733152299,0.0005879627885122014,0.0005906734085911185,0.0005830322085403722,0.0005962867599222595,0.000628120032855047,0.0006354701843634643,0.0004864420763261661,0.0006260764760071123,0.0006263686428601065,0.0006273514377842931,0.0006261754258978105,0.0006265182749265596,0.0005563079742775567,0.0005462393114872566,0.0005435258270493412,0.0005772606694371133,0.0005494679135069685,0.0005323627774649876,0.000612174020964812,0.0005210626131936404,0.0005336525904136516,0.000534719122084387,0.0005023024992085946,0.000615398632821076
svhn,0.0006652971890041386,0.0006733185222090461,0.0006567935052207423,0.0007052934742286491,0.0006143897181922154,0.000475234199785812,0.0004314337714711715,0.0006514293257035789,0.0005313762471803427,0.0,0.00045453805618887787,0.00044818884624186686,0.0003260714240472006,0.00028930363683402354,0.00043938566115874443,0.00043308202219791473,0.0006003747798265806,0.0006050410871495811,0.0006304403184556951,0.0006480702765307803,0.0006473684266822587,0.0006495331406894758,0.0006486426591774602,0.0006475733748858314,0.0006482417689621515,0.0006483927659467233,0.0006496513353607596,0.0005895097763537525,0.0006398097845029968,0.0006059188497867044,0.0006186648204435756,0.000675742939092124,0.0007101802969243467,0.0006585142163151857,0.0006489507873837962,0.0006506057864404662,0.0006576421539990383,0.0006483739130402624,0.0006541651798220019,0.0006545634667244607,0.0006508426279494053,0.0006573707360772974,0.0006485413928758014,0.0006539984329756326,0.0006454907791223221,0.0006510047828381279,0.000698464698060304,0.0006215331988901113,0.0007082225299072915,0.0005917193289141693,0.000760001570947662,0.0007769202695472468,0.0006893450719823305,0.0007603157309695875,0.0007609127221564874,0.0007612128946467413,0.0007611746035308797,0.0006612156216402618,0.0006501569454403101,0.0006516009538933258,0.0006160596287857692,0.0008509493043205195,0.0006220531155722816,0.0006224322978210651,0.0006114128050140125,0.0006667939946180178,0.000607691730077519,0.0005809568386519198,0.0005976402452687387,0.0006854288461333759,0.0007506096360874221,0.0006652067912629603,0.0006709089786169642,0.0006597292731242577,0.000706911910107605,0.0004327813781917182,0.0006499391135454931,,0.0003227511168220798,0.0004382722434006513,0.0005998863088924996,0.0006015907972519421,0.0006319408175576534,0.0006491023886699395,0.0006462544645158585,0.0006474482083607023,0.0006519124065553713,0.0006535874145749032,0.000652587507553392,0.0006484797635885095,0.0006451975222917108,0.0006465917969061673,0.0006195523128124047,0.0007092306526721182,0.000661419823309611,0.0006514388869410914,0.0006491050168816383,0.0006628672803378904,0.0006433143902196799,0.0006533219187892588,0.0006511446931559111,0.0006502839246658765,0.0006575887981827191,0.0006499061782829433,0.0006573289849537533,0.0006475137505977948,0.0006539399192613989,0.0007012678035992698,0.0007076128892576441,0.0005916226420211617,0.0007607197586601492,0.0007604526790512354,0.000760804457802945,0.0007605018896055434,0.0007601898111730782,0.0006601115554963086,0.0006494366856772298,0.0006504803717905869,0.0006229834816573087,0.0006204606188620608,0.0006124123462301462,0.0006655941175547776,0.0006073718577112473,0.0005802416548068806,0.0005963177146105986,0.0006863971074369728,0.0007492525037746311
caltech101_object_classification,0.0004064311941170793,0.00042369042081651906,0.0004036746753574863,0.00046200103936773615,0.00040896781443327374,0.0003745973535092549,0.000495838616400485,0.000461896940378389,0.0002440826497584978,0.00045453805618887787,0.0,7.002985035293836e-05,0.0002691529354028171,0.00023397926392699738,0.0004980598130383396,0.0005134762797001195,0.0003733565569131581,0.00037930937910086353,0.0004318438478654994,0.0004453587625849573,0.00042388945244209366,0.0004262985372548791,0.0004253886878328448,0.00042390959016506757,0.00042463713847038165,0.0004252970436288381,0.00042550066538895616,0.0003724624798050692,0.00044775874684123526,0.0004355594426330879,0.0004656140879775366,0.0004641676071129781,0.0005061147596319827,0.0004976016791313113,0.0004960709589463928,0.0005019800698224753,0.0004981578908883622,0.0005016167029572092,0.0004948148883625156,0.0004957859089619854,0.0005037005904207788,0.0005040912236324014,0.0004958762455062345,0.0004947844771785634,0.0004923605372386563,0.0005044229531175018,0.0005368807833987777,0.00042778791751352084,0.0005459646104328177,0.0004265484789190141,0.0005511770588597488,0.0005999997119945081,0.0004581952173367985,0.0005524536908135681,0.000552450732691249,0.0005524282700749145,0.000553551290056277,0.0004415856804651678,0.00043006266203924346,0.0004311872861604501,0.00048295321815473055,0.0006615266695470789,0.0004701574032441317,0.0004449511216406551,0.00042623182182452803,0.0005049838614743484,0.00041181677267213603,0.0004164606786200419,0.00042746717743981155,0.000449409475144637,0.0005317023250879986,0.0004046489479566024,0.0004260170230132565,0.0004090726274963678,0.00046518089361155844,0.0004955682916077944,0.0004608136727000389,0.0004514387707050809,0.00027040484504639773,0.0004961680874735867,0.0003729655278673413,0.00037698506601382324,0.0004326187677297495,0.0004458273799832502,0.00042385710667967587,0.0004247474604809526,0.00043047611356812545,0.0004303021467780538,0.00042864745080522853,0.00042380179760993287,0.0004221508411973275,0.0004544847437452392,0.0004671823852204353,0.0005054915215283051,0.0005018945095848796,0.0004988844351243993,0.0005007138720615326,0.0005030255066512666,0.0004981251289166985,0.0004956915286718272,0.000491810346934997,0.0005022306921378929,0.0005048480388368243,0.0004970363510783493,0.0004966306685927698,0.000493897027855557,0.0005077486736981358,0.0005392098319931855,0.0005462070027720572,0.00042480198461661533,0.0005520793179488543,0.0005519741681930983,0.0005534126148241342,0.0005522125679921909,0.0005525799608013343,0.000440317083189856,0.00043101099121261503,0.00042975409585465854,0.00047038316893616405,0.00044023487361950005,0.00042692553077677955,0.0005026495646308106,0.0004117745578788239,0.0004171917567818182,0.0004238756962395867,0.00045025868096060364,0.0005315727160939282
caltech256_object_classification,0.0004024405705321208,0.0004132623168969263,0.00039333425281532343,0.00045272984128241517,0.0004039277512558831,0.0003711676586384413,0.000511201522218331,0.00044564259761222517,0.00024845496418294714,0.00044818884624186686,7.002985035293836e-05,0.0,0.00026213542009068835,0.00022680078497072157,0.0004989083963545357,0.0005149891570231295,0.000355816234832677,0.00036301833453630084,0.00041855417684693935,0.00042831892180082156,0.00040248804743337987,0.0004048366456189646,0.00040385374731882084,0.00040254007058159033,0.0004032027878734073,0.0004039872091163904,0.0004040044761675518,0.0003692079980745043,0.0004296291185636815,0.0004317303498776807,0.00046473654357822897,0.0004654089308620566,0.0004939430927990165,0.0004784479331482324,0.0004778197255063603,0.00048503375940721095,0.00047921338189896854,0.0004848437179569082,0.00047568807416258963,0.00047668517200959994,0.0004872127431074479,0.00048654953106294,0.00047848919122159836,0.0004756005502743939,0.00047437269531553944,0.0004883593313967372,0.0005191604026918492,0.00042511617644788616,0.000527278631856718,0.00042705450056176593,0.0005326152718269684,0.0005815017336194369,0.00043649861202766765,0.0005338689363029806,0.0005338163429819914,0.0005337589379878944,0.0005350981033236727,0.00042655142781141406,0.00041616722065495915,0.00041750782391456354,0.00047573068410988804,0.0006410164051450537,0.00044539788624182726,0.00041791178367937083,0.00039851941718755697,0.0004830662447681579,0.00038371704111794336,0.000390274120379079,0.000400465629475465,0.0004431213278398399,0.0005138519428611277,0.00040134638979752197,0.0004095929678433988,0.00039804803659911135,0.0004557374319229641,0.0005107835013565788,0.0004444617921548804,0.00044455484873042535,0.0002633695232713579,0.0004972044638735396,0.00035564681128872337,0.0003605957491510183,0.0004192450088800299,0.00042898633675826343,0.00040258464507168795,0.00040346410620874386,0.00040866070076429916,0.0004093429248112475,0.00040758230818785374,0.0004026921659030954,0.0004004439830130722,0.00043625365069650476,0.0004665705362570598,0.0004928840074226602,0.00048310762781447487,0.000480717859341516,0.0004835857344884513,0.0004839482069216069,0.00048151835717873126,0.0004767764095385536,0.000472678260522999,0.0004856967836964758,0.0004874797249096251,0.0004798920498198244,0.0004771467221662988,0.00047592576088875677,0.0004912997501218038,0.0005214924467668087,0.0005275820313466407,0.00042530798875169726,0.0005337095289675783,0.0005336133810505544,0.0005345407219349793,0.0005336903785942756,0.0005342669951241767,0.00042502763236054546,0.0004172612642479697,0.00041603164108269336,0.00044589455331768026,0.0004133213406037446,0.0003987899844786868,0.000480919224007551,0.0003832423953960133,0.00039125117599548106,0.00039688056319598167,0.0004439320470076856,0.0005137615497852608
