,lapgyn4_anatomical_structures,lapgyn4_surgical_actions,lapgyn4_instrument_count,lapgyn4_anatomical_actions,sklin2_skin_lesions,identify_nbi_infframes,laryngeal_tissues,nerthus_bowel_cleansing_quality,stanford_dogs_image_categorization,svhn,caltech101_object_classification,caltech256_object_classification,cifar10_object_classification,cifar100_object_classification,mnist_digit_classification,emnist_digit_classification,hyperkvasir_anatomical-landmarks,hyperkvasir_pathological-findings,hyperkvasir_quality-of-mucosal-views,hyperkvasir_therapeutic-interventions,cholec80_grasper_presence,cholec80_bipolar_presence,cholec80_hook_presence,cholec80_scissors_presence,cholec80_clipper_presence,cholec80_irrigator_presence,cholec80_specimenbag_presence,derm7pt_skin_lesions,idle_action_recognition,barretts_esophagus_diagnosis,brain_tumor_classification,mednode_melanoma_classification,brain_tumor_type_classification,chexpert_enlarged_cardiomediastinum,chexpert_cardiomegaly,chexpert_lung_opacity,chexpert_lung_lesion,chexpert_edema,chexpert_consolidation,chexpert_pneumonia,chexpert_atelectasis,chexpert_pneumothorax,chexpert_pleural_effusion,chexpert_pleural_other,chexpert_fracture,chexpert_support_devices,pneumonia_classification,ph2-melanocytic-lesions-classification,covid_xray_classification,isic20_melanoma_classification,deep_drid_dr_level,shenzen_chest_xray_tuberculosis,crawled_covid_ct_classification,deep_drid_quality,deep_drid_clarity,deep_drid_field,deep_drid_artifact,kvasir_capsule_anatomy,kvasir_capsule_content,kvasir_capsule_pathologies,breast_cancer_classification_v2,eye_condition_classification,mura_xr_wrist,mura_xr_shoulder,mura_xr_humerus,mura_xr_hand,mura_xr_forearm,mura_xr_finger,mura_xr_elbow,bean_plant_disease_classification,aptos19_blindness_detection,lapgyn4_anatomical_structures --shrink_train 800,lapgyn4_surgical_actions --shrink_train 800,lapgyn4_instrument_count --shrink_train 800,lapgyn4_anatomical_actions --shrink_train 800,laryngeal_tissues --shrink_train 800,nerthus_bowel_cleansing_quality --shrink_train 800,svhn --shrink_train 800,cifar10_object_classification --shrink_train 800,mnist_digit_classification --shrink_train 800,hyperkvasir_anatomical-landmarks --shrink_train 800,hyperkvasir_pathological-findings --shrink_train 800,hyperkvasir_quality-of-mucosal-views --shrink_train 800,hyperkvasir_therapeutic-interventions --shrink_train 800,cholec80_grasper_presence --shrink_train 800,cholec80_bipolar_presence --shrink_train 800,cholec80_hook_presence --shrink_train 800,cholec80_scissors_presence --shrink_train 800,cholec80_clipper_presence --shrink_train 800,cholec80_irrigator_presence --shrink_train 800,cholec80_specimenbag_presence --shrink_train 800,idle_action_recognition --shrink_train 800,brain_tumor_classification --shrink_train 800,brain_tumor_type_classification --shrink_train 800,chexpert_enlarged_cardiomediastinum --shrink_train 800,chexpert_cardiomegaly --shrink_train 800,chexpert_lung_opacity --shrink_train 800,chexpert_lung_lesion --shrink_train 800,chexpert_edema --shrink_train 800,chexpert_consolidation --shrink_train 800,chexpert_pneumonia --shrink_train 800,chexpert_atelectasis --shrink_train 800,chexpert_pneumothorax --shrink_train 800,chexpert_pleural_effusion --shrink_train 800,chexpert_pleural_other --shrink_train 800,chexpert_fracture --shrink_train 800,chexpert_support_devices --shrink_train 800,pneumonia_classification --shrink_train 800,covid_xray_classification --shrink_train 800,isic20_melanoma_classification --shrink_train 800,deep_drid_dr_level --shrink_train 800,deep_drid_quality --shrink_train 800,deep_drid_clarity --shrink_train 800,deep_drid_field --shrink_train 800,deep_drid_artifact --shrink_train 800,kvasir_capsule_anatomy --shrink_train 800,kvasir_capsule_content --shrink_train 800,kvasir_capsule_pathologies --shrink_train 800,mura_xr_wrist --shrink_train 800,mura_xr_shoulder --shrink_train 800,mura_xr_humerus --shrink_train 800,mura_xr_hand --shrink_train 800,mura_xr_forearm --shrink_train 800,mura_xr_finger --shrink_train 800,mura_xr_elbow --shrink_train 800,bean_plant_disease_classification --shrink_train 800,aptos19_blindness_detection --shrink_train 800
lapgyn4_anatomical_structures,0.0,75.2840306640625,77.6406298828125,106.657908203125,158.7124609375,167.044583203125,230.23427089843753,154.7875751953125,183.380664453125,225.71908242187502,156.972608984375,156.6715267578125,186.7845298828125,172.83192148437502,242.06003339843753,242.06567187500002,111.4789201171875,110.45089609374999,139.0037041015625,140.10536171875,101.729428515625,102.328137109375,102.171541015625,101.600211328125,101.5997681640625,101.7649033203125,101.67149140625,160.82894375,169.0570689453125,171.8726560546875,208.0928931640625,182.68944140625,214.7045314453125,176.8176646484375,177.4245943359375,180.16803632812503,176.5059607421875,180.5979162109375,176.03093046875,176.19195957031252,181.03680156250002,180.16260996093752,178.21474511718753,175.420074609375,174.76020195312498,182.00631464843752,189.50840761718752,170.6749986328125,191.32552675781253,180.2303666015625,226.2286916015625,210.4085251953125,196.25338964843752,226.40607324218752,226.607911328125,226.986974609375,226.96236835937503,188.51507011718752,185.37840703125,184.45697460937498,203.70110078124998,265.04678750000005,204.49495078125,175.22762324218752,184.8933095703125,197.71584863281248,188.9164189453125,186.8271802734375,196.30241542968753,186.85052109375,212.2759240234375,,81.08417304687501,77.6326728515625,107.33204882812501,230.8694720703125,154.96642031250002,225.42463066406253,187.58092558593748,241.21031718750004,110.5819759765625,109.7263962890625,139.935203515625,139.28141171875,102.586585546875,101.66023964843751,102.681569140625,103.9831572265625,102.94642597656251,100.15567734375,103.160285546875,170.86485625,208.40036386718754,213.901038671875,177.50299121093752,178.549215625,179.7874701171875,177.69087597656252,179.44607656250002,176.2013681640625,174.61529882812505,180.19596757812502,180.87232578125,178.25585781249998,175.8219140625,175.77510507812502,182.4283814453125,190.3515529296875,191.1197384765625,178.705537890625,226.5873255859375,226.29478593750002,227.032165625,226.74647539062502,226.3955591796875,187.9577017578125,186.208448828125,184.09562890625,204.3540615234375,174.99578593750002,185.26007578125,196.8408763671875,188.742629296875,187.20556699218753,195.2514849609375,187.0928810546875,211.9040171875
lapgyn4_surgical_actions,75.2840306640625,0.0,43.2507234375,56.9293404296875,188.6701236328125,198.5661521484375,265.92710859375,164.539417578125,201.81112792968753,246.6734177734375,165.8794208984375,161.38592226562503,192.7922078125,182.84198769531253,259.48050625,263.49508808593754,131.45069296875,134.2950541015625,149.2811375,141.9261541015625,87.6066212890625,88.2277130859375,87.3325974609375,87.3606568359375,86.98107578125,87.68840195312501,87.10862011718751,186.75326074218754,162.12732890625003,193.057337109375,237.36286718750003,221.62459472656252,233.021816015625,180.42187304687502,179.98409570312498,182.16224550781251,179.647302734375,182.746458984375,179.2210853515625,179.169180078125,183.7948556640625,182.31882304687502,180.62177929687502,178.34045214843752,178.68282519531252,184.073844921875,200.25985078125,197.4672546875,200.46703046875,217.800558203125,254.78274453125,207.63500781250002,199.59750937500002,255.030970703125,255.01510371093752,255.3146697265625,255.40755136718752,195.556202734375,196.07404824218753,195.97022597656252,224.63814472656253,291.8514494140625,197.71243144531252,173.483530078125,189.722289453125,191.50045507812501,184.179905859375,183.133960546875,192.04372265625,201.3579642578125,234.86783320312503,76.355072265625,,41.839043359375,56.5524201171875,266.546513671875,164.5790873046875,245.827520703125,193.818340234375,258.66009824218753,131.16322578125,133.544080078125,149.81048378906252,141.6386748046875,88.97587519531251,87.769246484375,87.7250857421875,89.24540820312501,85.869466796875,86.46640410156252,89.9314013671875,162.4825513671875,237.483855859375,232.3931779296875,180.670565234375,180.2994666015625,181.64039804687502,180.034289453125,182.27393652343753,179.537666015625,178.2409798828125,182.9227212890625,182.6100248046875,181.21405566406253,178.6730814453125,178.8428115234375,184.27555859375002,200.44009453125,200.722326953125,216.09753105468752,255.07314453125002,254.68898769531253,255.5300998046875,255.19519082031252,255.06224765624998,194.93477578125004,196.79477167968753,195.7197333984375,197.64399296875,172.58377597656252,189.28551738281251,190.836193359375,184.4426998046875,184.173674609375,191.480292578125,201.439031640625,234.1628833984375
lapgyn4_instrument_count,77.6406298828125,43.2507234375,0.0,48.6203916015625,179.57647636718752,187.6606662109375,253.67005351562503,166.474035546875,191.5076595703125,235.99503183593754,159.3173529296875,155.40573203125,188.42327695312503,178.40290175781251,250.537318359375,253.31508535156254,127.51959140625,130.3526623046875,152.57884375,153.1030275390625,78.04295996093751,78.9932962890625,77.91475683593751,77.8350478515625,77.6862203125,78.27005468750001,77.6376455078125,178.8517236328125,172.66313125,196.39914453125002,227.64634375,207.2076775390625,226.317725,186.2710171875,186.75436796875002,189.20393144531252,185.449712109375,189.88692109375,185.2444076171875,185.19917734375002,190.70657167968753,189.125791015625,187.04302304687502,183.98654042968752,184.87223457031251,191.047073828125,200.918631640625,190.52381132812502,202.06603242187498,208.91340351562502,242.638111328125,213.697265625,204.11085976562504,242.79292148437503,242.8012462890625,243.1268294921875,243.20075566406254,191.19974570312502,194.94616269531252,194.9615599609375,221.6623708984375,280.2456716796876,193.79579433593753,174.5119265625,180.855572265625,193.569905859375,178.716526953125,180.8659703125,186.01381015625,199.09647558593753,226.086442578125,78.69975390625001,43.5075876953125,,50.25490644531251,254.21226406250003,166.45502480468747,235.25302734375003,189.29637890625003,249.6127775390625,127.13908945312501,129.233011328125,153.52437792968752,152.5553240234375,79.5824990234375,78.22529375,79.0680283203125,79.66343125,76.84853359375,76.3400591796875,79.67207441406251,173.7620263671875,227.86117656250002,225.4821130859375,186.99413828125,187.1318919921875,188.6668265625,186.306992578125,189.0598669921875,185.42760117187498,184.0759255859375,189.66840644531248,189.79298964843753,187.4938044921875,184.22793378906252,185.5030373046875,191.426054296875,201.5166421875,202.244192578125,207.3337470703125,242.959966015625,242.53600214843755,243.2438919921875,243.05386269531252,242.87618984375,190.85406953125,195.3422732421875,194.60506230468752,193.750791015625,173.7995724609375,180.60716152343753,192.82541601562502,178.74283300781252,181.57325937500002,185.276774609375,199.2388265625,225.5533939453125
lapgyn4_anatomical_actions,106.657908203125,56.9293404296875,48.6203916015625,0.0,203.892060546875,205.850453125,269.43833535156256,189.24356894531252,208.10960312499998,250.09562343750002,178.65083007812498,175.4956044921875,207.90427832031253,199.327708203125,262.0710919921876,266.16494531250004,157.5100060546875,161.17112265625002,174.75490527343752,175.22419843750004,110.40329921875,111.03637382812501,109.90733750000001,110.052012109375,109.8814369140625,110.5106134765625,109.93659531250002,199.89369414062503,181.26069902343752,215.6160197265625,249.6176685546875,229.28924414062504,242.48895175781252,201.7644939453125,201.64039238281248,202.58444492187502,201.8029353515625,203.05433769531248,200.87544335937503,201.70493730468752,204.183107421875,202.6884283203125,201.3537802734375,200.52684882812503,199.65371328125002,203.2793603515625,216.91444042968752,208.4425912109375,218.1047447265625,229.98734003906253,263.90979082031254,221.4657783203125,221.53955644531254,264.13055839843753,264.097166796875,264.31049765625005,264.497641015625,212.0888779296875,216.987042578125,217.34028242187503,238.534995703125,298.47921953125,206.6817703125,192.98533769531252,200.0276107421875,201.88772207031252,192.17560214843752,193.6709021484375,200.95568417968752,212.06404140625,247.67103066406253,107.4202365234375,56.62019921875,48.0611333984375,,270.04865175781254,189.1789203125,249.62076386718752,208.8866224609375,260.99978554687505,157.32779824218753,160.5002333984375,175.61679062500002,174.96281210937502,111.90756601562501,110.7078318359375,110.92725429687502,111.70025488281252,108.08129042968751,109.2189140625,111.79735546875001,181.72678125000004,249.8257736328125,241.99572382812502,201.9385748046875,201.62180312499999,202.10274433593753,202.2550486328125,202.559350390625,201.0985728515625,200.58415585937502,203.21885000000003,202.6818203125,201.64663359375,201.18410273437502,199.843973046875,203.6452142578125,217.39506894531252,218.1892857421875,228.55562578125,264.11680566406255,263.89427851562505,264.59214140625005,264.2132515625,264.1183673828125,211.67352753906252,217.45123046875,216.91924726562502,206.68400839843747,192.15127812499998,199.64069765625004,201.27652871093753,192.362864453125,194.58633535156252,200.56998417968748,212.2115396484375,247.286405859375
sklin2_skin_lesions,158.7124609375,188.6701236328125,179.57647636718752,203.892060546875,0.0,154.76878984375,190.75874785156253,181.9637017578125,173.075610546875,199.09776484375004,161.29295039062498,164.0893494140625,186.2719474609375,169.38464101562502,218.7448576171875,215.420796875,133.53573222656252,138.792041796875,179.7865638671875,193.171391796875,177.910687890625,178.619479296875,178.929448828125,178.04936640625,178.3568400390625,178.2814185546875,178.33625078125002,88.9010171875,198.0298958984375,151.07331972656252,185.5457798828125,119.62666250000001,202.1196267578125,198.1989322265625,199.4295537109375,201.72774609375003,197.3020966796875,202.0616017578125,197.45168828125,196.96412519531253,202.77291757812503,203.1609302734375,199.59225214843752,194.026791796875,198.670030859375,203.17515332031252,212.05779238281252,83.68563886718749,215.93776738281252,107.9053146484375,173.89316855468752,235.64301230468752,204.0906201171875,174.20778574218753,174.52789492187503,174.78871796875,174.81856015625,154.5265134765625,148.47821562500002,148.81609062500002,173.032975390625,220.339196484375,223.08273554687503,199.07059238281252,199.1095845703125,225.3592638671875,209.0630888671875,213.00926152343754,209.71605605468753,175.27974726562502,163.68742519531253,157.7523654296875,188.14092226562502,181.3911392578125,205.60420195312503,191.2350263671875,181.2804421875,198.81398925781252,185.5922990234375,218.30143632812502,133.3134365234375,137.27823535156253,180.2250171875,193.247349609375,177.655375390625,177.88181621093753,179.802141015625,179.8561162109375,180.4300580078125,177.12133593750002,177.208562109375,201.13733671875,185.5403310546875,201.10712890625,199.9505775390625,200.77798554687502,201.7293017578125,198.9612166015625,199.853121484375,197.49360957031251,194.756377734375,202.105401171875,203.65394492187502,199.66831289062503,194.35626367187498,200.65412070312502,204.0526708984375,213.5937345703125,215.52932167968748,107.005221484375,174.35353105468752,174.04075625000002,174.88955429687502,174.450437109375,174.2853833984375,153.95070253906252,148.155472265625,148.9346453125,222.87817753906253,198.69698203125,199.94786601562504,224.2274099609375,208.541968359375,212.42456347656253,207.8620341796875,175.31962753906254,163.502156640625
identify_nbi_infframes,167.044583203125,198.5661521484375,187.6606662109375,205.850453125,154.76878984375,0.0,125.82375058593752,209.98620175781252,157.62854648437502,144.09946640625,155.536803125,160.8104521484375,179.50906855468753,159.53957773437497,179.1111810546875,175.3445078125,159.1317427734375,166.1641703125,199.8287048828125,214.73075546875,195.894837109375,196.83669804687503,196.675906640625,195.60324726562501,196.53700097656252,196.37704277343752,196.856640625,140.3289375,195.65295644531253,147.3700490234375,151.23303652343753,142.69167109375002,193.3065896484375,211.6766275390625,208.03888457031252,206.92629882812503,212.3687587890625,205.3506384765625,211.1513921875,211.6440677734375,205.79475234375002,210.51115488281252,207.19760214843748,211.417091015625,205.339168359375,204.9200236328125,199.5200560546875,137.7787310546875,205.7849287109375,124.33413496093752,193.17241894531253,246.53645644531252,218.7056873046875,193.0628697265625,193.5060109375,193.827824609375,193.9898203125,206.66297050781253,205.93892890625006,205.48465585937504,136.840597265625,228.410415234375,218.64113398437502,207.79607128906252,189.31134199218752,235.51591074218751,202.17826621093752,209.1338251953125,206.8713955078125,178.05383203125,195.7607255859375,165.9691083984375,193.593703125,189.3235232421875,208.130037109375,126.0266087890625,209.31443789062502,145.0799869140625,178.64888496093752,178.088951171875,157.71471308593752,164.1970333984375,201.02079687500003,214.101901953125,195.928894140625,194.7375708984375,197.8566171875,198.1348552734375,197.9964021484375,195.166710546875,194.513083203125,198.8119578125,151.88900371093752,192.75274453125002,212.20195019531252,209.30782265625,207.04125136718753,215.5960287109375,202.41614921875004,210.25952910156252,209.0165078125,205.63363281250003,210.283048046875,206.52918828125001,213.23796210937502,207.650670703125,206.4242451171875,201.60410957031252,205.1753451171875,123.40241679687502,193.3099919921875,193.34168906250002,193.526685546875,193.54144296875,193.4888205078125,207.1494208984375,206.39432812500002,204.39563593750003,218.27760019531252,207.81042460937502,190.44266562500002,234.25736777343752,202.012593359375,207.88375253906253,205.3827228515625,178.3507431640625,195.912126171875
laryngeal_tissues,230.23427089843753,265.92710859375,253.67005351562503,269.43833535156256,190.75874785156253,125.82375058593752,0.0,268.6615078125001,184.93661035156248,132.1548080078125,192.2235388671875,202.320433203125,199.57162929687502,183.3828775390625,174.366238671875,167.40775136718753,227.149875,232.38021738281253,260.78740234375005,288.30198652343756,269.2967498046875,270.2580869140625,270.0516720703125,269.0496728515625,269.70211835937505,269.7003191406251,270.12307285156254,173.8041998046875,255.50113281250003,206.60780000000003,178.80036562500004,161.7787501953125,228.58266484375002,275.45109257812504,273.725951171875,271.09175683593753,276.75796015625,269.641039453125,275.71420175781253,276.753132421875,269.7502345703125,274.165826171875,271.52268359375,276.0335458984375,268.87455332031254,268.08890078125,255.36430312500002,175.10618515625,262.70737304687503,138.650873046875,212.131208984375,302.0855609375001,280.6874359375,212.04892265625,212.52102871093751,212.58986386718752,212.87994863281253,248.8406015625,248.7539017578125,248.88644746093752,171.82231035156252,235.4442080078125,263.21226894531253,267.16951796875003,242.201751171875,283.79344570312503,255.74861250000004,262.29988437500003,258.625971875,216.42822714843751,228.40487617187503,228.93942578125004,264.8000001953125,255.39733320312507,271.7606794921876,,267.91563808593753,134.39475781250002,198.26270429687503,173.4145744140625,225.77600507812502,231.33610429687502,261.74680058593754,287.57089550781257,269.27634160156254,268.16091015625005,271.2330556640625,271.56786015625005,271.13727304687507,268.2398685546875,268.00514199218753,259.15480253906253,179.48495859375,228.35574472656253,275.859524609375,275.14724160156254,270.95611015625,279.635973046875,266.88810097656255,274.83219296875006,274.2100443359376,270.07060410156254,273.79035253906255,270.46506582031253,277.9918373046876,271.0173763671876,270.049334375,257.69982500000003,261.70816367187507,139.15764355468752,212.194401953125,212.48679550781253,212.2549158203125,212.2701115234375,212.506537890625,249.64818085937503,248.84821855468755,248.1060326171875,262.723716796875,267.26030839843753,243.2415724609375,282.82226523437504,255.64394472656255,261.0924859375,257.34751484375,216.98196484375003,229.11522597656253
nerthus_bowel_cleansing_quality,154.7875751953125,164.539417578125,166.474035546875,189.24356894531252,181.9637017578125,209.98620175781252,268.6615078125001,0.0,220.2591146484375,237.99190175781254,181.93925136718752,176.518517578125,196.282184375,184.59899003906253,259.8864484375,262.10296113281254,108.809775,99.4943126953125,55.55143515625001,101.4027166015625,143.03582558593752,142.71134355468752,142.8597677734375,143.0732783203125,143.022212109375,142.90365429687498,143.2551564453125,189.0071083984375,147.4284,206.91963085937502,240.670103125,228.38805605468752,216.324675390625,192.58292500000002,189.32689609375,192.0973986328125,190.17888828125,191.944080078125,190.1442224609375,188.85940234375,193.3657173828125,194.378948046875,190.505695703125,188.2025392578125,192.56664355468752,194.447227734375,219.715992578125,196.364180859375,221.433833984375,219.3255390625,231.69661679687502,237.601805078125,182.919639453125,231.75806562500003,231.9687927734375,232.39358378906252,232.0192845703125,148.619682421875,146.3377037109375,144.8999826171875,228.55260683593752,267.3322419921875,210.7655599609375,173.76484921875,187.31159609375,203.22261015625003,194.518505859375,185.58889140625,190.10714921875,223.38090410156252,208.68508046875002,154.161872265625,168.63979042968748,166.82759921875,189.16854355468752,269.341037109375,,236.55970117187502,195.93205039062502,259.71716972656253,108.21456289062502,101.8182828125,55.8306568359375,100.67689628906251,142.1302576171875,143.43864726562504,143.6453642578125,143.831908984375,144.04249062500003,142.3388263671875,142.8508193359375,147.8981455078125,241.100920703125,215.3863248046875,193.84444140624998,190.4990556640625,191.854144921875,191.56764296875,191.31496347656253,190.27637851562503,187.84299667968753,192.7226935546875,195.4519412109375,191.0943041015625,187.8748228515625,193.0404283203125,195.02516523437498,219.96668203125,221.55825898437502,218.2888998046875,232.206718359375,231.6261568359375,232.26819628906253,232.36318496093753,231.50263164062503,147.86506054687501,147.1868099609375,144.1390654296875,211.12585078125,172.96430371093751,187.43482558593752,202.578866015625,194.2141169921875,186.356776953125,189.04834531250003,223.6328953125,207.69337832031252
stanford_dogs_image_categorization,183.380664453125,201.81112792968753,191.5076595703125,208.10960312499998,173.075610546875,157.62854648437502,184.93661035156248,220.2591146484375,0.0,180.432501171875,97.549488671875,101.74582910156249,130.8831841796875,126.29204999999999,199.34844550781253,199.364747265625,179.68428105468752,188.0505203125,209.0429095703125,222.91883437500002,210.4505359375,211.35969726562502,211.1761546875,210.411356640625,210.74665839843752,210.9920638671875,211.11936718750002,155.97173398437502,215.5772267578125,179.4482041015625,190.4397513671875,166.462367578125,205.2419333984375,225.14429160156251,222.1970408203125,222.15212421875,225.6074208984375,221.2163861328125,224.29596484375003,224.23199628906252,221.90156835937498,224.8578455078125,222.01468964843752,224.875234765625,220.11751875,221.8113736328125,228.30625332031252,167.5498466796875,233.5686931640625,168.2197267578125,216.18071855468753,257.0425865234375,215.1784439453125,216.29558769531252,216.63736679687497,216.68163750000002,216.933549609375,209.10495253906248,205.642818359375,205.858199609375,180.65751523437498,248.56805078125,213.94534882812502,214.4008966796875,195.05075214843748,233.0943470703125,195.68728183593748,203.6467775390625,203.5759794921875,185.27843554687502,214.9485822265625,182.4980798828125,198.31207109374998,193.14870839843752,209.97499921875,185.24030253906253,219.713281640625,180.16490097656254,132.1913873046875,198.54191406249998,178.9924904296875,186.7287376953125,209.872650390625,222.7654,211.05753398437503,210.46740878906252,212.97781406250002,212.65342714843752,212.3881736328125,210.08472109375003,209.35571640625,218.57092968749998,190.9253240234375,204.980246484375,225.98776464843752,223.41819765625,222.4247513671875,227.95288066406252,219.27730156249999,224.40124667968752,222.32117812500002,221.50524062500003,224.929748828125,221.98015,225.650325,221.13504375000002,223.19837480468752,230.0349458984375,233.18020175781248,167.563728515625,216.3477939453125,216.388220703125,216.81936445312502,216.2836578125,216.4768791015625,208.96237910156253,206.01222812500004,205.1658671875,213.4728072265625,213.54200468750003,195.668316015625,231.85343457031252,195.29825859375,203.10285292968751,202.2185130859375,185.5032693359375,215.172566796875
svhn,225.71908242187502,246.6734177734375,235.99503183593754,250.09562343750002,199.09776484375004,144.09946640625,132.1548080078125,237.99190175781254,180.432501171875,0.0,168.804241015625,173.92337011718752,141.93191660156248,126.09647890625001,134.69470019531252,130.38861718750002,211.44741152343752,216.50372812500004,231.23282128906254,251.68167109375003,244.17429218750004,245.03929570312502,244.72043750000003,243.92493398437503,244.5656458984375,244.58359667968756,245.05928281250002,187.11674531250003,229.3449509765625,199.61249785156252,184.91237597656252,191.39169296875002,222.09654550781252,242.9052162109375,237.81911816406253,235.845975,243.16833535156252,233.98097089843753,241.88857695312504,242.30440019531252,234.822725390625,239.8006115234375,236.64695878906252,242.28643476562502,235.09554726562502,233.64484355468753,235.49957636718753,190.7071181640625,241.2157888671875,171.52261660156253,224.95137597656253,276.8376822265625,246.59412871093753,224.8551728515625,225.235615625,225.49349453125,225.48169414062502,228.32292832031254,226.917962890625,227.1278734375,183.10195468750004,250.04999765625,221.30897539062505,232.1829314453125,209.69707636718752,244.45571699218752,216.6402900390625,214.1977919921875,218.9599970703125,215.90779492187502,232.99405371093752,225.10733300781249,244.72747070312502,237.29146347656254,251.79506015625003,132.3474158203125,237.31769882812503,,140.1688658203125,134.1208328125,210.31641894531253,215.5358595703125,232.03955507812503,251.468253515625,244.13344726562502,243.33139355468754,245.990687890625,246.29506191406253,245.97002089843753,243.72939257812502,243.05695234375003,232.40707851562502,185.29818730468753,221.82070898437502,243.47114433593754,239.08979062500003,235.5983517578125,246.13237011718752,231.36481875,241.28038339843752,240.213177734375,235.11509062500002,239.61493476562504,236.33920234375,244.26853789062503,236.84033789062502,235.0725314453125,237.25515605468752,240.5072666015625,171.448643359375,225.19952441406252,225.13529179687504,224.97346992187502,225.16028515624998,224.9681685546875,228.5902732421875,226.791613671875,226.33168671875003,221.21040683593753,232.14423203125,210.54526992187502,243.71219628906255,216.78442812500003,213.2628505859375,217.82054433593754,216.32576191406253,233.26654101562502
caltech101_object_classification,156.972608984375,165.8794208984375,159.3173529296875,178.65083007812498,161.29295039062498,155.536803125,192.2235388671875,181.93925136718752,97.549488671875,168.804241015625,0.0,32.346338085937504,104.7024337890625,91.59436640625,187.9440951171875,189.88210000000004,148.1113732421875,152.9842328125,171.9669857421875,182.86798359375,170.87835078125,171.652503125,171.292203515625,170.701634765625,171.0067041015625,171.3174330078125,171.51577070312499,147.483603125,175.45266699218752,173.69524160156251,184.45268613281252,176.471091015625,187.73475878906248,193.7841974609375,191.49896660156253,192.51639921875,194.2325533203125,191.8526248046875,192.74139726562498,193.1937435546875,192.94396289062502,194.4403513671875,191.3838869140625,193.526540234375,190.603703515625,192.6063095703125,200.8813033203125,164.1139638671875,204.8553072265625,167.5980810546875,203.3357873046875,230.3627810546875,178.2964630859375,203.63553808593753,203.82230312500002,203.900947265625,204.20276953125,172.5254216796875,168.528765234375,168.87803710937501,178.40909296874997,239.19344335937498,174.260241796875,174.4122181640625,161.1018005859375,191.9051525390625,155.5711095703125,157.4995740234375,163.06550253906252,165.96398203125,196.7365505859375,156.32676113281252,164.94492539062503,161.0836564453125,179.86477343750002,192.4686939453125,181.521447265625,167.8193587890625,105.2724201171875,187.25395546875,147.92334472656253,152.06549824218752,172.37492265625002,182.77710078125,171.06712148437504,171.0151458984375,173.547494921875,173.22748457031253,172.3067373046875,170.85229726562503,169.997071484375,178.1032140625,184.86205371093752,187.443931640625,194.91716855468752,192.914124609375,192.3699607421875,196.4796439453125,190.62572031250002,193.0117720703125,191.44834140625,192.53885000000002,194.613212109375,191.60666835937502,194.45866289062502,191.497109765625,194.03995800781252,202.1407615234375,204.8190361328125,166.81318046875,203.6722962890625,203.536390234375,204.03697265625,203.55442695312502,203.7485732421875,172.2899087890625,168.987396484375,168.35590703125,174.3525771484375,172.87967070312502,161.338306640625,190.82717597656247,155.433868359375,157.6454150390625,161.63373613281252,166.2979990234375,196.947559765625
caltech256_object_classification,156.6715267578125,161.38592226562503,155.40573203125,175.4956044921875,164.0893494140625,160.8104521484375,202.320433203125,176.518517578125,101.74582910156249,173.92337011718752,32.346338085937504,0.0,104.018692578125,91.36991894531249,195.41394296875,198.0479591796875,144.933362890625,150.4190267578125,168.3407953125,175.5981064453125,164.4743314453125,165.20575957031252,164.82501972656252,164.36330683593752,164.581171484375,164.883426171875,165.0796845703125,149.9643419921875,169.97283554687502,176.38343984375,189.51959609374998,181.8775345703125,189.04134375,190.11356328125,188.114871484375,189.9017146484375,190.53513203125001,189.30130703125002,189.0278798828125,189.367362890625,190.59500214843752,191.662463671875,188.47805078125,189.7507111328125,187.8268845703125,190.485884765625,199.54760351562498,167.690574609375,203.203129296875,173.8473296875,203.077041015625,227.9725484375,173.62788945312502,203.38367812500002,203.5185880859375,203.59830097656248,203.9571025390625,169.044655859375,165.7759787109375,166.2859662109375,181.9269880859375,239.32953535156247,169.6308787109375,166.02628632812502,155.22163828125,188.220628125,148.3116609375,150.74438203124998,156.3416171875,168.2108611328125,194.908574609375,156.288603125,159.4392791015625,157.103554296875,176.51946738281248,202.549105078125,176.2397689453125,172.78104257812504,104.53912734375001,194.74290644531249,144.901445703125,149.52583203125002,168.7408076171875,175.67047207031248,164.5318095703125,164.7366171875,166.8780431640625,166.82123984375,166.081762109375,164.5424599609375,163.5878673828125,172.6217580078125,189.93738906250002,188.5848748046875,191.55787851562502,189.6596728515625,189.6716796875,192.638401953125,188.24617597656248,189.279894921875,187.7358345703125,190.0742662109375,191.9382623046875,188.96583066406248,190.4569345703125,188.6158970703125,191.8392546875,200.76770078125003,203.24418281250001,173.00123183593752,203.47549414062502,203.3391853515625,203.7105904296875,203.3059845703125,203.548119140625,168.51935625000004,166.22987207031252,165.7764529296875,169.82704921874998,164.3849353515625,155.2209419921875,187.23469609375002,148.1429232421875,151.14170000000001,155.01614023437503,168.56903554687503,195.0392771484375
cifar10_object_classification,186.7845298828125,192.7922078125,188.42327695312503,207.90427832031253,186.2719474609375,179.50906855468753,199.57162929687502,196.282184375,130.8831841796875,141.93191660156248,104.7024337890625,104.018692578125,0.0,40.3686052734375,183.800615625,185.6315673828125,175.00080390624998,179.1134033203125,189.47180625000001,196.50597714843752,192.3815912109375,193.0455462890625,192.7595599609375,192.5202708984375,192.557613671875,192.81632070312503,193.0482357421875,173.6003373046875,189.99574765625,185.82670000000002,211.55415585937502,200.6399568359375,224.75320429687503,210.63240234375002,207.23064062500004,208.3141408203125,210.17114648437502,207.5321125,209.0133236328125,208.60645859375,209.25437597656253,211.302974609375,207.76977617187504,209.2238111328125,206.9092958984375,209.33455468750003,225.452919921875,182.72127500000002,229.21584531250002,195.795573046875,231.01532148437502,250.32971484375003,203.4348671875,231.187752734375,231.2266728515625,231.52265839843753,231.70592480468753,192.656430078125,191.8655294921875,192.11783378906253,190.17933847656252,265.8118779296875,204.8735314453125,199.46529218749998,192.21918671875,215.28252617187502,190.68101484375,188.453673828125,193.81230585937502,196.3753888671875,222.51630351562503,186.1593265625,194.1876287109375,189.5379484375,208.6760255859375,199.93447421875004,195.7026947265625,140.34919687500002,,183.4649908203125,174.435353125,178.32765507812502,189.81140058593752,196.49052324218752,192.3370193359375,192.31429453125,194.3758494140625,194.210468359375,193.67750898437498,192.3978833984375,191.73168027343752,192.3153044921875,211.95531914062502,224.6282685546875,211.530203515625,208.2646126953125,208.558578125,212.124396484375,206.1086056640625,209.042319140625,207.4932666015625,208.65783066406252,211.50179941406253,208.09003964843754,209.91953574218752,207.46246308593751,210.7304921875,226.55817890625002,229.02811250000002,195.0031775390625,231.42527421875,231.12353574218753,231.44360175781253,231.3146771484375,231.457516015625,192.42822578125,192.05726855468754,191.41684082031253,205.027215625,198.5360990234375,192.3756701171875,214.782237890625,190.77369667968753,188.30812890625003,192.98919726562502,196.81585234375004,222.27005058593753
cifar100_object_classification,172.83192148437502,182.84198769531253,178.40290175781251,199.327708203125,169.38464101562502,159.53957773437497,183.3828775390625,184.59899003906253,126.29204999999999,126.09647890625001,91.59436640625,91.36991894531249,40.3686052734375,0.0,172.3077537109375,173.36651835937502,160.89223496093751,164.669599609375,177.5142595703125,187.7910828125,181.683251171875,182.42313984375,182.137595703125,181.83415742187503,181.9034443359375,182.1782189453125,182.399290234375,156.168959375,179.82899121093752,171.1241798828125,190.38764433593752,184.88718710937502,209.6748873046875,198.7152033203125,195.1827333984375,196.08125703125,198.5810197265625,195.1846158203125,197.15929140625002,197.0602158203125,196.72920820312498,199.15541152343752,195.71100058593748,197.546197265625,194.087995703125,196.8693740234375,211.58636269531252,167.3029396484375,215.2323240234375,177.9741748046875,215.87728066406248,240.44418925781252,192.0002814453125,216.0584154296875,216.16027109375,216.504550390625,216.650664453125,181.0948931640625,179.07604179687502,179.20449726562498,178.28045078125,253.89107421875002,193.18474101562498,189.5840802734375,184.03855683593753,206.4969599609375,182.0424775390625,179.2044666015625,185.1116966796875,181.38532890625,208.9210599609375,172.1743935546875,184.67054375,179.50224589843748,200.362173828125,183.7408873046875,184.03728242187498,124.48348417968751,41.7002779296875,171.87204843749998,160.3793275390625,163.9159888671875,177.91254765625,187.804533203125,181.67022070312504,181.6997939453125,183.77894453125,183.83846347656248,183.4530740234375,181.65641640625,180.88814687500002,182.535543359375,190.82637089843752,209.304094140625,199.5823498046875,196.586143359375,196.22394746093752,200.6444787109375,193.597939453125,197.2876404296875,195.67900585937502,196.35315703125002,199.378159765625,195.79648281250002,198.504358203125,194.933848828125,198.2453392578125,212.7725005859375,215.03706699218753,176.97540351562498,216.3734974609375,215.96174218750002,216.344311328125,216.257603125,216.2685091796875,180.89237988281252,179.24371875,178.47728476562497,193.2972263671875,188.820533984375,184.3261984375,205.77670996093752,182.15517226562503,179.27770683593752,184.1597115234375,181.8324802734375,208.725328125
mnist_digit_classification,242.06003339843753,259.48050625,250.537318359375,262.0710919921876,218.7448576171875,179.1111810546875,174.366238671875,259.8864484375,199.34844550781253,134.69470019531252,187.9440951171875,195.41394296875,183.800615625,172.3077537109375,0.0,44.859462695312516,226.159001171875,233.4272126953125,250.0385265625,276.13106230468753,262.3315908203125,262.8917525390625,262.7267064453125,261.9324943359375,262.801475390625,262.738341015625,263.0731732421875,204.4219685546875,246.48750312500002,226.51560585937503,179.77997578125002,200.90481777343751,222.841653125,265.90368789062506,263.20990703125,260.84569003906256,267.190133203125,259.33285859375,265.65382128906253,266.76416601562505,259.7244787109375,263.45572382812503,261.60435898437504,267.37767675781254,259.87096152343753,258.5547234375,254.28309218750002,205.263655078125,259.17117421875,186.647137890625,226.31718671875,280.890353515625,243.83752421875,226.13358007812502,226.5923845703125,226.60487402343753,226.7629755859375,243.83547265625,242.38220996093753,242.0372947265625,214.8114822265625,241.82939902343756,240.9935423828125,252.72550390625003,218.93621875000002,254.78421250000002,225.1733046875,229.18881953125003,231.454912109375,236.85303027343753,241.70870898437502,241.652261328125,256.99372363281253,251.94712109374998,263.5743533203125,174.38942460937506,259.23848808593755,134.375631640625,182.00299257812503,,225.02176250000002,232.948325,250.9188935546875,275.66240527343757,262.9392349609375,261.714933984375,264.2085037109375,263.90011757812505,263.30865078125004,262.0584876953125,261.3200154296875,249.08473652343753,180.302315625,222.60398925781251,266.33708007812504,264.0818009765625,260.623478125,269.8976617187501,257.90181582031255,265.35679453125,264.67905175781254,259.9810025390625,262.98351894531254,261.1107025390625,268.9123939453125,261.6619755859375,259.9500078125,255.41737382812505,258.4824015625,186.6884525390625,226.24974296875,226.55425957031252,226.3705970703125,226.36048027343753,226.18519843750005,244.29919023437503,242.5268365234375,241.0741056640625,240.270092578125,252.49443535156252,219.5388146484375,253.78514296875002,225.11021347656248,228.81282578125,229.729770703125,237.07478632812504,242.40427441406254
