,lapgyn4_anatomical_structures,lapgyn4_surgical_actions,lapgyn4_instrument_count,lapgyn4_anatomical_actions,sklin2_skin_lesions,identify_nbi_infframes,laryngeal_tissues,nerthus_bowel_cleansing_quality,stanford_dogs_image_categorization,svhn,caltech101_object_classification,caltech256_object_classification,cifar10_object_classification,cifar100_object_classification,mnist_digit_classification,emnist_digit_classification,hyperkvasir_anatomical-landmarks,hyperkvasir_pathological-findings,hyperkvasir_quality-of-mucosal-views,hyperkvasir_therapeutic-interventions,cholec80_grasper_presence,cholec80_bipolar_presence,cholec80_hook_presence,cholec80_scissors_presence,cholec80_clipper_presence,cholec80_irrigator_presence,cholec80_specimenbag_presence,derm7pt_skin_lesions,idle_action_recognition,barretts_esophagus_diagnosis,brain_tumor_classification,mednode_melanoma_classification,brain_tumor_type_classification,chexpert_enlarged_cardiomediastinum,chexpert_cardiomegaly,chexpert_lung_opacity,chexpert_lung_lesion,chexpert_edema,chexpert_consolidation,chexpert_pneumonia,chexpert_atelectasis,chexpert_pneumothorax,chexpert_pleural_effusion,chexpert_pleural_other,chexpert_fracture,chexpert_support_devices,pneumonia_classification,ph2-melanocytic-lesions-classification,covid_xray_classification,isic20_melanoma_classification,deep_drid_dr_level,shenzen_chest_xray_tuberculosis,crawled_covid_ct_classification,deep_drid_quality,deep_drid_clarity,deep_drid_field,deep_drid_artifact,kvasir_capsule_anatomy,kvasir_capsule_content,kvasir_capsule_pathologies,breast_cancer_classification_v2,eye_condition_classification,mura_xr_wrist,mura_xr_shoulder,mura_xr_humerus,mura_xr_hand,mura_xr_forearm,mura_xr_finger,mura_xr_elbow,bean_plant_disease_classification,aptos19_blindness_detection,lapgyn4_anatomical_structures --shrink_train 800,lapgyn4_surgical_actions --shrink_train 800,lapgyn4_instrument_count --shrink_train 800,lapgyn4_anatomical_actions --shrink_train 800,laryngeal_tissues --shrink_train 800,nerthus_bowel_cleansing_quality --shrink_train 800,svhn --shrink_train 800,cifar10_object_classification --shrink_train 800,mnist_digit_classification --shrink_train 800,hyperkvasir_anatomical-landmarks --shrink_train 800,hyperkvasir_pathological-findings --shrink_train 800,hyperkvasir_quality-of-mucosal-views --shrink_train 800,hyperkvasir_therapeutic-interventions --shrink_train 800,cholec80_grasper_presence --shrink_train 800,cholec80_bipolar_presence --shrink_train 800,cholec80_hook_presence --shrink_train 800,cholec80_scissors_presence --shrink_train 800,cholec80_clipper_presence --shrink_train 800,cholec80_irrigator_presence --shrink_train 800,cholec80_specimenbag_presence --shrink_train 800,idle_action_recognition --shrink_train 800,brain_tumor_classification --shrink_train 800,brain_tumor_type_classification --shrink_train 800,chexpert_enlarged_cardiomediastinum --shrink_train 800,chexpert_cardiomegaly --shrink_train 800,chexpert_lung_opacity --shrink_train 800,chexpert_lung_lesion --shrink_train 800,chexpert_edema --shrink_train 800,chexpert_consolidation --shrink_train 800,chexpert_pneumonia --shrink_train 800,chexpert_atelectasis --shrink_train 800,chexpert_pneumothorax --shrink_train 800,chexpert_pleural_effusion --shrink_train 800,chexpert_pleural_other --shrink_train 800,chexpert_fracture --shrink_train 800,chexpert_support_devices --shrink_train 800,pneumonia_classification --shrink_train 800,covid_xray_classification --shrink_train 800,isic20_melanoma_classification --shrink_train 800,deep_drid_dr_level --shrink_train 800,deep_drid_quality --shrink_train 800,deep_drid_clarity --shrink_train 800,deep_drid_field --shrink_train 800,deep_drid_artifact --shrink_train 800,kvasir_capsule_anatomy --shrink_train 800,kvasir_capsule_content --shrink_train 800,kvasir_capsule_pathologies --shrink_train 800,mura_xr_wrist --shrink_train 800,mura_xr_shoulder --shrink_train 800,mura_xr_humerus --shrink_train 800,mura_xr_hand --shrink_train 800,mura_xr_forearm --shrink_train 800,mura_xr_finger --shrink_train 800,mura_xr_elbow --shrink_train 800,bean_plant_disease_classification --shrink_train 800,aptos19_blindness_detection --shrink_train 800
lapgyn4_anatomical_structures,0.0,0.00015713461704479342,0.00016302994019344363,0.0002276031684459366,0.0003560909191846094,0.00040105186409589524,0.0005976039273770382,0.00033209745936061926,0.00042319316564133527,0.0005605883312328956,0.0003464596729055852,0.0003440490366968017,0.0004199112775921993,0.00039048752443024995,0.0005985991303183498,0.000609884301848016,0.00023978154241210872,0.0002350607625933797,0.0002957947587730582,0.0002955726193823497,0.00021321464036580474,0.0002144813672644015,0.0002140968626039284,0.00021294496265694796,0.00021285902056254885,0.00021321397025120194,0.00021302543063775602,0.0003653485789786256,0.0003704733286574272,0.00039485538251380476,0.0005228811710228419,0.00045895228168562697,0.0005153747683218488,0.00040121720296440986,0.00040291483328540973,0.00041087827099208017,0.0003997119027633251,0.00041233186560581087,0.0003987303367532804,0.0003987018205777515,0.00041349162211964355,0.00041066402788477027,0.00040531703160688273,0.0003961496550804943,0.0003971786950012253,0.0004164901748636145,0.0004504373480319453,0.0003880046568730115,0.0004544340539825428,0.0004328666144969899,0.0005572760626096128,0.0004914539959870731,0.0004415350051336003,0.0005580261294724168,0.0005584154878798658,0.0005594039143964244,0.0005592718620252641,0.00042260859212024025,0.0004157790802705434,0.0004138683654789256,0.0004915736865857816,0.0006930827159595557,0.00047674157636943247,0.00039307057250722026,0.0004264445622976056,0.00044819385928442665,0.0004335002731260621,0.00042262423921498346,0.0004473141681080861,0.0004396411227085207,0.0005085906032126016,,0.00017126368085156307,0.00016287262674444906,0.000229483676385681,0.0005992592196410392,0.000332391144791662,0.0005579395816734666,0.0004220012719972338,0.000596372585748655,0.00023776863912069977,0.00023351874717820315,0.0002978407486564817,0.00029377934303498614,0.0002149635428837368,0.00021312958626123758,0.0002149924020156435,0.0002179345286204255,0.00021580013647168791,0.00020970763024659035,0.00021652768360172416,0.00037438112154870705,0.0005236033203538156,0.0005124029932104747,0.00040348439301215826,0.0004049333031165803,0.0004097593954592862,0.00040204060349133654,0.000409788516527515,0.00039910357369058716,0.00039514261481442227,0.00041135706092748013,0.00041289603082766697,0.0004061264988189114,0.00039673879961126565,0.00039926061652557356,0.00041748143928886037,0.00045229021376772005,0.0004539129070151195,0.0004278818281550276,0.0005587726592542923,0.0005573177729546194,0.0005594479924393866,0.0005591167143075486,0.0005577820856295993,0.00042123424359225123,0.00041776333465276885,0.0004132874540299517,0.0004765535307392383,0.00039222507710609907,0.00042712747556759335,0.00044584588059116465,0.00043327765513557896,0.0004237913921846313,0.0004449588247991314,0.00044035670864444167,0.000507016215542495
lapgyn4_surgical_actions,0.00015713461704479342,0.0,9.092708998879428e-05,0.0001227206911092202,0.0004143665101340408,0.00046389612106489936,0.0006669111834480535,0.0003487457080702492,0.000465579695886262,0.0005995392456805221,0.0003665383348842098,0.00035553154332464544,0.00043113170392033464,0.00041005333514976445,0.0006274381050833768,0.0006469850109330252,0.00028057754670991286,0.00028270531193039694,0.00031391937498998244,0.00029753012505017676,0.00018326628522198884,0.00018451141665318078,0.00018270787738557437,0.00018282564426957303,0.00018198078345343403,0.00018333378700578854,0.00018215084827189867,0.00041539359236293996,0.0003527734761843696,0.000436893292580834,0.0005800853261147324,0.0005379727675813516,0.0005464764479268455,0.0004067687125369817,0.0004060470801842971,0.0004125584314426125,0.00040442748799944354,0.00041418876435287257,0.0004034342079385258,0.0004030403801557961,0.0004166061786494846,0.0004127798498889317,0.0004079158040171183,0.0004003455612314036,0.00040292427985014033,0.00041805138716056404,0.00046921681688052964,0.0004395273310250059,0.0004697925743710105,0.0005086078172213111,0.0006095840674085282,0.00048373980148739475,0.0004458742011691734,0.0006104106333061649,0.0006103817715758224,0.0006111964608150164,0.0006112587740393321,0.0004309668369927041,0.0004320231627179033,0.00043184317972439694,0.0005296833668598088,0.0007410111833401963,0.00045829311415364457,0.0003868543838349812,0.0004320353524581489,0.0004307005518785912,0.00041926169808975406,0.0004117401752688041,0.0004342892286592553,0.0004677157174767246,0.0005496554259670518,0.00015933752778573478,,8.766556568768709e-05,0.0001224857998461208,0.0006684902571348857,0.0003487919396185728,0.0005957731085193016,0.0004336085399667207,0.0006252965155472273,0.00027998898453455827,0.00028107773389000976,0.0003150734600060154,0.0002968364745640973,0.00018596503928606844,0.00018351816731344224,0.00018326727721821104,0.00018664922120810407,0.00017979290300740926,0.00018068194583297767,0.00018828742718555896,0.0003537051498343405,0.0005804777727646262,0.0005438901908301919,0.0004079871836874159,0.0004064814448621482,0.0004110698036130996,0.0004052092321489022,0.00041300257442193687,0.00040407228923846955,0.0004007191467806638,0.00041447478111162847,0.0004140392448859368,0.00040981342859200913,0.0004008784885569366,0.000403422325431026,0.00041857736232876633,0.00046976944804063295,0.00047022548573457784,0.0005031356507508459,0.0006109373303035905,0.0006092329480102179,0.000611597023089713,0.000611169231437097,0.000610247887338583,0.0004294809392847412,0.0004337156055057649,0.0004314621382903126,0.00045823097243415946,0.00038460205167889516,0.00043097469075914133,0.0004288307126110528,0.0004198985516415743,0.00041411936059262,0.0004330030845587306,0.0004681505379120349,0.0005473452519356248
lapgyn4_instrument_count,0.00016302994019344363,9.092708998879428e-05,0.0,0.00010427207320155306,0.00039509074991436396,0.00044180045273058697,0.0006420666659300156,0.0003529286840140793,0.00044334599880138675,0.0005768868821696715,0.0003504328044202176,0.0003405547748164899,0.00042037551390172615,0.0003989634434164523,0.0006080926965402929,0.0006246437904330537,0.00027254585298659283,0.00027455462266252564,0.00032159015739513584,0.0003209796198336705,0.00016378506580032957,0.00016572147417415168,0.00016350104573787817,0.00016339129173465814,0.0001629938272490509,0.00016415607570664787,0.0001628272000698653,0.0004002304444499182,0.00037441538992308537,0.00044453494410321337,0.0005594219168188076,0.0005086208618240812,0.0005334168466326575,0.0004188239289194457,0.0004201318428620411,0.00042738866587876343,0.0004162284543148695,0.0004292975552144697,0.00041581650122670744,0.00041535690247079425,0.0004311849871323826,0.0004269289227905097,0.0004213351246345436,0.0004117734678811278,0.000415940576029659,0.00043284023357442996,0.000470405962389131,0.00042644446380408606,0.00047268766776344356,0.0004911224007183568,0.0005844728819051463,0.0004969056908263554,0.0004546108809625956,0.0005851143139219647,0.0005850739985163984,0.0005859526577488756,0.0005859968507873352,0.00042183850980276224,0.00042904990975346324,0.00042909088614755694,0.0005256485613894278,0.0007171088907918714,0.0004509693295844651,0.0003892896138535622,0.00041436125914239355,0.00043655742237181294,0.0004077567768054766,0.0004062799964919255,0.0004220086947732502,0.00046410081468116964,0.0005308193595646774,0.00016508565859899526,9.307198601242534e-05,,0.00010815835608896531,0.0006434999756377115,0.0003528004582104545,0.0005733489165641831,0.0004227221155547723,0.0006057610375678177,0.0002717690992436465,0.00027221671498759326,0.00032350811869062576,0.0003198235774559091,0.00016690075909013937,0.00016411735368159147,0.0001657056502160979,0.00016723037076078648,0.0001612538081030129,0.00016019798203024035,0.00016741871374971153,0.00037689043221761896,0.0005600172940161516,0.0005304431633177027,0.00042105192270381047,0.0004206905705013394,0.0004258293996260506,0.0004179729579388105,0.00042745849296874213,0.00041619243847283065,0.0004126434625592597,0.000428762486649691,0.0004289396520172729,0.00042301133334569517,0.00041204804187960366,0.0004173566567126425,0.00043365752890419144,0.00047171176809329235,0.0004729546585364332,0.0004858610977818669,0.0005858422140096642,0.0005840467309609408,0.000586205658300606,0.0005860365258594322,0.0005851015708489745,0.0004209093993399441,0.00043008739576025335,0.0004284771565030984,0.00045091185104400254,0.0003873891260964545,0.00041363610251031875,0.00043448447662867165,0.00040796687495830546,0.0004080110168819014,0.00042039655495063294,0.0004646035115072365,0.0005289026848448145
lapgyn4_anatomical_actions,0.0002276031684459366,0.0001227206911092202,0.00010427207320155306,0.0,0.0004512978168693458,0.0004859612488679027,0.0006811691391740823,0.00040425165394649494,0.0004829523901192953,0.0006122403672713802,0.00039590752311703014,0.00038744781516634,0.0004656779831874612,0.00044733162801370834,0.0006381944213456109,0.0006574105769925241,0.00033980299158609925,0.00034277175369276506,0.0003721751883420529,0.0003704387495689207,0.0002336432821635721,0.00023495113154637585,0.00023262696906097816,0.00023300927447533393,0.00023251965147913639,0.00023376752148932109,0.00023255199604052664,0.0004493105680482533,0.0003954255506949872,0.0004907875958963838,0.0006113980215545494,0.0005610016665454225,0.0005719460665967982,0.0004558151556530542,0.00045614283393166654,0.0004604873184776307,0.0004549716252738276,0.0004619975071939471,0.0004531206641119707,0.00045439471927338163,0.00046452797183863957,0.0004603248595093665,0.00045620564664744815,0.0004508858482640136,0.0004516676675442858,0.0004636916057624778,0.0005085885958940276,0.00046895465425912875,0.0005108027873055739,0.0005413351014970291,0.0006338474816533948,0.0005173884718039671,0.0004958703805386521,0.0006346472435814301,0.0006345589921970191,0.000635177945291052,0.0006354298855231493,0.00046857218139991625,0.0004787689577780311,0.0004795485326799002,0.0005656582095788199,0.0007598760827919757,0.0004816293325450522,0.000432004812155024,0.00045895749856188185,0.00045772466338032426,0.0004395374376330236,0.000436440212329734,0.00045703977940108497,0.0004959475800086907,0.0005797471944189796,0.00022907807478587993,0.00012384877724735981,0.00010295824129877602,,0.0006827530747560413,0.0004040623361704199,0.0006091311296078639,0.00046816511495488945,0.0006355395722864329,0.00033943069300710336,0.000341322332052284,0.00037388159770893677,0.00036984845608561853,0.00023678186115742627,0.0002343020010192152,0.00023449216425174625,0.00023629045006769335,0.0002287388278495143,0.0002310676520375687,0.00023683455366232625,0.0003965450898308686,0.0006119513481720055,0.0005695905710112189,0.0004569638561293863,0.0004558805601436042,0.00045904241775444784,0.0004558355960826923,0.0004608572650109392,0.00045362086221287603,0.0004517417811726745,0.0004622605279938559,0.000461011303723116,0.0004575728597053364,0.0004519407055489093,0.0004521701288815126,0.0004644672475969166,0.0005095931315653908,0.0005108745848785535,0.0005365423082874136,0.0006350184711537803,0.0006336412639837928,0.0006357581826824444,0.0006351862263303252,0.0006343637363091217,0.00046741245964198767,0.0004799660663851288,0.0004788063183234966,0.00048178005600748035,0.00042981598105079995,0.0004578810215794541,0.0004559766372548175,0.000440060636001866,0.0004385292870698362,0.00045612244077639915,0.000496519096012652,0.0005780482853544411
sklin2_skin_lesions,0.0003560909191846094,0.0004143665101340408,0.00039509074991436396,0.0004512978168693458,0.0,0.0003754156406796979,0.0005198383423142142,0.000403333854165439,0.0004057607944287039,0.0005137337835329018,0.00035845616186771254,0.0003621685090132299,0.0004267047885136993,0.0003899711716137265,0.0005569262426426992,0.0005595623953124192,0.00029464797346857646,0.0003062297293170254,0.0003957423984806008,0.00041974179168258153,0.00038465054580689615,0.0003861194002045077,0.00038668734332722725,0.00038499844452266813,0.00038555907299254284,0.0003854625523601133,0.00038548482988814606,0.00020521415993506075,0.0004402692209462438,0.000352470264431429,0.00047871594981203957,0.00031826784898965625,0.0004926392477802836,0.00045272752605836884,0.00045618523972233206,0.000463027889842187,0.00044970073198157787,0.00046443731548207856,0.0004502558426157001,0.00044854615164969744,0.0004662216197071489,0.0004659359297374086,0.0004567721436857964,0.00044074070554545416,0.0004544995118357614,0.00046787239991638216,0.0005077661073282359,0.00019544432110812893,0.0005160366193146508,0.0002698113107431931,0.00044106014551466516,0.0005526209220910888,0.00046296632381005894,0.0004420610190511504,0.00044268195556006895,0.0004433483433117508,0.00044343558725040553,0.00036127260998536256,0.00034668063040312795,0.0003472738941757371,0.0004273176449419322,0.0005943174255092299,0.0005192093223786816,0.0004461270900541957,0.00045974169006666424,0.0005156251952335787,0.00047905939667634135,0.0004830117021821023,0.0004782534592089478,0.0004212338462167395,0.0004007784968881196,0.0003542261181642713,0.0004132112878601456,0.0003993960421989244,0.0004548444300628867,0.0005211784895931962,0.0004018948508356347,0.0005110990173605057,0.000425923282607752,0.0005554944190587991,0.0002943484367632725,0.0003027857686867506,0.0003967051234040392,0.00042002854380043326,0.0003838900305257279,0.00038486485871702127,0.0003885959377838558,0.00038868675950631186,0.0003899573185116202,0.000383051616416863,0.00038317188098192903,0.0004471073613459366,0.0004789648092690986,0.0004893159618604254,0.00045706095410099517,0.00045893306251494506,0.000462434765972044,0.0004529326485423864,0.0004597845854010041,0.0004502574118235802,0.0004438243074685093,0.0004645184688922738,0.0004678311529389852,0.0004578949925324778,0.0004410728320486255,0.0004588108258599714,0.0004696620004904525,0.0005111382204479765,0.0005152229569583108,0.0002664971495428122,0.0004426238244780702,0.0004411937603304891,0.0004437348867839987,0.00044278072029017347,0.00044209977187351015,0.00035982207187189763,0.00034613325455385346,0.00034775746669432877,0.0005189491351187611,0.0004447953585831845,0.00046134082014350646,0.0005128439521265691,0.00047806474071054845,0.00048200979031867957,0.00047416277857631136,0.00042145593414270297,0.000399365089677107
identify_nbi_infframes,0.00040105186409589524,0.00046389612106489936,0.00044180045273058697,0.0004859612488679027,0.0003754156406796979,0.0,0.00035430362103204327,0.0004919416897847617,0.0003825335976722127,0.00038423552917598767,0.0003655698152423835,0.00037500302239468664,0.00043275050125535876,0.0003876374623880619,0.0004755546683201232,0.0004749252175895901,0.00037973999781944955,0.00039328612079756516,0.0004665328723786105,0.0004958621971892035,0.000453118131598889,0.00045514754845093954,0.00045481642561912515,0.0004526264838572026,0.0004545092909320124,0.000454149696820129,0.00045522416263400815,0.0003416517960834444,0.0004631603006969649,0.00036161666018901835,0.0004063577078809716,0.0003813322228773783,0.0004984974057453077,0.0005090280345130148,0.0004996518864956153,0.0004988673579911181,0.0005093812689875261,0.0004957321448291372,0.0005067252402901421,0.0005070198975715532,0.0004972873981588231,0.000507582934906223,0.0004986054735689279,0.0005060851226616617,0.000494890131822124,0.0004962764986362746,0.0005081741244240735,0.0003388359055844135,0.0005227497913951624,0.00031493201817642757,0.0005076652506199804,0.0006056901345420205,0.0005248344609730786,0.0005076055233779568,0.0005087647094990947,0.000509510925278693,0.0005098323145160558,0.0004998368380774742,0.0004969809694532925,0.0004959484898317243,0.0003503049593643435,0.0006335300837805662,0.0005334906788220902,0.0004926970269582384,0.0004625302010055992,0.0005640376584034408,0.0004883121881164823,0.0004992469450169058,0.0004991279446631286,0.00044738320635290366,0.0004993081983720814,0.000398770351777335,0.0004538553904892065,0.0004455535912220898,0.0004908747517048285,0.00035499549926039744,0.0004903593019441638,0.00038531647481471795,0.0004312068340220158,0.0004729724947777204,0.00037674036580123135,0.0003890192811981775,0.00046912080144856204,0.0004947082529673652,0.0004529696590464865,0.0004509516850540823,0.0004573532333943509,0.000458148747985581,0.00045785363033933914,0.0004518591364679641,0.00045026037140470654,0.0004701174895451051,0.00040826455686411627,0.0004963687661866909,0.0005105823840237598,0.0005024399420452067,0.0004988390645299955,0.0005165943414598476,0.0004891539037993207,0.0005044531593579073,0.0005013808925774309,0.0004968491256578237,0.0005077130701538821,0.0004979286630446753,0.0005097245114009245,0.0004999815019848528,0.0004996386547969512,0.0005130274417470353,0.0005213791454757513,0.00031208103211871526,0.0005085885904679238,0.0005079864289078416,0.0005087123533423372,0.0005089796631264753,0.0005084214596492813,0.000500660800116199,0.0004978637344892011,0.0004939631099257964,0.0005328689746541676,0.0004921305184017383,0.00046497393468321335,0.0005608752409681642,0.00048800787326359625,0.0004965629273961476,0.0004957356282424363,0.00044812788910321953,0.0004991987217791482
laryngeal_tissues,0.0005976039273770382,0.0006669111834480535,0.0006420666659300156,0.0006811691391740823,0.0005198383423142142,0.00035430362103204327,0.0,0.0006755861888893264,0.0004916035215486203,0.0003695169635292997,0.0004972011326566364,0.0005194569755560611,0.0005138294857867207,0.0004761385594790718,0.0004970396017985024,0.00048362479469147505,0.000591102504287762,0.0005988877706931404,0.0006574753464496701,0.0007109897756950919,0.0006707819433145312,0.0006728292717302458,0.0006723394080132489,0.0006703471104131698,0.0006716307070783584,0.0006716561796997322,0.0006725407486509051,0.00047675753582396914,0.0006533257670232902,0.0005594060345747367,0.0005118900830190668,0.00047835847095709625,0.0006316162749377973,0.0007112695253584362,0.0007072019948660899,0.0007037296552888108,0.0007131022909144964,0.0007011452764088108,0.0007106689009482795,0.0007124353990439955,0.0007016289648989495,0.0007103223082449597,0.000703166449512852,0.0007103782500493249,0.0006966856101506878,0.0006992669919771596,0.0006966031108532653,0.0004921039355892125,0.0007127732574659666,0.00040185740921676706,0.0006074466345686871,0.0007977912215794923,0.0007222838417466346,0.0006075441525083334,0.0006085994064313601,0.0006088892139474277,0.0006095803846174321,0.0006542482254520333,0.0006514530698404773,0.0006515609854371925,0.0004950972498038901,0.0006975475470625857,0.000688803689909053,0.0006843225581166231,0.0006439891042186003,0.0007302401387632055,0.0006678779502329679,0.0006736232380618183,0.000671097219958242,0.0005924364070612961,0.0006348929579400043,0.0005949210566205336,0.000669432493458224,0.0006458365185252387,0.0006860187472444712,,0.000674031569382832,0.00037458202215287116,0.0005113831548090992,0.000494647531845702,0.0005885231538851538,0.0005964295112373779,0.0006596237744914993,0.000709732936212669,0.000670483359624579,0.0006688062422147081,0.000674987396593687,0.0006757563671230509,0.0006748780596417376,0.0006685461582150206,0.0006681664260347021,0.000661393343817055,0.0005135716203518985,0.0006304566409453214,0.0007127612649762772,0.000710138415801067,0.0007028441815357873,0.0007190743338486637,0.0006953190569966873,0.000708759291849833,0.0007069017314658692,0.0007020876933932152,0.0007103100307775791,0.0007018371756066569,0.0007142269928842764,0.0007013370455728045,0.0007034102558084726,0.0007017751635209584,0.0007106423885124772,0.00040281628851437717,0.0006080051416868504,0.0006081754259896921,0.0006081725715690144,0.0006080483114303553,0.0006083619788283708,0.000655598345517948,0.0006517655554411647,0.0006504110152954542,0.0006879252396901905,0.0006840207521698434,0.0006461795871100997,0.0007279001054736583,0.0006675804930138477,0.0006712257288892566,0.0006683679040083003,0.0005937552436294012,0.0006356903777943123
nerthus_bowel_cleansing_quality,0.00033209745936061926,0.0003487457080702492,0.0003529286840140793,0.00040425165394649494,0.000403333854165439,0.0004919416897847617,0.0006755861888893264,0.0,0.0005036547000113306,0.0005811633235095009,0.00039682732869205555,0.00038346117676740397,0.0004369929391573643,0.0004125485619616212,0.0006265598447634302,0.0006419852137266619,0.00023385180084228038,0.0002118416180392823,0.00011946500362665703,0.00021484478089229837,0.00029903341968674053,0.0002984351613862634,0.00029869543457400913,0.0002992181064041596,0.0002990488345635854,0.00029877061472165234,0.00029948697565783844,0.00042056698259529374,0.00031844270898755264,0.00046540630822605354,0.0005894541944533858,0.0005542932389863476,0.000509280548679812,0.00042587646792165634,0.0004191540818896923,0.00042693654392168736,0.0004200619572295281,0.0004271771572639065,0.0004199131319664379,0.00041682959136349904,0.0004301644426317768,0.0004313948916632782,0.0004220409929437756,0.0004144159482936298,0.0004262635540193845,0.0004333804858554324,0.0005071025797224974,0.00043962091206247806,0.0005105777950402933,0.000512813347316779,0.0005546729915300182,0.0005382556071818585,0.00040655264062679794,0.0005551345332278808,0.0005555217969306449,0.0005565264762173038,0.0005556339166508372,0.00032994537433579364,0.000324695410709992,0.0003216802303417593,0.000536568509539684,0.0006814528078741514,0.00047881046908414434,0.000379967316920073,0.00041785809917445663,0.00045087753479052526,0.0004341535579746353,0.00041257814809442386,0.0004245449619233286,0.0005176272683936128,0.0004902750454792465,0.00033105665531758745,0.00035847246535381725,0.0003537976409508217,0.00040407940547035223,0.0006774305852051166,,0.0005760536597779833,0.0004367406954822329,0.0006258971558542055,0.00023261494638112534,0.00021688775760962862,0.00011997586988204446,0.00021326584399764293,0.0002972678749742438,0.0002999839120197225,0.0003001961856522189,0.0003008268726918347,0.0003012546163470535,0.00029770818408280666,0.00029897087420287244,0.0003196133292464984,0.000590476424189653,0.0005061355559861372,0.0004291139580523923,0.0004213075083136118,0.00042593449814425923,0.000422996279620654,0.0004256256163294111,0.0004201856816975771,0.00041439531237501693,0.00042833571316000437,0.0004343118685829424,0.0004239903102964112,0.00041365632653119746,0.0004272072518645659,0.00043453892366035734,0.0005077189402832091,0.0005108738676786089,0.0005086188989102392,0.0005565352532232642,0.0005542561676069635,0.0005562714050821433,0.0005567478829840902,0.000554292880129142,0.0003283221363990812,0.0003262914289820308,0.0003203305229426463,0.00047957304896270364,0.00037779323065789086,0.0004180587601368734,0.0004492080745341864,0.00043363942979927287,0.00041428062566669103,0.00042209773863293603,0.0005184411692133724,0.00048735578180164564
stanford_dogs_image_categorization,0.00042319316564133527,0.000465579695886262,0.00044334599880138675,0.0004829523901192953,0.0004057607944287039,0.0003825335976722127,0.0004916035215486203,0.0005036547000113306,0.0,0.00046263527672479616,0.00023357446077592394,0.00024356004246193485,0.00031792372809114717,0.00030846210681979326,0.0005067547604448419,0.0005167003723440955,0.000414661447321176,0.0004305796765457229,0.0004764957396495082,0.0005066603799965763,0.0004787502658890779,0.0004807215070273231,0.00048037188030510957,0.0004786928302320116,0.000479415517330497,0.00047992576695918184,0.000480166035838942,0.0003725661162130502,0.0005020647096249081,0.0004295899428406965,0.0004926508634017216,0.000433374002141814,0.000509835519945688,0.000532658245906764,0.000526165953493678,0.0005267601588261484,0.0005327895815317554,0.0005250589419957442,0.0005301570172507178,0.0005297105281435743,0.0005265322691802773,0.000532651849998008,0.0005257198665881355,0.0005303542503100588,0.0005203113674413375,0.0005268361650016154,0.0005589162128325565,0.0003986899978257372,0.0005708522725682065,0.00041595810837334135,0.0005493456740435211,0.0006197522454415271,0.0005089898457164965,0.0005498383980147251,0.0005506943378650001,0.000550821238125897,0.0005512942042958289,0.0004927390403555978,0.00048373541499040717,0.0004838830717821884,0.0004463026893148426,0.0006665730243592106,0.0005186339361013459,0.0005009569567889485,0.0004672825156254142,0.0005518969467457864,0.0004688690495292698,0.0004811924870074878,0.0004858025614148944,0.00044736240329603966,0.0005366058031872364,0.0004207947493806869,0.00046047957123772885,0.0004471616226824534,0.00048726633307339377,0.0004924528894664391,0.0005023889826999435,0.0004605655572177946,0.0003207922104767005,0.0005044999287953169,0.0004129779022805382,0.00042775858385584185,0.0004782286675722524,0.0005062261717553646,0.00047993436960246566,0.0004788394759019155,0.00048406581985490065,0.0004835358604010501,0.0004830868681013288,0.0004778718677668915,0.0004765442787625524,0.0005088982570229516,0.0004938353358405861,0.0005080759233922045,0.0005348334827662066,0.0005283834839810193,0.0005270018662156487,0.0005378312544146999,0.0005206655756422641,0.0005304382588372323,0.000525185146282657,0.0005258068322416174,0.0005330926807912949,0.0005260002097538477,0.0005321470892401842,0.0005225690657536562,0.0005300053183487401,0.000562939197244253,0.0005698629701861126,0.00041332390921095804,0.0005503857138928962,0.0005496751814488613,0.000550995607370663,0.0005501935272033875,0.0005500387470106427,0.0004924801410639276,0.00048479110339316023,0.00048247032455488636,0.0005176799752472441,0.0004987503508048215,0.00046866449618066875,0.000548876836711387,0.0004680725797234002,0.0004801246561866258,0.00048262238178256437,0.0004479986816305258,0.0005364723119639258
svhn,0.0005605883312328956,0.0005995392456805221,0.0005768868821696715,0.0006122403672713802,0.0005137337835329018,0.00038423552917598767,0.0003695169635292997,0.0005811633235095009,0.00046263527672479616,0.0,0.0004216143842611236,0.00043040113497855477,0.00034898367975384867,0.00031303806736824105,0.000362345754419232,0.0003549647444567681,0.0005283346156410265,0.0005352555187092445,0.0005651411168814816,0.000605759908118656,0.0005879714694904383,0.0005898012070484199,0.0005890910561964308,0.0005875458232577895,0.0005887846413404475,0.0005888309591455377,0.00058979530523972,0.0004856179141810665,0.0005700700978453039,0.0005215350317026913,0.0005082318894163306,0.0005319427520742019,0.0005904266872479071,0.0006138300908258443,0.0006031616207130871,0.0006012563015262708,0.0006134056789234362,0.0005978433174195818,0.0006106685368942428,0.000611231457430408,0.0005996439624209578,0.000609192486645171,0.000601241863728547,0.0006103625721315555,0.000596509702477536,0.0005983389729976562,0.0006222183914830555,0.0005030063371204735,0.0006347843798066358,0.0004667432351262107,0.0006138629524362542,0.0007115770102193757,0.000615021376603074,0.0006138714512671617,0.0006147175061078948,0.0006154261992230437,0.0006152810800953931,0.0005763322424741574,0.0005710818160342752,0.0005715547171547366,0.0005029567121237245,0.000711952688624776,0.00057070367695986,0.0005790102578325312,0.0005430558380124385,0.0006124389535082703,0.0005530040855681213,0.0005387343463451405,0.0005567152382996575,0.0005701919795505354,0.0006217034705254176,0.0005592218368520747,0.0005976971328023899,0.0005798515382963399,0.0006157584195965438,0.0003704147648240098,0.0005796853640802785,,0.00034511720800609654,0.0003609394501249676,0.0005260781054004548,0.00053293262482323,0.0005668842557383287,0.0006055562991360457,0.0005877203632631907,0.0005865419302590099,0.0005920090822656521,0.0005925710046061749,0.0005919048478916751,0.0005870575104009296,0.0005856363549527796,0.0005768897681487884,0.0005094780438323712,0.0005890279683166159,0.000615626401670979,0.0006057669389802919,0.000600087393956462,0.0006196302590861742,0.0005921276949674885,0.0006093678122819373,0.000606464139229271,0.000599978649997495,0.0006095342328894231,0.0006015450482770184,0.0006144145757051749,0.000600386876713085,0.0006014844978710341,0.0006261065709841683,0.0006332270071416477,0.00046565734273992256,0.0006149386374308291,0.0006141682428972926,0.0006141866300363214,0.0006147824531638063,0.0006140313966411882,0.0005765407347957413,0.000570928021188543,0.0005702528839522475,0.0005705501696114516,0.0005785320260402727,0.0005449367587037099,0.0006105594649382246,0.000553151483895656,0.000537024153889506,0.0005541918528934233,0.0005711521284373095,0.0006216905985271181
caltech101_object_classification,0.0003464596729055852,0.0003665383348842098,0.0003504328044202176,0.00039590752311703014,0.00035845616186771254,0.0003655698152423835,0.0004972011326566364,0.00039682732869205555,0.00023357446077592394,0.0004216143842611236,0.0,7.182922580731301e-05,0.00024178116489259645,0.00021171666282967887,0.000463785316893081,0.0004792285068808291,0.0003247627737861285,0.0003314381831827107,0.0003739611968447659,0.00039743620197406305,0.0003705049784805905,0.00037224730366254994,0.0003714608458882675,0.00037015131815406525,0.00037091626664948553,0.0003715022753105452,0.0003718888686752887,0.00033293619051838285,0.0003887854531167495,0.0003983497592211637,0.00046280454578113733,0.000441742513376496,0.0004520431882479744,0.00044267390063721756,0.0004382020181715838,0.00044167142871187094,0.00044280428109195905,0.0004406343480579552,0.00043978116776536815,0.0004404490187225479,0.00044292787537941107,0.0004456407038103355,0.00043791910720237723,0.00043994336456217286,0.0004349396124085126,0.0004428544596657932,0.0004791391436039195,0.000370521846660693,0.00048825190974650847,0.00039827949346856774,0.0005009366519023904,0.0005412318255156815,0.0004059700600715551,0.0005018683174493354,0.0005022202771593821,0.0005024886967290227,0.0005030778848040191,0.00038801336504183887,0.0003788881174058747,0.0003794993691096643,0.00042620252205861984,0.0006272755513796915,0.0004117761658461076,0.0003928268655271121,0.0003709126238396566,0.0004395089348538858,0.0003605926044340671,0.0003603304668473485,0.00037633510955468834,0.0003936270592949678,0.0004743850469429175,0.00034491806162480286,0.0003668102045255071,0.00035456566746606673,0.00039864635282379286,0.0004980558320877688,0.00039579247360840684,0.00041778174228080745,0.00024322961231038962,0.000461941193322172,0.0003241044974983874,0.0003295735249248412,0.0003749061005159874,0.000397212924723416,0.0003708679621369249,0.0003708095201218188,0.00037621087346048025,0.00037562992783968404,0.00037379571865211265,0.00037032156955381173,0.00036874592861178417,0.00039494963652341743,0.0004638654767795933,0.0004502555558760328,0.0004456293156099695,0.00044097531100525586,0.0004409724914665506,0.00044769677449478604,0.0004375235942790089,0.00044036660461966345,0.00043620345251084295,0.0004419082019474779,0.0004464584961926275,0.00043893307680186843,0.0004419915159163516,0.000437042167676817,0.0004461129804521481,0.0004821611900230308,0.00048800668715586024,0.0003950707721758322,0.0005023750082873813,0.0005011802784405993,0.0005026584640198837,0.0005020726094030464,0.0005019258679283514,0.00038746564844800984,0.00038007323105867006,0.0003784464567615434,0.00041185442173535,0.00038918715843879066,0.0003714422488948567,0.0004367352662083295,0.00036039066503721257,0.0003607356969870494,0.00037290880620607177,0.00039445834790961896,0.000474127923143168
caltech256_object_classification,0.0003440490366968017,0.00035553154332464544,0.0003405547748164899,0.00038744781516634,0.0003621685090132299,0.00037500302239468664,0.0005194569755560611,0.00038346117676740397,0.00024356004246193485,0.00043040113497855477,7.182922580731301e-05,0.0,0.00023797062852039168,0.00020901151028895171,0.00047721238969717045,0.0004941144092854286,0.00031499781458262067,0.0003232030597759005,0.00036402117522044,0.00038018714941433077,0.0003543156123850443,0.0003559420195558962,0.0003551334160854377,0.00035406814779881873,0.0003546989771152322,0.0003552912791092678,0.0003556429610494047,0.00033596017583178625,0.0003744602012661792,0.00040143070261892586,0.00047186297983583663,0.00045179648547497334,0.000450813906698027,0.00043093863349544524,0.00042712951976569603,0.0004322982806292586,0.00043101060212938325,0.0004314541256933279,0.0004279619576454882,0.00042838233607859274,0.00043417054062576567,0.0004357994556281352,0.00042783317442872474,0.00042797697356927733,0.0004251444569400559,0.00043451882092818605,0.0004714829120193866,0.00037593151208898746,0.00047990439608091147,0.000409667662623543,0.000496304929291191,0.0005313149010633918,0.0003924742156522325,0.0004972469490020894,0.0004975173313921779,0.000497752413396054,0.0004984299748729808,0.0003778012824732748,0.0003700405366513464,0.0003710080097585585,0.0004312643254518008,0.0006233316275523061,0.000397264249678236,0.00037081921272678084,0.00035351131445671586,0.0004275019673747528,0.00034061080345608333,0.00034170309181032513,0.0003574627232569616,0.0003958593285269653,0.0004665923812201028,0.0003430396925049205,0.00035280904856125223,0.00034457945871237887,0.0003898509565573685,0.0005202863061275938,0.00038267827336007515,0.0004261738564001979,0.00023927641560474524,0.00047545532868079635,0.0003146974096482373,0.0003213954703796938,0.00036487088275938316,0.0003803845389521276,0.00035448236981463913,0.00035487272657286177,0.00035946030934026063,0.00035949213585904937,0.0003579105859020304,0.0003543903728669028,0.0003523832441121653,0.00038066450336771444,0.0004729354913750508,0.00044871549256662467,0.00043451980951028017,0.00043016676241146946,0.00043137385684154415,0.0004355610092395438,0.0004287030458860776,0.00042853319103274055,0.0004243717741268291,0.000432873990461641,0.0004368565560834148,0.00042940389436918545,0.00042960371328755204,0.0004270532944694038,0.00043757483920155193,0.00047441512299470703,0.0004797897202613455,0.000406292391827351,0.0004979083291541488,0.0004967036143291267,0.0004978532580473863,0.0004974738128939919,0.0004973889454464103,0.00037673270123284356,0.0003711684018856634,0.00037001298466055136,0.00039759515343912885,0.0003669490973756245,0.00035353474416511014,0.0004249773431688568,0.0003403182977012824,0.00034262959120459136,0.00035419153762084905,0.0003967655700053543,0.00046617880952748246
