,lapgyn4_anatomical_structures,lapgyn4_surgical_actions,lapgyn4_instrument_count,lapgyn4_anatomical_actions,sklin2_skin_lesions,identify_nbi_infframes,laryngeal_tissues,nerthus_bowel_cleansing_quality,stanford_dogs_image_categorization,svhn,caltech101_object_classification,caltech256_object_classification,cifar10_object_classification,cifar100_object_classification,mnist_digit_classification,emnist_digit_classification,hyperkvasir_anatomical-landmarks,hyperkvasir_pathological-findings,hyperkvasir_quality-of-mucosal-views,hyperkvasir_therapeutic-interventions,cholec80_grasper_presence,cholec80_bipolar_presence,cholec80_hook_presence,cholec80_scissors_presence,cholec80_clipper_presence,cholec80_irrigator_presence,cholec80_specimenbag_presence,derm7pt_skin_lesions,idle_action_recognition,barretts_esophagus_diagnosis,brain_tumor_classification,mednode_melanoma_classification,brain_tumor_type_classification,chexpert_enlarged_cardiomediastinum,chexpert_cardiomegaly,chexpert_lung_opacity,chexpert_lung_lesion,chexpert_edema,chexpert_consolidation,chexpert_pneumonia,chexpert_atelectasis,chexpert_pneumothorax,chexpert_pleural_effusion,chexpert_pleural_other,chexpert_fracture,chexpert_support_devices,pneumonia_classification,ph2-melanocytic-lesions-classification,covid_xray_classification,isic20_melanoma_classification,deep_drid_dr_level,shenzen_chest_xray_tuberculosis,crawled_covid_ct_classification,deep_drid_quality,deep_drid_clarity,deep_drid_field,deep_drid_artifact,kvasir_capsule_anatomy,kvasir_capsule_content,kvasir_capsule_pathologies,breast_cancer_classification_v2,eye_condition_classification,mura_xr_wrist,mura_xr_shoulder,mura_xr_humerus,mura_xr_hand,mura_xr_forearm,mura_xr_finger,mura_xr_elbow,bean_plant_disease_classification,aptos19_blindness_detection,lapgyn4_anatomical_structures --shrink_train 800,lapgyn4_surgical_actions --shrink_train 800,lapgyn4_instrument_count --shrink_train 800,lapgyn4_anatomical_actions --shrink_train 800,laryngeal_tissues --shrink_train 800,nerthus_bowel_cleansing_quality --shrink_train 800,svhn --shrink_train 800,cifar10_object_classification --shrink_train 800,mnist_digit_classification --shrink_train 800,hyperkvasir_anatomical-landmarks --shrink_train 800,hyperkvasir_pathological-findings --shrink_train 800,hyperkvasir_quality-of-mucosal-views --shrink_train 800,hyperkvasir_therapeutic-interventions --shrink_train 800,cholec80_grasper_presence --shrink_train 800,cholec80_bipolar_presence --shrink_train 800,cholec80_hook_presence --shrink_train 800,cholec80_scissors_presence --shrink_train 800,cholec80_clipper_presence --shrink_train 800,cholec80_irrigator_presence --shrink_train 800,cholec80_specimenbag_presence --shrink_train 800,idle_action_recognition --shrink_train 800,brain_tumor_classification --shrink_train 800,brain_tumor_type_classification --shrink_train 800,chexpert_enlarged_cardiomediastinum --shrink_train 800,chexpert_cardiomegaly --shrink_train 800,chexpert_lung_opacity --shrink_train 800,chexpert_lung_lesion --shrink_train 800,chexpert_edema --shrink_train 800,chexpert_consolidation --shrink_train 800,chexpert_pneumonia --shrink_train 800,chexpert_atelectasis --shrink_train 800,chexpert_pneumothorax --shrink_train 800,chexpert_pleural_effusion --shrink_train 800,chexpert_pleural_other --shrink_train 800,chexpert_fracture --shrink_train 800,chexpert_support_devices --shrink_train 800,pneumonia_classification --shrink_train 800,covid_xray_classification --shrink_train 800,isic20_melanoma_classification --shrink_train 800,deep_drid_dr_level --shrink_train 800,deep_drid_quality --shrink_train 800,deep_drid_clarity --shrink_train 800,deep_drid_field --shrink_train 800,deep_drid_artifact --shrink_train 800,kvasir_capsule_anatomy --shrink_train 800,kvasir_capsule_content --shrink_train 800,kvasir_capsule_pathologies --shrink_train 800,mura_xr_wrist --shrink_train 800,mura_xr_shoulder --shrink_train 800,mura_xr_humerus --shrink_train 800,mura_xr_hand --shrink_train 800,mura_xr_forearm --shrink_train 800,mura_xr_finger --shrink_train 800,mura_xr_elbow --shrink_train 800,bean_plant_disease_classification --shrink_train 800,aptos19_blindness_detection --shrink_train 800
lapgyn4_anatomical_structures,0.0,0.00016405328108170928,0.00017003187887331965,0.00023568061704201695,0.0003723774476283349,0.0003968363939407843,0.0005818175441071739,0.0003492749569155984,0.00040601220672206045,0.0005655177889758483,0.0003455307735376692,0.0003419687978093762,0.00043103264319934234,0.0004037294129123491,0.0006047308760350451,0.0006073538016254112,0.0002494881850807981,0.00024668193046507283,0.00031263271780686166,0.00030497124502787035,0.00022467378641586092,0.00022615238375085084,0.00022586269301861083,0.0002246843352607255,0.00022438020147604203,0.0002248305062141114,0.00022462869291315344,0.0003774741805919909,0.00038083764391923095,0.00039593675926243076,0.0005021216695041521,0.00044050755405025574,0.000508889124540306,0.0003968207857617599,0.0004001906918044428,0.00040834124597901943,0.0003959383187156139,0.00041001898758228283,0.00039466338363681623,0.0003950471053356542,0.00041126300863938156,0.00040727757347430255,0.00040262723858236986,0.00039312722068131063,0.00039508996284803687,0.00041441324289867457,0.00043509616116311264,0.0004046659100919607,0.00043800043746007974,0.0004363140624030874,0.0005468074450794452,0.0004773342978320955,0.0004440658432538604,0.0005474278011678452,0.0005476912295900296,0.0005486022601175897,0.0005484903410740845,0.00043655653049581844,0.0004293910388250243,0.000427759618505055,0.0004937798325486072,0.0006465051244305626,0.0004724030990097359,0.0003960554138824232,0.0004309666605049806,0.0004503414714466037,0.00043456897364943156,0.0004279803887359018,0.0004484667720989502,0.0004379535048210885,0.0005046282755141094,,0.00017831409412266225,0.0001699962382895889,0.00023781356662709406,0.0005831315884943678,0.0003498353048957142,0.0005639028082275382,0.000433478699051993,0.0006029159476229715,0.0002478358451279838,0.0002450801484932108,0.00031452268236543376,0.00030334126806921927,0.0002264057187802387,0.00022471359327823863,0.00022709415870012949,0.0002293758576791944,0.0002275970515300314,0.00022103626269148844,0.00022808689547342586,0.0003847036529772831,0.000502733151830073,0.0005068572314649524,0.00039913243402434285,0.00040193578214008986,0.00040748144399497144,0.0003980529767382731,0.0004078169947500398,0.0003955854379547576,0.00039187797111060713,0.0004087092788826104,0.0004093769357352223,0.0004031175289559406,0.00039368581345558215,0.0003962990268331194,0.0004151617755404935,0.0004366741035707846,0.0004374792183715621,0.0004325753271140502,0.000547611301925374,0.0005469753829539385,0.0005491184489253972,0.0005481780614051371,0.0005474962202669956,0.00043509837541092546,0.0004313215294830323,0.0004269121253586977,0.0004725339511895194,0.0003952965425708245,0.00043162212856034357,0.0004485641896389822,0.00043405936803493357,0.0004292190529223114,0.0004466528823916661,0.0004384987298695111,0.0005033197234782525
lapgyn4_surgical_actions,0.00016405328108170928,0.0,9.150195161753696e-05,0.0001239108504408649,0.00043610703289642677,0.0004634633599830678,0.0006550352091337614,0.0003628168553113672,0.0004521755864642699,0.0006054420101198382,0.0003676136632445909,0.0003547258965518503,0.0004403077607693153,0.000422843599891552,0.0006331516415288994,0.0006450007194953916,0.00029046860476297104,0.0002949420111209876,0.00032787179251261416,0.0003037928793044719,0.00018851161296141582,0.00019010607505651648,0.00018789649697911563,0.0001881999803453211,0.00018723923609275907,0.00018875024801402583,0.00018739821465424685,0.0004328656685082821,0.00035836130690357007,0.00044083595306261677,0.0005607754913193328,0.0005274775175491751,0.0005412799847272646,0.00039998823711435787,0.00040071364409612737,0.0004072335814558911,0.00039799039940101007,0.0004090720413127141,0.00039689725186697964,0.00039684442699171606,0.0004116573580778281,0.00040676000684485995,0.0004026182988525834,0.00039470642250433424,0.0003985457712285987,0.000413079612020507,0.0004543579390234035,0.0004603931002420419,0.0004530449476135677,0.0005189001816774904,0.0006031523315651527,0.00046463940574383543,0.000444933105610878,0.0006038443261610217,0.0006036286292663207,0.0006043880473804847,0.0006045159545941463,0.0004423976423761299,0.0004439397602752623,0.0004438542955150491,0.000534813993204223,0.0006964122159400926,0.0004483259175752931,0.0003867394362844181,0.0004333916822025069,0.0004271578291135555,0.00041624756510559124,0.0004125653584482557,0.00043092120976617797,0.00046593764406001423,0.0005481795502811672,0.00016670544113362871,,8.824633308101823e-05,0.0001236678129214754,0.0006563109286908878,0.0003632615049095454,0.0006021861960815377,0.00044295944938609803,0.0006314831712014984,0.0002901676329077565,0.0002932914028688055,0.00032896742510521405,0.00030325765028127585,0.00019133385866127752,0.00018868724856147196,0.00018876600721768867,0.00019178214525554318,0.00018499895684226936,0.00018624231371636217,0.00019370421948009127,0.00035909234374587636,0.000560876494271424,0.0005396288552911898,0.00040103284307193535,0.0004008711283371312,0.00040605144656621607,0.000398556197798536,0.00040830645927003334,0.0003979967894170715,0.0003950666576838872,0.0004090966170183539,0.0004077138441377627,0.00040416690822518334,0.0003952023341641334,0.0003981561164725989,0.0004131922158269643,0.0004542206491815923,0.0004536099015502711,0.0005148204796594725,0.0006038037269537208,0.0006028650909531415,0.0006052509757208259,0.0006043040537857886,0.0006039536090421209,0.0004410335820656582,0.0004454398421042079,0.0004431435727465682,0.00044870368744369176,0.0003846573579823404,0.00043221924287715726,0.0004259326230062686,0.00041671106088670773,0.0004152410451709463,0.00043039839035868583,0.00046611510812144335,0.0005463462699532645
lapgyn4_instrument_count,0.00017003187887331965,9.150195161753696e-05,0.0,0.0001050218846743647,0.000416108106567308,0.00043902280606104057,0.000627931721531905,0.0003690538188717021,0.00042782561570472045,0.0005807032153953232,0.00035132028512982965,0.00033946604928843517,0.0004303728969089296,0.0004108862667871929,0.00061212611447857,0.0006206892740545514,0.0002824748641111815,0.0002869702443758454,0.00033648461722518227,0.0003298190847037323,0.0001688494841713863,0.00017119309945993848,0.00016868176924739458,0.00016875847842753725,0.0001681510134707174,0.00016944109609347838,0.00016797861059435274,0.0004156986174160562,0.0003820178132735313,0.0004476563713679273,0.0005389161204599609,0.0004953969759367276,0.0005282611177226365,0.0004130643727759339,0.00041629676089975935,0.00042372807952487893,0.00041125542291849495,0.00042578236668620525,0.0004105734207094881,0.00041051358953901395,0.0004280009839849712,0.0004224665894169196,0.00041747574236687554,0.0004073376541230378,0.00041274146039967465,0.00042950224383504494,0.00045574528806853677,0.0004459700374740246,0.00045638055503957836,0.0004991303019646596,0.0005767725818366146,0.00047944578764412776,0.00045424971404307125,0.0005773210745650774,0.0005769699289424469,0.0005778548786393129,0.0005779738300188278,0.0004324757923111841,0.00044059284334020676,0.00044066820652307107,0.000529223007423942,0.0006715380842264895,0.0004403750774855663,0.0003897617439235533,0.00041392670118255923,0.0004328818628208357,0.0004037018317089337,0.0004060328767319492,0.0004175061696195221,0.0004619889065145832,0.0005284241548391982,0.0001724525280395138,9.308133134321107e-05,,0.00010897462317012877,0.0006290834115823306,0.00036938858779009937,0.0005779126723193299,0.0004328086470959237,0.0006101534762087272,0.0002820384026672447,0.0002845032664766713,0.0003383136735306863,0.0003289196487088393,0.00017212403953308206,0.00016920980862486547,0.00017125828623575638,0.00017230244726779901,0.0001665661468960756,0.00016530843235755863,0.00017251305550239083,0.00038429382145650743,0.0005393311106527066,0.0005261891376664563,0.00041521016476782076,0.0004166461289857319,0.00042239743824093917,0.0004127975154846118,0.0004244263884353209,0.00041143546951564385,0.0004081501801580902,0.0004249312042253472,0.00042419984967360437,0.00041901633523238246,0.0004074969197929376,0.0004130723956129884,0.0004298915413844471,0.0004565376151418843,0.0004567514151908141,0.0004954389474512745,0.0005774193134701715,0.0005763984678547092,0.0005786135886811778,0.0005779585855816385,0.0005774277990738706,0.00043171608984015697,0.00044146511978146246,0.00043975758483244315,0.00044079870829234866,0.0003878509345210883,0.00041303383215363977,0.0004313737524334241,0.0004039896581873231,0.00040810085767056033,0.0004167244545016411,0.00046226835574907674,0.0005267964085062803
lapgyn4_anatomical_actions,0.00023568061704201695,0.0001239108504408649,0.0001050218846743647,0.0,0.0004744351353948613,0.0004833033785928274,0.0006666690550835648,0.0004217228988058484,0.0004675655157862737,0.000616339182633253,0.0003974371783857291,0.00038667635703754327,0.0004757789216167235,0.0004599841979253193,0.0006414029320469851,0.0006530535796104763,0.00035296586921868423,0.000358282751551602,0.0003890071668625571,0.00038017939363878115,0.00024097517462541622,0.00024246576644682512,0.00023996936949419173,0.00024039805835143508,0.0002398754936009262,0.0002411272740737942,0.00023987299853975346,0.00046723685283972196,0.0004037337735464154,0.0004945713635876602,0.00059213793707825,0.0005490933196000886,0.0005672296345123958,0.0004504787290351338,0.00045251839496833317,0.0004569993027040629,0.0004505458041748565,0.0004588497825364149,0.0004482357630018822,0.00045017143843430603,0.000461518733703874,0.00045579611614376324,0.00045263352995514176,0.000447134164195125,0.0004486928690437604,0.0004603653844407292,0.0004941539564228043,0.0004900355367347853,0.0004947875915296953,0.0005517955354558451,0.0006276033988456663,0.0004985833914797489,0.0004964422903168317,0.000628325803914176,0.000627984140854924,0.0006285460686499631,0.0006289337614179292,0.00048133199208518656,0.0004922793061829182,0.0004934335814532603,0.0005694440557679145,0.0007145233426242889,0.0004704596939261469,0.00043380471549021464,0.0004596561546246445,0.0004532632577776615,0.00043593733265616066,0.0004369996503954998,0.0004531134329946098,0.0004931862834977228,0.0005794723323611547,0.00023767147773159404,0.00012417496454104464,0.00010374224432137046,,0.0006678755645790969,0.00042185373788552024,0.0006141403599180472,0.00047828529989923035,0.0006389762437369665,0.00035303181881901277,0.00035690953296571505,0.00039057176376776153,0.000379708922812906,0.00024400023777380024,0.00024156223511687862,0.00024204598438014763,0.00024354335350110128,0.0002360990501359873,0.00023857635126000025,0.0002442054489051387,0.00040471101240910384,0.0005922918233968013,0.0005659786451092177,0.0004516404942990493,0.0004519828363341501,0.00045577421269853776,0.0004510067902806939,0.00045818331955691216,0.0004492357132224521,0.000447850264301171,0.0004587775082648171,0.00045631157512516704,0.0004537458083981777,0.00044821092166447,0.0004483158263031327,0.0004607910558652999,0.0004946917036436494,0.0004950344805406663,0.0005485080691403467,0.0006280300333436972,0.0006274687534175746,0.0006296201742370456,0.000628382181039541,0.0006283633054984004,0.0004803762921604339,0.0004934362032591896,0.0004922437419043361,0.0004711780444971252,0.0004317448803178314,0.00045853712347802285,0.00045202173655868876,0.00043636033787513694,0.0004394206820533274,0.00045293912130262015,0.000493574830853356,0.0005781517803649734
sklin2_skin_lesions,0.0003723774476283349,0.00043610703289642677,0.000416108106567308,0.0004744351353948613,0.0,0.00036508691962279684,0.0004791199166995517,0.00042170014686787155,0.0003844666682718569,0.0004976252456504791,0.0003574828916640584,0.0003603909481436412,0.00042940382782577963,0.00039337973496829674,0.0005459175706439576,0.0005392021571285614,0.0003071460848705986,0.00032083688750764454,0.0004171408226348128,0.0004384591935845554,0.0004083597316327793,0.0004100213706903868,0.00041083032647854054,0.00040882860758980125,0.0004093841885722548,0.0004091720465951056,0.00040922647692973887,0.00020410415288015662,0.00045552392056552924,0.0003469760353624482,0.00044434242887525917,0.0002856208714115753,0.0004766346246059781,0.00045345312112155195,0.0004584325197622435,0.0004655762307314992,0.000451081495458264,0.0004669717032816338,0.0004514511057214885,0.0004501030035523767,0.0004686551972786109,0.0004677098282124274,0.00045906817246212144,0.0004426635307372623,0.0004568654312332923,0.00047037345791643074,0.0004952423224565944,0.00019531557580553248,0.0005028763129366478,0.0002588841148963212,0.0004149894626657285,0.0005449983079484392,0.000465362411072009,0.00041582412782884296,0.00041634950618890665,0.0004169187038762084,0.0004170648897655604,0.0003618972517272763,0.00034703681000832474,0.0003478017846701303,0.0004154638707843498,0.0005304850323408633,0.000514586281807258,0.0004541896733337284,0.0004647897933364098,0.0005183465726265696,0.0004810851236725597,0.0004895087919187186,0.0004810537638434532,0.0004103862664752624,0.0003855945179030806,0.00037036885026264885,0.0004355549867451491,0.0004206553988996765,0.00047801921339813943,0.0004804118362593241,0.00042019640276493876,0.000496065200547984,0.00042838782727110044,0.0005450983140318148,0.000307275167806973,0.0003173012372326637,0.0004176879122588758,0.00043909816517616725,0.00040756570761262185,0.0004086320420703431,0.0004130023317211091,0.0004124855649701736,0.00041401529917362294,0.0004065643605131757,0.00040645773400316347,0.00046211637398141934,0.00044429126213005587,0.000474382090114175,0.00045802966680365503,0.0004613249354422221,0.0004652344263612983,0.0004545164759174673,0.0004623591397882573,0.00045164149442722076,0.00044557140187587667,0.00046655203142464133,0.00046924289690748885,0.00045994701687696434,0.00044296374866187484,0.0004606094021722326,0.0004721836827930913,0.0004983266289853878,0.0005019637750614486,0.00025683506524771973,0.0004160150110127587,0.00041517833348438864,0.0004175104096592929,0.000416264521190957,0.00041600974358596543,0.0003603031027115032,0.0003463277257460376,0.0003483013573996048,0.0005145368280568415,0.00045270962555993906,0.0004664111948686861,0.0005162257053077469,0.0004800621627127367,0.000488301273013163,0.0004770905026256095,0.00041035732861645856,0.00038461897203826356
identify_nbi_infframes,0.0003968363939407843,0.0004634633599830678,0.00043902280606104057,0.0004833033785928274,0.00036508691962279684,0.0,0.0003281130260988315,0.0004944610255720788,0.0003544881230463575,0.00036863824564618267,0.00035017343173575593,0.00035774575884579287,0.00041805792665227846,0.00037374897055004417,0.0004537227926049615,0.00044606268815142994,0.00037204242848913594,0.00038796634479305983,0.0004686406862762733,0.0004965239346108335,0.00045602270407930093,0.00045822892264951433,0.00045789969060535405,0.00045559186503623257,0.00045744315526781345,0.00045722060250080515,0.00045828123485532936,0.0003291978899296798,0.0004513269518700141,0.0003398229772178882,0.0003675113507683939,0.0003512577088390644,0.0004690859492254441,0.000490216738631713,0.0004822446345402596,0.00048114654426962585,0.0004917182580999047,0.00047757385445053714,0.0004884571491944801,0.0004894860524698452,0.0004789784195578937,0.0004892383796043065,0.0004809557371796133,0.0004890318105327948,0.00047627850745027593,0.0004775142689108753,0.00047197053914509234,0.0003264840294789608,0.0004862145094547622,0.0003025691154048465,0.000474195916535069,0.0005786595106686987,0.0005035521083001119,0.0004742242635206403,0.00047522976418889465,0.00047575440335256966,0.0004760256615433075,0.0004862566807949439,0.0004850022633133676,0.0004843411362704715,0.0003261667074933008,0.0005664494431302362,0.0005115569641936455,0.00048039425274489737,0.0004459400170169916,0.0005491412877942103,0.0004700340820467702,0.00048521038452051647,0.0004795233268686885,0.0004229204348355257,0.0004736666436170151,0.00039440277465777095,0.00045270792894154413,0.0004430073441568363,0.0004885205053918715,0.0003285493606311762,0.0004927807813823327,0.000370269039898442,0.00041663894998282157,0.00045118866997409757,0.00036911861551097605,0.00038341632209165123,0.00047130753408483334,0.0004956881971071069,0.0004557502165205825,0.00045382603409978436,0.0004609358769082515,0.0004611201282278604,0.0004611006368309238,0.0004544359448617467,0.000452517461703283,0.0004583579486082646,0.0003690822794131225,0.00046750759087139904,0.000491781972726698,0.0004852536299094204,0.00048100869982681455,0.0004988201574307473,0.0004708473766380827,0.0004867231341403966,0.00048387721206107103,0.0004780373642178636,0.0004887818405138575,0.0004797318081959714,0.0004929991568991379,0.00048121861133154387,0.00048108389077860213,0.00047637409912302056,0.00048479082591426886,0.00029987751165912885,0.0004746397321290643,0.00047471486057089574,0.00047542677474483424,0.0004752574217341423,0.0004750494757482214,0.00048750962949037813,0.00048617306401115424,0.00048192664613865623,0.0005108995903304522,0.00047995397941044297,0.0004482495754865381,0.0005463464252025413,0.0004696169479559085,0.000482537742615739,0.0004759932388813987,0.00042366766196485323,0.0004738471964229086
laryngeal_tissues,0.0005818175441071739,0.0006550352091337614,0.000627931721531905,0.0006666690550835648,0.0004791199166995517,0.0003281130260988315,0.0,0.0006669582591979504,0.00044047718801654124,0.00032778792441967195,0.00045885874185117796,0.00048071531402235797,0.0004755334346799652,0.0004392963330563695,0.00044020018711658803,0.00042397140336968356,0.0005707555104588016,0.0005807899886181792,0.0006480571961009929,0.0007007495165429909,0.0006633330375434957,0.0006655284625716831,0.0006651777781104102,0.0006630769349808801,0.0006642152738019287,0.0006643002091188453,0.0006652441385919773,0.00043770927441334144,0.0006297536614586319,0.0005126354153538362,0.00045504603352951984,0.00041641968452045455,0.0005794592432707156,0.0006758539322564011,0.0006722346294252596,0.000667476796942577,0.0006786755985078107,0.0006645062352295325,0.0006759442459198081,0.0006781548499140298,0.0006648850624554899,0.0006742198415072033,0.0006674692014062635,0.000676467211799652,0.000661664976676264,0.0006616617241994513,0.000642875494889095,0.0004475694231442503,0.0006593392903310666,0.0003551448122511043,0.0005489777205943035,0.0007474225511216617,0.0006859830663807658,0.0005491817600170546,0.0005500805948146757,0.0005498239420055799,0.0005509653947769775,0.0006206734490233111,0.0006187830245951451,0.000619455609307988,0.0004381528538819487,0.0006094427086467161,0.0006463171151178885,0.000654107084684424,0.0006055011658749145,0.0006982183009140745,0.0006312278925765088,0.0006432244740580434,0.0006347251508134987,0.0005460743885831139,0.0005841641119802621,0.000579138413828022,0.0006562926865659349,0.0006317883604952824,0.0006717748645621171,,0.0006653356993537692,0.00033285394829581647,0.0004730353361542474,0.0004378620252638247,0.0005680571398034649,0.0005783612668802399,0.0006500221768343281,0.0006999037434951512,0.0006629909723827486,0.0006616801420387666,0.0006682085687994199,0.0006685379848997146,0.0006678380114339807,0.0006611686434982427,0.0006603449834577588,0.0006383471635535286,0.00045681319776191105,0.0005788570998511212,0.0006771992075995398,0.0006754576612317081,0.0006668938697428207,0.0006850477971492764,0.0006583851554161806,0.0006739507677406298,0.0006729022702390107,0.0006655463162550325,0.0006733678607995789,0.0006656113022845292,0.0006808960373967147,0.0006660030222837481,0.0006663191640841207,0.0006479906192021633,0.0006571973291967008,0.00035654299157147977,0.0005492373173372546,0.0005500746781994942,0.0005493688025675944,0.0005492788197305099,0.0005502093512018565,0.0006222337042095512,0.0006189060113735084,0.0006180040201784126,0.0006454206715641785,0.0006536132243486726,0.0006077366805032822,0.0006960975536784977,0.000631066657781437,0.000640701923964377,0.0006319711941086168,0.0005475099076282064,0.0005856809056464439
nerthus_bowel_cleansing_quality,0.0003492749569155984,0.0003628168553113672,0.0003690538188717021,0.0004217228988058484,0.00042170014686787155,0.0004944610255720788,0.0006669582591979504,0.0,0.0004923320482878717,0.0005854418759704469,0.0003970793309635888,0.00038149525667861806,0.0004448879522470484,0.00042361887411862455,0.0006315228464430463,0.0006393520863363658,0.00024366735990244065,0.00021999748810107853,0.00012104290510967622,0.00021427994947824418,0.00031162713995616415,0.0003111406542155625,0.00031133985760447967,0.0003119180005407451,0.00031164500821760513,0.00031134763636253495,0.00031215093972811685,0.0004379619651252158,0.0003241142179685547,0.0004709967244848966,0.0005703701970700373,0.0005448688820448295,0.0005019935487746486,0.00042085619930015716,0.00041516945988539215,0.0004235688358539335,0.0004153183029027864,0.00042390249147230955,0.0004148732278055778,0.0004118378241945601,0.0004273508499055633,0.0004276354687788518,0.0004186694043842714,0.00041017245132612837,0.00042401669239122426,0.00043070424224452177,0.0004962462251153384,0.0004587448416176046,0.0004977034673043753,0.0005252361298310468,0.0005459520119196848,0.0005262668836333725,0.00040287134993916376,0.0005462429073253123,0.0005465385876647418,0.0005473769671315686,0.0005466255593813871,0.0003325352113742351,0.00032625876937518146,0.0003230642112666875,0.0005439040180043556,0.0006358865233027996,0.00047321271621018896,0.0003794963637286182,0.0004214656070215238,0.00044799006539132506,0.00043454057352924577,0.000412518394220798,0.0004220067750931875,0.0005190487304315721,0.00048301093991615427,0.0003487106039523261,0.00037279464898780585,0.0003698591731199853,0.0004214716153752137,0.0006685016725013911,,0.0005809776463962532,0.0004447537538168077,0.0006312810279968111,0.00024260104946147718,0.00022498284778305294,0.0001213618421222316,0.00021303725955604562,0.00030952244225183694,0.0003128261589123129,0.00031294799888496394,0.0003130246159305736,0.0003140281048965312,0.0003105803058481213,0.0003114413398317663,0.000324718604107398,0.0005712960006317668,0.0005002869146262438,0.0004242946993976176,0.00041727151841249163,0.00042310373534265404,0.00041807483373392223,0.0004227816918258078,0.000415746564873326,0.0004101272825859175,0.00042515761729496136,0.00043044063224933023,0.00042063490344871766,0.0004089714028597524,0.0004238013261874076,0.0004316698292698681,0.0004963003935748368,0.000498418988077296,0.0005225574098062018,0.0005470434868218263,0.0005456445604649636,0.0005476275185943251,0.0005476389987245713,0.0005455182240945791,0.0003309876263273612,0.0003277553939407318,0.0003215218947934415,0.0004744883325209251,0.0003774543515668201,0.0004213224909380774,0.00044677506451030146,0.00043375978714049073,0.0004147488776741942,0.00042037937442408524,0.0005196377656677467,0.0004802756968239581
stanford_dogs_image_categorization,0.00040601220672206045,0.0004521755864642699,0.00042782561570472045,0.0004675655157862737,0.0003844666682718569,0.0003544881230463575,0.00044047718801654124,0.0004923320482878717,0.0,0.00042677672502923556,0.00021230563673567664,0.00022233554396623143,0.00029535251346307916,0.0002864950441895408,0.0004707684798873313,0.00047187079632140735,0.0003953883501694851,0.0004129169985191436,0.0004634101473983106,0.0004931836740005234,0.0004682672757763847,0.00047032049660847774,0.0004700943912249322,0.0004683624113011766,0.00046895084162429303,0.0004697360902500941,0.00046970541421759913,0.0003502051611739713,0.0004807198547237747,0.00040051427116388294,0.0004438240855902841,0.0003900710767987919,0.0004717352528217574,0.0005020998962693075,0.0004966360290370288,0.0004965517538681177,0.0005036424189364977,0.0004946868644602488,0.0005003323048196843,0.0005010203461569223,0.0004960284236893268,0.0005020463302578928,0.0004956316230358151,0.0005022068489978614,0.00049062034767154,0.0004959588021685275,0.0005150858935645149,0.0003760740471592315,0.0005273933977974879,0.00038931181291673196,0.0005016003467941745,0.0005809400730056285,0.0004777308721880906,0.0005019500446819432,0.0005027176169486618,0.0005026419315722403,0.0005033443900094279,0.00046535158040408804,0.0004569483452022616,0.0004574258162486826,0.0004134742312006457,0.0005855275957129872,0.00048198748140350323,0.0004757631322640867,0.0004377900575091344,0.0005232846668974004,0.00043633302692865355,0.0004527552366348678,0.0004539481380141458,0.00041465290282904395,0.0004964338572854574,0.00040386068247434583,0.00044651818119579017,0.00043151850841968427,0.00047175421133437514,0.00044126901320095226,0.0004910677764355318,0.00042559746651589156,0.0002979546362645774,0.0004690354509198749,0.0003935073922078867,0.00040995802502630946,0.00046485817021938136,0.0004930167055763854,0.0004693911579296094,0.0004684231561026956,0.00047400241485959536,0.00047312676231824015,0.000472764540611151,0.00046733330674700183,0.00046563229447912983,0.0004873479576406074,0.0004445841861325792,0.0004713049067999769,0.0005043464927566589,0.0004991361031231297,0.0004969341907894333,0.000509025466996232,0.0004900011792589932,0.000500917139448736,0.0004964563700746436,0.0004952470025886793,0.0005021221895807092,0.000495260397389911,0.0005041342547958045,0.0004928045915108929,0.0004994567095737264,0.0005189719164922621,0.0005264503643212618,0.0003870857463974417,0.0005022355113995323,0.0005021151841007597,0.000503216388991275,0.0005020626022548122,0.0005024667654153453,0.0004650625333209458,0.00045783265094427383,0.000455844461123384,0.0004811634211955284,0.0004734212121813206,0.000439048654837668,0.0005207931596219154,0.00043567857203131056,0.00045142672336207385,0.0004512477779871992,0.0004150951017910621,0.0004971081580506982
svhn,0.0005655177889758483,0.0006054420101198382,0.0005807032153953232,0.000616339182633253,0.0004976252456504791,0.00036863824564618267,0.00032778792441967195,0.0005854418759704469,0.00042677672502923556,0.0,0.00039935996245457384,0.00040714915122172675,0.0003226753515215937,0.0002881137224495167,0.00033101192434346866,0.00032155384754989304,0.0005263919205322823,0.0005355685240902282,0.0005694983371102159,0.0006072565568761364,0.0005946352142550876,0.0005965330324505167,0.0005958577207037254,0.0005942647262255603,0.000595386584836975,0.0005955372356859828,0.0005965167102677385,0.0004702274504280317,0.0005629341521631941,0.0004923078561469914,0.0004639341442447634,0.0004936621030318185,0.0005569971317967981,0.0005882665158683597,0.0005773931765923341,0.0005739200615779265,0.0005888491986215779,0.0005700249499548697,0.0005856493979744099,0.000586538623657702,0.0005718636928200515,0.0005824422870772253,0.0005749543610683402,0.0005867161253511139,0.0005709928378928842,0.0005698955061485845,0.0005824028854803331,0.0004832813181990194,0.0005947028576985939,0.000439985110794663,0.0005763380481712812,0.00067532030458453,0.0005955735552180001,0.0005762010197320998,0.000577057055552215,0.0005775207470410952,0.0005775568715049211,0.0005656283288782024,0.0005608469489097722,0.0005618814445157402,0.0004645394870478565,0.0006392482532691284,0.0005379943703894535,0.0005615655085433465,0.0005161708870865005,0.0005928588901224326,0.000526224947464617,0.0005188032406054138,0.000528522263289508,0.0005417682430244139,0.0005903721266945566,0.0005645212571379375,0.0006013659563669426,0.0005836886734239901,0.0006199629946184062,0.0003286739857507441,0.0005838404125544231,,0.00031888744663927543,0.0003299255660504239,0.0005242038719082812,0.0005331274006026565,0.0005711599454750881,0.0006071671655242055,0.0005941769421149974,0.0005934159327130304,0.0005989731283538051,0.0005993810939917403,0.0005986794869984315,0.0005940433579476,0.0005918561847907481,0.0005701138764968033,0.00046445541483005075,0.0005564135898735204,0.0005899435612753732,0.000580254164877126,0.0005730582286784856,0.0005954276497487901,0.0005643450691720296,0.0005843367119725798,0.000582218276666364,0.0005723489439419501,0.0005819524158696456,0.0005746838457796709,0.0005912301625057576,0.0005743884891875246,0.0005732689084614653,0.0005862606409946149,0.0005931676640733169,0.00043988751177349134,0.0005767900209520241,0.0005766851721557586,0.000576450434233839,0.0005767208944020804,0.000576532809481041,0.0005660821038632939,0.000560361385844594,0.0005601327554832683,0.0005378972302713874,0.0005610463040916082,0.0005178563277863676,0.0005911003233507732,0.0005262592556966693,0.0005166315748916879,0.0005260127634326397,0.0005427649452521661,0.0005907445163895416
caltech101_object_classification,0.0003455307735376692,0.0003676136632445909,0.00035132028512982965,0.0003974371783857291,0.0003574828916640584,0.00035017343173575593,0.00045885874185117796,0.0003970793309635888,0.00021230563673567664,0.00039935996245457384,0.0,6.74644934437191e-05,0.00023378514142027618,0.0002051310388781026,0.0004432016958888397,0.0004504488788804019,0.00032006432748150145,0.0003306764642064969,0.00037356703150268923,0.0003981903604723191,0.00037526995452458255,0.0003772595886903452,0.0003764151326759861,0.0003749737987075066,0.00037588037989812813,0.00037648385836746743,0.00037680758231777,0.0003288057378462177,0.0003832375420563883,0.0003861974253116282,0.00042574349080514226,0.0004147286979424309,0.00042782367630892984,0.0004268552231815355,0.0004234112018265548,0.00042616706812656415,0.00042793850354362617,0.00042511848448292366,0.00042451613439538214,0.0004257680915988759,0.00042717208759993574,0.00042960105630553917,0.00042253091901566886,0.0004258614914962359,0.0004200198584773013,0.00042673634977038343,0.00044931842764459984,0.00036895877425469883,0.00045854256402429595,0.00038667055626230606,0.00047210445257060533,0.0005148823798755433,0.0003895693488707888,0.00047280875916859693,0.00047307096799841707,0.00047328256114032653,0.0004739662371245503,0.0003765489366830077,0.0003673039950356545,0.00036818290832712656,0.00041273649629757137,0.0005633482386543963,0.00038983858727421395,0.00038085862167852054,0.00035468939604697955,0.00042469647181318565,0.00034232590570386573,0.00034677252628681943,0.00035871525544876474,0.00037497893130157783,0.00045119820427922666,0.00034415012866842096,0.00036725194453420543,0.0003554305077647263,0.0004000307211686448,0.000459656692375099,0.00039605651312524053,0.00039623543642539966,0.00023493084047483993,0.0004417405942980926,0.00031950185880082036,0.00032877048927584145,0.00037428111542079647,0.0003981991872624507,0.00037552658673133566,0.0003756934207122054,0.0003812876397018452,0.00038063365319756994,0.0003788013387271222,0.0003752100250952598,0.00037342413687652435,0.0003890614598391496,0.0004265534906974555,0.0004274365755267145,0.00043015785885604273,0.0004263987002161044,0.0004254072904074469,0.00043303842094922606,0.00042181493646375415,0.0004251437288504619,0.00042192660517179526,0.0004261858286433991,0.0004300899291430578,0.0004232150494882899,0.0004282009835051818,0.00042175414767053063,0.0004299439394104161,0.00045207734637053566,0.0004585127306487651,0.0003842872552843623,0.0004729495182526569,0.00047241406647467526,0.0004739265927703022,0.00047276616293771595,0.00047305907498003657,0.00037605222205980765,0.0003682795981485333,0.00036712987571396933,0.00038968847695708056,0.00037721966278285305,0.0003550641225357105,0.00042247491316428957,0.0003422846845940377,0.0003471106116125002,0.00035559116590398303,0.0003758225773570655,0.00045178695420265496
caltech256_object_classification,0.0003419687978093762,0.0003547258965518503,0.00033946604928843517,0.00038667635703754327,0.0003603909481436412,0.00035774575884579287,0.00048071531402235797,0.00038149525667861806,0.00022233554396623143,0.00040714915122172675,6.74644934437191e-05,0.0,0.00023083929617036928,0.0002035995345946744,0.00045646489801513086,0.0004649750563253319,0.0003073969413089376,0.00031968485339820696,0.00036115825430077313,0.00037945192700328137,0.000355416854768336,0.0003573286680727277,0.0003563966098547837,0.0003552390515421884,0.00035588684833200385,0.0003566259490430857,0.00035675184887726914,0.00033139003896301455,0.0003664443402827208,0.0003888169442452136,0.00043348563981587677,0.00042363569294887694,0.0004257415020549143,0.00041314870193361595,0.0004105536548581529,0.0004149278815242511,0.0004143105067218687,0.00041412054939768156,0.0004107737909962108,0.0004119686030401036,0.0004166978074110082,0.00041778368733907424,0.00041077444969233424,0.0004119727052853037,0.00040811089980774795,0.00041660267672894075,0.0004408709633553752,0.00037420179307288753,0.0004488592971079425,0.00039723527625224364,0.0004663752904864704,0.0005037066353382093,0.00037383868365341066,0.00046712117671455545,0.00046723975414651676,0.0004674611752801777,0.00046833980663717374,0.0003648499685677877,0.00035749590871777425,0.00035863890261214474,0.0004166482204868027,0.0005582590716025741,0.0003738317929869888,0.00035855511765263697,0.00033554814395179706,0.00041011636982033687,0.000321510361562251,0.00032705043419446733,0.00033913336409088063,0.0003759150301978156,0.00044245505345818896,0.00034125685105511143,0.0003517710250785978,0.00034298585542541304,0.0003890965040498699,0.00048137132619645914,0.0003804886185532693,0.0004034608407866905,0.00023211220158624314,0.0004551056189180822,0.0003072090783113453,0.00031781441025895444,0.00036186965753307574,0.00037966145822700603,0.00035556431520586895,0.00035614488727147723,0.00036096098220387944,0.0003608956199610165,0.000359365236195399,0.0003556118050449455,0.0003535240885537076,0.00037200228456096937,0.00043448734046287865,0.0004250172391589331,0.00041688781265425,0.00041361036889600236,0.0004140521708770404,0.00041907168788232665,0.000411253694581608,0.0004115401163706716,0.00040818182905474226,0.0004155252820554201,0.00041837392033841706,0.00041180989492598636,0.000413843080483894,0.00040955299610606193,0.000419491798609954,0.0004434408480889191,0.00044900445879828,0.00039467056136358915,0.0004674173224303893,0.0004668541453761775,0.00046795144268483885,0.0004671201450899679,0.000467601167726361,0.0003639057491533256,0.00035857890918149774,0.0003575156586392435,0.00037405787838148713,0.0003548880771551832,0.00033543980684402127,0.0004081390732098713,0.00032117586909395147,0.00032794187885630815,0.00033609627327899934,0.000376774827867623,0.00044284278348200794
