,lapgyn4_anatomical_structures,lapgyn4_surgical_actions,lapgyn4_instrument_count,lapgyn4_anatomical_actions,sklin2_skin_lesions,identify_nbi_infframes,laryngeal_tissues,nerthus_bowel_cleansing_quality,stanford_dogs_image_categorization,svhn,caltech101_object_classification,caltech256_object_classification,cifar10_object_classification,cifar100_object_classification,mnist_digit_classification,emnist_digit_classification,hyperkvasir_anatomical-landmarks,hyperkvasir_pathological-findings,hyperkvasir_quality-of-mucosal-views,hyperkvasir_therapeutic-interventions,cholec80_grasper_presence,cholec80_bipolar_presence,cholec80_hook_presence,cholec80_scissors_presence,cholec80_clipper_presence,cholec80_irrigator_presence,cholec80_specimenbag_presence,derm7pt_skin_lesions,idle_action_recognition,barretts_esophagus_diagnosis,brain_tumor_classification,mednode_melanoma_classification,brain_tumor_type_classification,chexpert_enlarged_cardiomediastinum,chexpert_cardiomegaly,chexpert_lung_opacity,chexpert_lung_lesion,chexpert_edema,chexpert_consolidation,chexpert_pneumonia,chexpert_atelectasis,chexpert_pneumothorax,chexpert_pleural_effusion,chexpert_pleural_other,chexpert_fracture,chexpert_support_devices,pneumonia_classification,ph2-melanocytic-lesions-classification,covid_xray_classification,isic20_melanoma_classification,deep_drid_dr_level,shenzen_chest_xray_tuberculosis,crawled_covid_ct_classification,deep_drid_quality,deep_drid_clarity,deep_drid_field,deep_drid_artifact,kvasir_capsule_anatomy,kvasir_capsule_content,kvasir_capsule_pathologies,breast_cancer_classification_v2,eye_condition_classification,mura_xr_wrist,mura_xr_shoulder,mura_xr_humerus,mura_xr_hand,mura_xr_forearm,mura_xr_finger,mura_xr_elbow,bean_plant_disease_classification,aptos19_blindness_detection,lapgyn4_anatomical_structures --shrink_train 800,lapgyn4_surgical_actions --shrink_train 800,lapgyn4_instrument_count --shrink_train 800,lapgyn4_anatomical_actions --shrink_train 800,laryngeal_tissues --shrink_train 800,nerthus_bowel_cleansing_quality --shrink_train 800,svhn --shrink_train 800,cifar10_object_classification --shrink_train 800,mnist_digit_classification --shrink_train 800,hyperkvasir_anatomical-landmarks --shrink_train 800,hyperkvasir_pathological-findings --shrink_train 800,hyperkvasir_quality-of-mucosal-views --shrink_train 800,hyperkvasir_therapeutic-interventions --shrink_train 800,cholec80_grasper_presence --shrink_train 800,cholec80_bipolar_presence --shrink_train 800,cholec80_hook_presence --shrink_train 800,cholec80_scissors_presence --shrink_train 800,cholec80_clipper_presence --shrink_train 800,cholec80_irrigator_presence --shrink_train 800,cholec80_specimenbag_presence --shrink_train 800,idle_action_recognition --shrink_train 800,brain_tumor_classification --shrink_train 800,brain_tumor_type_classification --shrink_train 800,chexpert_enlarged_cardiomediastinum --shrink_train 800,chexpert_cardiomegaly --shrink_train 800,chexpert_lung_opacity --shrink_train 800,chexpert_lung_lesion --shrink_train 800,chexpert_edema --shrink_train 800,chexpert_consolidation --shrink_train 800,chexpert_pneumonia --shrink_train 800,chexpert_atelectasis --shrink_train 800,chexpert_pneumothorax --shrink_train 800,chexpert_pleural_effusion --shrink_train 800,chexpert_pleural_other --shrink_train 800,chexpert_fracture --shrink_train 800,chexpert_support_devices --shrink_train 800,pneumonia_classification --shrink_train 800,covid_xray_classification --shrink_train 800,isic20_melanoma_classification --shrink_train 800,deep_drid_dr_level --shrink_train 800,deep_drid_quality --shrink_train 800,deep_drid_clarity --shrink_train 800,deep_drid_field --shrink_train 800,deep_drid_artifact --shrink_train 800,kvasir_capsule_anatomy --shrink_train 800,kvasir_capsule_content --shrink_train 800,kvasir_capsule_pathologies --shrink_train 800,mura_xr_wrist --shrink_train 800,mura_xr_shoulder --shrink_train 800,mura_xr_humerus --shrink_train 800,mura_xr_hand --shrink_train 800,mura_xr_forearm --shrink_train 800,mura_xr_finger --shrink_train 800,mura_xr_elbow --shrink_train 800,bean_plant_disease_classification --shrink_train 800,aptos19_blindness_detection --shrink_train 800
lapgyn4_anatomical_structures,0.0,0.0001664055322818799,0.0001804055176274836,0.00025680781372037,0.0004344729260213476,0.0004522788737618835,0.0006743333538497946,0.00038743960540399305,0.00048468223455591593,0.0006652973861036124,0.00040643114053574776,0.00040244053444025854,0.0005032682694693858,0.00047687233433762566,0.0006981595044195829,0.0007124037155011515,0.00027658531066376526,0.0002700806218743616,0.0003416841881280146,0.00031769093568507383,0.00023467443381636628,0.00023620556817000192,0.00023551292719537764,0.00023481882517517456,0.00023403275614062186,0.00023471635946978065,0.00023430512113495203,0.00044000951645538025,0.0004330170474488689,0.0004520118094756744,0.0005675355796350829,0.0004989329260512644,0.00059744631857154,0.0004560839633884913,0.0004607624369836181,0.0004733545949684541,0.00045437630037367097,0.0004756520277317425,0.0004530187410734531,0.0004532415051079678,0.0004775757979902067,0.0004713367721147618,0.00046551442697893657,0.00045046279219383993,0.0004567665336267472,0.0004825479632843806,0.0005106662304769302,0.0004703869587621459,0.000511923985228302,0.0004929157811914041,0.0006459185992272482,0.0005486434127669618,0.0005124978339862552,0.0006470214824792702,0.0006470964949436253,0.000648197071611427,0.0006480113036298356,0.0005036004342249597,0.0004971245697653456,0.0004956397651840214,0.0005899348271218614,0.0007625107485567577,0.0005568004235214725,0.0004628746183464927,0.0005162413882473297,0.0005163983117714908,0.0005161577817019991,0.0005033858338741604,0.0005260458754212117,0.000520197948800351,0.000597221307220827,1.5016415572874894e-05,0.00018664294277154754,0.00017964111037178042,0.00025972645662202995,0.000675274072227556,0.0003879294596673193,0.0006630295988694374,0.000505902475296976,0.0006960541456836443,0.0002746384328042465,0.0002689656484286885,0.00034372874871288765,0.0003157959457841194,0.00023623615925348206,0.00023502695917329387,0.00023641795847382708,0.00023944044150517966,0.00023764117156230302,0.00023013978369347418,0.00023980999273305698,0.00043665056982744057,0.0005685013950141016,0.0005948802279626901,0.0004594513938856861,0.00046202494377421514,0.000471934359970426,0.0004556978426534299,0.0004739171395260331,0.00045420222934538027,0.00044992628167104956,0.000474175111365029,0.00047422040795227295,0.0004665924311427194,0.00045065054831602554,0.00045732435054338853,0.0004832323426081413,0.0005116692681104943,0.0005116364020252015,0.0004893642690523502,0.0006466603677834809,0.0006465928956492131,0.0006489371016156226,0.000647779476851096,0.0006466827526209448,0.0005015218631571289,0.0004992327431535977,0.0004946607698025716,0.0005571960729827039,0.000461363188878595,0.0005171447125355553,0.000514533307087001,0.0005160614461703728,0.0005058864023284336,0.0005244801452323264,0.0005208094521451697,0.0005951456543968248
lapgyn4_surgical_actions,0.0001664055322818799,0.0,9.495461749773147e-05,0.0001345955223603303,0.00047752965468265306,0.0004901130312242312,0.0007062527198808013,0.00039711709773787384,0.0005192537326033069,0.0006733187560432992,0.00042369049393401365,0.0004132624142583048,0.0005031078005130096,0.0004865378369236337,0.000684419714582649,0.0007085676894093704,0.0003204576758859929,0.0003201640245799525,0.0003550277082560782,0.0003219039230495305,0.00020058502919713584,0.00020233197149528869,0.00019988950966760973,0.00020054948590651143,0.00019913468798358835,0.00020048034967007963,0.00019914887640320688,0.0004722666377516086,0.00040309439362533773,0.0004846386412909843,0.00059609509308344,0.000561258704431456,0.0006015441854548866,0.00045654996243821777,0.0004569902438225954,0.000465896708608031,0.000454237015565937,0.00046783842650208635,0.00045265372704339187,0.0004526624190655667,0.0004709859221805028,0.0004655061576201398,0.0004600325384604582,0.00044962713278083393,0.00045590440390357544,0.00047330179709584715,0.0005181018816757702,0.0005022822005844847,0.0005155198321065721,0.0005520530185541495,0.0006688419043605273,0.0005291288471226693,0.0005041689029909788,0.000669939770632751,0.0006695750508303167,0.0006704075056036436,0.0006705251721368157,0.0004934910605649367,0.0004971477312026961,0.000497407510732112,0.000602382327632701,0.000775286852172988,0.0005160443187096333,0.00044550420213528507,0.0004996478435041472,0.00048097713558604207,0.00048043532149205133,0.0004746979258746529,0.0004932592180971849,0.0005303396574836515,0.0006133192455731592,0.00016853316077246861,6.145112702712508e-05,9.090716411484139e-05,0.0001361566560704895,0.0007068231800602162,0.00039735823170978667,0.00067026351316643,0.0005055892982439001,0.0006825704136242006,0.0003202929948053504,0.0003185658717256186,0.0003563594010198215,0.00032134043361076994,0.00020333276001300343,0.00020054388746091684,0.00020058093346417955,0.00020416076568224346,0.00019707038058258973,0.00019773312506138896,0.00020661324142227816,0.0004035028936308049,0.0005965679519008891,0.0005994526011233104,0.0004581404217352665,0.00045676721712871373,0.0004643592916203558,0.00045452196615563823,0.0004673193977791677,0.00045363621264794503,0.00045043188963473843,0.00046796981234066093,0.0004668990346375591,0.0004618840759442576,0.0004499122152795895,0.0004554001710184969,0.00047349958599059757,0.000517365335220576,0.0005159753282143395,0.0005484919587510855,0.0006692837987840171,0.0006691537541269514,0.0006714719150452775,0.0006703566304473,0.0006696769814172564,0.00049182937686124,0.0004986201291085895,0.0004965714663965292,0.000516665560368979,0.0004429790823177204,0.0004982048231897617,0.0004795727770446401,0.00048117331011743737,0.0004780006982462822,0.0004930299486623108,0.0005304503125010164,0.0006110852149862914
lapgyn4_instrument_count,0.0001804055176274836,9.495461749773147e-05,0.0,0.00011519996796587361,0.0004613410608684162,0.0004720201794432199,0.0006915019467912326,0.0004043942566646342,0.0004959101961791746,0.0006567936203780222,0.00040367471685939056,0.0003933343083513265,0.0004924375093384414,0.0004740355419075473,0.0006715872942198933,0.0006906073892838987,0.0003124618371090763,0.0003126852358408819,0.00036661129489179894,0.00034887065275769554,0.00017913591299372633,0.00018173068504390649,0.00017896923398251607,0.0001793954371267855,0.00017831517683408109,0.00017958299038018104,0.00017802107640440184,0.0004637065237099254,0.00042869286946306865,0.0004976181475295039,0.0005828466156590944,0.0005368958748461538,0.0005966153754939894,0.0004696099992117043,0.0004730199278801093,0.0004835702025264741,0.00046683609595526764,0.0004860505108606807,0.0004661879464908929,0.0004659128763685646,0.0004887466006938879,0.00048201190789060917,0.0004756201724058364,0.0004615553824636648,0.0004707818842801903,0.0004916563468708848,0.0005216001333683638,0.0004957131827330413,0.0005204724529550492,0.0005438366044118163,0.000648984963247162,0.0005455186947066772,0.0005145142566821204,0.0006499572126569659,0.0006493345935184474,0.0006503957430898501,0.0006505494128786912,0.00048623066693679587,0.0004954075123838908,0.0004956954198475456,0.0006079620443362641,0.0007586134721272164,0.0005120703137716086,0.000449120828890022,0.00048201029006999293,0.0004911224140055742,0.0004680116010013803,0.00046703238510755005,0.0004809441989127186,0.0005314590596366925,0.0005958550189055841,0.00018197070580566478,9.934149304400715e-05,1.5033318868417273e-05,0.00012039345409823338,0.0006921116898147251,0.0004044585354205856,0.0006539643206105716,0.0004950113801818107,0.000669450166965435,0.00031237369673321486,0.0003102057917708911,0.0003680837208201267,0.0003479498435365276,0.00018240735074654405,0.0001795594921109513,0.00018118764113764132,0.00018337156696525886,0.0001767411422420439,0.00017567037204250786,0.00018376351450581955,0.00043093671887477506,0.0005838533030277167,0.0005944476599551053,0.00047255876621380853,0.00047280193222055684,0.0004816859403059492,0.00046805529496743783,0.0004851489358659017,0.0004671215542340953,0.00046327162890554626,0.0004853100858583394,0.0004843523857335219,0.0004776968586034672,0.0004611021935383537,0.0004708873987492751,0.0004919909189800561,0.0005214758121005641,0.0005208788545246843,0.000540613190986928,0.0006493063625415136,0.0006490197581552361,0.0006514062756212255,0.0006505319815210553,0.000649851523006518,0.00048494887086399335,0.0004963628424669866,0.0004945545714032532,0.0005127744271604773,0.00044662500732677815,0.00048078717738984233,0.0004894761247789222,0.0004685724364818356,0.00046974912368934305,0.0004803957796539145,0.0005315964707607538,0.0005937569586381443
lapgyn4_anatomical_actions,0.00025680781372037,0.0001345955223603303,0.00011519996796587361,0.0,0.0005328460951696998,0.0005341229490153647,0.000744077134455806,0.00046523233477342615,0.0005484867802943369,0.0007052936301402814,0.000462001041493626,0.00045272985387156506,0.0005476837917977786,0.0005334802745019045,0.0007122164465220016,0.0007348272590925276,0.00039618579553037846,0.00039475499162050227,0.0004282500623549049,0.000407374422170168,0.00025793264059655513,0.0002595100280194842,0.00025689431735539654,0.00025777772526223964,0.000256610710348402,0.0002577870667627894,0.0002563480674178544,0.0005267905640888116,0.0004542997460741399,0.0005591510021420485,0.0006492438342943076,0.0006077851885101054,0.0006453043058182377,0.0005150604692377925,0.0005176503595022556,0.0005252610382900774,0.0005142987205288451,0.000527522075434177,0.0005119851525746406,0.0005138100050492966,0.0005307511345184445,0.0005234699488194045,0.0005192530922232208,0.0005098348921035631,0.0005151505029231253,0.0005307575497593825,0.0005684567252686913,0.0005510933592643942,0.0005669431099913838,0.0006138526850172618,0.0007093474972501399,0.0005695322523215424,0.0005657381955018515,0.0007104560701494427,0.0007100273884586232,0.0007105845292820028,0.0007108712639635363,0.0005409899193288064,0.0005551367944687602,0.0005566433533608691,0.0006581432118886877,0.0008082023243693112,0.0005491765962494328,0.0004995489005407782,0.0005369501366096275,0.0005174952196632367,0.0005064279829002044,0.000502823592456678,0.0005230389490457831,0.0005705155490124693,0.0006519606329724915,0.0002581399566009136,0.00013927246467231524,0.00011343373279399052,1.8251092562637803e-05,0.0007446129033737837,0.0004651411549951057,0.0007025323559406412,0.000550537690470052,0.0007093334877062635,0.00039662797776935705,0.00039348030992834246,0.0004295654612059286,0.0004070147175606038,0.00026120531453585985,0.0002586170607267569,0.00025850127296333754,0.0002602346304511789,0.00025246655278295154,0.0002553814931251624,0.00026238817729278224,0.0004548408913845002,0.0006499288803252748,0.0006437918159460155,0.0005169414663594194,0.0005163366515597426,0.0005236193226106407,0.0005142887726755913,0.0005276682220983482,0.0005130941135357053,0.0005113897323009314,0.0005276504807984209,0.0005244659524922713,0.000520919245584795,0.0005103113615240553,0.0005144230725046659,0.0005309824444465791,0.0005680236593249715,0.0005671371616054128,0.0006111198598545758,0.000709416719082773,0.0007096828878745835,0.000711976062208212,0.0007104138899856636,0.0007099535067908128,0.0005394542714402737,0.0005564991440248383,0.0005551874923032149,0.0005502474037410221,0.0004970158397875504,0.0005352345741350479,0.0005160909635293371,0.0005072458488794716,0.0005060026970468948,0.0005231875060306983,0.0005708693740571958,0.000649960697484366
sklin2_skin_lesions,0.0004344729260213476,0.00047752965468265306,0.0004613410608684162,0.0005328460951696998,0.0,0.00044208518149447683,0.0005965759630917665,0.000469458434579504,0.000470507747683847,0.0006143896085171825,0.00040896782704006354,0.0004039277780096902,0.0004966630030294102,0.0004585659872304242,0.0006649325400175637,0.0006634977818893945,0.0003385868492181041,0.00035675480742901377,0.00046051315879415996,0.00046432318762126547,0.00043558583299920504,0.0004372340276403643,0.0004380731433272748,0.0004362705894864011,0.00043657671593118683,0.0004365579631709094,0.0004361914828640445,0.00023185465970406832,0.000509931061318017,0.0004087086298212089,0.0005313777982988649,0.00033657994295981265,0.0005662023353191777,0.0005133832434935785,0.000522507686380996,0.0005340186411065253,0.0005090076662492589,0.0005372919422862409,0.0005099391881528269,0.0005072709275144062,0.0005400789687283726,0.0005345354006974154,0.0005239406306537672,0.0004968961674405687,0.0005232895317367228,0.0005428553252525861,0.0005829861864826507,0.00022645860065054332,0.0005878763060439501,0.000297319952468651,0.0004983208003141093,0.0006251841089935857,0.0005254134463211909,0.0004997342845607315,0.0004997823393085257,0.0005005358823589776,0.0005007555233402027,0.000419545653366852,0.00040132995287316846,0.00040246730779881654,0.00052745861910746,0.00064317598519586,0.0005887562459506214,0.0005055100478460078,0.0005426796524724015,0.0005838958817722927,0.0005526507304469499,0.0005580139240432499,0.0005424526808861562,0.0004957046932386798,0.0004594792918124611,0.00043288896043471167,0.000477448156421697,0.0004669069411248601,0.0005362524960690786,0.0005977289306779894,0.0004681370003392434,0.0006117841418997261,0.0004969736863413032,0.0006642053293455201,0.0003399059582207673,0.0003523168507394242,0.0004606421357750488,0.00046551503978299765,0.0004340730313920827,0.00043717181362318183,0.00044029452633014796,0.0004397201461113411,0.00044168706512130653,0.00043418187676548623,0.00043354096063733335,0.000516724203632509,0.0005317329026367475,0.0005635965657059477,0.0005192609655706899,0.0005252444296742423,0.0005323945915451109,0.0005108464171626664,0.0005333576684398405,0.0005105259244435093,0.0005030086677669078,0.000536612776401842,0.0005374088787027862,0.0005262009765670732,0.0004958523599375272,0.0005266177264121409,0.0005439680496651799,0.0005851161953429516,0.000587702298478472,0.00029628077927813524,0.0004992700741327349,0.0004987069546692408,0.0005018079176406713,0.0004998566067647834,0.0004994794880551559,0.00041677617569504775,0.0004002663943812672,0.00040349586552876056,0.000589264897664792,0.0005026446478155206,0.000544492449950158,0.0005821842897898837,0.0005517633612866066,0.0005579143852869606,0.0005389313698103695,0.0004954126535129087,0.0004572802801691879
identify_nbi_infframes,0.0004522788737618835,0.0004901130312242312,0.0004720201794432199,0.0005341229490153647,0.00044208518149447683,0.0,0.0004541736255509678,0.0005385021153761756,0.0004314241091254602,0.00047523434870342177,0.00037459741858323996,0.0003711677561652124,0.00045647041365265775,0.00040603287529084487,0.0005911566830054163,0.0005929929822446056,0.00040090638626878174,0.0004147089666102289,0.0005014676193683646,0.000508089394640614,0.0004681276387741951,0.0004706730953377827,0.0004700969057228076,0.0004683191963712208,0.00046964799687241454,0.0004696450761828173,0.00047066542096667037,0.0003946105816987071,0.000491075152974699,0.0004103522671628584,0.0004715086074530975,0.0004597417123315771,0.0005972000481071814,0.000544076397780711,0.0005361565717200267,0.0005404776487425412,0.0005441646673400751,0.0005381151428411685,0.0005401990161718939,0.0005401185120028219,0.0005410759195872128,0.0005483488581598312,0.0005375732157355675,0.0005399506971689962,0.0005335310140938551,0.0005421462630409695,0.0005695810453667418,0.0004027872277025396,0.0005817503604162079,0.00038994921159919433,0.0006126813592415923,0.0006665878787649633,0.0005616190399769253,0.0006133878530572701,0.0006141695912169935,0.0006146485447708165,0.0006147327619762596,0.0005599951951686088,0.000554286049864556,0.000553985893557832,0.000436567079518211,0.0007370020613897131,0.000586130046952156,0.0005284309620689206,0.0005247817196087816,0.0006168000148907133,0.0005368301307305246,0.0005439457132597121,0.000544804236238134,0.0005287571029048414,0.0006014047782616429,0.00045105165704107785,0.00047945060792865915,0.00047617184841664787,0.0005379696259259171,0.0004541563439189541,0.0005364702843419786,0.0004756690501337025,0.0004561862267708003,0.0005884119776678157,0.0003988544535240486,0.0004085895752875007,0.0005040980321040018,0.0005082753069363704,0.0004668591783412528,0.00046712211921621865,0.0004736131129687051,0.0004748307587016451,0.0004747003477025973,0.00046793724009998403,0.0004650314423375125,0.0004983037780678803,0.000473903725545011,0.0005952269150101175,0.0005471514693146229,0.0005388303985030595,0.0005394586354742546,0.0005503709395821523,0.0005323292971980585,0.0005394668807426643,0.0005349916310268454,0.0005386280755831829,0.0005488695990011655,0.0005380104617608876,0.0005424794516569548,0.0005374506812441357,0.0005453569485350649,0.0005730837415204794,0.000581113834664518,0.00038692850468481535,0.0006133997403331818,0.0006135269131715444,0.0006150412269170294,0.0006144140128545861,0.0006136682481321525,0.000559744992599484,0.0005552480683599715,0.0005520115933931223,0.0005863145157050862,0.000525714285504201,0.0005268978906533021,0.0006142453979782736,0.0005366322939069824,0.0005427535051721274,0.0005418209205455447,0.0005296894714409043,0.0006001229076887071
laryngeal_tissues,0.0006743333538497946,0.0007062527198808013,0.0006915019467912326,0.000744077134455806,0.0005965759630917665,0.0004541736255509678,0.0,0.0007208091615784832,0.000545250177408436,0.00043143394014106304,0.0004958386963091287,0.0005112016147331388,0.0004858461448128277,0.00044769558575588755,0.0006198965022464829,0.0006148363182359078,0.0006419259376497183,0.000644749243946923,0.0006975083652911037,0.0007256528674851123,0.0007073188796551094,0.0007095279076435792,0.0007090427801541646,0.0007076550932879192,0.0007082550256261079,0.0007085229141825273,0.0007092798010573394,0.0005444296378508712,0.0006877228777383718,0.0006326822262348662,0.0006418009678789166,0.000603261242543912,0.0007653427931851616,0.0007551880237219848,0.0007555451169015232,0.00075593574549149,0.0007571777002575632,0.0007555601480336464,0.0007538985395596815,0.000755835644497326,0.000756511083273829,0.0007595218113768223,0.0007523573800087564,0.0007531162832737348,0.0007470706943318334,0.0007555323343545527,0.0007813443023616685,0.0005899395497703747,0.0007939877843677887,0.0005078549771585848,0.0007683032821106321,0.0008638450811923284,0.0007836650998121892,0.0007692085630459143,0.0007693254911367684,0.0007691150437167194,0.000770480345799438,0.0007143870235060171,0.0007070206624235729,0.0007081293081025531,0.0006011059703050616,0.0008737390197697803,0.0007527057715830626,0.0007253134905712109,0.0007290804176239815,0.0007859298815940366,0.0007368330187134454,0.0007300743218058559,0.0007269155323317657,0.0006911542252225966,0.000769884808028529,0.0006725454496555362,0.0007223220086499367,0.0006948080536442376,0.000746847742852383,8.2340438872852e-06,0.0007195119601719085,0.00043535876882902074,0.0004853801244719359,0.0006162226228240162,0.0006412756832557857,0.0006417011335673897,0.0006991157643159582,0.0007260908397527566,0.0007057384653689698,0.0007071936609708083,0.0007121368801251169,0.0007137050746793409,0.0007128762653286605,0.0007058341863102167,0.0007052155164370447,0.0006960187429392009,0.0006430765224736376,0.000763789922629457,0.0007583091763673485,0.0007577715703991966,0.0007540993527513462,0.0007606446064487137,0.000751247818811857,0.000752939788037039,0.0007519495400752146,0.000756473366462945,0.0007597806635400008,0.0007521916583670067,0.0007559467332077576,0.0007491098507680507,0.0007592331042066275,0.0007848492458519683,0.0007931638552029943,0.0005084312565300036,0.0007691871237663237,0.0007691130597709347,0.0007696535127149256,0.0007689267288492679,0.0007701885929996789,0.0007138830829238405,0.0007070413467421626,0.0007078858349354245,0.0007523235480694289,0.0007228398107384109,0.0007304847758373963,0.0007847299346833527,0.0007366540849405277,0.0007304468065519271,0.000725344312906874,0.0006927879001874047,0.0007690483448574408
nerthus_bowel_cleansing_quality,0.00038743960540399305,0.00039711709773787384,0.0004043942566646342,0.00046523233477342615,0.000469458434579504,0.0005385021153761756,0.0007208091615784832,0.0,0.0005732516284658452,0.0006514294971162178,0.00046189685898663735,0.00044564270271385304,0.0005196278560125771,0.0004987753302223818,0.0006769615994209426,0.0006881488500891938,0.00027088992757526585,0.00023930185989798607,0.00013129663801239193,0.00022835853275614222,0.00033216326349957276,0.00033183678427585803,0.0003319934052023055,0.0003326587513553161,0.00033239358997733484,0.00033196785680469676,0.000332797062759889,0.0004820427342984725,0.0003513831085086328,0.0005171421526390121,0.0006065884527576633,0.0005871355402512511,0.0005451791826307582,0.0004644235790077413,0.00046050310358419766,0.00047269104444126346,0.00045835267347149383,0.00047372256702085804,0.0004580614941814608,0.0004547656914837847,0.000476944931081738,0.0004749456899124086,0.0004652318159831089,0.00045142111085852735,0.00047106562154260347,0.00048180358079671063,0.0005539161274582323,0.0005097388238392251,0.0005541677458256353,0.0005646806547191907,0.0005803454288421106,0.0005749224773111108,0.00044936025188618893,0.0005809701112745177,0.0005811217107841253,0.0005817589773027133,0.000581077503205406,0.00036300283983214335,0.0003601659997263754,0.00035690304137033586,0.000612103584009041,0.0006785602742609886,0.0005287331804498074,0.00042201305171608877,0.0004694795438171535,0.0004955923108712648,0.00048770914132352874,0.00046593988277875197,0.00047157300480725483,0.0005998894432065967,0.0005224639497325942,0.0003874374330919165,0.00040960662893502035,0.0004050433653751209,0.00046508826503425637,0.0007219656741010685,1.194512106264513e-05,0.000646613839281587,0.0005192551065303587,0.0006771484678833586,0.0002701380035444254,0.0002452307284476571,0.00013148116746876848,0.00022710704188463277,0.0003303325550218924,0.00033358154992395604,0.00033347772534883307,0.000333957499550978,0.0003351489193836013,0.0003315282755965618,0.0003324909377504733,0.00035190916298634807,0.0006082259015036454,0.0005431495435451431,0.0004687238254554563,0.00046200447260890374,0.0004714670073177176,0.00046098237632200044,0.00047238383252684856,0.00045880953099574663,0.0004530409059539491,0.0004737656927055185,0.0004786816739710322,0.00046795035869804855,0.000449864911750575,0.0004704888382433196,0.00048274927694450415,0.0005532065982740168,0.0005553752438375295,0.0005623791488033262,0.000581265449880603,0.0005803034234841474,0.0005823305341891633,0.0005822381217969175,0.0005796383959453651,0.0003615803361554755,0.00036122837708819135,0.0003556529212876026,0.00053014647898009,0.0004191985152531368,0.0004694348360530789,0.0004944697666207241,0.0004870374116833973,0.00046830214853387447,0.0004700298493531373,0.0006004721107309397,0.0005193532292740939
stanford_dogs_image_categorization,0.00048468223455591593,0.0005192537326033069,0.0004959101961791746,0.0005484867802943369,0.000470507747683847,0.0004314241091254602,0.000545250177408436,0.0005732516284658452,0.0,0.0005313760183616314,0.00024408263020945102,0.00024845496254299193,0.00034454658958972393,0.0003405420034497173,0.000591418606312333,0.0006055324440928508,0.0004617928177011245,0.0004802101690246205,0.0005356632590442122,0.0005503835814071346,0.0005267641941876569,0.0005290826449331416,0.0005287899362605528,0.0005271397965306553,0.0005274205601459511,0.0005283623145919381,0.0005281954144850799,0.00043818351851692566,0.0005684807923244197,0.0004872227408268817,0.0005467689116178186,0.00048081223558043066,0.0005894710516543099,0.000590774560532,0.0005872508464244413,0.0005908379806189139,0.0005917230476314134,0.0005901678091662244,0.0005883513813456599,0.0005888520068035129,0.000591572962742256,0.0005945479743995747,0.0005875252857737713,0.0005894742623133219,0.0005815237340606268,0.0005929406997139831,0.000625002281996161,0.0004776598551731675,0.0006359953268403216,0.0004883596275823796,0.0006253451100624915,0.0006859511748188769,0.0005650401498643599,0.0006261115728995064,0.000626831752937725,0.0006265863862426456,0.0006274507538429155,0.0005574830028114016,0.0005447751186810628,0.0005451914121279372,0.0005314761030318653,0.0007330301982521853,0.0005770789922030473,0.0005533765024436183,0.0005312466410621075,0.0006144647257105738,0.000521594091567826,0.0005337974792414838,0.0005374332301388635,0.0005020519157903278,0.0006158309816071561,0.00048170324513741763,0.0005156021918480049,0.0005005378469649782,0.000552798686079703,0.000545251715479565,0.0005719748026765832,0.0005298615678699077,0.0003477930936047674,0.0005892649311614131,0.0004602282503569572,0.00047660042833617386,0.0005368076914406778,0.0005505591170874842,0.0005279356642554709,0.000527703528419023,0.0005327352577479637,0.0005324982146224804,0.0005319129389375059,0.0005263678335070226,0.0005245978161582253,0.0005755288434136749,0.0005475626594973106,0.0005883208572552834,0.0005941280344127784,0.0005895295316652427,0.0005906477317985973,0.000596061357634322,0.0005861606449835991,0.0005893936969574749,0.0005844943239995309,0.0005904825087282278,0.0005948850733152299,0.0005879628827560259,0.0005906734817246431,0.0005830322085403722,0.0005962867599222595,0.000628120032855047,0.0006354701843634643,0.0004864420763261661,0.0006260764760071123,0.0006263686984926678,0.0006273514377842931,0.0006261754258978105,0.0006265182749265596,0.0005563079742775567,0.0005462393114872566,0.0005435259519523521,0.0005772606745509611,0.0005494680743025537,0.0005323628514363978,0.0006121740759235133,0.0005210626131936404,0.0005336526960783698,0.000534719122084387,0.0005023025721894742,0.000615398632821076
svhn,0.0006652973861036124,0.0006733187560432992,0.0006567936203780222,0.0007052936301402814,0.0006143896085171825,0.00047523434870342177,0.00043143394014106304,0.0006514294971162178,0.0005313760183616314,0.0,0.00045453768846740773,0.00044818870029709914,0.00032607098627186206,0.0002893034215206546,0.0004393858714668329,0.00043308224213556176,0.0006003749583959976,0.0006050413603656392,0.000630440506634779,0.0006480704136160738,0.0006473686014331604,0.0006495333145459912,0.000648642833076311,0.000647573656811991,0.0006482419672191811,0.0006483929619486784,0.0006496516242160636,0.0005895099724867578,0.00063980997606831,0.0006059189989741977,0.0006186649561357341,0.00067574310670036,0.0007101802776635544,0.000658514401900331,0.0006489510161319184,0.0006506055984921782,0.0006576419675223346,0.0006483737244686856,0.0006541652655791157,0.0006545633033204843,0.0006508428155639037,0.0006573706431637265,0.0006485412388233243,0.0006539983426834258,0.0006454907488218949,0.0006510046991226546,0.0006984648683192512,0.0006215334082906149,0.000708222740602238,0.0005917195096451864,0.0007600020849801702,0.0007769200703912327,0.0006893448516036311,0.0007603158934928509,0.0007609128842680845,0.0007612130575896296,0.0007611747661525237,0.0006612153702392903,0.0006501566948176644,0.0006516008478611797,0.0006160597621511505,0.0008509494982195424,0.0006220528510572215,0.0006224320690733148,0.0006114125542673066,0.0006667937701294271,0.0006076914185835504,0.0005809565485080324,0.0005976399363134838,0.0006854289872304396,0.0007506098223711014,0.0006652069448575182,0.0006709092324252756,0.0006597294674430946,0.000706912066084948,0.00043278154737408695,0.0006499392851741316,1.5794008880284147e-05,0.0003227508979062719,0.00043827245189546025,0.0005998864887235744,0.0006015909659653565,0.0006319409823481237,0.00064910252505246,0.0006462546386552716,0.0006474485441326715,0.0006519125794301767,0.0006535874963157335,0.0006525877047438139,0.0006484800474301455,0.0006451976995603255,0.0006465921096478865,0.0006195525966519236,0.0007092308420708592,0.0006614199450417222,0.0006514391488123894,0.000649104864148659,0.0006628676010403921,0.0006433142076653694,0.0006533221014894009,0.0006511445044111707,0.000650284110768545,0.0006575886084977591,0.0006499064791709278,0.000657328870526546,0.0006475135582546364,0.0006539397297994575,0.0007012679594341529,0.0007076130438021324,0.0005916227779192739,0.0007607199202396783,0.0007604528768786615,0.0007608046199418689,0.0007605020515852923,0.0007601899736580135,0.0006601113038929545,0.0006494364347008367,0.0006504802237631117,0.0006229831868519841,0.0006204603060954914,0.0006124121162186214,0.0006655939637018984,0.000607371545974583,0.000580241306817834,0.0005963174039865277,0.0006863971279841803,0.0007492526884990989
caltech101_object_classification,0.00040643114053574776,0.00042369049393401365,0.00040367471685939056,0.000462001041493626,0.00040896782704006354,0.00037459741858323996,0.0004958386963091287,0.00046189685898663735,0.00024408263020945102,0.00045453768846740773,0.0,7.002970143057117e-05,0.0002691527205910618,0.00023397925558842569,0.0004980598796761557,0.0005134763451143886,0.00037335648599183595,0.0003793093919034154,0.0004318438169844588,0.0004453586760468227,0.0004238894533550582,0.00042629853882922774,0.00042538868758131877,0.000423909719452088,0.0004246370920318159,0.0004252969853287956,0.0004255007987903355,0.0003724626037703749,0.00044775877789158603,0.0004355594235199411,0.0004656141450964337,0.00046416762071869013,0.0005061147151710772,0.0004976016747215842,0.0004960710121455268,0.0005019800640472527,0.0004981578859455375,0.0005016166984818946,0.0004948149336788999,0.0004957858638130699,0.0005037005853651994,0.0005040913447863912,0.0004958762814841517,0.0004947845357076772,0.0004923607354207887,0.0005044230127501689,0.0005368808051725693,0.0004277879788079663,0.00054596478377019,0.00042654849076671016,0.0005511775427373654,0.000599999705859383,0.00045819519624467844,0.0005524537565473502,0.0005524507981151648,0.0005524283358371442,0.0005535513555649414,0.0004415857486460858,0.00043006273076180246,0.0004311873925648851,0.00048295328569763585,0.0006615266438155224,0.00047015734642219607,0.00044495118140582305,0.00042623193240032167,0.0005049838558182341,0.00041181683646739,0.0004164606593977946,0.00042746723758145706,0.000449409379914389,0.000531702396593585,0.0004046489434872039,0.0004260171029985986,0.0004090726723516131,0.0004651808947970182,0.0004955683722692592,0.00046081359142180543,0.0004514386504508851,0.00027040483124676307,0.0004961681544861543,0.0003729655313390075,0.00037698499490353306,0.000432618694189088,0.00044582729382816903,0.0004238571078469485,0.00042474765447615383,0.00043047611270652315,0.000430302208486644,0.00042864742559921276,0.0004238018250470912,0.00042215084344978537,0.0004544848730640255,0.00046718258477967354,0.0005054915720313093,0.0005018946071814705,0.0004988843107657456,0.000500713928654137,0.0005030256300546877,0.0004981251038930438,0.0004956915237537632,0.0004918103423297991,0.0005022306877457442,0.0005048480339061653,0.0004970364282130836,0.0004966307308972646,0.0004938970223317035,0.000507748667602666,0.0005392098922119133,0.0005462070629449764,0.0004248020509266035,0.0005520793830909677,0.0005519741732351753,0.0005534126007626216,0.0005522126335375103,0.0005525799471665356,0.00044031715070077073,0.0004310109937002493,0.0004297542423073596,0.0004703830964969008,0.0004402350958132855,0.000426925659875395,0.0005026496365142551,0.0004117746220834678,0.0004171918288359244,0.000423875755967986,0.0004502586531160798,0.0005315727881283839
caltech256_object_classification,0.00040244053444025854,0.0004132624142583048,0.0003933343083513265,0.00045272985387156506,0.0004039277780096902,0.0003711677561652124,0.0005112016147331388,0.00044564270271385304,0.00024845496254299193,0.00044818870029709914,7.002970143057117e-05,0.0,0.00026213562133551937,0.00022680081032094368,0.0004989085188822808,0.0005149892875347876,0.00035581634755504384,0.00036301853569942704,0.0004185543267554332,0.0004283189525330634,0.00040248807524897453,0.00040483667412187334,0.000403853775437529,0.00040254023373011583,0.00040320276552013797,0.0004039871787023076,0.00040400463198931685,0.00036920802474941014,0.0004296291722978774,0.0004317304481175041,0.0004647366433859541,0.00046540898128025876,0.0004939431647694435,0.00047844788429602693,0.00047781974296983066,0.00048503372041361706,0.0004792133368177701,0.0004848436793131797,0.00047568808165335356,0.00047668508690351647,0.0004872127021483489,0.00048654961013814006,0.00047848919778450245,0.0004756004235100434,0.0004743728388182129,0.0004883593613559188,0.0005191603187112968,0.00042511618125560657,0.0005272786911894166,0.00042705453732522463,0.0005326157936453126,0.000581501593297064,0.00043649854108819845,0.0005338690323855093,0.0005338164387578722,0.0005337590341582127,0.0005350981996262885,0.000426551249976445,0.0004161671310536883,0.0004175078283632721,0.000475730789383563,0.0006410165036014444,0.0004453979486216136,0.00041791173485209755,0.0003985194023329781,0.0004830661733280432,0.0003837169852174009,0.000390273980768612,0.00040046574551783336,0.00044312126320830085,0.0005138519606774039,0.00040134641050118607,0.00040959306527609527,0.0003980480001421539,0.0004557374449420742,0.0005107835938151955,0.00044446189677831355,0.0004445549513699714,0.00026336955024724876,0.0004972045854771243,0.000355646923526111,0.00036059586383182986,0.00041924511468532347,0.00042898636811538856,0.00040258467372013805,0.00040346431696866635,0.0004086607286490916,0.00040934301154084505,0.0004075823015117783,0.0004026922184373625,0.00040044401189448617,0.00043625389996888837,0.00046657077311119266,0.0004928841704957556,0.0004831075757777154,0.00048071771303937724,0.0004835857591242395,0.00048394830506416197,0.00048151828937740025,0.00047677636354441835,0.00047267821641323816,0.00048569674360165874,0.00048747968119792486,0.0004798920828763617,0.0004771467661090512,0.00047592571529523,0.000491299710585869,0.0005214924025568307,0.000527581988582683,0.00042530807760976475,0.0005337096248784951,0.000533613414213849,0.0005345408177402599,0.0005336904746884962,0.000534267091148442,0.00042502745508890126,0.000417261175766822,0.0004160315579265651,0.0004458945509717354,0.00041332146158960933,0.00039878999421124803,0.0004809192266558064,0.0003832423402696622,0.0003912511343073964,0.00039688067935865576,0.00044393204973908207,0.000513761566091776
