,lapgyn4_anatomical_structures,lapgyn4_surgical_actions,lapgyn4_instrument_count,lapgyn4_anatomical_actions,sklin2_skin_lesions,identify_nbi_infframes,laryngeal_tissues,nerthus_bowel_cleansing_quality,stanford_dogs_image_categorization,svhn,caltech101_object_classification,caltech256_object_classification,cifar10_object_classification,cifar100_object_classification,mnist_digit_classification,emnist_digit_classification,hyperkvasir_anatomical-landmarks,hyperkvasir_pathological-findings,hyperkvasir_quality-of-mucosal-views,hyperkvasir_therapeutic-interventions,cholec80_grasper_presence,cholec80_bipolar_presence,cholec80_hook_presence,cholec80_scissors_presence,cholec80_clipper_presence,cholec80_irrigator_presence,cholec80_specimenbag_presence,derm7pt_skin_lesions,idle_action_recognition,barretts_esophagus_diagnosis,brain_tumor_classification,mednode_melanoma_classification,brain_tumor_type_classification,chexpert_enlarged_cardiomediastinum,chexpert_cardiomegaly,chexpert_lung_opacity,chexpert_lung_lesion,chexpert_edema,chexpert_consolidation,chexpert_pneumonia,chexpert_atelectasis,chexpert_pneumothorax,chexpert_pleural_effusion,chexpert_pleural_other,chexpert_fracture,chexpert_support_devices,pneumonia_classification,ph2-melanocytic-lesions-classification,covid_xray_classification,isic20_melanoma_classification,deep_drid_dr_level,shenzen_chest_xray_tuberculosis,crawled_covid_ct_classification,deep_drid_quality,deep_drid_clarity,deep_drid_field,deep_drid_artifact,kvasir_capsule_anatomy,kvasir_capsule_content,kvasir_capsule_pathologies,breast_cancer_classification_v2,eye_condition_classification,mura_xr_wrist,mura_xr_shoulder,mura_xr_humerus,mura_xr_hand,mura_xr_forearm,mura_xr_finger,mura_xr_elbow,bean_plant_disease_classification,aptos19_blindness_detection,lapgyn4_anatomical_structures --shrink_train 800,lapgyn4_surgical_actions --shrink_train 800,lapgyn4_instrument_count --shrink_train 800,lapgyn4_anatomical_actions --shrink_train 800,laryngeal_tissues --shrink_train 800,nerthus_bowel_cleansing_quality --shrink_train 800,svhn --shrink_train 800,cifar10_object_classification --shrink_train 800,mnist_digit_classification --shrink_train 800,hyperkvasir_anatomical-landmarks --shrink_train 800,hyperkvasir_pathological-findings --shrink_train 800,hyperkvasir_quality-of-mucosal-views --shrink_train 800,hyperkvasir_therapeutic-interventions --shrink_train 800,cholec80_grasper_presence --shrink_train 800,cholec80_bipolar_presence --shrink_train 800,cholec80_hook_presence --shrink_train 800,cholec80_scissors_presence --shrink_train 800,cholec80_clipper_presence --shrink_train 800,cholec80_irrigator_presence --shrink_train 800,cholec80_specimenbag_presence --shrink_train 800,idle_action_recognition --shrink_train 800,brain_tumor_classification --shrink_train 800,brain_tumor_type_classification --shrink_train 800,chexpert_enlarged_cardiomediastinum --shrink_train 800,chexpert_cardiomegaly --shrink_train 800,chexpert_lung_opacity --shrink_train 800,chexpert_lung_lesion --shrink_train 800,chexpert_edema --shrink_train 800,chexpert_consolidation --shrink_train 800,chexpert_pneumonia --shrink_train 800,chexpert_atelectasis --shrink_train 800,chexpert_pneumothorax --shrink_train 800,chexpert_pleural_effusion --shrink_train 800,chexpert_pleural_other --shrink_train 800,chexpert_fracture --shrink_train 800,chexpert_support_devices --shrink_train 800,pneumonia_classification --shrink_train 800,covid_xray_classification --shrink_train 800,isic20_melanoma_classification --shrink_train 800,deep_drid_dr_level --shrink_train 800,deep_drid_quality --shrink_train 800,deep_drid_clarity --shrink_train 800,deep_drid_field --shrink_train 800,deep_drid_artifact --shrink_train 800,kvasir_capsule_anatomy --shrink_train 800,kvasir_capsule_content --shrink_train 800,kvasir_capsule_pathologies --shrink_train 800,mura_xr_wrist --shrink_train 800,mura_xr_shoulder --shrink_train 800,mura_xr_humerus --shrink_train 800,mura_xr_hand --shrink_train 800,mura_xr_forearm --shrink_train 800,mura_xr_finger --shrink_train 800,mura_xr_elbow --shrink_train 800,bean_plant_disease_classification --shrink_train 800,aptos19_blindness_detection --shrink_train 800
lapgyn4_anatomical_structures,0.0,0.015855142640495996,0.017272021505946637,0.02449900473432034,0.04057462327663319,0.04173346859743713,0.06003742441728881,0.03661092493948501,0.04595127708772237,0.058960644518211855,0.038212574374885164,0.03797876874346706,0.04603994563476997,0.0435632646889974,0.060947671353744445,0.06215003191166035,0.026575046373565864,0.02580204867150483,0.03231071757833444,0.030469403889326837,0.02224110178497652,0.022366354504536366,0.02230318589614618,0.022224613437379227,0.022163765196251142,0.02222715839779335,0.02219721220349257,0.04113714841532537,0.04127310901733096,0.04270287324519417,0.051700241472912314,0.04695981809735028,0.05544261896063139,0.044042720397855235,0.04429680765023082,0.04539075307821552,0.043878409304451096,0.04556335243268473,0.04376102455104405,0.04376115347935673,0.045736314096904304,0.04526726880377824,0.044730986270947265,0.04352603910849433,0.04388666592659765,0.04615536264587628,0.04884538913879717,0.04374478016809676,0.04902404696626104,0.04570550543568586,0.05969207131530059,0.05240619014092714,0.04835731565864647,0.059791699640878895,0.05979930014261212,0.05991630518524846,0.05989643990135342,0.0471580155284205,0.046504243175100476,0.046352919996272376,0.05421459921112522,0.0697858064342523,0.052633598146451285,0.04397753404364914,0.04844835601763676,0.04888111196661246,0.048770185804322734,0.04744218543370836,0.04978308709209291,0.0487658434627324,0.05553466740690373,0.0014666883676696784,0.0177763546617931,0.01717314516859343,0.024739743936353358,0.060131151502628336,0.036643319096618034,0.05880296893486572,0.046244877032377965,0.06073250066708827,0.02636746372870675,0.025709988827158088,0.032533265422439325,0.030276043854902127,0.022397841899445006,0.022267611729169832,0.022356963706421963,0.022719716100219195,0.02251239730741876,0.02180259785432266,0.022725998077415946,0.04160485845205898,0.05181253724721393,0.05520151675211381,0.044314474770339535,0.04444932452275713,0.04525178379362,0.04401500037246734,0.045375534265905945,0.04382280310279957,0.04345493703761405,0.04548141086139636,0.04553521175710787,0.04483612346591997,0.04354692243926189,0.04400356100914883,0.04622424324340735,0.048933592923018535,0.04901838962868993,0.04537809139981319,0.05976754054039256,0.05976524862052643,0.059939448484064836,0.0598504814211433,0.059741394124890074,0.04695985698491524,0.046705653239348305,0.046298923846917125,0.05266606202196995,0.04385191873761865,0.04851851398358791,0.04865825361858624,0.04878136468129369,0.047658513831991815,0.04959249856697451,0.048824909720019606,0.05537221795461707
lapgyn4_surgical_actions,0.015855142640495996,0.0,0.009409264716875658,0.013162119561741913,0.044240887802398765,0.045238316613014945,0.06305171291745351,0.03778178607381189,0.04881306908463943,0.06006756843511601,0.03953435725976192,0.0388660256529243,0.04637959855720433,0.044685220405589775,0.060180765634647554,0.06218486733864682,0.030806295316135643,0.030634157961253277,0.03385404254228834,0.031134161543281226,0.019451111057288098,0.019584913264670652,0.019382565485105776,0.019435183465485468,0.019304645415130727,0.01942798264225702,0.01931141207090065,0.0438593269730118,0.03879495045031212,0.045684496569287796,0.05433252636151875,0.05219322616118947,0.05596348649243975,0.04435920571268087,0.04424877884775967,0.045020257441526323,0.04414065515990727,0.045168698981031485,0.04400157180160892,0.043980427728448346,0.045445000350637664,0.04504120938621439,0.04452822128999116,0.04370554209495202,0.04409146783404143,0.045632863979845444,0.04961889257229501,0.04650582344601932,0.049500134722547606,0.05072350357564115,0.06154583280029351,0.05107016295453269,0.04813580128555292,0.061643344571560774,0.06161275719909497,0.061710734112091194,0.06171195697960216,0.04653155355203616,0.04676549993415242,0.04680820098721377,0.05551578073166091,0.07104860200215209,0.04941667912921527,0.04265752397924123,0.04737895689052455,0.04606300328534649,0.045938179614810365,0.04528331335778954,0.047219607481774825,0.04989748733120066,0.056903158216376384,0.016032310146915908,0.006004781200724349,0.009002173212844432,0.013288468806087268,0.06310420552991161,0.03777652333380975,0.05986912329883669,0.04659209502289885,0.05998638752848241,0.030765660657229944,0.030483533171107587,0.033986278097968774,0.03107274644716198,0.019702790388087386,0.019439370576249337,0.019415384461505418,0.019794263522621196,0.019096441705280555,0.019130869660553138,0.020031296691097045,0.03883085866880999,0.054406868945195516,0.055782930492085984,0.044479180644549136,0.044254873540945414,0.044867822386045475,0.04418489276602305,0.04509428904309887,0.04405092818906563,0.04376577852348491,0.04522385567599074,0.04516734998941803,0.044701833791524155,0.043730761303182084,0.04410428119590454,0.04567466410789378,0.049571529574072314,0.0495521788231092,0.05036486925071594,0.06159179109177834,0.0615822202666502,0.06176033599892551,0.06166912219927703,0.06160856938669659,0.046355152294710884,0.04692116451862942,0.04676668919291006,0.04945465086944843,0.04241853038843624,0.047237546025348943,0.04588348950578034,0.04601533207877707,0.04555817044814568,0.04713748580234725,0.04991991356700465,0.05670424007827604
lapgyn4_instrument_count,0.017272021505946637,0.009409264716875658,0.0,0.011262552934611276,0.04262900603287025,0.04368934385836802,0.0617890225479799,0.038306667045249924,0.046780743250076785,0.058649555948613236,0.03769156264861025,0.03700526400322849,0.0452466131112645,0.04354719826019646,0.059073447792216675,0.060598242487026485,0.02995273243767852,0.029798120753993976,0.03485051819593796,0.03348864865288227,0.017311796227593122,0.017537115950983707,0.017287466905741802,0.017309554499561102,0.017222915966893917,0.017340039884453838,0.017195559749587218,0.043101669454587585,0.04096402506042772,0.046850138876417396,0.05313079069335467,0.049977217262017176,0.055300795311316334,0.04546500822463509,0.04558806911983611,0.046521190145146926,0.04517602025983626,0.04672207890725284,0.04512554786788782,0.04507150658474754,0.046944314474920236,0.04642364581015809,0.0458335749735022,0.044703857630719115,0.0453608102874462,0.047197922091070814,0.04991018805952445,0.045820323290408714,0.049881262583514906,0.04994939649364431,0.059678280186958706,0.052499174713932194,0.0489517791195246,0.05975772135155194,0.05971439365862616,0.0598292132004798,0.05983363201363339,0.045806344419836845,0.046519895224317834,0.04656788747037565,0.055940681419658446,0.06945996224005536,0.04901463617907341,0.042914667220699615,0.045761324910913614,0.047033565471217585,0.04479760282801249,0.0446211197991596,0.04603635232447972,0.04993406394855249,0.055206878513605805,0.017405508723716386,0.009880589376457086,0.0015811306511419956,0.011740814650457983,0.061843703469328465,0.03827991354729918,0.05844856837241767,0.04547345997875084,0.058857078958220635,0.029912968365861544,0.029574362298543475,0.03500823689486368,0.03339447393319452,0.017612293963576532,0.01734683280581919,0.017463733805784976,0.017723817547706827,0.017053473729024653,0.016947348247571634,0.017769872852877414,0.041186392406033,0.053238410661611446,0.05509738811009392,0.04571051018600873,0.04558541510236214,0.04633851732218931,0.045305821892660234,0.046600875046523806,0.04517072561387734,0.04482641285134728,0.04669946834063052,0.04665114675329362,0.04601710365032012,0.044671065248281266,0.04545309001065765,0.047243383527170446,0.04990094258805411,0.049929367789459764,0.049614865069801506,0.05971380877255406,0.05969126316752363,0.059869589237168126,0.059796727927567433,0.05975284414332165,0.04565937572562981,0.04662083421195444,0.04649860610166587,0.04906020679996689,0.04269312251466804,0.045644768638399544,0.04683495552870767,0.04483155456156024,0.04483078993483814,0.045910455015735874,0.04995384927428856,0.05503709034514886
lapgyn4_anatomical_actions,0.02449900473432034,0.013162119561741913,0.011262552934611276,0.0,0.0490961798791017,0.04955724382189458,0.06670624807350811,0.04394302175427049,0.0517714824928375,0.06309207633550497,0.043157360175827025,0.04263007034603049,0.050498440164469686,0.04911724975204694,0.0629002094336158,0.06472701752553438,0.03763003680687116,0.0373548721008624,0.04051422759633119,0.03899408799018862,0.024798184814801023,0.02493639620162451,0.024689075731267378,0.02477216285414239,0.024659968442084464,0.024786874283438023,0.02464459023690083,0.048754947538066036,0.04330600656524512,0.05257943928148032,0.059134316469620946,0.05654448406429355,0.05983486698452652,0.04976938477939042,0.049821224947183385,0.05046141823943072,0.04965847455869313,0.05062082162910235,0.04946990589636324,0.04959032164311008,0.050914318456203395,0.05037731427226569,0.04995444555069081,0.04925220520679058,0.04957764378875723,0.050908423514304794,0.05432188517456163,0.05081327407460872,0.05424597349627376,0.05618626378484748,0.06513602154495926,0.05488783316935636,0.05375621054469433,0.06523323178391019,0.06520041507348723,0.06527406573787169,0.06528844346351806,0.05076884345148385,0.05199811415126146,0.05212888005025179,0.06069213028187399,0.07405034411787542,0.052597744310201734,0.04758033422725227,0.05085811398354191,0.04955489984306009,0.04839835823931267,0.04793273790971241,0.05001428510465585,0.053693022566820514,0.06024329874638803,0.024598452091582644,0.01366966557569687,0.011086694057577227,0.0017916447503240878,0.06677857946928978,0.043915570889898115,0.06289541903202031,0.05075564813582954,0.06263094530003428,0.03763656331563314,0.03722076903070268,0.04066337889420485,0.03896425429215765,0.025121307227511158,0.024866274251869155,0.024832810452887072,0.025031925358997204,0.024250249400163938,0.02450854438218463,0.025221816360230773,0.04335208749167923,0.05924085503619045,0.059682449918549464,0.04990615337081032,0.049725510859378874,0.0503016047202164,0.04969301871505395,0.05059418599967365,0.04952734246167784,0.04936390317133064,0.050686312176078295,0.05046012581604095,0.050106653942593796,0.04929837304568872,0.04957352143626194,0.050934545263536864,0.054275380407933206,0.05427227696619283,0.055904432059571345,0.06515915701838237,0.06518549535452654,0.0653459839458505,0.06523692636944306,0.06517172382649464,0.050594887222427554,0.05212010148121843,0.05204100048326359,0.05266638552947951,0.04734302900815242,0.05068371018535418,0.04938901161216263,0.04845890588152558,0.048190194855320084,0.049964162981292026,0.05372464900345528,0.060091408607443234
sklin2_skin_lesions,0.04057462327663319,0.044240887802398765,0.04262900603287025,0.0490961798791017,0.0,0.04125425209524494,0.05393624591684455,0.04404580554168684,0.04477986944544561,0.05539267798876401,0.038318673207524676,0.0379814848605492,0.04570869169216675,0.04227079062839193,0.05856001960808958,0.05826555013186737,0.03196868824418372,0.033357921114416406,0.043038344832424594,0.04340734889231662,0.04018797787588971,0.040333578503836315,0.04038397531588757,0.040244088422104494,0.040261024777366386,0.04028883634737536,0.040258299821630456,0.02212160624050045,0.047424259229135256,0.03909978169073851,0.04875548623536277,0.032260437290139936,0.052822895348908536,0.048792163111658154,0.0494482959041945,0.05041589424626645,0.04838117267655989,0.05068333807366747,0.04845953729920083,0.04820932809401263,0.05094721203677884,0.050534819058604026,0.049557047915043215,0.047281993964149914,0.04950225936740439,0.051148885160993855,0.055154562659824866,0.021697709732150516,0.05566065207356558,0.02789641710344842,0.046705581284320535,0.05899922657119168,0.04910330670115835,0.04684171923354726,0.04684248843160751,0.046931258790367095,0.04694387873223679,0.039955344762374265,0.038190026417747866,0.03831494342822119,0.04973742336801695,0.059740141789943406,0.05517782886531586,0.047401678412092946,0.05042910134253682,0.054760310408128315,0.051681889938249403,0.05206618595447006,0.05078661972695688,0.046611206170546725,0.04341372495504289,0.040412699202928934,0.044134492917922,0.043167176153171796,0.04942494249274537,0.054020730553744324,0.0439086551449273,0.055179252744282904,0.045718751841663983,0.058454863980760094,0.032035554723811796,0.03294026864000463,0.043087344234768114,0.04347983685456717,0.04003418091478943,0.04034296862375984,0.04061105052644065,0.040586899308148745,0.040756340642748065,0.04006033730212766,0.04000428112813876,0.04811209970117144,0.04878487941350827,0.052552419806008485,0.04929208204982302,0.049717576729140726,0.05025223327649101,0.0485354251260649,0.05031184668937852,0.04851356045711613,0.047799414462841805,0.050692686791674026,0.05077885409415933,0.04975631646326023,0.04720908170187691,0.04986641587753565,0.0512533089488205,0.05534844644722986,0.05566384831007031,0.027779631166161237,0.04680017048879839,0.046769902551546144,0.0470227633563462,0.04683346809629041,0.04680753789457533,0.03970416298877953,0.038101509042314095,0.038405567377784416,0.05522906772582643,0.04717105480713635,0.050579201409873,0.05454202499856197,0.051600867108807555,0.05207623755298468,0.05045161278378975,0.04658889445126432,0.04323637050097953
identify_nbi_infframes,0.04173346859743713,0.045238316613014945,0.04368934385836802,0.04955724382189458,0.04125425209524494,0.0,0.040936173674143234,0.04953281244596647,0.04052056735830326,0.04205403953741679,0.03482481555497509,0.0346006530341524,0.041531663573218844,0.036965150546744076,0.05179503259601487,0.05210028026513115,0.03742366148069898,0.03850163572397515,0.04614897345071034,0.04689224089525115,0.042851382284687795,0.04308179891725275,0.043017004082860265,0.04286156012865101,0.042985412878169586,0.04298015935036514,0.0430802387485628,0.03712504457622457,0.046543367433193594,0.03892288002837746,0.04325692774169534,0.04316091919872196,0.05540943373031204,0.0512205014057561,0.05037503533477937,0.0507085883920137,0.05116245198646148,0.05052540414623348,0.050853817294797016,0.05079665304164041,0.05077965863787985,0.051480395354931895,0.05049299410032318,0.0507679413986627,0.05015537540907989,0.050879731199941144,0.053909895680345425,0.038044219333308954,0.055004960861673995,0.036706214257253476,0.056709604726853144,0.06211230054034968,0.05270629171179189,0.056774433839151046,0.05684103774766605,0.056904527425236995,0.05692579790852789,0.0521993933070422,0.05142935883821394,0.0513948850117555,0.041390565813912414,0.06757921814200868,0.054772578123432364,0.04928185245567169,0.049002848002555985,0.05757404002171437,0.05035750799007022,0.050767886947615685,0.05128584815593103,0.04984013399896275,0.05601507813437347,0.04159145886364687,0.044308236188119715,0.04407001399530631,0.049871978034892996,0.04094716159632052,0.049343459816292665,0.04213325314098896,0.041489523117892634,0.05154750705396135,0.03720807656649329,0.037920292788386586,0.046394205804592775,0.046877943585536055,0.04273045583921899,0.042780055716491454,0.04332750278454664,0.043496332326876656,0.04345439926138441,0.042871565874043116,0.042574791104979984,0.04725172042528051,0.04347257645099422,0.05521172318399188,0.05146394584120849,0.05060813350633181,0.05064211135987097,0.051722022579391375,0.05001870776920086,0.05073934701719938,0.050314359327201394,0.050636746640896624,0.051549763444106535,0.05056598596218413,0.05099238017817763,0.05053057763079369,0.051152606062304484,0.054247879007816885,0.05497360742422482,0.0365061011328083,0.05678189815739042,0.056791427478855336,0.056907219239323535,0.05683064499224884,0.05678461245432286,0.052139493056888545,0.05149940381438607,0.051231686934430615,0.05481807892546349,0.04902995344416853,0.04920043423507259,0.057302797927531283,0.05035165147177683,0.050683105418269314,0.05101477876322414,0.04991575715931995,0.05590950205643437
laryngeal_tissues,0.06003742441728881,0.06305171291745351,0.0617890225479799,0.06670624807350811,0.05393624591684455,0.040936173674143234,0.0,0.06417861710892332,0.05055232572782314,0.03946234394805546,0.04566538295062046,0.0468141653223305,0.04442189908882159,0.040947562418150306,0.05610631118272514,0.0554413673141937,0.057353081090003796,0.05756900713217441,0.06197143600413363,0.06468135670825677,0.06290369576903262,0.06310179546715619,0.0630382334399522,0.06291879590731861,0.0629847593380676,0.06300681586763693,0.06308909386753009,0.04913870455620821,0.06188430473219593,0.05749383336169438,0.05807926780833278,0.05532968611137298,0.06965086038655208,0.06839213609275241,0.06835764060189206,0.06837643229355182,0.06852808621984025,0.06835227846797798,0.0682752042540235,0.06840886383784653,0.06844690530306173,0.06870142045585087,0.06808004688514044,0.06817536193310786,0.0675158259061974,0.06835315969730658,0.07084597557278774,0.0532976689011604,0.0719943525201796,0.04609062874457497,0.06949996910162058,0.07832015812762486,0.07095574045713735,0.06955663729363439,0.06956394540248458,0.06958323819028617,0.06967810096455285,0.06454233852893745,0.06373150030564657,0.06379278381186543,0.05466367746526699,0.07871535842142313,0.06842289955313449,0.06547259617365056,0.06580251030086315,0.07104284696913064,0.06646474211298156,0.06590290059023454,0.06585491522927425,0.06335671970898077,0.07012333068672744,0.05982090518163714,0.06446003047097978,0.06212880324169757,0.06695608391930892,0.0008116383759383943,0.0640430528062255,0.039819155974212414,0.0443544347941721,0.055805930507527156,0.05728701757350001,0.057292431939577095,0.06213606003351041,0.06469315095385542,0.06274600193547133,0.06286115411548138,0.06334013958454021,0.06349536365213035,0.0634068156489823,0.06274704105968562,0.06269613118676741,0.06265045146406571,0.058200433919263876,0.069487390072759,0.06865502130709439,0.06855666124979651,0.06822013114920397,0.06881504806588631,0.06797829767918276,0.06819041581819796,0.06803883390350496,0.06843290741364536,0.06876019956993631,0.06808255734457931,0.0684046517470269,0.06775613841377412,0.06864365306822869,0.07115269042862898,0.07192241639272541,0.04614508528424369,0.06956899111013409,0.06956624153373038,0.06959600642113146,0.06951323338392829,0.0696359330503436,0.06447984941914074,0.06375479287952497,0.06377824376652057,0.06842387796732168,0.0652717066814674,0.06593493699932748,0.07090677151940081,0.0664345494554712,0.06596238270624716,0.06570732273128421,0.0634749244623139,0.07000466249652548
nerthus_bowel_cleansing_quality,0.03661092493948501,0.03778178607381189,0.038306667045249924,0.04394302175427049,0.04404580554168684,0.04953281244596647,0.06417861710892332,0.0,0.05380165927945703,0.05854888344810205,0.043484098154366616,0.042201887563166035,0.04821539923319902,0.04606180054455036,0.060066973440332676,0.06079381431101716,0.025769534002683017,0.02295404167364494,0.012862727203292908,0.02248276972191577,0.03176242059240958,0.03170994293206721,0.031733363289467686,0.03180182981742912,0.031763925575607053,0.031737229581110776,0.0318075080922047,0.044889124160042794,0.03384242353845912,0.048597667873920086,0.055673473636421354,0.05448115522298391,0.05107123444433717,0.04485932874471277,0.04443320445282431,0.04547660946769823,0.044310928946670027,0.045567191090524845,0.044298449642127036,0.044008292041580466,0.04581855233648676,0.04569339562211089,0.04481278226314134,0.04369559459972744,0.04528025098340104,0.04623950990872669,0.05258336897933402,0.04753305984529745,0.05274519127482992,0.051766442232149795,0.05378518945548873,0.05469284371037601,0.04332430220480957,0.05384064570324806,0.05386796356397962,0.05395683603641737,0.053864773774549804,0.03485573734020932,0.034635910842176085,0.034338939230872105,0.056330764227248795,0.06257071608376155,0.05042714348363249,0.04060002386348928,0.04445455721542077,0.047560660790963334,0.046528588483723175,0.04466374147539275,0.04527198283224276,0.05602063933394266,0.04912892459979481,0.036552488481780845,0.03887046828128676,0.038393253131929594,0.04393288840564124,0.06429271507841648,0.001240170494691438,0.05816743931594896,0.048143856527437086,0.06006905278170092,0.025690549337960476,0.02353263082828301,0.012901225591617566,0.022335903298077348,0.031602953677084475,0.031882630183019234,0.03187417859808606,0.03196551580867201,0.03201126678367093,0.03165666478218355,0.03178580663960662,0.03389780272099721,0.055830139310534294,0.050845062354605904,0.045209610717820634,0.04457402538880149,0.04532438119374321,0.04455303818718336,0.04542316002140483,0.044322981234296205,0.04381497407193348,0.0455709021475489,0.04603031023903682,0.04502937386888135,0.04357468832905852,0.04531008932381797,0.046321992241240936,0.052533306129374735,0.05283978465787243,0.05152248493996822,0.053877157408098446,0.053801937007100155,0.05395906305795068,0.053954625543582393,0.05371402547931789,0.03468620154884806,0.03475411020941775,0.03422927000685387,0.05052673413739486,0.040331987622965665,0.04446562158884086,0.04742054985214712,0.046482611149078645,0.04483302441096276,0.04505907593236667,0.05607932835619413,0.048892000817427214
stanford_dogs_image_categorization,0.04595127708772237,0.04881306908463943,0.046780743250076785,0.0517714824928375,0.04477986944544561,0.04052056735830326,0.05055232572782314,0.05380165927945703,0.0,0.049275258672248995,0.023941208483515594,0.024165208297234834,0.032770009476125114,0.03247948652514261,0.05418417356773639,0.05563277305334259,0.043770501665386055,0.04547868952126465,0.050439763892820136,0.05161317769279303,0.049214779105735476,0.04942815181596666,0.049388261113227125,0.04923511776421143,0.049266073450352804,0.049343510306613554,0.04935427844902331,0.0417401447259704,0.05377311005079631,0.046416102041623164,0.05082525745040351,0.045404144217235036,0.05600884938029362,0.05620422398066432,0.055744245596727623,0.05610118384611326,0.056210832776772315,0.05604679774906154,0.05593361597793718,0.0558854826246801,0.05620008829627997,0.05650800059810647,0.05582578969787791,0.055949272450844106,0.05529008920098413,0.05634443172287952,0.05981404095702048,0.04544876064695268,0.06076193988073072,0.04577100438325703,0.05911684882139874,0.06507649696961565,0.0539140103480436,0.05918475399126918,0.059255520694060176,0.059260633062174106,0.059324672642340835,0.05335297097824811,0.052047037583076855,0.05207217811202555,0.050143193574693885,0.06857557903680699,0.05524707955915381,0.052473488417721356,0.050542674310177574,0.05842913264441345,0.04994143323837569,0.05105049734301778,0.05146720502480809,0.04783758272490995,0.05844494039430367,0.045661967409377974,0.048436686613775044,0.04724022822888511,0.05216175177739571,0.050549414904596274,0.05367051617904557,0.04913828617051233,0.03310497794676806,0.05399673880214732,0.043640225528434586,0.045135340875958885,0.05057906876314859,0.05162287148915598,0.049333410378512896,0.0493067638297293,0.049756289025739926,0.0497456679567339,0.049703812677688586,0.04919285907812779,0.049037479186138606,0.0544470353025097,0.05092374380312594,0.05585242579890233,0.0564717347652052,0.05594063468098378,0.05608696516742089,0.05659214577223459,0.05569617549489221,0.05598487034588882,0.055510600066659,0.05610030601500398,0.05654842828902455,0.0559063242002797,0.05605062775521192,0.05544260865152324,0.05660965616706215,0.06008903533348184,0.06073406277383396,0.0456716364740323,0.05918328523940912,0.05922071313602822,0.05927988561562948,0.05917551199550651,0.059217401406182146,0.0532379411353886,0.052175385845706725,0.05196161864061686,0.055266701147663896,0.052113427826730556,0.05064172283334547,0.05817330522307994,0.04988660153098417,0.051062204803616895,0.0511857084883183,0.04786735729282496,0.058380802658646674
svhn,0.058960644518211855,0.06006756843511601,0.058649555948613236,0.06309207633550497,0.05539267798876401,0.04205403953741679,0.03946234394805546,0.05854888344810205,0.049275258672248995,0.0,0.042233980274057344,0.04157711785778546,0.031020349993269726,0.027454367643273775,0.041546862544921105,0.04070704227762892,0.05355075804985736,0.05389033215493254,0.05643669114637821,0.05827081459115227,0.05773472681518825,0.05794443874323992,0.05785171207661442,0.0577523312148611,0.057823992383488454,0.057829656105594374,0.057964284223705524,0.052948629346949216,0.05796427824106002,0.055224725367717276,0.05591313053317101,0.060891434846516754,0.06474301704833159,0.06039203223800015,0.059400195433104416,0.05954763153139414,0.060282028460949974,0.05935582116862305,0.05997728641779593,0.05997366310604496,0.05959381656010382,0.06020013349259212,0.059366454607127694,0.05990879197081032,0.059137097513972274,0.05957686004139645,0.06403141408131975,0.05584159462312796,0.06495976268548265,0.052966136037614645,0.068477028870319,0.07096779366364045,0.06295716967845832,0.06851115128463642,0.06856597046335203,0.06860860033632393,0.06860047355800633,0.0598959419992245,0.05882307084879377,0.058901670159022895,0.055718445323549325,0.076562303613293,0.057370968424491256,0.05656380320045139,0.05570202179985784,0.06096345434773413,0.055607403434448394,0.053142331348019545,0.054973632375726125,0.06231025583372583,0.06788636160005837,0.058883279679708425,0.05984257291829244,0.05896282822288648,0.06324857347140178,0.039560081030530755,0.058411368958808746,0.0015501084230390252,0.030725006122130572,0.04139373327099696,0.05347691949457581,0.053549451827623704,0.056592822028253366,0.0583743204527177,0.05764120851759626,0.05774101439208587,0.058159430850234034,0.05836134011512255,0.058245860562357324,0.057825393271058616,0.05754968408131647,0.05858875251939802,0.056047528461828436,0.06463187589695438,0.060634997565941554,0.05963901170799955,0.05941917510882593,0.060751351472696606,0.05887190426338754,0.059877500731291305,0.05963906361849262,0.05954178493432761,0.060243921231422644,0.05950989796719755,0.06020297139840455,0.059387209137186994,0.059834663883942193,0.06427095952622067,0.0649178367540824,0.05297690863806244,0.0685474994402494,0.06853111772862634,0.06855854081039366,0.06850959866779108,0.06848325614058408,0.05976031018881069,0.0587976791356313,0.05882275261871561,0.05747276027694015,0.056394397401743034,0.05581205473923912,0.060850416923531596,0.05557591097124242,0.05311007553580359,0.05481929590133422,0.062389833773690576,0.0677724331796933
caltech101_object_classification,0.038212574374885164,0.03953435725976192,0.03769156264861025,0.043157360175827025,0.038318673207524676,0.03482481555497509,0.04566538295062046,0.043484098154366616,0.023941208483515594,0.042233980274057344,0.0,0.006827417697639181,0.02542026466862065,0.022218729405285378,0.04537576906352533,0.04673901795886227,0.03530221280883265,0.03556230931602947,0.0406788062322313,0.04166852604233305,0.03920403301503658,0.039410221581226285,0.03932533896573725,0.039196150984900244,0.03925289804999543,0.039325429861364725,0.03934953346912459,0.0350123480381843,0.04205061994325786,0.04095581908022224,0.04292627094246991,0.043020380367427814,0.047837223504165846,0.0471482094730879,0.04689196006639686,0.0474778995829587,0.04717314385465815,0.047438799479313384,0.04687511520063341,0.04692695123360122,0.047655662160232246,0.047694161592137255,0.04692920294883034,0.046860458758288086,0.04658547078029624,0.04772620223465914,0.05128207329888995,0.039849437889035756,0.052069011456041814,0.03961347086638309,0.051306536578099644,0.056757703179353164,0.04376177263252318,0.05142697839913899,0.05143123178736707,0.05145700167268212,0.05153821792658568,0.04206630385323032,0.04093980602105701,0.0410424426055104,0.044969722644646326,0.06114920124766038,0.045005140406417996,0.04222281337075562,0.04074418614458891,0.04803146754308431,0.03961507186302464,0.03987169583875387,0.04102496229023114,0.04230054389867359,0.04991996209210309,0.03803627320009907,0.03975194845114718,0.03820361684292747,0.043450401382780876,0.04560935708816564,0.04337143107820994,0.04198261250031329,0.025577863614564378,0.04518133303386097,0.03523839242483598,0.03532128605606731,0.04076747634235253,0.04170182727187761,0.03921385714050521,0.03928365089467861,0.039801504939531274,0.03980510404314555,0.03963626375680738,0.03919013690179056,0.03904269283699684,0.04269330398958507,0.04308282992618219,0.04773158822784583,0.047479359043448466,0.047149405992669084,0.047376164186405174,0.04760901886559045,0.04715347117109513,0.04695175782264792,0.04655212350533827,0.047525905362117385,0.047785158106641176,0.047045274168203935,0.04701670792937174,0.04675147711925988,0.04802364560385876,0.0515005259700357,0.05210002846539377,0.03947485713197655,0.05139082579662861,0.051400305148220346,0.051494670501893235,0.05140147683155977,0.05144099266118785,0.041943105613515407,0.041041537879762134,0.0409274384448743,0.04508533833926375,0.04178382158969104,0.04080747399713784,0.047778902126060355,0.03958735588731184,0.039945827500149744,0.0406843794718077,0.042355809759803055,0.049879957752701605
caltech256_object_classification,0.03797876874346706,0.0388660256529243,0.03700526400322849,0.04263007034603049,0.0379814848605492,0.0346006530341524,0.0468141653223305,0.042201887563166035,0.024165208297234834,0.04157711785778546,0.006827417697639181,0.0,0.02474272389616349,0.021454873302260546,0.045322854290194475,0.0467698319231338,0.03400715039250879,0.03438470168429571,0.03972526800268953,0.040290690950471796,0.03767822832897509,0.037871529646411786,0.03778818605894786,0.03767350140523133,0.03773518419873255,0.037807344414608424,0.037830447180893484,0.034788323808345116,0.04073061746010405,0.04069930606428036,0.04273309117295829,0.04319320581094195,0.046787302896337174,0.04568032667753409,0.04551028068256067,0.04621665572378521,0.045703359353323154,0.04619254246446283,0.045409424891409464,0.04544564328161836,0.04642768192143452,0.04639835188554514,0.04561838817160657,0.045375001623643337,0.045262250062060964,0.04654515761356659,0.049909733989492305,0.03970125866794495,0.05065653824279527,0.03969368759092449,0.049648704818224046,0.05527691148301018,0.04206605957962885,0.04976621636660008,0.04977939708453488,0.04978964605182381,0.049883936820378505,0.04087183231101615,0.03979649282009187,0.03992051529711155,0.04434023545626771,0.05932834667990129,0.042866835883771416,0.03981270759555873,0.038404646294122116,0.046259972490725734,0.03715206051646797,0.03754091046695669,0.038646591700918484,0.04195076142681811,0.048287179585416035,0.03785318664917563,0.03850319097580661,0.037517686573516416,0.04290357492476269,0.046770796764710944,0.04210992106032266,0.041311747621864695,0.024862087512840414,0.04515103248357271,0.033968033680639,0.034151803862772015,0.03980235564589653,0.040364018966377146,0.037691833111453306,0.03776507390332977,0.03822787929362283,0.03830621267865898,0.03813550678280641,0.03769169791949274,0.03747029218776089,0.04139875968017105,0.04289249885233918,0.046647621749688506,0.04607651448775327,0.04578696113030756,0.046097234180066546,0.0461291841222282,0.04591815588543542,0.04549285614869192,0.045076572993148864,0.04627913380682719,0.046513685285375354,0.045765442202201315,0.04549819550307926,0.045429347614066536,0.0468227447160795,0.05013611679523908,0.050685288154204866,0.039561098465170974,0.049746679780189915,0.0497652537343891,0.04981911584040346,0.04974404566795016,0.04978440469023815,0.040709021717321936,0.03988846251849831,0.03980757461887493,0.04296113125581209,0.03936242910273635,0.03843321180517103,0.0460259093784505,0.037112232250658427,0.03763154691856055,0.038321382771152226,0.04201113845149421,0.048251176980235365
cifar10_object_classification,0.04603994563476997,0.04637959855720433,0.0452466131112645,0.050498440164469686,0.04570869169216675,0.041531663573218844,0.04442189908882159,0.04821539923319902,0.032770009476125114,0.031020349993269726,0.02542026466862065,0.02474272389616349,0.0,0.009229462919630902,0.04316051449399246,0.04422409726294349,0.042063792392673965,0.0423519065677763,0.04576624750959013,0.045982368190728776,0.04503737585761819,0.045206732737403825,0.04513425377394292,0.045077599975362405,0.04509019660825353,0.04513890135730933,0.045194292438080125,0.04215878651519039,0.047378162727903274,0.04357743655810723,0.05029470534456211,0.05104425027015219,0.0570689005060207,0.050948084482850764,0.050437491454362916,0.05103336907023413,0.05078355645011155,0.05101224142480408,0.0505626479070445,0.05042906921304319,0.05133557499742768,0.05143579738559079,0.050643564559672116,0.050482446312143284,0.050202598651223056,0.05153181002638797,0.056664838708558055,0.045880177315091114,0.05736867421022314,0.04897949975152374,0.05974668086953585,0.06134034800714748,0.05060071064744246,0.059845264130758344,0.059811871842563764,0.05987805227473841,0.05992929867475842,0.04883835680850631,0.04816551342780973,0.04822947647782801,0.04802755005821342,0.06876534826864081,0.05192526430830267,0.047926155387162814,0.048370600584851445,0.05330056473290503,0.047877429074551746,0.046984948044425504,0.04798635418189447,0.05048954768192279,0.05741802574290206,0.04581302187482052,0.046678508588533965,0.045607110794064716,0.05070079262309376,0.04445274732124502,0.048061980950468874,0.030697728403795643,0.0017472866897057767,0.04303042131869588,0.041989503517441365,0.0420635833086081,0.04586365889834369,0.04605730713290611,0.04498370723617427,0.045089483711325054,0.0454746920887425,0.04555787287104087,0.045419369170436284,0.045071358167633205,0.044873179357251075,0.04790506487363626,0.05037658985198355,0.05695362465951802,0.051210529169024785,0.0505792846395725,0.05099736111406948,0.051141154152323065,0.05073435334931954,0.0506029473191371,0.05019737498254196,0.051163056426149496,0.0515685897034968,0.050779121280647724,0.05056432746069948,0.05027386811580906,0.051795813691761686,0.056841259345357026,0.05736277103992297,0.04883136033079202,0.059847195444239526,0.059821258130947054,0.059874878849898235,0.059842610839751655,0.059888259352340295,0.04869610414092654,0.04820449796933726,0.048101474495466784,0.052019133164741445,0.04758318397837422,0.04836091555046199,0.05315304244265566,0.047867166905980627,0.04701538863327958,0.04779659399703726,0.050552439830013424,0.05727566097251838
