,lapgyn4_anatomical_structures,lapgyn4_surgical_actions,lapgyn4_instrument_count,lapgyn4_anatomical_actions,sklin2_skin_lesions,identify_nbi_infframes,laryngeal_tissues,nerthus_bowel_cleansing_quality,stanford_dogs_image_categorization,svhn,caltech101_object_classification,caltech256_object_classification,cifar10_object_classification,cifar100_object_classification,mnist_digit_classification,emnist_digit_classification,hyperkvasir_anatomical-landmarks,hyperkvasir_pathological-findings,hyperkvasir_quality-of-mucosal-views,hyperkvasir_therapeutic-interventions,cholec80_grasper_presence,cholec80_bipolar_presence,cholec80_hook_presence,cholec80_scissors_presence,cholec80_clipper_presence,cholec80_irrigator_presence,cholec80_specimenbag_presence,derm7pt_skin_lesions,idle_action_recognition,barretts_esophagus_diagnosis,brain_tumor_classification,mednode_melanoma_classification,brain_tumor_type_classification,chexpert_enlarged_cardiomediastinum,chexpert_cardiomegaly,chexpert_lung_opacity,chexpert_lung_lesion,chexpert_edema,chexpert_consolidation,chexpert_pneumonia,chexpert_atelectasis,chexpert_pneumothorax,chexpert_pleural_effusion,chexpert_pleural_other,chexpert_fracture,chexpert_support_devices,pneumonia_classification,ph2-melanocytic-lesions-classification,covid_xray_classification,isic20_melanoma_classification,deep_drid_dr_level,shenzen_chest_xray_tuberculosis,crawled_covid_ct_classification,deep_drid_quality,deep_drid_clarity,deep_drid_field,deep_drid_artifact,kvasir_capsule_anatomy,kvasir_capsule_content,kvasir_capsule_pathologies,breast_cancer_classification_v2,eye_condition_classification,mura_xr_wrist,mura_xr_shoulder,mura_xr_humerus,mura_xr_hand,mura_xr_forearm,mura_xr_finger,mura_xr_elbow,bean_plant_disease_classification,aptos19_blindness_detection,lapgyn4_anatomical_structures --shrink_train 800,lapgyn4_surgical_actions --shrink_train 800,lapgyn4_instrument_count --shrink_train 800,lapgyn4_anatomical_actions --shrink_train 800,laryngeal_tissues --shrink_train 800,nerthus_bowel_cleansing_quality --shrink_train 800,svhn --shrink_train 800,cifar10_object_classification --shrink_train 800,mnist_digit_classification --shrink_train 800,hyperkvasir_anatomical-landmarks --shrink_train 800,hyperkvasir_pathological-findings --shrink_train 800,hyperkvasir_quality-of-mucosal-views --shrink_train 800,hyperkvasir_therapeutic-interventions --shrink_train 800,cholec80_grasper_presence --shrink_train 800,cholec80_bipolar_presence --shrink_train 800,cholec80_hook_presence --shrink_train 800,cholec80_scissors_presence --shrink_train 800,cholec80_clipper_presence --shrink_train 800,cholec80_irrigator_presence --shrink_train 800,cholec80_specimenbag_presence --shrink_train 800,idle_action_recognition --shrink_train 800,brain_tumor_classification --shrink_train 800,brain_tumor_type_classification --shrink_train 800,chexpert_enlarged_cardiomediastinum --shrink_train 800,chexpert_cardiomegaly --shrink_train 800,chexpert_lung_opacity --shrink_train 800,chexpert_lung_lesion --shrink_train 800,chexpert_edema --shrink_train 800,chexpert_consolidation --shrink_train 800,chexpert_pneumonia --shrink_train 800,chexpert_atelectasis --shrink_train 800,chexpert_pneumothorax --shrink_train 800,chexpert_pleural_effusion --shrink_train 800,chexpert_pleural_other --shrink_train 800,chexpert_fracture --shrink_train 800,chexpert_support_devices --shrink_train 800,pneumonia_classification --shrink_train 800,covid_xray_classification --shrink_train 800,isic20_melanoma_classification --shrink_train 800,deep_drid_dr_level --shrink_train 800,deep_drid_quality --shrink_train 800,deep_drid_clarity --shrink_train 800,deep_drid_field --shrink_train 800,deep_drid_artifact --shrink_train 800,kvasir_capsule_anatomy --shrink_train 800,kvasir_capsule_content --shrink_train 800,kvasir_capsule_pathologies --shrink_train 800,mura_xr_wrist --shrink_train 800,mura_xr_shoulder --shrink_train 800,mura_xr_humerus --shrink_train 800,mura_xr_hand --shrink_train 800,mura_xr_forearm --shrink_train 800,mura_xr_finger --shrink_train 800,mura_xr_elbow --shrink_train 800,bean_plant_disease_classification --shrink_train 800,aptos19_blindness_detection --shrink_train 800
lapgyn4_anatomical_structures,0.0,7.502830078124999,7.7383654296875015,10.630409570312501,15.812362499999999,16.60071875,22.8900671875,15.4315673828125,18.2149869140625,22.457874414062502,15.6078984375,15.57994375,18.59883125,17.2089765625,24.086061132812503,24.0773814453125,11.1104208984375,11.009662109375,13.857480468750001,13.963704101562502,10.14019296875,10.199940234375,10.184238671875,10.127481640625,10.12711328125,10.143724218750002,10.134619726562502,16.01569765625,16.849502734375,17.115784375000004,20.685118945312503,18.15917890625,21.37687890625,17.619033984375,17.679421484375,17.952880078125002,17.587986718750003,17.995697070312502,17.540613671875,17.5566806640625,18.0396275390625,17.9524171875,17.758285546875,17.480210546875,17.414316601562497,18.136323046875,18.8784494140625,16.998821484375,19.0596189453125,17.930567773437502,22.517249999999997,20.965242382812498,19.55527890625,22.534921484374998,22.55527734375,22.592708984375,22.590561328125002,18.7923037109375,18.4791541015625,18.3875580078125,20.2829865234375,26.365373046875,20.368995312499997,17.461609765625,18.4180986328125,19.7030087890625,18.818080078125,18.61428515625,19.5558322265625,18.608284765625,21.1356990234375,,8.0808810546875,7.737807812500001,10.697166015625001,22.95331796875,15.449527734375,22.4296140625,18.6776951171875,24.001462890625003,11.020960156250002,10.937427929687502,13.9501220703125,13.88169921875,10.225731640625,10.133047851562502,10.235312695312501,10.364976171875,10.2615306640625,9.982815625,10.2828826171875,17.0299583984375,20.7161265625,21.297683789062503,17.687025390625,17.7917931640625,17.914833789062502,17.7066541015625,17.880944726562497,17.557908984375,17.399670703124997,17.95563671875,18.0233671875,17.76244609375,17.520275976562502,17.515577539062498,18.1784298828125,18.962504296875,19.039409179687503,17.78077734375,22.552586914062502,22.524216796875002,22.5975947265625,22.5686279296875,22.5342767578125,18.7368337890625,18.56235078125,18.35185703125,20.355216015625004,17.4381384765625,18.4545814453125,19.615606835937502,18.8004109375,18.651628125000002,19.45127734375,18.632568554687502,21.0992623046875
lapgyn4_surgical_actions,7.502830078124999,0.0,4.3089521484375,5.6727013671875,18.800440234375,19.742353125,26.4474828125,16.4055830078125,20.0511353515625,24.547101757812502,16.4942984375,16.048360156250002,19.197791015625,18.206790625000004,25.822706445312498,26.213252539062502,13.1024873046875,13.389148437500001,14.884301171874998,14.1482974609375,8.73319375,8.795406640625,8.70586796875,8.708703515625,8.670623437500002,8.741471875000002,8.6837177734375,18.600613671875003,16.15864140625,19.227992578125,23.6011458984375,22.039879687500004,23.203329687500002,17.980031250000003,17.935949218749997,18.1530609375,17.90291484375,18.2110583984375,17.860212109375,17.8551478515625,18.3158349609375,18.168738671874998,17.999642578125,17.772951171875,17.8069853515625,18.343344921875,19.9525658203125,19.67038125,19.9731435546875,21.675681835937503,25.3636859375,20.6895794921875,19.889586328125,25.388441796875004,25.38700703125,25.416607421875,25.42610234375,19.4964568359375,19.547502929687496,19.5375509765625,22.371143945312504,29.03710625,19.692373046874998,17.288894140625,18.9000912109375,19.0836287109375,18.346064453125003,18.24550234375,19.1318462890625,20.053721875,23.387312695312502,7.609657812499999,,4.16810234375,5.6351203125,26.5090015625,16.40982265625,24.463851953125,19.2996443359375,25.740938671875,13.07388984375,13.3139845703125,14.937040039062502,14.119919140625,8.869609375,8.749009179687501,8.7451462890625,8.8964203125,8.559763867187499,8.619393359375,8.9650408203125,16.194200195312497,23.613451171875,23.1415005859375,18.004526171875,17.967669726562498,18.1009630859375,17.9417091796875,18.1641775390625,17.892034765625002,17.762425390625,18.228817578125,18.1979140625,18.058578515625,17.805936523437502,17.8230064453125,18.3635400390625,19.97054140625,19.9988642578125,21.508099609375,25.3922291015625,25.3546921875,25.438410351562503,25.4044982421875,25.3919341796875,19.4340884765625,19.61964140625,19.512521484375,19.685809374999998,17.1988419921875,18.8565923828125,19.0174736328125,18.371957031250002,18.348796484375,19.07573359375,20.061923242187504,23.317711523437502
lapgyn4_instrument_count,7.7383654296875015,4.3089521484375,0.0,4.84431796875,17.8935298828125,18.655773242187504,25.2261115234375,16.597094140625,19.025017578125002,23.482322265624997,15.8419412109375,15.454024023437498,18.7624533203125,17.7642818359375,24.930469921875,25.198080859375,12.709156250000001,12.9947634765625,15.2109267578125,15.261102343750002,7.7779244140625,7.872697070312501,7.7649181640625,7.757224414062501,7.7420302734375,7.8006119140625,7.737497265625,17.812440429687502,17.208603320312502,19.5603005859375,22.632896484375003,20.603138476562503,22.5346771484375,18.5612083984375,18.6092271484375,18.8534759765625,18.4796091796875,18.921341015625003,18.4588197265625,18.454512109375,19.003325781250002,18.8457173828125,18.6381052734375,18.3340033203125,18.422367187499997,19.037103320312504,20.0169,18.9774771484375,20.131388671875,20.789780078125002,24.1525205078125,21.29206328125,20.337899804687503,24.167905664062502,24.168766601562503,24.2010505859375,24.208718164062503,19.060016015625003,19.43337578125,19.435166406249998,22.073243750000003,27.879624804687502,19.300712695312498,17.3893646484375,18.014374609375,19.287964453125,17.800409179687502,18.0181697265625,18.529337499999997,19.8275427734375,22.511250390625,7.844172851562501,4.33461796875,,5.0071017578125,25.280037304687504,16.595448242187498,23.4095673828125,18.848948828125003,24.8384642578125,12.671318164062502,12.882846484375001,15.305398046875002,15.2066767578125,7.9313517578125,7.795902734375,7.880093359375001,7.939275195312501,7.658876562500001,7.608199023437501,7.940228125,17.318049609375,22.6546357421875,22.45239375,18.632906835937497,18.647077734375003,18.79995390625,18.5652078125,18.839223828125,18.4772732421875,18.3425408203125,18.8996708984375,18.9121419921875,18.682983007812503,18.357681640625003,18.485085546875002,19.074894921875,20.0765708984375,20.1493171875,20.634477929687502,24.184187109375003,24.1426322265625,24.2129609375,24.193546484375002,24.176560156249998,19.025266796875,19.4730673828125,19.399559960937502,19.2964416015625,17.318095703125,17.989601171875,19.213766406250002,17.8026697265625,18.088461132812498,18.4561306640625,19.841923046875,22.458867578125002
lapgyn4_anatomical_actions,10.630409570312501,5.6727013671875,4.84431796875,0.0,20.3171119140625,20.4682080078125,26.797208789062502,18.868066015625004,20.678354296875,24.887830078125003,17.7680775390625,17.4555326171875,20.7038837890625,19.8497931640625,26.080103515624998,26.47854296875,15.699436328125,16.067591992187502,17.4230810546875,17.467723046874998,11.005168945312501,11.068173632812499,10.9554630859375,10.969921289062501,10.952808789062502,11.0157466796875,10.958708984375,19.9093771484375,18.065977929687502,21.4752408203125,24.822635546875,22.803211523437504,24.1467037109375,20.1061603515625,20.093479492187498,20.1876673828125,20.110447851562498,20.234354296875,20.0175451171875,20.100499218750002,20.34702109375,20.1980509765625,20.065117773437503,19.9834193359375,19.896267968750003,20.256618164062502,21.611319140625,20.763242382812503,21.730291015625,22.890224609375004,26.272420507812498,22.066688281250002,22.075744726562498,26.2943490234375,26.2910865234375,26.312179492187504,26.3312072265625,21.143174609375002,21.6313046875,21.666998828125003,23.754742578125,29.6971115234375,20.5850380859375,19.2315115234375,19.92604765625,20.117440234375003,19.1422146484375,19.294827929687504,20.019182421875,21.119066210937497,24.662498828125003,10.7065822265625,5.6418609375,4.7886748046875,,26.857950195312505,18.8617369140625,24.8415033203125,20.80144921875,25.9732556640625,15.681658789062501,16.000467578125,17.50896875,17.4419041015625,11.1548705078125,11.03528359375,11.057436328125,11.1342498046875,10.773527734375,10.8870986328125,11.143996484375,18.112409765625003,24.843795898437502,24.0984984375,20.123250195312497,20.091972265625,20.139480078124997,20.155526171875,20.18522734375,20.039986914062496,19.988605664062497,20.2507048828125,20.1974490234375,20.094120898437502,20.048688671875002,19.915050390625,20.29325234375,21.659377539062497,21.738896484375,22.7496490234375,26.292661328125,26.2712119140625,26.34048984375,26.302216015625,26.293537890625004,21.101401171874997,21.6778810546875,21.6249306640625,20.5855791015625,19.14808515625,19.88757421875,20.056466015625,19.1604376953125,19.385642773437503,19.9810666015625,21.133898046875,24.624835937500002
sklin2_skin_lesions,15.812362499999999,18.800440234375,17.8935298828125,20.3171119140625,0.0,15.37617890625,18.94614921875,18.1316361328125,17.1871958984375,19.7933833984375,16.0384671875,16.3188921875,18.541118359374998,16.858623828124998,21.7506126953125,21.410562304687502,13.3023728515625,13.82703671875,17.915349218749995,19.247874804687502,17.730351171875,17.801028125000002,17.832041015625002,17.744583203125003,17.7748703125,17.767549609375,17.7728724609375,8.842990625000002,19.730773046875,15.038390234375,18.431111914062498,11.871237890625,20.11323984375,19.743723046875,19.866238671875003,20.095128125000002,19.654491015625,20.1280455078125,19.669234765625,19.6208513671875,20.1991810546875,20.23792578125,19.88226328125,19.328182421875,19.7908681640625,20.238958984375,21.1183884765625,8.32646875,21.5053310546875,10.720624414062502,17.292877734375,23.4741341796875,20.327160156250002,17.324250390625004,17.356280078125003,17.381974218750003,17.385402734375003,15.3894951171875,14.7868400390625,14.8208212890625,17.2191341796875,21.90024296875,22.2132796875,19.83114921875,19.828699804687503,22.4481447265625,20.819534765625,21.216590625000002,20.8863158203125,17.44456484375,16.2868685546875,15.716482421875,18.7471119140625,18.074691015625,20.487731250000003,18.99358203125,18.063250390625,19.766378906249997,18.472852929687498,21.706592578125,13.280657421875,13.675845898437501,17.9585962890625,19.255561328125,17.7047234375,17.727377539062502,17.9192505859375,17.92441484375,17.9813693359375,17.651610937500003,17.6599880859375,20.0403197265625,18.430922656249997,20.0133884765625,19.918333984375,20.0007791015625,20.0954271484375,19.820009960937497,19.9079126953125,19.673625390625,19.40041171875,20.132595703125,20.286831640625,19.889810546875,19.3610396484375,19.9886666015625,20.326426367187498,21.271540234375,21.464724023437498,10.632440625000001,17.338482617187502,17.307726953125,17.3923697265625,17.348176367187502,17.332133789062503,15.332240039062501,14.7549796875,14.833041796875001,22.193354296875,19.7934767578125,19.9122607421875,22.334993164062503,20.767287500000002,21.158039453125,20.70155546875,17.448408007812503,16.2687259765625
identify_nbi_infframes,16.60071875,19.742353125,18.655773242187504,20.4682080078125,15.37617890625,0.0,12.498365625000002,20.8806255859375,15.659859570312499,14.312141601562502,15.457984374999999,15.983092187500002,17.839826953124998,15.852394531249999,17.791824414062503,17.4116599609375,15.809115039062501,16.510475,19.86696640625,21.351661132812502,19.477530078125,19.571165234375,19.555229296875,19.448634765625002,19.541315234375002,19.525512500000005,19.5733712890625,13.940349999999999,19.45093828125,14.6405015625,15.013654101562501,14.166865625000002,19.211665234375,21.042437109375,20.680612890625,20.569718359375003,21.11168671875,20.4125560546875,20.990308984375,21.039383007812503,20.4570048828125,20.926403515625,20.596617968750003,21.016909765625,20.4105888671875,20.369458203125003,19.8269314453125,13.685561718750002,20.4510357421875,12.3479291015625,19.19042421875,24.5149267578125,21.741917578124998,19.179396875,19.223779296875,19.255526953125,19.27180390625,20.5414087890625,20.4702455078125,20.4248177734375,13.5921263671875,22.686005859375,21.738123046875,20.658069140625003,18.817124804687502,23.420780664062498,20.099107421875,20.7929515625,20.565422851562502,17.695555078125004,19.454248242187496,16.493527734375,19.2467794921875,18.821544140625,20.694940234375,12.518718359375,20.813639453125,14.409850390625001,17.7541419921875,17.690312109375,15.667983593750002,16.314258398437502,19.9856087890625,21.289195703125003,19.480914062500002,19.362090429687502,19.6730919921875,19.700737890625003,19.6869044921875,19.404580468749998,19.339486914062498,19.765461132812497,15.079241796875001,19.1567884765625,21.09490390625,20.8068974609375,20.581149804687502,21.4329876953125,20.1202794921875,20.90153984375,20.777750390625002,20.440618359375,20.903580859375,20.530233203125,21.1984326171875,20.6411455078125,20.519484960937504,20.034649609375002,20.3904037109375,12.255894140625,19.204080664062502,19.207482031250002,19.225677539062502,19.2272044921875,19.2217994140625,20.5896986328125,20.515551171874996,20.316629687499997,21.7016390625,20.6594716796875,18.9299322265625,23.294883789062503,20.0827234375,20.66822734375,20.417373828125,17.7250048828125,19.4696626953125
laryngeal_tissues,22.8900671875,26.4474828125,25.2261115234375,26.797208789062502,18.94614921875,12.498365625000002,0.0,26.720395117187504,18.3669869140625,13.1159240234375,19.1009578125,20.106337890625,19.829425,18.219693750000005,17.307538867187503,16.6125408203125,22.5779685546875,23.100288671875,25.933814453125002,28.6758880859375,26.786384765625,26.881976562500004,26.861645703125,26.76181015625,26.8265484375,26.82635859375,26.8686951171875,17.260809765624998,25.40524765625,20.527239843750003,17.7504853515625,16.052124218750002,22.715471875000002,27.386349218750002,27.214894140625002,26.9519859375,27.516814453125,26.8071943359375,27.412825,27.516188867187502,26.818320507812505,27.258098437500003,26.994887109375,27.44451484375,26.7310802734375,26.652292187500002,25.379967382812502,17.386533593750002,26.1119751953125,13.7597873046875,21.07064453125,30.0365138671875,27.908209765625003,21.062287109375,21.109424609375,21.11594453125,21.14519921875,24.732357226562502,24.7247173828125,24.7378314453125,17.0588966796875,23.380467578125,26.169057031250002,26.564633203125002,24.0743431640625,28.221545898437505,25.42491015625,26.081042187500003,25.7107642578125,21.504797656250002,22.6967712890625,22.760875,26.3349095703125,25.398323437500004,27.028444140625,,26.645962500000003,13.338951562500002,19.698987695312503,17.212829296875,22.441183203125,22.9963294921875,26.0291818359375,28.6033296875,26.78424921875,26.6733080078125,26.979505273437503,27.012709765625004,26.969844726562503,26.680581250000003,26.6573283203125,25.7692455078125,17.818632421875,22.693061914062504,27.427056640625004,27.356406835937502,26.9384771484375,27.803623242187502,26.5327955078125,27.32505390625,27.263031640625,26.85013125,27.220268750000002,26.889439453125004,27.640027539062498,26.9446849609375,26.8480779296875,25.61270546875,26.012400976562503,13.810625390625,21.0764611328125,21.106110546875,21.0826595703125,21.0843423828125,21.108026367187502,24.8129337890625,24.733791796875,24.66040546875,26.120181640625002,26.5731873046875,24.1781501953125,28.1241650390625,25.414634375000002,25.96065625,25.58361875,21.559869726562503,22.767898632812503
nerthus_bowel_cleansing_quality,15.4315673828125,16.4055830078125,16.597094140625,18.868066015625004,18.1316361328125,20.8806255859375,26.720395117187504,0.0,21.887719140625,23.682101171875004,18.0934544921875,17.5548611328125,19.5454810546875,18.3806771484375,25.862303125,26.073666796875003,10.845674609375,9.9179517578125,5.5379326171875,10.10693046875,14.263550976562499,14.2314685546875,14.2459345703125,14.267183398437501,14.262013085937502,14.2505232421875,14.28541953125,18.8248087890625,14.6945111328125,20.6102091796875,23.93001484375,22.713966601562504,21.537131445312504,19.1945369140625,18.8699419921875,19.1464193359375,18.9553615234375,19.13082734375,18.9516052734375,18.8236453125,19.273035546875,19.3740548828125,18.9879412109375,18.7581423828125,19.194127734375,19.3806318359375,21.894404296875003,19.5603529296875,22.065906249999998,21.828225000000003,23.061091210937498,23.681970703125003,18.227102148437503,23.0674107421875,23.088425195312503,23.1305916015625,23.0937111328125,14.8152171875,14.587591015625,14.4438265625,22.761996875,26.592428710937504,20.996819335937502,17.318691992187503,18.662037109375,20.255569140625,19.379019726562504,18.4919107421875,18.94107890625,22.250059960937502,20.774942578125,15.3685416015625,16.8127390625,16.6325341796875,18.8605373046875,26.7878904296875,,23.5403884765625,19.510266015625,25.8455392578125,10.7862767578125,10.149654296875,5.565558984375,10.034819335937499,14.1730474609375,14.303660546875,14.324821484375,14.3427224609375,14.363859765625,14.1940310546875,14.244938671875,14.741661718749999,23.973170117187504,21.444831640625,19.3206177734375,18.987155078125,19.122140234375003,19.094041015625002,19.068287109375003,18.9648029296875,18.7221169921875,19.2084115234375,19.4811556640625,19.0465849609375,18.725359375000004,19.241248046875,19.438484765625,21.919556054687504,22.078648046875,21.7269419921875,23.1118078125,23.0547224609375,23.118457031250003,23.127446484375,23.042321875,14.73994140625,14.6719603515625,14.368147851562501,21.0328623046875,17.23859453125,18.674353906249998,20.19132265625,19.348485351562502,18.5684642578125,18.8353173828125,22.2751828125,20.6766
stanford_dogs_image_categorization,18.2149869140625,20.0511353515625,19.025017578125002,20.678354296875,17.1871958984375,15.659859570312499,18.3669869140625,21.887719140625,0.0,17.91627734375,9.687267773437501,10.1051736328125,12.9886494140625,12.5333435546875,19.799556250000002,19.79735546875,17.843020312500002,18.676757226562497,20.7683400390625,22.151747265624998,20.9130533203125,21.0036091796875,20.9855287109375,20.909403710937504,20.942570117187497,20.9671666015625,20.979841015625,15.4875498046875,21.4223669921875,17.824116210937497,18.911915625,16.5282951171875,20.3931259765625,22.3682990234375,22.0745798828125,22.0700349609375,22.4145423828125,21.97695390625,22.2838150390625,22.277502734375,22.045094921875002,22.3393470703125,22.0561529296875,22.3419166015625,21.86725078125,22.0359599609375,22.68359453125,16.6398701171875,23.20802265625,16.7082671875,21.4738927734375,25.54659296875,21.3773177734375,21.485704101562504,21.5194791015625,21.5238755859375,21.5489837890625,20.76918203125,20.425021484375,20.446624999999997,17.944215234375,24.687229882812503,21.255932617187497,21.3005900390625,19.374696484374997,23.163873046875,19.437623242187502,20.2313271484375,20.222180468750004,18.4051634765625,21.3553,18.127230664062502,19.702825,19.188751757812497,20.8639728515625,18.3975662109375,21.8332494140625,17.8896076171875,13.1188078125,19.7197041015625,17.7739685546875,18.54524140625,20.850758984375002,22.1364970703125,20.973797460937504,20.914689453125,21.165012890625,21.1326744140625,21.106242968750003,20.876484960937503,20.803884765625,21.720129296875,18.9605025390625,20.367415625,22.452113085937498,22.196430078124997,22.097289843749998,22.6483515625,21.783525390625,22.2942158203125,22.0872525390625,22.0054783203125,22.3463837890625,22.0528033203125,22.419099609375,21.9689859375,22.174397265625,22.8560880859375,23.16936328125,16.6435220703125,21.490651562500002,21.4947126953125,21.537753125000002,21.484012109375,21.503537890625005,20.754553125,20.4615416015625,20.3781158203125,21.2088908203125,21.214675,19.436610546875002,23.039951953124998,19.398841601562502,20.1771724609375,20.0872552734375,18.427352734375,21.377998828125
svhn,22.457874414062502,24.547101757812502,23.482322265624997,24.887830078125003,19.7933833984375,14.312141601562502,13.1159240234375,23.682101171875004,17.91627734375,0.0,16.7724599609375,17.282185351562504,14.1064716796875,12.529683789062501,13.383255859375002,12.95239296875,21.032192578125002,21.538105664062503,23.0073638671875,25.045657812500004,24.3012650390625,24.387319726562502,24.3555544921875,24.2762783203125,24.3401291015625,24.3418005859375,24.389406640625,18.601271289062502,22.816297851562503,19.8420501953125,18.362190234375,19.0125443359375,22.080827539062504,24.1597013671875,23.652708007812503,23.4555365234375,24.186471289062503,23.269591015625,24.0584861328125,24.100110546875,23.353576562500002,23.8496697265625,23.5355013671875,24.098643554687502,23.38132734375,23.2357068359375,23.41700703125,18.9568236328125,23.987013671875005,17.04026015625,22.3589474609375,27.540282812500003,24.5277318359375,22.3493505859375,22.3875275390625,22.412889257812502,22.4119021484375,22.708916015625,22.569494921875002,22.59029609375,18.192967187500003,24.8439123046875,22.0045927734375,23.0941986328125,20.84865078125,24.317998828125,21.539132617187498,21.2999662109375,21.770915625,21.465355273437503,23.165658203125002,22.3966416015625,24.35194375,23.6115591796875,25.056950195312503,13.135081445312501,23.614684960937502,,13.931298828125001,13.3259669921875,20.919402148437502,21.441482421875,23.087783984375,25.0244630859375,24.297045507812502,24.21721875,24.482298828125003,24.512473242187504,24.480332421875,24.256731445312504,24.18940390625,23.12161015625,18.4007056640625,22.053633984375,24.2161072265625,23.779707421875003,23.431075390625,24.481825390625,23.0087625,23.9980900390625,23.891795117187502,23.3824119140625,23.831014648437503,23.5050244140625,24.296603906250002,23.5553125,23.37819140625,23.5921357421875,23.916495703125,17.0335201171875,22.38342421875,22.377638476562502,22.361112109375,22.379618359375,22.360546875,22.735608984375006,22.5564341796875,22.510969335937503,21.9947791015625,23.090048046874998,20.93325234375,24.243425390625,21.553297070312503,21.206814257812503,21.6573923828125,21.50689921875,23.192912109375
caltech101_object_classification,15.6078984375,16.4942984375,15.8419412109375,17.7680775390625,16.0384671875,15.457984374999999,19.1009578125,18.0934544921875,9.687267773437501,16.7724599609375,0.0,3.21440546875,10.403625781250001,9.099959375000001,18.680055273437503,18.8680861328125,14.721228710937499,15.2077390625,17.097926953124997,18.185302539062498,16.993882421875,17.071079296875002,17.035065625,16.97641875,17.006762890624998,17.037863671875,17.0575134765625,14.664019921875001,17.4481609375,17.271698046875002,18.3249681640625,17.538246875000002,18.66708671875,19.268920703124998,19.04108359375,19.14224375,19.3137046875,19.0760658203125,19.164770703125,19.2102330078125,19.1848345703125,19.333715234375,19.029294921875,19.243416015625,18.9519630859375,19.151076953125,19.972995507812502,16.322046484375,20.369380664062497,16.6617087890625,20.213280078125003,22.9126412109375,17.726004296875004,20.2432546875,20.261882421875004,20.269710546875,20.299909375000002,17.1497576171875,16.7521587890625,16.7871845703125,17.741052929687502,23.768622265624998,17.325298828125,17.34092734375,16.0160513671875,19.084462695312503,15.465369140625,15.65800390625,16.210550585937497,16.49950078125,19.559403320312498,15.543435937500002,16.401443554687503,16.0178046875,17.888607421875,19.125542968750004,18.051672265624997,16.674671874999998,10.459711523437502,18.611667968749998,14.702483203125002,15.1164748046875,17.1382884765625,18.176524609375,17.012912109375,17.007621289062502,17.259971289062502,17.228092578125,17.1361490234375,16.991130078125003,16.906193554687498,17.711780273437498,18.36591875,18.6386087890625,19.381851953125,19.1821298828125,19.1276267578125,19.5374283203125,18.9537587890625,19.192201953125,19.036686718749998,19.144276171875,19.350586328124997,19.05151875,19.336324414062503,19.041195507812503,19.2938603515625,20.09859140625,20.3657232421875,16.584216015625003,20.2467216796875,20.233457421875002,20.2835384765625,20.2349751953125,20.2545009765625,17.1259837890625,16.797671875,16.735855859375,17.334639062500003,17.188051757812502,16.0398970703125,18.9770564453125,15.451417578125,15.672589453125,16.06787265625,16.532673242187503,19.580701757812502
caltech256_object_classification,15.57994375,16.048360156250002,15.454024023437498,17.4555326171875,16.3188921875,15.983092187500002,20.106337890625,17.5548611328125,10.1051736328125,17.282185351562504,3.21440546875,0.0,10.33698984375,9.079604687500002,19.424777148437503,19.6814115234375,14.4057080078125,14.953749609374999,16.738208593750002,17.4624111328125,16.356836328125002,16.429709765625,16.391769921875003,16.346027734375,16.367525,16.397823046874997,16.4170431640625,14.912487109375,16.9033265625,17.541341796875,18.8287271484375,18.076120312500002,18.7991921875,18.905141796875,18.705871875,18.88383515625,18.9473734375,18.8239806640625,18.796991015625,18.831079882812503,18.9530318359375,19.0590203125,18.741920703125,18.869094140625002,18.6774294921875,18.942082031250003,19.8430193359375,16.679991796875,20.2074982421875,17.2847396484375,20.18856796875,22.676236132812498,17.262447265625,20.2192484375,20.232679296875,20.240702734375002,20.2763296875,16.804945507812498,16.4801533203125,16.530899414062503,18.0926396484375,23.783190625000003,16.865808203125,16.50720078125,15.432509960937502,18.718573242187503,14.744093359375,14.98729609375,15.5427208984375,16.724764453125,19.378527539062503,15.541658984375001,15.8545576171875,15.623162890625,17.557142578125,20.129309375,17.52712578125,17.168759375,10.388469726562501,19.358358203125,14.402526953125001,14.8649927734375,16.7775677734375,17.469608984375,16.362723046875,16.383099804687504,16.596352929687498,16.590997656249996,16.5169689453125,16.363553125,16.2686525390625,17.1667353515625,18.870495703125002,18.7543458984375,19.048919921874997,18.8598650390625,18.8610638671875,19.1566498046875,18.718895507812498,18.8223953125,18.6688,18.900964843750003,19.086271484375,18.79047734375,18.939593945312502,18.7561939453125,19.0769708984375,19.964803515625,20.2116470703125,17.201540234375003,20.228121679687504,20.214789453125,20.2520306640625,20.2112775390625,20.2355150390625,16.7521806640625,16.525099609375,16.48078515625,16.885574609375,16.343596289062504,15.4325865234375,18.6204748046875,14.727157421874999,15.02709921875,15.410598046875002,16.760296289062502,19.391819726562503
cifar10_object_classification,18.59883125,19.197791015625,18.7624533203125,20.7038837890625,18.541118359374998,17.839826953124998,19.829425,19.5454810546875,12.9886494140625,14.1064716796875,10.403625781250001,10.33698984375,0.0,4.01500234375,18.2738615234375,18.448599804687497,17.421849023437503,17.833384765625,18.865777734375,19.5670314453125,19.159312109375,19.22556171875,19.197143359375,19.17328671875,19.17694296875,19.202869921875,19.225763867187503,17.27558046875,18.916138671875,18.4916328125,21.0226623046875,19.942734375,22.36411796875,20.967847265624997,20.629132031250002,20.736866015625,20.922232031249997,20.6587408203125,20.80674453125,20.766326367187503,20.8306037109375,21.034566015625,20.68265390625,20.82779140625,20.597189257812502,20.838373828125,22.440060742187498,18.184804687499998,22.8158599609375,19.4722056640625,22.978264453125,24.922708007812503,20.24988359375,22.99537578125,22.99937890625,23.028808984374997,23.047245703125,19.1787494140625,19.1002857421875,19.125332226562502,18.9219369140625,26.426779296875004,20.388646093749998,19.85635390625,19.1311849609375,21.4326669921875,18.97693203125,18.757167187500002,19.2893212890625,19.539394140625,22.1382177734375,18.536280859375,19.3359732421875,18.8736265625,20.780855859375002,19.865650390625003,19.487626953125,13.949864062500001,,18.240384374999998,17.36520625,17.7550998046875,18.8996275390625,19.565780468750003,19.15494375,19.152837304687502,19.358283789062504,19.341580078125002,19.288590039062502,19.161038671874998,19.0945650390625,19.1473103515625,21.06300546875,22.352509960937503,21.057482031250004,20.7323767578125,20.7612685546875,21.117125976562498,20.517090039062502,20.80962578125,20.655376171875,20.771128515625,21.054172265625002,20.714321484375,20.8972353515625,20.652489257812498,20.977622460937503,22.550309765625002,22.7973986328125,19.394479296875,23.018709179687498,22.989265234375,23.0211412109375,23.007852539062497,23.0223498046875,19.155898242187497,19.119284765625004,19.055884374999998,20.404299609375002,19.7634818359375,19.1469861328125,21.382741992187498,18.985884765625002,18.74232578125,19.207113671875,19.5833822265625,22.114158398437503
cifar100_object_classification,17.2089765625,18.206790625000004,17.7642818359375,19.8497931640625,16.858623828124998,15.852394531249999,18.219693750000005,18.3806771484375,12.5333435546875,12.529683789062501,9.099959375000001,9.079604687500002,4.01500234375,0.0,17.1294744140625,17.2280955078125,16.0158564453125,16.393902734375004,17.673653125,18.6986666015625,18.0932046875,18.16683359375,18.138500781250002,18.1083265625,18.115080078124997,18.142484375000002,18.164503320312498,15.5398828125,17.903797265625002,17.0287140625,18.9162955078125,18.374699218750003,20.862944140625,19.780558203125,19.428669921875,19.518035546875,19.767639453125,19.4285611328125,19.625721875,19.6160232421875,19.5826619140625,19.824248828125,19.48124296875,19.664489062500003,19.3197150390625,19.5963,21.058323242187498,16.649848828125002,21.422210742187502,17.6991060546875,21.470117968750003,23.9372814453125,19.11082421875,21.488023046875,21.498312890624998,21.532667578125,21.547408203125002,18.0264541015625,17.825936914062503,17.8386396484375,17.7368931640625,25.239837890624997,19.225477734374998,18.872455859375,18.3169748046875,20.558034960937498,18.117261328125,17.83713515625,18.4230181640625,18.0467546875,20.7845583984375,17.1433515625,18.3883064453125,17.87389140625,19.95276640625,18.255411718750004,18.324561328125,12.3699484375,4.1471447265625,17.086126171875,15.964573828125001,16.3187908203125,17.7133482421875,18.700246875,18.091919921875,18.0950513671875,18.302148632812504,18.307856640624998,18.269645507812502,18.090506640625,18.013854492187498,18.1733369140625,18.960296875,20.826704492187503,19.867111718750003,19.5688505859375,19.5324197265625,19.9733318359375,19.2704005859375,19.638617968749998,19.47837578125,19.54504140625,19.8461,19.489491796875,19.7600158203125,19.4043447265625,19.7335470703125,21.176885156250002,21.4030732421875,17.60091953125,21.519098242187503,21.478714062500003,21.516818554687504,21.5077466796875,21.5091884765625,18.0060337890625,17.842505468749998,17.766523828125003,19.23681953125,18.7962013671875,18.345727539062498,20.4861224609375,18.1281828125,17.844186328125,18.328133984375,18.0913283203125,20.7656173828125
mnist_digit_classification,24.086061132812503,25.822706445312498,24.930469921875,26.080103515624998,21.7506126953125,17.791824414062503,17.307538867187503,25.862303125,19.799556250000002,13.383255859375002,18.680055273437503,19.424777148437503,18.2738615234375,17.1294744140625,0.0,4.446924609375001,22.498178515625,23.2239689453125,24.880198242187504,27.481596093750003,26.1096087890625,26.1652544921875,26.148806054687498,26.069623242187504,26.1564111328125,26.1500470703125,26.183520703125,20.323069335937504,24.5220794921875,22.5202857421875,17.852872265625003,19.9575017578125,22.1558537109375,26.4513509765625,26.183091210937498,25.9472408203125,26.5799380859375,25.796291015625002,26.4267404296875,26.537794921875,25.835441796875003,26.2071380859375,26.0228482421875,26.5989111328125,25.850075390625,25.7182943359375,25.28883359375,20.4056650390625,25.776358203125,18.543489453124998,22.4945126953125,27.941586328125002,24.2516853515625,22.476001367187504,22.5218919921875,22.522886132812502,22.5390025390625,24.255096875,24.109780078125,24.07529765625,21.35136640625,24.0255892578125,23.965989648437503,25.1401806640625,21.768562890625002,25.3453875,22.389884570312503,22.7931818359375,23.0169171875,23.548470507812503,24.032176953125003,24.0452603515625,25.573656250000003,25.071256054687503,26.229713085937497,17.3097666015625,25.797423632812503,13.351743945312501,18.0952140625,,22.384452148437504,23.176326171874997,24.968094921875,27.4349658203125,26.1699701171875,26.048088281250003,26.296860546875003,26.2658244140625,26.207026171875,26.082262304687504,26.008327343750004,24.7807796875,17.9050869140625,22.13265390625,26.4946072265625,26.270207812500004,25.9249875,26.849923437500003,25.653717578125004,26.397204882812503,26.3297330078125,25.8610083984375,26.160012695312503,25.973625585937505,26.752071484375,26.028605078125,25.857578515625,25.4021654296875,25.707584765625,18.548356835937497,22.48740703125,22.5183423828125,22.499621875000003,22.49850703125,22.48139609375,24.301372656250003,24.1241771484375,23.9795740234375,23.8939439453125,25.116847265624997,21.828891015625,25.245727734375002,22.383675195312502,22.755466210937502,22.845088476562502,23.57054140625,24.101830468750002
emnist_digit_classification,24.0773814453125,26.213252539062502,25.198080859375,26.47854296875,21.410562304687502,17.4116599609375,16.6125408203125,26.073666796875003,19.79735546875,12.95239296875,18.8680861328125,19.6814115234375,18.448599804687497,17.2280955078125,4.446924609375001,0.0,22.774244140625,23.346534179687502,25.1968642578125,27.71639296875,26.3859275390625,26.4513189453125,26.4332208984375,26.3505099609375,26.4295779296875,26.435274804687502,26.46084609375,19.995740820312502,24.665790820312502,21.8221986328125,17.079678515624998,19.6852892578125,21.9633615234375,26.5060330078125,26.202908007812503,25.9722373046875,26.6039173828125,25.81727109375,26.4742244140625,26.543584765625003,25.855758203125,26.250788867187502,26.0381642578125,26.603963867187503,25.88595703125,25.7530646484375,25.369659765625002,20.100579492187503,25.914750781250003,18.263403125,21.991407617187498,28.266680468750003,24.6676599609375,21.973599804687503,22.0177244140625,22.0206865234375,22.0365490234375,24.491415234375,24.474196093750002,24.447796484375004,20.618239062500002,23.709473632812504,24.4865931640625,25.2423849609375,21.950525000000003,25.862067187500003,22.647225585937502,23.1916958984375,23.410796875,23.5123111328125,23.524992968750002,24.0390228515625,25.93264140625,25.336815820312502,26.6446431640625,16.6204173828125,26.0042169921875,12.9226041015625,18.281573828125,4.396493945312502,22.6466970703125,23.280095312500002,25.27825234375,27.652477539062502,26.4472736328125,26.3338421875,26.590972656250003,26.573172851562504,26.4994375,26.360135742187502,26.281719921875002,24.943574609375,17.130093945312503,21.946470703125,26.5594474609375,26.30319765625,25.948175390625003,26.900346093750002,25.653089453125002,26.445615820312504,26.332971679687503,25.861285742187505,26.2268431640625,25.9756837890625,26.772019531250002,26.0802046875,25.884636718750002,25.506555664062503,25.843146875000002,18.261903710937503,21.981120312500003,22.013558007812502,21.998669140625,21.997566015625,21.981727734375003,24.558709375,24.478668164062505,24.340518945312503,24.4196599609375,25.189990625,22.013422265625003,25.745322265625,22.622938085937502,23.140456835937503,23.247534179687502,23.537686718750003,23.587976171875003
