,lapgyn4_anatomical_structures,lapgyn4_surgical_actions,lapgyn4_instrument_count,lapgyn4_anatomical_actions,sklin2_skin_lesions,identify_nbi_infframes,laryngeal_tissues,nerthus_bowel_cleansing_quality,stanford_dogs_image_categorization,svhn,caltech101_object_classification,caltech256_object_classification,cifar10_object_classification,cifar100_object_classification,mnist_digit_classification,emnist_digit_classification,hyperkvasir_anatomical-landmarks,hyperkvasir_pathological-findings,hyperkvasir_quality-of-mucosal-views,hyperkvasir_therapeutic-interventions,cholec80_grasper_presence,cholec80_bipolar_presence,cholec80_hook_presence,cholec80_scissors_presence,cholec80_clipper_presence,cholec80_irrigator_presence,cholec80_specimenbag_presence,derm7pt_skin_lesions,idle_action_recognition,barretts_esophagus_diagnosis,brain_tumor_classification,mednode_melanoma_classification,brain_tumor_type_classification,chexpert_enlarged_cardiomediastinum,chexpert_cardiomegaly,chexpert_lung_opacity,chexpert_lung_lesion,chexpert_edema,chexpert_consolidation,chexpert_pneumonia,chexpert_atelectasis,chexpert_pneumothorax,chexpert_pleural_effusion,chexpert_pleural_other,chexpert_fracture,chexpert_support_devices,pneumonia_classification,ph2-melanocytic-lesions-classification,covid_xray_classification,isic20_melanoma_classification,deep_drid_dr_level,shenzen_chest_xray_tuberculosis,crawled_covid_ct_classification,deep_drid_quality,deep_drid_clarity,deep_drid_field,deep_drid_artifact,kvasir_capsule_anatomy,kvasir_capsule_content,kvasir_capsule_pathologies,breast_cancer_classification_v2,eye_condition_classification,mura_xr_wrist,mura_xr_shoulder,mura_xr_humerus,mura_xr_hand,mura_xr_forearm,mura_xr_finger,mura_xr_elbow,bean_plant_disease_classification,aptos19_blindness_detection,lapgyn4_anatomical_structures --shrink_train 800,lapgyn4_surgical_actions --shrink_train 800,lapgyn4_instrument_count --shrink_train 800,lapgyn4_anatomical_actions --shrink_train 800,laryngeal_tissues --shrink_train 800,nerthus_bowel_cleansing_quality --shrink_train 800,svhn --shrink_train 800,cifar10_object_classification --shrink_train 800,mnist_digit_classification --shrink_train 800,hyperkvasir_anatomical-landmarks --shrink_train 800,hyperkvasir_pathological-findings --shrink_train 800,hyperkvasir_quality-of-mucosal-views --shrink_train 800,hyperkvasir_therapeutic-interventions --shrink_train 800,cholec80_grasper_presence --shrink_train 800,cholec80_bipolar_presence --shrink_train 800,cholec80_hook_presence --shrink_train 800,cholec80_scissors_presence --shrink_train 800,cholec80_clipper_presence --shrink_train 800,cholec80_irrigator_presence --shrink_train 800,cholec80_specimenbag_presence --shrink_train 800,idle_action_recognition --shrink_train 800,brain_tumor_classification --shrink_train 800,brain_tumor_type_classification --shrink_train 800,chexpert_enlarged_cardiomediastinum --shrink_train 800,chexpert_cardiomegaly --shrink_train 800,chexpert_lung_opacity --shrink_train 800,chexpert_lung_lesion --shrink_train 800,chexpert_edema --shrink_train 800,chexpert_consolidation --shrink_train 800,chexpert_pneumonia --shrink_train 800,chexpert_atelectasis --shrink_train 800,chexpert_pneumothorax --shrink_train 800,chexpert_pleural_effusion --shrink_train 800,chexpert_pleural_other --shrink_train 800,chexpert_fracture --shrink_train 800,chexpert_support_devices --shrink_train 800,pneumonia_classification --shrink_train 800,covid_xray_classification --shrink_train 800,isic20_melanoma_classification --shrink_train 800,deep_drid_dr_level --shrink_train 800,deep_drid_quality --shrink_train 800,deep_drid_clarity --shrink_train 800,deep_drid_field --shrink_train 800,deep_drid_artifact --shrink_train 800,kvasir_capsule_anatomy --shrink_train 800,kvasir_capsule_content --shrink_train 800,kvasir_capsule_pathologies --shrink_train 800,mura_xr_wrist --shrink_train 800,mura_xr_shoulder --shrink_train 800,mura_xr_humerus --shrink_train 800,mura_xr_hand --shrink_train 800,mura_xr_forearm --shrink_train 800,mura_xr_finger --shrink_train 800,mura_xr_elbow --shrink_train 800,bean_plant_disease_classification --shrink_train 800,aptos19_blindness_detection --shrink_train 800
lapgyn4_anatomical_structures,0.0,0.0007467370127490767,0.0007764355995734606,0.001071257733438006,0.001641612715058477,0.0016906173906466849,0.0023623463495883925,0.0016090828123273698,0.0017575189721435436,0.0023748458183189772,0.001539090105371088,0.001532614436452741,0.0019127430542407184,0.0017883971506424587,0.0025186945838954217,0.0025155079753731114,0.0011437377669986063,0.0011338256877753338,0.0014416231714046717,0.0014067329822893045,0.0010332915817572712,0.0010399165476148483,0.0010381307244713982,0.0010330216171859094,0.0010316235691439262,0.0010336882819330187,0.0010326457537562193,0.0016552948357609694,0.0017351973915952388,0.0017288528689106217,0.0020932642303075908,0.0018436060034133334,0.0021878048083034856,0.0017929181430049086,0.001805765212113579,0.0018380631644862434,0.0017905810073030127,0.001843986531998121,0.0017844087644574304,0.0017866704280671685,0.0018484674235674904,0.0018349410024258532,0.0018152406103027945,0.0017800095804108426,0.0017821399181519385,0.0018607103269134314,0.0019131806842005066,0.001768548305259128,0.0019279373110696729,0.0018368116425670452,0.0023322025356080304,0.0021202240934352174,0.0019937377751325586,0.0023344153827406216,0.0023360707904203763,0.002339618357321865,0.0023397343179658945,0.0019712618314560587,0.0019426729843693012,0.0019361636158231024,0.002117703153300886,0.002699763660943131,0.0020807876098308496,0.001790939578982216,0.0019087039997818013,0.0020171660468408163,0.0019303111479273413,0.0019155025547072909,0.0019999063641161227,0.0019096745557889787,0.002189663774547944,6.539483096562443e-05,0.0008122665808668217,0.0007762658391736979,0.0010802863990980313,0.002366964237507614,0.0016112697935890539,0.0023727307221091684,0.0019235453792484124,0.0025111648374856717,0.001135484840549043,0.001127141702678682,0.0014503575190558877,0.0013988692962535196,0.0010413734581029759,0.0010332473600928324,0.0010441763280312217,0.0010546794011292151,0.0010464332417861669,0.0010157818077811045,0.0010491851525576525,0.0017540779254984274,0.0020965085271687717,0.0021798774706928955,0.0018020317692653636,0.00181465919393454,0.001833978540836324,0.0018015526237589031,0.0018337666330814502,0.0017883515031995104,0.0017717060959389756,0.0018386615490823262,0.0018429301650943674,0.0018160814361009672,0.0017829817428429353,0.0017890008317003778,0.0018646187806168428,0.0019211394040663892,0.0019253100376779232,0.0018231795861798673,0.0023346864924241343,0.0023337752011988416,0.002341131537210413,0.0023374248479014342,0.002335225199290176,0.0019649766017405456,0.0019513028180710764,0.0019317711990603586,0.0020812086951972563,0.0017875623700240569,0.001912381382284548,0.002009498459781571,0.0019285662475088203,0.0019196497409412134,0.0019911839695132814,0.0019118813252563768,0.002185484833629971
lapgyn4_surgical_actions,0.0007467370127490767,0.0,0.00041983968264039514,0.000560784732814409,0.0019314272459152336,0.001988797709673554,0.002695361452467273,0.0016841961663197026,0.0019569169410455743,0.002562744047117849,0.0016380272595503584,0.001591059957672701,0.0019641012932838297,0.0018827248514307487,0.002654799014395008,0.0026920642761127057,0.0013432365270096172,0.001368713028107777,0.0015277962336738486,0.0014148817940384788,0.0008766968690052182,0.0008839941217470369,0.0008735842792028507,0.0008751182842708432,0.0008705638289843592,0.0008776710790967854,0.0008714126756144424,0.0019043002042336869,0.0016426674111179864,0.0019340619140785522,0.002357752185358595,0.0022273649352606752,0.0023398657415683376,0.001815983608699594,0.0018158878952454416,0.0018396909911106833,0.001808360279399176,0.0018464655209438662,0.0018031206349231072,0.0018032000693580586,0.0018569711275265945,0.001839673949670487,0.0018223676550428766,0.0017952842738851132,0.0018064696757593766,0.0018613101769674814,0.0020071280518239067,0.0020233418879025064,0.0020024611232225655,0.0022054421498178952,0.0025880901518367415,0.0020684202978004124,0.002005733501978466,0.002590671254627523,0.0025902451793585897,0.0025929204858804043,0.0025942970839646484,0.0020108629163973777,0.0020208874641784863,0.0020217233607942716,0.002306338352750731,0.0029278077272955672,0.0019790840275403757,0.0017551504055233183,0.0019285323359631095,0.0019195710041413124,0.0018564144043555645,0.0018528155054959373,0.0019297957688393583,0.0020374012999934852,0.0023865179871354033,0.0007575042302539259,0.00026334311214304764,0.0004049011476737861,0.0005597879560170441,0.0026995111819610204,0.0016855800402867317,0.0025539176102766766,0.001976115802960976,0.0026478998312374647,0.0013414312158557323,0.0013614004262831713,0.0015327787769690306,0.00141220866688559,0.0008902580131963761,0.0008771218249751429,0.0008783131059185508,0.0008919401092312684,0.0008601826068025732,0.0008656902072728373,0.000901047910596799,0.0016462490012300352,0.002358623023149153,0.0023341782004894186,0.0018193248865734858,0.0018173328652051851,0.0018346706533597856,0.0018120556993656692,0.0018428544483126415,0.0018074265255287629,0.0017946121209186689,0.001847438072073328,0.001842947120730651,0.0018275557565766577,0.0017979884445539713,0.0018059558595002047,0.0018623743002438914,0.002007041570765341,0.0020045614303294546,0.002190544942446673,0.0025898996092334303,0.0025878440921532956,0.0025962564484902717,0.0025923234440344686,0.002591811708449018,0.0020048452712554082,0.0020278671640436416,0.0020181512878745707,0.0019804485198463,0.0017459674884795506,0.0019236815935595817,0.0019143705640002964,0.0018588245409521735,0.0018633371574443348,0.0019268955997257535,0.0020375936130174977,0.002380265493576758
lapgyn4_instrument_count,0.0007764355995734606,0.00041983968264039514,0.0,0.0004769306575429256,0.0018367259434711061,0.0018762131711956044,0.0025705142313087893,0.0017097348117880756,0.001844689679945054,0.0024482288120642806,0.0015616048280586486,0.0015186298692158292,0.0019154922382127325,0.0018265148220328459,0.002557125214948587,0.002579728940786845,0.0013009949692480405,0.001327022923676259,0.001563600824538935,0.0015323025581183629,0.0007815291778759731,0.0007923879799833231,0.0007804141003948644,0.0007809542061389038,0.0007781502054259591,0.0007843199662064763,0.0007771651750808587,0.0018248328042551067,0.0017472676971120337,0.001964657223815243,0.0022573099840183203,0.0020808847789589666,0.002278782305196728,0.0018719650955922363,0.0018833785402765897,0.001912275644534975,0.0018651082449827527,0.0019201436907224888,0.0018617482668787035,0.0018618662202654606,0.0019287625232962684,0.0019086135127644186,0.0018868515286898856,0.001849700385800634,0.00186800813183379,0.0019337722210679203,0.002011065895013326,0.0019530327552490464,0.0020162938903188887,0.0021152407097071316,0.002465928917775932,0.0021345222674915023,0.002044428046599819,0.002467918354185622,0.0024670272115364924,0.0024701254468118576,0.002471446199380989,0.0019601206690622575,0.002000533255527444,0.0020019501664103245,0.0022791226018492126,0.002812346532475249,0.0019402334927527136,0.00176371093831458,0.0018318270020899264,0.0019419595877127908,0.001794062705475676,0.0018197323572040434,0.0018628268466109603,0.0020122136626305976,0.002293604736722,0.0007860351393668454,0.00042647067460786737,6.735325844001646e-05,0.0004946612292853162,0.0025742701300365298,0.0017102593751742918,0.002441144703952614,0.0019263359485612685,0.0025487789754841746,0.00129868767293558,0.0013155863614894316,0.0015718938930013794,0.0015278949545499928,0.0007970451780027589,0.0007831295698554415,0.0007930722738581154,0.0007974976864410339,0.0007710513640021192,0.00076470496469085,0.0007984396657542449,0.0017585333853783597,0.00225968931224852,0.0022709287915592315,0.0018803360633979993,0.0018858101391525453,0.0019066284948517707,0.0018733002949346657,0.0019134648163597605,0.0018651399660306197,0.0018506450116588895,0.001916746498651446,0.0019156942625544846,0.0018921703559268508,0.001850771702002885,0.0018712265047580788,0.0019362746725088073,0.002015405387039255,0.0020175846493897098,0.0021020706101302724,0.0024676267834326613,0.002465162773137149,0.0024730046201815415,0.002470159683814177,0.0024688900881644485,0.001956857372028185,0.0020042800494511313,0.001997338737577707,0.0019419345143655846,0.0017553900349764947,0.0018286876993125133,0.0019355624249442374,0.0017951978801808766,0.0018272944853099265,0.0018585991615086414,0.002012926905208269,0.002288030383640944
lapgyn4_anatomical_actions,0.001071257733438006,0.000560784732814409,0.0004769306575429256,0.0,0.0020966346799914846,0.002075568058534214,0.0027450735500351587,0.0019435205745702662,0.0020246112668570277,0.0026072929377908395,0.001768804179864128,0.0017321400188598547,0.00211854116909617,0.0020465009394817343,0.0026856252989200585,0.002723569237794823,0.0016190678297555907,0.001648399301759173,0.001796358004275112,0.0017574919589714,0.0011062435474874974,0.0011129399024217492,0.0011012919421245443,0.001103450421506568,0.0011009457810362165,0.0011068926215901003,0.0011008892180881277,0.002052807359150029,0.0018406994787366787,0.002175007981535464,0.002492211782534014,0.002320093273436146,0.0024513967419787603,0.0020356938154938694,0.0020412572888893923,0.002056246718082253,0.0020377981713053032,0.002062656072851792,0.0020267839322435748,0.0020363462393422653,0.002073584010254581,0.0020527562720085374,0.002039869760896977,0.002024598105426435,0.0020252305593944355,0.002065891667216738,0.002180060691490485,0.002149200072152371,0.00218479227682169,0.00234918024038293,0.002689706175246079,0.0022128105572111283,0.002229082416598999,0.0026922126382461784,0.0026913090448783127,0.002693074149392533,0.002695708562117511,0.002174371443679979,0.00222901654688219,0.002235441769631757,0.002458542952412654,0.0030004121106325557,0.0020727038887920573,0.001957434243057901,0.0020344817330714706,0.0020272598605642544,0.0019368288335841046,0.0019547837123120642,0.002020528711540192,0.00214901939657002,0.0025178453409118676,0.0010794247777387682,0.000562247778058736,0.00047107347813621353,7.98920352319784e-05,0.0027491083409713606,0.0019433046713420708,0.002602329453859261,0.002130041757186768,0.0026753431919446713,0.0016190051537464116,0.0016423245406636399,0.0018037976280513022,0.001755316573409846,0.0011209073528016008,0.0011087142213749984,0.001111469767873905,0.0011177225677845401,0.0010833984456913642,0.0010946969204485412,0.0011214361321023715,0.0018453820165527533,0.0024938226792326984,0.0024474954528256377,0.0020394303634325072,0.002039348303972611,0.002051065211357013,0.0020406116804528663,0.002059542439788129,0.002030532147395502,0.0020254819330102463,0.0020629480622101713,0.0020538101088924806,0.002043227664297365,0.002030113554760692,0.0020248297914987235,0.002068461027069634,0.0021828904320578433,0.0021854323945828813,0.0023372660925666876,0.002690322460123366,0.0026900073412356507,0.0026973025746074427,0.002691973737745229,0.0026929500870178343,0.002170214298694464,0.002234036777602455,0.0022294531655995802,0.002075508784643398,0.0019483640796259124,0.0020302113266416196,0.0020217969181731176,0.0019390415293385787,0.0019642781901113952,0.002019397521180395,0.002149850119447024,0.0025136411008138794
sklin2_skin_lesions,0.001641612715058477,0.0019314272459152336,0.0018367259434711061,0.0020966346799914846,0.0,0.0015391599222983818,0.0019179268356457444,0.001866343206609895,0.0016433012366909,0.002052808540695014,0.00155237763003895,0.0015691161469931106,0.0018670357075134692,0.0017053459479869164,0.0022302029321840337,0.0021894063287216567,0.0013457470581233338,0.0014072580966344051,0.001848672368591133,0.0019459474198151386,0.0018127054671056384,0.0018202613264054208,0.0018241042768636362,0.001814436271837326,0.001817492389300992,0.0018165918572434067,0.0018167998809403571,0.0008671318743494567,0.0020012903306700766,0.0014874034374574422,0.0018269897176086715,0.0011576172548008119,0.0020084967097111304,0.0019888597262768598,0.0020074596050854553,0.0020352702228021145,0.0019795152639705293,0.002040535358878242,0.0019802669067681563,0.0019749044693368432,0.002047816538979123,0.0020465920280187903,0.0020090096764684632,0.0019438755722446107,0.002000894176691168,0.002053232808963003,0.00213049935000297,0.0008278396667578365,0.0021658189731361974,0.0010602992745442864,0.0017314454581465726,0.002374973875314686,0.0020249042201348857,0.0017348453729928905,0.0017374938437209949,0.001739287813929991,0.00174061664085516,0.0015732779656592811,0.0015127463294742028,0.0015172648797015884,0.0017564820274878685,0.002173774749177119,0.002208694258982291,0.0019861878635928634,0.001999062809630277,0.002255741199766567,0.002078422887004945,0.0021254767297738,0.0020798853263214595,0.001742411641231479,0.0016296626620607186,0.0016324501881421613,0.0019245639546055374,0.00185749830193231,0.0021135451446186154,0.0019219375590265827,0.0018587416433609634,0.0020503741092230713,0.001861934672652524,0.002226951417576902,0.0013455397303566543,0.0013906955288161954,0.0018506849938701862,0.0019486464752515077,0.0018087019266665042,0.0018138989854621515,0.0018351461465398644,0.0018318900367375363,0.0018394841511395726,0.001804861782949479,0.0018025189175470589,0.0020320619353095936,0.0018269230285213552,0.001999980415925643,0.002008654196286443,0.00202177808591041,0.0020344052000247533,0.001996171976932237,0.0020184981689845474,0.0019813120206046055,0.001953829670822779,0.0020393255976503496,0.002052055410427352,0.0020116036120833543,0.0019457735082433149,0.0020188938770459575,0.0020613369833597972,0.0021449389455740855,0.002161832664689041,0.001053539087663512,0.0017355279337982893,0.0017331003564217554,0.0017416877930074405,0.001736933858616044,0.0017362923974887055,0.001566264478537869,0.0015093629454522445,0.0015195690460403969,0.002208060080419182,0.001979832457730049,0.002006681141108766,0.0022466089105310175,0.0020739174194158525,0.00211890284381509,0.0020622843648917073,0.001742259429152,0.00162725906351825
identify_nbi_infframes,0.0016906173906466849,0.001988797709673554,0.0018762131711956044,0.002075568058534214,0.0015391599222983818,0.0,0.0012892204866787097,0.0021341142561363087,0.0014863935072392679,0.001494141724668157,0.0014694532229494145,0.0015056130629172004,0.0017549332160967427,0.0015614067658324985,0.0018260682324545317,0.0017858940972671916,0.0015755749111608115,0.0016484336418268186,0.0020197954268732247,0.002141742014007332,0.0019608800233138933,0.0019712999927478225,0.001969524054059025,0.0019587767125451823,0.0019674909161207553,0.00196704047510234,0.0019715187927849456,0.0013825070495436876,0.0019345317228060142,0.0014390730453919562,0.0014965899439294164,0.001437659522989293,0.0019546492572379065,0.002097493643934263,0.0020628923208659447,0.0020578109620111263,0.0021049853219064748,0.002042772998957412,0.002090427633839386,0.002094778664208161,0.002048034839890761,0.0020929664639191287,0.00205672328241767,0.002093615852607445,0.002035793977866024,0.0020410517022991376,0.001995809006394188,0.0013699114853294304,0.002058665896143793,0.0012431611115463056,0.0019651370642516444,0.00247741276019724,0.0021476781949751516,0.0019646630608183614,0.001969015627377303,0.0019712652307325015,0.0019727828140156138,0.002079361629635946,0.002071109024034354,0.0020687377384773073,0.0013699360614930812,0.0023154974725487134,0.0021573064888936186,0.002047807025994234,0.0018794984441583892,0.002346276834162404,0.0019860616744410437,0.0020616021029408334,0.002031475376440767,0.0017801000860113846,0.0019916290597720263,0.0016804484262332381,0.0019370145987981004,0.0018942589773841066,0.002098768089533519,0.0012899317838753633,0.002125619249010697,0.0015038073444819475,0.0017488124511911111,0.0018159636073080266,0.0015617176970853736,0.0016270389959256591,0.002031711018648662,0.002138147139894386,0.001959247954089983,0.0019506621692014733,0.001984508722709984,0.001985200383104916,0.001984892029731509,0.001954237582511678,0.0019438864823650877,0.0019670283842813893,0.001503572579404613,0.001949332736229508,0.0021047353573301507,0.0020771664408598556,0.0020576342842796745,0.002137181773731663,0.002012764448275425,0.0020833370023519366,0.0020693905829948112,0.002043656520642867,0.0020902612066878647,0.002051400675970467,0.0021112902723852585,0.002057644114127402,0.0020568518273363905,0.002015683707976359,0.002052201175168807,0.0012341182063718634,0.001966251894591687,0.0019676374607614437,0.0019692430891065445,0.001969680205265263,0.0019684776319503273,0.0020844154581189057,0.002076376605183873,0.002058256590201586,0.0021549507557656854,0.002045483412076942,0.0018900032076049002,0.002334455142283378,0.001984652323763453,0.0020488387512501054,0.0020164202034317893,0.0017835426711221092,0.001992609221545604
laryngeal_tissues,0.0023623463495883925,0.002695361452467273,0.0025705142313087893,0.0027450735500351587,0.0019179268356457444,0.0012892204866787097,0.0,0.002745899598398205,0.0017670580209871787,0.0012987652973686411,0.0018369888871802235,0.0019286092840196038,0.001895042759228113,0.0017383914506463954,0.0017483561395765493,0.001684410461243806,0.0023058303751094856,0.002354709472173363,0.0026614326508220534,0.002902458309818303,0.0027404358150171677,0.002751115297480078,0.0027491230836536036,0.0027393519691798927,0.0027448885033593802,0.002745388634217352,0.0027496310476840566,0.0017345626743628375,0.002564272267689103,0.0020583301578858027,0.0018086086308843053,0.0016453939573118762,0.002338260050380768,0.0027618681010589405,0.0027464974670399216,0.0027234263437657547,0.0027753241623601982,0.002710720093559644,0.002763144388977162,0.002773085852406348,0.0027116875214673658,0.002753550741829031,0.0027245084733374145,0.0027660897409072507,0.002699424456786028,0.002696554937607334,0.0025949414864126314,0.0017774295746801956,0.0026674495765990286,0.0014002521820708355,0.0022086648999442332,0.003064469088520764,0.0028127963081336473,0.002208484324870915,0.00221260023484208,0.0022121674606290984,0.0022166617753966653,0.0025150468678641577,0.0025085780683176155,0.002512043504926919,0.0017379611786179795,0.002450514680687411,0.002625547951707677,0.00266989077105161,0.0024408296818734473,0.0028613563889982067,0.0025563840008767102,0.002620309919094825,0.002576689874603153,0.002188898763183511,0.0023633632088733065,0.002349884620472062,0.0026976432433612222,0.002588102898628813,0.0027674909057056997,2.5477182695613138e-05,0.0027374971739909824,0.0013196261884980687,0.0018841705067218074,0.0017380587452678127,0.002293194497447803,0.0023434075517284785,0.0026699645346192256,0.0028983707996740353,0.002738793382334643,0.0027323355127857212,0.002763887947269291,0.002765096481416254,0.002762249615461838,0.002730980443088629,0.0027255263995771884,0.002603085131559192,0.0018153931856969168,0.002335806240044303,0.0027680919727654327,0.002761844721827356,0.0027216486142526263,0.002804130226602661,0.0026833313125117003,0.002755036000607106,0.002749102511661113,0.002715010915570042,0.002748831497851052,0.0027158417919276416,0.0027857649497059355,0.0027187014968010318,0.002717121279651292,0.002617783537373862,0.002657715259158408,0.0014055062105817117,0.002209480998139611,0.0022125312008066662,0.002209853174953128,0.002210349513547453,0.0022135733378501983,0.0025219052057880165,0.002508638885492724,0.0025058508643422328,0.0026218399373550486,0.0026676053439194905,0.0024511854895664783,0.0028521531352331524,0.0025556419237871297,0.0026088522199670255,0.002564820023093989,0.002195011881724668,0.0023702795504206508
nerthus_bowel_cleansing_quality,0.0016090828123273698,0.0016841961663197026,0.0017097348117880756,0.0019435205745702662,0.001866343206609895,0.0021341142561363087,0.002745899598398205,0.0,0.00214906742027531,0.002469664828080545,0.0017849839599637565,0.0017250753640293396,0.0019965151265957277,0.0018982669306481285,0.002644557518620764,0.0026618079634889683,0.0011191142506612097,0.0010129240923536374,0.0005513586894406445,0.0009909382414096627,0.0014537163295296751,0.001450886304505457,0.0014521866370358113,0.0014545301360328724,0.0014535990907616906,0.0014523852102460068,0.0014560969659233023,0.0019275638944284768,0.0014739692621734547,0.002076768346797894,0.0023978194681146536,0.002306142679331856,0.002149222080042,0.0019092630342746816,0.0018811153567276735,0.0019144610332941059,0.001885258708045808,0.0019143298474163886,0.001883564730821081,0.0018702682539211766,0.0019296607750828574,0.0019354375964859404,0.0018951179086349615,0.001864455229345299,0.0019227015813549088,0.001942565999699946,0.0021944692125753368,0.002017926537789754,0.002203105285786251,0.002236027428254579,0.002319091529947105,0.0023456213261122457,0.001814419182701363,0.002319837234640113,0.0023219204871991906,0.002325092088085239,0.002321956872165879,0.0014875533080412652,0.0014645336770812722,0.0014506998631366287,0.0023466611862154197,0.0026445003152596883,0.0020890688147792162,0.0017196259265557954,0.001871793469618183,0.0020135434987724014,0.0019362942927788934,0.0018464572211991483,0.0018810983824464984,0.0022747516076691687,0.002079333290365094,0.0016052202963772288,0.0017280740076692155,0.0017132451054120796,0.001942686947086418,0.0027508762852338125,5.532194171105413e-05,0.002454706938407594,0.0019949848677865024,0.0026439819255511567,0.0011143019485490868,0.0010370102911609138,0.0005523978432983314,0.0009853570186203345,0.0014437457759439213,0.001458766289762798,0.0014600719106411136,0.0014596261660552957,0.0014647568569042051,0.0014483446750888334,0.0014516985996340054,0.0014770464856538866,0.0024026437481775476,0.0021427566046358835,0.0019238528061507852,0.0018922482248334292,0.0019125605758906206,0.001899003710285797,0.0019089062058949369,0.0018868286880148618,0.0018621765447467626,0.0019213422337423939,0.001948008726405806,0.0019025261716710475,0.0018589198216418937,0.0019231234273610882,0.0019475807166463713,0.0021953390862179956,0.002205926363688696,0.0022276350714603953,0.0023229830020580263,0.0023189301944065623,0.002325343314060842,0.002325768036044406,0.002317256693654463,0.0014814016138069521,0.0014721199410156944,0.0014432805501070109,0.002094791119567049,0.0017104908650874906,0.0018720148732686084,0.0020079986034510743,0.0019331635874096495,0.0018552137095654419,0.0018735454009788555,0.002276858282858848,0.002069204911445445
stanford_dogs_image_categorization,0.0017575189721435436,0.0019569169410455743,0.001844689679945054,0.0020246112668570277,0.0016433012366909,0.0014863935072392679,0.0017670580209871787,0.00214906742027531,0.0,0.001761593057433129,0.0008931003120767856,0.0009321303458297737,0.001243293179489456,0.0012054844909024725,0.0019396559603218522,0.0019382130414003088,0.001700346261507093,0.001785961303934437,0.0020221029423305482,0.002150630702362628,0.0020389673994876375,0.0020484905754466582,0.002047168219150672,0.002039178999963338,0.002042090888923099,0.0020456980736115156,0.002045842227909907,0.001480042910156567,0.0020821271905556616,0.0016990138507877422,0.0018257730997697538,0.001601554303924013,0.0019959300919421595,0.0021699299811939452,0.0021459619534937927,0.002145479437027461,0.002177328575153524,0.0021374437327159285,0.0021628601584763605,0.002165001410401919,0.0021430175195794616,0.0021703452223636307,0.002142076391320211,0.0021710810954398314,0.0021205633021492308,0.0021421239203470123,0.0021997292442759997,0.0015996959468492606,0.0022546558563476763,0.0016100672190313618,0.0021056914925502495,0.0025103282579262897,0.0020583796049687634,0.002106875620608912,0.002110242094850878,0.0021099024377610708,0.00211332810097822,0.0020100365974651596,0.0019764996376455887,0.001979350025718009,0.0017381465034987517,0.002425073640321489,0.0020531970799458578,0.00204962035537269,0.0018629630976338607,0.002261315054537818,0.0018614138276122959,0.0019438319505396522,0.0019381291498961448,0.0017568530319087131,0.0020998021552616365,0.0017478479637671853,0.001928615281290104,0.0018615414629751061,0.002043780898231444,0.001769160611958023,0.002143327819139199,0.0017594316787490473,0.001255313118056961,0.0019324124310296838,0.0016916296840077394,0.0017723197811049434,0.0020287455790770764,0.0021501937542009954,0.002044231179194435,0.002039823006337565,0.002066591260738551,0.0020614282482813223,0.002059568517224216,0.0020352554922325,0.0020264648834158834,0.0021128042593546526,0.001829637326671082,0.001994713496202394,0.002180743609289357,0.002158632434702122,0.002148089501482559,0.0022018399484242538,0.0021164183592500196,0.0021650373551408393,0.0021445374177831806,0.0021392988945478694,0.0021702347713110385,0.0021409097056634668,0.002179579972492593,0.0021303768803430335,0.0021577277503468397,0.0022177747134351647,0.0022504786378098746,0.0016024855861987363,0.00210744847920073,0.0021083939305426157,0.002111695584740437,0.002107371709145332,0.0021097690785578833,0.0020085431201972374,0.001980337005907268,0.0019726620025416197,0.0020504198906376135,0.0020389049605283845,0.001868890795937341,0.002250069133741545,0.0018589220579874565,0.0019371943719064578,0.001926212796989671,0.0017586405105133056,0.0021026051209761592
svhn,0.0023748458183189772,0.002562744047117849,0.0024482288120642806,0.0026072929377908395,0.002052808540695014,0.001494141724668157,0.0012987652973686411,0.002469664828080545,0.001761593057433129,0.0,0.0016538615368471028,0.0016869037314097342,0.0013201277474398695,0.0011706588890292554,0.0013409772329634052,0.0012986307020452388,0.0021958018775133045,0.0022428246544265226,0.002402650588744928,0.0025794269716683405,0.0025267532764255522,0.002536154780115862,0.002532778829238691,0.002525000869499013,0.002530685387748395,0.002531227577321852,0.002536063987580474,0.0019286345913171771,0.002355643074487057,0.002029149051554464,0.001886244076633102,0.0020021784548001735,0.0022975085473548006,0.002460012091010094,0.002411687837018008,0.002394959641006585,0.002463757814859355,0.0023776816166541726,0.0024491754046469852,0.0024534188924556022,0.0023852465753014715,0.0024334220288583764,0.0024003105539782384,0.002455143488304566,0.0023837016429130928,0.002375808048343561,0.002410046025234829,0.001984054075200129,0.0024657027853736057,0.001781613167816113,0.0023535344597829634,0.0028300386967394166,0.002500424606116849,0.002352853444948869,0.002356482322498664,0.0023581240552396823,0.002358854260165936,0.0023560353293587016,0.002336693204280391,0.0023413827581266105,0.0018902388382856317,0.0025928442322360073,0.002222588199831944,0.002346012190060674,0.0021294777265182118,0.0024831756338239757,0.0021768570638622123,0.0021503553857042564,0.002188472168907606,0.002227899037366001,0.002431906321980523,0.0023693888902351318,0.002539856674926,0.002461968634334767,0.002623544936178382,0.0013007000332451984,0.0024619835196271426,5.823109601813042e-05,0.0013028726892647,0.0013358295631317107,0.0021853960266102835,0.002231493046115611,0.0024099123001608633,0.0025791128959881922,0.002524611863548171,0.0025209452061716094,0.002548101213925952,0.0025493886703034604,0.00254647172125583,0.0025247351924695296,0.0025129784100206055,0.002388562850135486,0.00188867402277931,0.0022955951245458893,0.0024673697257762113,0.0024249278137254355,0.002391539581149232,0.0024935623300674707,0.0023513543499260325,0.0024437375210244684,0.0024334088159435625,0.0023875556312562595,0.0024309460007076724,0.002398598961400444,0.002474562301860465,0.002398575019978307,0.0023907906908277486,0.002428102400459966,0.0024586772505179174,0.0017815888580553067,0.0023548677391392863,0.0023558669405309048,0.0023536872873891525,0.0023553954144514364,0.002354135784658729,0.00235848349153373,0.0023342489056696197,0.0023339535524296027,0.002223133103460077,0.002343209084739874,0.0021374156408224053,0.002476197902582544,0.002176926305205211,0.0021406181104236793,0.0021781627879963934,0.00223225622059681,0.0024337309939956643
caltech101_object_classification,0.001539090105371088,0.0016380272595503584,0.0015616048280586486,0.001768804179864128,0.00155237763003895,0.0014694532229494145,0.0018369888871802235,0.0017849839599637565,0.0008931003120767856,0.0016538615368471028,0.0,0.0002910515843281247,0.0010116901375470206,0.0008850286636866032,0.0018301361348979526,0.001846132208486688,0.0014233495034481167,0.001473999502226775,0.0016795957176644835,0.0017865239431152761,0.001682061463350192,0.001691634805396666,0.0016872455773170717,0.001680635833075303,0.0016849009193591659,0.0016878893826421974,0.0016893921601965306,0.0014121288669309482,0.0017017855234739729,0.0016587115720004479,0.0017557600200907928,0.0017095509306307125,0.0018277489971253319,0.0018850319730280946,0.0018678815923026835,0.0018784845911031653,0.0018900446998466806,0.0018728280304369039,0.0018747104085947743,0.0018799129558800135,0.0018821104486321475,0.0018944854862625563,0.001863988978403427,0.0018822568174983872,0.0018543126955775735,0.0018787948295800791,0.0019524400285404458,0.0015904112891445496,0.0019949532549151626,0.001603638864256027,0.001986510951280161,0.0022600852471377497,0.0017190310763404342,0.0019893938853809915,0.001990767879879809,0.001991680174949397,0.0019952623314745555,0.001665612130839759,0.0016278235964173522,0.0016323411463969025,0.0017392257428329233,0.0023313808376918587,0.001686245883084257,0.0016815187973935053,0.0015452366788738575,0.001874582390024489,0.0014916986575516378,0.0015204727641434602,0.0015637580575585844,0.0016084611758339635,0.0019263872650619536,0.0015319489734417176,0.0016337370253284465,0.0015802488678795502,0.0017810889498303143,0.0018387324798582766,0.0017803217463569355,0.0016443251016386969,0.0010167701002028028,0.0018238955746073546,0.0014208943239804512,0.0014646775887135392,0.0016829772939485565,0.0017869048227837766,0.0016833794186655723,0.0016848805590668463,0.0017111505653329688,0.0017073458934521342,0.001699293428494434,0.0016824231095594088,0.0016728583491623114,0.0017288493844285543,0.0017599877870142337,0.001826872197349894,0.001898976063465375,0.0018817197561378182,0.0018755382328550015,0.0019135488084542887,0.001858166682402862,0.0018774863263769249,0.0018629395414347756,0.001878028408506657,0.0018963275362888455,0.0018659998433076456,0.0018923566501238386,0.001862661703552567,0.0018934688037141314,0.001965770839786933,0.001994383468833871,0.001595830186364583,0.001989438062936984,0.001989036756446444,0.001993740624470388,0.0019892666550300423,0.001991491993062323,0.0016628282720820608,0.0016320299594089647,0.001627405361382944,0.0016862181563246396,0.0016648628927258416,0.0015479226498273648,0.001865497455325385,0.001491071177659683,0.0015211056236299103,0.0015498993298696862,0.0016120373323196418,0.0019295748972516778
caltech256_object_classification,0.001532614436452741,0.001591059957672701,0.0015186298692158292,0.0017321400188598547,0.0015691161469931106,0.0015056130629172004,0.0019286092840196038,0.0017250753640293396,0.0009321303458297737,0.0016869037314097342,0.0002910515843281247,0.0,0.0010034321171151763,0.0008812116302545974,0.0018855421595564397,0.001907530668367781,0.0013763161936378538,0.0014355011178930227,0.0016351502899620072,0.0017137170300468598,0.0016061216413454306,0.0016151313890715529,0.001610694950430957,0.0016051181327001588,0.0016085173720891365,0.0016117177611572517,0.0016128034505343749,0.0014272905281003207,0.001639306354870496,0.0016752248376763648,0.0017891373471268482,0.001750397943793155,0.001824148166194368,0.0018339059424707332,0.0018199110812712662,0.0018381274595383277,0.0018401647544011896,0.0018335640316436185,0.0018243329371067604,0.0018292217262182477,0.0018448006510097458,0.0018521395400622172,0.00182112216251644,0.001830611676916078,0.0018109928917866228,0.00184342004291766,0.0019241862201048435,0.0016159302970063891,0.0019618635143237727,0.0016515783945577143,0.001965651123345697,0.0022216395369971677,0.0016565983411296202,0.001968510516062929,0.0019694592984474185,0.001969796498269034,0.0019743946204394663,0.0016226228388296934,0.0015920264070941586,0.0015976021489583448,0.00175744981251587,0.0023095082772176512,0.0016233883432047833,0.0015910935593085697,0.0014701160340534216,0.0018195461675725713,0.001408596782867062,0.0014435930271096142,0.0014853977424726281,0.0016191105731414612,0.0018927041636557307,0.0015281585828369089,0.0015728084694268318,0.0015351600267915501,0.0017437479103402666,0.0019299079361416263,0.0017203070492095096,0.0016749948244174904,0.0010090145576920353,0.001880111904813862,0.0013745623868790745,0.0014261650133598324,0.0016377484462477697,0.0017148558586811988,0.001606486861103849,0.0016094710719883553,0.0016327123784113837,0.0016321223537093604,0.0016246342617198483,0.0016074100886024328,0.0015960274792937755,0.0016653556911839134,0.0017941066264841766,0.0018217414442082828,0.001850783939979215,0.0018347928200372738,0.0018347221572925037,0.0018624749480195307,0.0018203397797652999,0.0018275464876411434,0.001812306340581381,0.0018398227604308204,0.001854527373365295,0.0018253914396605753,0.0018385296824490753,0.0018183434817689661,0.0018568646020695498,0.001937068030338878,0.0019621930950532943,0.0016430167449406326,0.0019692515652856403,0.0019683197430950946,0.001971607767624073,0.001968201530114516,0.0019711663065314954,0.001617964545271957,0.0015969286897655594,0.0015919940562577495,0.0016255401583360482,0.001574547661618749,0.001470875634978802,0.0018116469290752322,0.0014070609269923582,0.0014460371513239805,0.0014717582381095554,0.001622902965445633,0.001895216469988077
