,lapgyn4_anatomical_structures,lapgyn4_surgical_actions,lapgyn4_instrument_count,lapgyn4_anatomical_actions,sklin2_skin_lesions,identify_nbi_infframes,laryngeal_tissues,nerthus_bowel_cleansing_quality,stanford_dogs_image_categorization,svhn,caltech101_object_classification,caltech256_object_classification,cifar10_object_classification,cifar100_object_classification,mnist_digit_classification,emnist_digit_classification,hyperkvasir_anatomical-landmarks,hyperkvasir_pathological-findings,hyperkvasir_quality-of-mucosal-views,hyperkvasir_therapeutic-interventions,cholec80_grasper_presence,cholec80_bipolar_presence,cholec80_hook_presence,cholec80_scissors_presence,cholec80_clipper_presence,cholec80_irrigator_presence,cholec80_specimenbag_presence,derm7pt_skin_lesions,idle_action_recognition,barretts_esophagus_diagnosis,brain_tumor_classification,mednode_melanoma_classification,brain_tumor_type_classification,chexpert_enlarged_cardiomediastinum,chexpert_cardiomegaly,chexpert_lung_opacity,chexpert_lung_lesion,chexpert_edema,chexpert_consolidation,chexpert_pneumonia,chexpert_atelectasis,chexpert_pneumothorax,chexpert_pleural_effusion,chexpert_pleural_other,chexpert_fracture,chexpert_support_devices,pneumonia_classification,ph2-melanocytic-lesions-classification,covid_xray_classification,isic20_melanoma_classification,deep_drid_dr_level,shenzen_chest_xray_tuberculosis,crawled_covid_ct_classification,deep_drid_quality,deep_drid_clarity,deep_drid_field,deep_drid_artifact,kvasir_capsule_anatomy,kvasir_capsule_content,kvasir_capsule_pathologies,breast_cancer_classification_v2,eye_condition_classification,mura_xr_wrist,mura_xr_shoulder,mura_xr_humerus,mura_xr_hand,mura_xr_forearm,mura_xr_finger,mura_xr_elbow,bean_plant_disease_classification,aptos19_blindness_detection,lapgyn4_anatomical_structures --shrink_train 800,lapgyn4_surgical_actions --shrink_train 800,lapgyn4_instrument_count --shrink_train 800,lapgyn4_anatomical_actions --shrink_train 800,laryngeal_tissues --shrink_train 800,nerthus_bowel_cleansing_quality --shrink_train 800,svhn --shrink_train 800,cifar10_object_classification --shrink_train 800,mnist_digit_classification --shrink_train 800,hyperkvasir_anatomical-landmarks --shrink_train 800,hyperkvasir_pathological-findings --shrink_train 800,hyperkvasir_quality-of-mucosal-views --shrink_train 800,hyperkvasir_therapeutic-interventions --shrink_train 800,cholec80_grasper_presence --shrink_train 800,cholec80_bipolar_presence --shrink_train 800,cholec80_hook_presence --shrink_train 800,cholec80_scissors_presence --shrink_train 800,cholec80_clipper_presence --shrink_train 800,cholec80_irrigator_presence --shrink_train 800,cholec80_specimenbag_presence --shrink_train 800,idle_action_recognition --shrink_train 800,brain_tumor_classification --shrink_train 800,brain_tumor_type_classification --shrink_train 800,chexpert_enlarged_cardiomediastinum --shrink_train 800,chexpert_cardiomegaly --shrink_train 800,chexpert_lung_opacity --shrink_train 800,chexpert_lung_lesion --shrink_train 800,chexpert_edema --shrink_train 800,chexpert_consolidation --shrink_train 800,chexpert_pneumonia --shrink_train 800,chexpert_atelectasis --shrink_train 800,chexpert_pneumothorax --shrink_train 800,chexpert_pleural_effusion --shrink_train 800,chexpert_pleural_other --shrink_train 800,chexpert_fracture --shrink_train 800,chexpert_support_devices --shrink_train 800,pneumonia_classification --shrink_train 800,covid_xray_classification --shrink_train 800,isic20_melanoma_classification --shrink_train 800,deep_drid_dr_level --shrink_train 800,deep_drid_quality --shrink_train 800,deep_drid_clarity --shrink_train 800,deep_drid_field --shrink_train 800,deep_drid_artifact --shrink_train 800,kvasir_capsule_anatomy --shrink_train 800,kvasir_capsule_content --shrink_train 800,kvasir_capsule_pathologies --shrink_train 800,mura_xr_wrist --shrink_train 800,mura_xr_shoulder --shrink_train 800,mura_xr_humerus --shrink_train 800,mura_xr_hand --shrink_train 800,mura_xr_forearm --shrink_train 800,mura_xr_finger --shrink_train 800,mura_xr_elbow --shrink_train 800,bean_plant_disease_classification --shrink_train 800,aptos19_blindness_detection --shrink_train 800
lapgyn4_anatomical_structures,0.0,0.38166835937500004,0.39214042968750007,0.5369697265625001,0.7950714843750001,0.8252628906250001,1.1426060546875,0.7917095703125,0.8458369140625002,1.1334654296875,0.7441865234375,0.74025859375,0.9169759765625001,0.8515707031250002,1.2218425781250002,1.2142230468750002,0.56460703125,0.5622285156250001,0.7147982421875001,0.7072111328125,0.520328125,0.5236548828125,0.5230648437500001,0.520174609375,0.5197607421875001,0.520715625,0.5202845703125001,0.7998917968750001,0.8476925781250001,0.8407201171875001,1.0215738281250002,0.8897908203125001,1.0578742187499999,0.8707474609375001,0.876666796875,0.8906669921875001,0.8699222656250001,0.8933736328125,0.8669269531250001,0.8679884765625001,0.8954435546875001,0.8897052734375,0.8802416015625001,0.8648880859375001,0.8643406250000001,0.9006345703125,0.9264951171875001,0.8573712890625,0.9343166015625,0.8933677734375001,1.1213638671875001,1.0321212890625,0.9686580078125002,1.1222173828125,1.1231296875,1.1247541015625,1.1248912109375002,0.9554708984375001,0.9396457031250001,0.936105859375,1.0128517578125,1.2987068359375,1.0002755859375,0.8662134765625,0.9157900390625001,0.980175,0.9275343750000001,0.9242525390625,0.9651847656250001,0.9200125,1.051878515625,0.03290996093750003,0.41064648437500006,0.3926689453125001,0.5408642578125,1.145258984375,0.7930998046875,1.1324927734375,0.922066796875,1.2180669921875003,0.5606822265625001,0.5586486328125001,0.7189730468750001,0.7035113281250001,0.5245228515625,0.520187890625,0.526446875,0.5312494140625001,0.5270181640625,0.5121263671875,0.5271148437500001,0.8572587890625001,1.023129296875,1.0541783203125001,0.8746498046875,0.8816486328125002,0.8889009765625,0.8758503906250001,0.8879138671875001,0.8688058593750001,0.860683984375,0.8907613281250001,0.8933796875000001,0.880362109375,0.8664830078125001,0.8682099609375001,0.9026171875,0.9307994140625002,0.9328820312500001,0.8866236328125,1.1226191406250001,1.12187734375,1.1256220703125002,1.12361640625,1.1227837890625,0.9524183593750001,0.943958203125,0.9338568359375,1.0002259765625001,0.8648103515625001,0.9175097656250001,0.9764746093750001,0.9264457031250001,0.9257220703125,0.960687890625,0.921051953125,1.04995078125
lapgyn4_surgical_actions,0.38166835937500004,0.0,0.21250566406250004,0.28091074218750006,0.9512734375,0.9872125,1.3253845703125,0.8338208984375002,0.9475330078125,1.2391396484375001,0.7939193359375001,0.7678121093750001,0.9439759765625001,0.9006664062500002,1.3064179687500002,1.319580859375,0.662396875,0.68009296875,0.7603107421875,0.7095181640625,0.43951210937500007,0.44318378906250006,0.438021875,0.438560546875,0.4365408203125001,0.44033359375000003,0.4371205078125,0.9360578125000001,0.805122265625,0.9484111328125,1.1673835937500001,1.0939080078124999,1.1496390625,0.8829212890625,0.883183984375,0.8938904296875001,0.8791531250000001,0.8973048828125001,0.8768683593750001,0.8767517578125001,0.9024564453125001,0.8939044921875001,0.8858775390625001,0.8731177734375,0.8778859375000001,0.9041353515625001,0.9788931640625,0.9957529296875001,0.9770697265625001,1.0896044921875,1.2689541015625,1.0077412109375001,0.9790306640625001,1.2700740234375,1.26988671875,1.2711294921875,1.2719330078125002,0.9864185546875001,0.9892636718750001,0.9894066406250002,1.1205861328125,1.4347611328125,0.9562583984374999,0.8516091796875,0.9341357421875001,0.9382671875000002,0.8974566406250001,0.8978845703125001,0.936104296875,0.99065,1.16633046875,0.38736542968750004,0.13113046875,0.20561074218750006,0.2792576171875001,1.327897265625,0.8347666015625002,1.2344189453125,0.9498777343750001,1.3029005859375,0.6614294921875,0.6763966796875001,0.7626,0.70826796875,0.44657636718750005,0.43995898437500003,0.44069453125,0.44718652343750004,0.43103183593750005,0.4344505859375001,0.45133593750000006,0.8071673828125001,1.16774453125,1.1470388671875003,0.8842080078125001,0.8842380859375001,0.8916236328125001,0.881121484375,0.8952880859375001,0.87916015625,0.8728218750000001,0.8977359375,0.895343359375,0.888327734375,0.8745658203125001,0.8776955078125,0.904666015625,0.9792302734375,0.97819609375,1.0821427734375,1.2699535156250001,1.26852265625,1.2728990234375,1.27076953125,1.2708185546875002,0.983412890625,0.99288359375,0.9875763671875001,0.9566966796875,0.8470525390625001,0.93183359375,0.9358367187500001,0.8985132812500001,0.9029248046875,0.93447890625,0.9906949218750001,1.1631828125
lapgyn4_instrument_count,0.39214042968750007,0.21250566406250004,0.0,0.23872382812500004,0.9050185546875,0.9285712890625001,1.26015546875,0.846970703125,0.892625,1.18024375,0.76068984375,0.7370927734375001,0.9225847656250001,0.8754009765625,1.2580916015625,1.2648560546875,0.6427009765625001,0.6606482421875001,0.777174609375,0.769071875,0.39213769531250003,0.39754296875000006,0.39158613281250004,0.3916505859375,0.390516796875,0.39369511718750005,0.3901078125,0.8938736328125001,0.8593724609375001,0.963242578125,1.1158033203125002,1.0181816406250002,1.1156591796875,0.912835546875,0.9184439453125,0.9311234375,0.9098287109375001,0.934868359375,0.9081892578125,0.90821015625,0.939249609375,0.929727734375,0.9195011718750001,0.9027589843750001,0.9100802734375,0.9409214843750001,0.981927734375,0.958690625,0.9852496093750001,1.0414429687500002,1.207140625,1.040719921875,1.001139453125,1.2079359374999998,1.2075900390625,1.2089812500000001,1.209721875,0.962878515625,0.9819623046875001,0.9824341796875,1.1034910156250002,1.3755175781250002,0.9367726562500001,0.857861328125,0.8870558593750001,0.9486365234375,0.8689388671875,0.8850332031250001,0.9044947265625001,0.9779107421875001,1.1218443359375,0.3976406250000001,0.21319316406250005,0.03395000000000005,0.24703867187500003,1.2624197265625,0.847559765625,1.176484375,0.9277083984375001,1.2538488281250002,0.641362890625,0.6548980468750001,0.7816029296875,0.7669408203125001,0.40010312500000006,0.3930037109375001,0.3983998046875,0.39980351562500005,0.38681093750000006,0.38360234375,0.40009980468750006,0.8649402343750001,1.1168486328125,1.1117804687500001,0.916508203125,0.92005703125,0.928696875,0.9140759765625002,0.931288671875,0.9099626953125002,0.9029009765625,0.9331720703124999,0.9329912109375,0.9218419921875001,0.90359375,0.91177578125,0.9423037109375001,0.9846324218750001,0.9858927734375001,1.0348281250000002,1.2081462890625,1.2065458984375002,1.2104972656250002,1.2089513671875003,1.20849140625,0.9614048828125001,0.9838423828125,0.9801332031250001,0.93740625,0.8539046875,0.8857005859375,0.9455900390625,0.8693404296875,0.888553125,0.9022658203125001,0.9782841796875001,1.1190462890625001
lapgyn4_anatomical_actions,0.5369697265625001,0.28091074218750006,0.23872382812500004,0.0,1.0274517578125,1.0169482421875,1.337722265625,0.95961640625,0.9727316406250002,1.2495765625000002,0.8557656250000001,0.8354779296875001,1.0169265625000001,0.9781705078125001,1.3128630859375001,1.3271392578125,0.7947400390625001,0.8164279296875001,0.8885335937500001,0.8778378906250001,0.5542564453125001,0.55762421875,0.5517705078125,0.5525720703125001,0.551727734375,0.5548544921875,0.551916015625,1.0007384765625,0.9027529296875001,1.058274609375,1.2243833984375,1.12811953125,1.1951208984375001,0.988731640625,0.9908701171875001,0.9963203125,0.9902990234375,0.9992664062500001,0.9846736328125001,0.9895042968750001,1.0047796875000001,0.99529140625,0.9893695312499999,0.9841710937500001,0.9821998046875,1.0000910156250002,1.0602976562500002,1.04897109375,1.06379375,1.14879140625,1.3125402343750001,1.075226953125,1.0866941406250001,1.31360078125,1.3131623046875,1.313948828125,1.3154425781249999,1.066551171875,1.0914212890625001,1.0943697265624999,1.1862453125,1.464240625,0.9970898437500001,0.949764453125,0.98181796875,0.9863841796875,0.9347685546875001,0.948003515625,0.9778302734375,1.0395240234375,1.2303048828125,0.5414703125,0.27818574218750003,0.23601640625000003,0.04070546875000005,1.3401912109375003,0.95972734375,1.2471484375,1.0223291015625,1.3076851562500003,0.794525390625,0.813407421875,0.8924576171875,0.8767818359375001,0.561587109375,0.5555541015625001,0.5574103515625001,0.560291015625,0.543006640625,0.5486429687500001,0.5611181640625,0.9053125,1.2250501953125,1.1933925781249999,0.990034765625,0.99039453125,0.9940585937500002,0.9919076171875002,0.99728203125,0.9865935546875,0.9842224609375001,0.9994123046875001,0.9955251953125002,0.9906716796875001,0.9873503906250001,0.9821769531250001,1.0016232421875,1.0623312500000002,1.0641455078125002,1.14275625,1.3129908203125003,1.3124439453125,1.316164453125,1.3133755859375,1.3142261718750001,1.0646927734375002,1.0938884765625003,1.09144140625,0.9982152343750001,0.9453640625,0.9800435546875002,0.9838345703125001,0.9356248046875,0.9524750000000002,0.9771751953125,1.0399095703125,1.2283333984375
sklin2_skin_lesions,0.7950714843750001,0.9512734375,0.9050185546875,1.0274517578125,0.0,0.7470761718750001,0.9191970703125001,0.9156451171875001,0.7923931640625002,0.9738220703125,0.7643798828125001,0.7766328125,0.9031021484375001,0.8211320312500001,1.079411328125,1.0561746093750002,0.6654390625000002,0.6947875000000001,0.9106111328125001,0.9691154296875001,0.9040550781250001,0.9078279296875,0.9098203125000001,0.9048351562500001,0.9064708984375001,0.9058539062500001,0.9062650390625001,0.42934804687500006,0.98610234375,0.7245771484375001,0.8896378906250001,0.5638330078125,0.9799855468750001,0.9719685546875001,0.9796023437500001,0.9917462890625002,0.96799296875,0.9936876953125001,0.9684074218750001,0.9662013671875,0.9969810546875001,0.9979892578125,0.9804533203125001,0.9521380859375,0.97593515625,0.9993041015625,1.0285849609375002,0.4074255859375001,1.0470150390625002,0.5207400390625001,0.8420603515625001,1.1524416015625,0.9964134765625,0.8434490234375001,0.845150390625,0.8459689453125001,0.8465552734375,0.7605845703125,0.731443359375,0.733601171875,0.8374376953125,1.0546673828125002,1.0831240234375001,0.9805673828125001,0.9770220703125,1.1061457031250002,1.019651171875,1.0454236328125002,1.02593515625,0.8457429687500001,0.793915625,0.7904947265625,0.9481359375,0.9144166015625,1.0357958984375002,0.9214167968750001,0.9118025390625001,0.9726923828125,0.8995703125000001,1.0777791015625002,0.6647759765625001,0.6870060546875001,0.9118253906250001,0.9701550781250001,0.9024455078125,0.903900390625,0.9150757812500001,0.9138888671875001,0.9173119140625,0.8999529296875001,0.8992460937500002,1.0010736328125,0.8893816406250001,0.9758166015625,0.9812568359375001,0.9866513671875001,0.9922177734375001,0.9769054687500001,0.9824869140625001,0.968971484375,0.95559140625,0.993061328125,1.0001375000000001,0.98095625,0.9535533203125001,0.9849630859375,1.0036792968750001,1.0361650390625001,1.04463671875,0.5169869140625001,0.8441328125,0.84281328125,0.8468564453125,0.844759375,0.8444009765625,0.7574156250000001,0.729937890625,0.7344970703125,1.0825806640625002,0.9781998046875,0.9807019531250001,1.10129140625,1.01731875,1.0417099609375,1.0167875000000002,0.8458039062500001,0.793131640625
identify_nbi_infframes,0.8252628906250001,0.9872125,0.9285712890625001,1.0169482421875,0.7470761718750001,0.0,0.6084513671875001,1.0497556640625,0.7258822265625001,0.7039357421875001,0.7362740234375001,0.7588621093750001,0.8615904296875001,0.765919921875,0.875659765625,0.8520953125000001,0.7800191406250001,0.8186062500000001,0.9999599609375001,1.0726759765625,0.9823339843750001,0.9873701171875,0.9866125000000001,0.98098203125,0.9855794921875001,0.985268359375,0.9875138671875,0.673140625,0.9518261718750001,0.6990576171875,0.7208640625000001,0.6813181640625001,0.9282261718750001,1.0285404296875,1.0126671875,1.0079126953125002,1.03303828125,1.0001154296875001,1.026340234375,1.0291279296875,1.0020169921875,1.0247662109375,1.0083162109375001,1.0282662109375,0.9977789062500001,0.9973162109375001,0.9512849609375001,0.6615767578125001,0.9828447265625001,0.5972083984375001,0.9312482421875001,1.1949951171875002,1.0515771484375,0.9308228515625001,0.93287890625,0.9340623046875001,0.9349044921875,1.0050279296875,1.003353125,1.00194609375,0.6510853515625001,1.0954251953125,1.0514521484375001,1.0095841796875,0.9129646484375,1.14624453125,0.9714921875,1.0133396484375001,0.9932812500000001,0.851892578125,0.9424480468750001,0.8200154296875,0.96054375,0.9373697265625001,1.0288005859375,0.6091421875,1.0457400390625002,0.7087236328125001,0.8578089843750001,0.8706794921875001,0.7727197265625001,0.8086548828125001,1.0058914062500002,1.070248828125,0.9821474609375,0.9764558593750001,0.9936234375,0.9936169921875002,0.9934841796875,0.9782572265625,0.97375390625,0.9676451171875,0.72391171875,0.9259232421875001,1.0316259765625,1.0196564453125,1.0081466796875,1.049208984375,0.9849388671875001,1.0226214843750001,1.016392578125,1.000149609375,1.02306796875,1.004808203125,1.0375583984375,1.0090400390625,1.005272265625,0.9614876953125,0.979268359375,0.5927123046875,0.931771484375,0.932334375,0.9329369140625001,0.9332464843750001,0.9328048828125001,1.0080375000000001,1.0063410156250001,0.9964283203125001,1.0497962890625,1.0094904296875002,0.918118359375,1.14044375,0.9707449218749999,1.0064806640625001,0.9856851562500001,0.8535078125000001,0.943348828125
laryngeal_tissues,1.1426060546875,1.3253845703125,1.26015546875,1.337722265625,0.9191970703125001,0.6084513671875001,0.0,1.3464710937500002,0.853315625,0.6332886718750002,0.9119820312500001,0.9597533203125002,0.95534296875,0.8783767578125001,0.8368826171875,0.8010099609375001,1.1247943359375001,1.1524298828125001,1.309013671875,1.44223203125,1.3534529296875002,1.3586738281250001,1.3578494140625001,1.3526802734375003,1.3555992187500001,1.3557583984375001,1.3579640625,0.8338396484375001,1.2545259765625,0.9866113281250001,0.8512048828125001,0.7627679687500001,1.0956365234375003,1.3445890625,1.3372416015625,1.323756640625,1.3516271484375,1.316672265625,1.3463126953125002,1.3514859375000001,1.3168457031250003,1.33888984375,1.325549609375,1.3478519531250002,1.3128126953125,1.3082000000000003,1.2315277343750002,0.8393546875000001,1.268476953125,0.6573402343750001,1.0169234375,1.4671039062500002,1.36257890625,1.016665234375,1.0188142578125001,1.018604296875,1.0207632812500003,1.2119433593750002,1.2120013671874998,1.2137044921875,0.8143179687500001,1.122540625,1.2723804687500002,1.3049324218750002,1.1720042968750002,1.3899376953125002,1.2378802734375,1.278480078125,1.2535142578125,1.0362822265625002,1.0991564453125,1.13644453125,1.3186349609375,1.2688031250000003,1.349540625,0.012541601562500067,1.342140625,0.643973046875,0.9490119140625002,0.83213984375,1.11758515625,1.1473593750000002,1.3132205078124999,1.4394259765625002,1.35330390625,1.3484591796875,1.3646498046875002,1.36504921875,1.36361796875,1.3483722656250001,1.3458990234375001,1.2736722656250001,0.8545740234375001,1.0949843750000001,1.3469210937500002,1.34498671875,1.32328203125,1.3666853515625002,1.3026750000000002,1.3421056640625002,1.3392392578125,1.3185267578125,1.3362208984375001,1.3202666015625,1.358075390625,1.322950390625,1.3187552734375,1.24335859375,1.2631482421875,0.6599550781250001,1.0172646484375,1.0188666015625,1.0173078125,1.0176474609375001,1.019107421875,1.2161873046875,1.2121537109375002,1.2099300781250002,1.2702542968750001,1.304619921875,1.1771904296875002,1.3851888671875,1.2377423828125,1.27184453125,1.2471083984375,1.0393517578125002,1.1034185546875002
nerthus_bowel_cleansing_quality,0.7917095703125,0.8338208984375002,0.846970703125,0.95961640625,0.9156451171875001,1.0497556640625,1.3464710937500002,0.0,1.03739609375,1.1927429687500002,0.8663886718750001,0.8358345703125001,0.955663671875,0.9040447265625,1.3060068359375,1.3125580078125,0.5538568359375,0.5054740234375001,0.27671132812500004,0.4986546875,0.7290490234375,0.72751328125,0.7282068359375001,0.7292505859375,0.72877109375,0.7282974609375,0.7301394531250001,0.9480419921875001,0.7359392578125001,1.0208046875,1.1876763671875001,1.131541015625,1.0672091796875,0.9453054687500001,0.9298595703125001,0.944674609375,0.9332806640625001,0.9442820312500001,0.9324033203125002,0.9256152343750002,0.9522828125000001,0.956469921875,0.9365289062500002,0.9238359375,0.9498771484375002,0.9581453125,1.08210234375,0.99056953125,1.08757421875,1.10269140625,1.15486171875,1.1676890625,0.894130078125,1.155097265625,1.1562697265625,1.157894921875,1.1563445312500003,0.7413917968750001,0.7275685546875,0.7206267578125001,1.143797265625,1.314892578125,1.028947265625,0.851780859375,0.9262441406250002,0.9969939453125001,0.9543169921875001,0.908220703125,0.9280732421875001,1.1028849609375002,1.0316669921875001,0.789321484375,0.8537658203125,0.8488046875,0.959098828125,1.3492939453125001,0.028312109375000057,1.1852984375000002,0.9547158203125001,1.3054433593750001,0.5511816406250001,0.517000390625,0.27741699218750004,0.49586933593750016,0.723764453125,0.7314541015625,0.7323763671875001,0.7318625000000001,0.734271484375,0.7259328125,0.7275888671875002,0.737589453125,1.1898966796875001,1.0640421875000001,0.9520105468750001,0.935858203125,0.9442902343749999,0.9402986328125,0.941783984375,0.9341689453125002,0.9216162109375,0.9484841796875001,0.9623314453125,0.9397662109375,0.9211414062500001,0.950277734375,0.9607556640625001,1.0830847656250002,1.0886298828125,1.098570703125,1.1569384765625002,1.1547744140625,1.1579734375,1.1580810546875002,1.15408515625,0.7381208984375001,0.7316767578125001,0.7166546875,1.03181640625,0.84758984375,0.9263431640625001,0.9942029296875,0.9527076171875002,0.9126925781250002,0.9241947265625,1.1039310546875,1.0266025390625
stanford_dogs_image_categorization,0.8458369140625002,0.9475330078125,0.892625,0.9727316406250002,0.7923931640625002,0.7258822265625001,0.853315625,1.03739609375,0.0,0.8349011718750001,0.4355324218750001,0.45659277343750015,0.5962812500000001,0.5732736328125001,0.9308779296875,0.9248564453125001,0.8247748046875001,0.8678185546875001,0.9811398437500001,1.052841015625,0.9965564453125,1.0010449218750002,1.0004630859375,0.9965232421875001,0.998055859375,0.9998119140625,0.9999710937500002,0.7082466796875,1.0016990234375003,0.82141328125,0.8814357421875001,0.7615300781250001,0.9480357421875001,1.0427972656250002,1.0307541015625001,1.029320703125,1.0466712890625,1.02486171875,1.0396978515625,1.0407886718750001,1.027918359375,1.04208984375,1.02858671875,1.0438523437500002,1.0193197265625,1.026901171875,1.047537109375,0.7637835937500002,1.07472109375,0.7728542968750001,0.9986656250000001,1.197603515625,0.9916343750000001,0.9991492187500001,1.0007208984375002,1.00057890625,1.002321484375,0.9587617187500002,0.9449201171875001,0.9466025390625,0.829971875,1.1498714843750002,0.9823484375,0.992108203125,0.892020703125,1.0859341796875002,0.8932392578125001,0.9369460937500002,0.9320478515625001,0.8466810546875001,0.9923767578125,0.841978125,0.9304994140625,0.9002496093750001,0.9818992187500002,0.8548345703125001,1.0347085937500002,0.8335292968750001,0.6018669921875002,0.9273515625000002,0.8204753906250001,0.8614878906250001,0.9844845703125,1.0524998046875,0.9992332031250002,0.9964759765625002,1.0099455078125001,1.007193359375,1.0062187500000002,0.9945675781250001,0.9901271484375002,1.0164296875,0.8833923828125,0.94797265625,1.04776640625,1.037195703125,1.0309628906250001,1.0590216796875,1.0145144531249999,1.0409005859375,1.0307837890624998,1.0258443359375,1.0421595703125002,1.0276380859375,1.0480625,1.024293359375,1.0346455078125,1.056690234375,1.0725458984375003,0.76877890625,0.9994841796875,0.9997208984375001,1.0017132812500003,0.9992197265625,1.0005371093750002,0.9581802734375,0.9465580078125,0.94318984375,0.9804359375,0.9875351562500001,0.8949173828125001,1.0803173828125001,0.8920068359375001,0.933284375,0.9261998046875,0.8476396484375001,0.9940708984375001
svhn,1.1334654296875,1.2391396484375001,1.18024375,1.2495765625000002,0.9738220703125,0.7039357421875001,0.6332886718750002,1.1927429687500002,0.8349011718750001,0.0,0.799888671875,0.8222111328125001,0.668829296875,0.5951423828125,0.6487951171875002,0.6256349609375,1.0569087890625,1.0837041015625002,1.1632164062500001,1.262873828125,1.2322529296875,1.236782421875,1.2351677734375,1.2310705078125002,1.23406328125,1.2343412109375,1.2367023437500002,0.9123814453125001,1.1320091796875,0.96066875,0.8900251953125001,0.923043359375,1.0752849609375001,1.1841171875000003,1.1592267578125002,1.148676171875,1.1863806640625,1.1391843750000001,1.1793193359375,1.1816375,1.1431921875000002,1.168708984375,1.152933203125,1.1828695312500002,1.1451767578125,1.137424609375,1.1393816406250001,0.9311550781250001,1.16758828125,0.8314847656250001,1.0930613281250001,1.3486562500000001,1.201578515625,1.0925972656250003,1.0943548828125,1.0952621093750001,1.095668359375,1.1206265625000003,1.1145462890625,1.1167638671875002,0.87882578125,1.2052390625,1.0669953125,1.13691171875,1.015962890625,1.1972568359375,1.0457408203125,1.04132734375,1.0573107421875,1.0416955078124999,1.1351740234375,1.130859375,1.2268267578125,1.18669609375,1.258204296875,0.6339888671875001,1.188943359375,0.029461328125000064,0.6601337890625001,0.6461050781250001,1.05099921875,1.0787621093750002,1.1668345703125,1.2619794921875003,1.2316125000000002,1.2285650390625,1.2423841796875,1.24273984375,1.2413566406250003,1.23051015625,1.2254107421875,1.148218359375,0.8911564453125,1.0745890625,1.187175,1.16586328125,1.1473359374999998,1.2017466796875,1.12611640625,1.1766435546875,1.1714978515625,1.1445095703125001,1.1673033203125,1.1512708984375002,1.1929148437500001,1.1529871093750002,1.1449431640625,1.148596484375,1.1637646484375002,0.8312230468750001,1.0938083984375,1.0941169921875,1.092945703125,1.0939423828125001,1.093279296875,1.1224451171875,1.1133748046875,1.112653125,1.0669253906250002,1.1361296875,1.0200501953125,1.1936857421875002,1.0461435546875002,1.0360160156250002,1.0515966796875,1.0439458984375,1.1365537109375001
caltech101_object_classification,0.7441865234375,0.7939193359375001,0.76068984375,0.8557656250000001,0.7643798828125001,0.7362740234375001,0.9119820312500001,0.8663886718750001,0.4355324218750001,0.799888671875,0.0,0.14716269531250004,0.48718515625000003,0.42480996093750006,0.9011603515625001,0.9053365234375002,0.6929580078125002,0.7228474609375001,0.8177820312500002,0.8784875000000001,0.8249396484375,0.8294363281250001,0.8272814453125001,0.8240443359375,0.826196875,0.8276990234375001,0.8285382812500001,0.6950181640625002,0.8288646484375001,0.8176460937500001,0.8728025390625,0.8338414062500001,0.8846626953125001,0.9126882812500001,0.9030427734375002,0.907016796875,0.9153087890625001,0.9038652343750002,0.9076626953125001,0.91026796875,0.9089156250000001,0.91574609375,0.9012585937500001,0.9122273437500001,0.8977251953125001,0.9068121093750001,0.9371828125000001,0.7789296875000001,0.957955078125,0.7943101562500001,0.9638121093750001,1.0884277343750002,0.8343433593750001,0.9649972656250001,0.9657912109375,0.9662910156250001,0.9679265625,0.8074187500000001,0.7888962890625001,0.7910455078125,0.8487167968750001,1.129105859375,0.80976484375,0.817659765625,0.747740234375,0.9040224609375,0.7199701171875,0.7349128906250001,0.7566876953125001,0.7760943359375001,0.9297087890625001,0.74121171875,0.7886646484375001,0.7689203125000001,0.8614503906250002,0.9133517578125001,0.864319140625,0.794775,0.4894638671875,0.8981265625000001,0.6918367187500001,0.71853671875,0.8193099609375001,0.8783966796875,0.8258429687500001,0.8260642578125001,0.8389845703125001,0.8369527343750001,0.8327027343750001,0.8252410156250001,0.8205154296875,0.841593359375,0.8746322265625001,0.8844769531250001,0.9191535156250001,0.910002734375,0.9058859375000001,0.9269115234375,0.8971367187500001,0.9091599609375001,0.9021412109375,0.9068130859375001,0.9166982421875001,0.9019677734375,0.9171820312500001,0.90186328125,0.9139728515625001,0.9438523437500002,0.9576287109375001,0.7900652343750001,0.9652646484375,0.9648263671875,0.9674203125000002,0.9648669921875002,0.966029296875,0.8061380859375,0.7911216796875,0.788751953125,0.8095765625,0.8099332031250001,0.7488595703125001,0.8995978515625,0.7197068359375001,0.7352332031250001,0.7500228515625,0.7779244140625001,0.9314966796875002
caltech256_object_classification,0.74025859375,0.7678121093750001,0.7370927734375001,0.8354779296875001,0.7766328125,0.7588621093750001,0.9597533203125002,0.8358345703125001,0.45659277343750015,0.8222111328125001,0.14716269531250004,0.0,0.48416035156250004,0.42499648437500004,0.93509765625,0.942715234375,0.6713417968750001,0.7061101562500001,0.7952541015625001,0.8401685546875001,0.78736484375,0.7915607421875002,0.7893597656250001,0.7867304687500001,0.7883353515625,0.78993359375,0.7905775390625001,0.7051203125000001,0.7976121093750002,0.8289205078125002,0.893250390625,0.8578193359375,0.8887417968750001,0.8904189453125001,0.8823265625000001,0.8903208984375001,0.893566015625,0.8876900390625001,0.8857285156250001,0.8880845703125001,0.8938865234375001,0.8980974609375001,0.8832119140625001,0.8896384765625001,0.8796933593750002,0.8927123046875001,0.9291826171875002,0.7951861328125001,0.9473353515625,0.8224380859375001,0.9605115234375001,1.0741974609375,0.8065791015625001,0.9617306640625001,0.9622691406250001,0.9624951171875,0.9646626953125,0.7871318359375001,0.772803125,0.77549140625,0.8631779296875001,1.1272900390625002,0.7833201171875,0.7753294921875001,0.7147474609375001,0.8804812500000001,0.682427734375,0.7001025390625001,0.72149296875,0.7849355468750001,0.9181183593750001,0.7386173828125,0.758064453125,0.7442990234375001,0.8408119140625001,0.9609039062500001,0.8337669921875002,0.8159181640625002,0.4867894531250001,0.9323841796875001,0.6706814453125001,0.7018599609375,0.7965265625000001,0.8404296875000001,0.7876455078125001,0.78886953125,0.8001179687500001,0.7995560546875,0.7957853515625001,0.7880404296875001,0.782651171875,0.8097248046875001,0.895430859375,0.8878138671875001,0.8983849609375001,0.8898740234375001,0.8890123046875,0.9045265625000001,0.8818263671875001,0.8873789062500002,0.8799996093750001,0.89126796875,0.899303515625,0.8851777343750001,0.8934462890625001,0.8831423828125,0.8992988281250001,0.9354958984375,0.9475457031250001,0.8177384765625001,0.9622949218750001,0.9615890625000001,0.9635228515625001,0.9614843750000002,0.9630345703125001,0.7847949218750001,0.77534453125,0.7727548828125,0.7843068359375001,0.7676091796875001,0.714905859375,0.8766984375,0.681791015625,0.7014271484375001,0.7149707031250001,0.7869089843750001,0.9194296875000001
cifar10_object_classification,0.9169759765625001,0.9439759765625001,0.9225847656250001,1.0169265625000001,0.9031021484375001,0.8615904296875001,0.95534296875,0.955663671875,0.5962812500000001,0.668829296875,0.48718515625000003,0.48416035156250004,0.0,0.18807011718750005,0.8771716796875,0.8807396484375001,0.8483388671875001,0.8726474609375,0.9240039062500001,0.9610269531250001,0.9475861328125,0.9508546875000001,0.9500525390625001,0.9484048828125,0.9489156249999999,0.9501244140625,0.95110625,0.8380107421875,0.9116470703125001,0.8887121093750001,1.0127240234375001,0.9590031250000001,1.0756482421875,1.0087042968750002,0.9936025390625002,0.9979652343750001,1.0067970703125,0.9945820312500001,1.0007525390625,0.9992546875000001,1.002319140625,1.01230859375,0.9950867187500001,1.0028273437500002,0.9916306640625001,1.0032632812500002,1.0757453125,0.8833675781250001,1.094846484375,0.9449238281250001,1.111001171875,1.19984921875,0.97181484375,1.1115132812500002,1.1114982421875,1.112983984375,1.113981640625,0.9241414062500001,0.9227986328125001,0.9243193359375002,0.914608203125,1.27173125,0.9669937500000001,0.953616796875,0.9157867187500001,1.0284748046875,0.9036541015625,0.8954421875,0.9170751953125,0.9357787109375002,1.0695771484375,0.9144855468750002,0.9500947265625002,0.9274988281250001,1.0205171875,0.9568974609375,0.9529105468750001,0.661249609375,0.04048066406250005,0.8752312500000001,0.8455054687500001,0.8686980468750001,0.9254638671875002,0.9612607421875001,0.9470441406250001,0.9471966796875001,0.9576068359375001,0.9568738281250001,0.9539851562499999,0.9478617187500001,0.9448041015625,0.9228765625000002,1.0145146484375,1.07674296875,1.0137140625,0.99901796875,0.9985734375,1.0173787109375003,0.9877382812500001,1.0014412109375002,0.9942814453125002,0.9998072265625001,1.0126330078125,0.9962408203124999,1.005945703125,0.9939066406250001,1.0101494140625003,1.081482421875,1.0936208984375,0.9414281250000001,1.1124505859375002,1.1114455078125,1.113037890625,1.1122732421875001,1.113042578125,0.9236779296875001,0.9241400390625001,0.920758984375,0.9680429687500001,0.9487742187500001,0.9164697265625001,1.0267865234375,0.9036212890625,0.8941066406250001,0.9136650390625001,0.9383037109375001,1.0688224609375
cifar100_object_classification,0.8515707031250002,0.9006664062500002,0.8754009765625,0.9781705078125001,0.8211320312500001,0.765919921875,0.8783767578125001,0.9040447265625,0.5732736328125001,0.5951423828125,0.42480996093750006,0.42499648437500004,0.18807011718750005,0.0,0.824276171875,0.8257355468750001,0.782993359375,0.8061039062500001,0.8704517578125001,0.9251779296875,0.900255078125,0.9038494140625001,0.90296015625,0.9009281250000001,0.9016626953125001,0.902879296875,0.9038556640625001,0.7551714843750001,0.86935390625,0.8210138671875,0.912393359375,0.8838591796875,1.00716875,0.9551478515625,0.939052734375,0.9425736328125001,0.955654296875,0.9385443359375001,0.9476324218750001,0.9478712890625001,0.9452568359375001,0.9576455078125001,0.9405666015625,0.9509087890625001,0.9334742187500001,0.9461767578125,1.0125998046875,0.8109080078125,1.0312521484375001,0.8600220703125001,1.0386947265625,1.1568396484375003,0.9201677734375002,1.0393466796875002,1.039635546875,1.0412091796875003,1.0419400390625002,0.8735974609375001,0.8659906250000001,0.8668117187500002,0.8586166015625001,1.2175279296875001,0.9166498046875,0.9109833984375001,0.8798470703125001,0.9933699218750002,0.8661671875,0.8550724609375001,0.8798613281250001,0.8648011718750002,1.006337109375,0.8487833984375,0.90895234375,0.8804251953125001,0.9836396484375001,0.8800292968750001,0.9006736328125001,0.5873939453125001,0.19446250000000007,0.8220681640625,0.7805076171875001,0.8024779296875001,0.8721160156250001,0.9259753906250001,0.8999076171875,0.900103125,0.911383203125,0.9106857421875001,0.9087369140625,0.9003787109375001,0.896354296875,0.8824068359375001,0.9145265625000001,1.0067865234375,0.9599349609375001,0.9464130859375002,0.9429806640625,0.966761328125,0.9304826171875,0.94840703125,0.9415324218750001,0.9439875000000001,0.9580453125000001,0.9407292968750001,0.9552947265625001,0.9368080078125001,0.9531632812500002,1.0188798828125,1.0299500000000001,0.8553482421875002,1.0407593750000002,1.038903515625,1.0409701171874999,1.040471484375,1.0406833984375001,0.8732128906250001,0.866755859375,0.8634548828125,0.9169060546875,0.9067658203125,0.880965625,0.9906011718750001,0.8661492187500001,0.8546611328125,0.875901171875,0.8672070312500001,1.0055015625000001
mnist_digit_classification,1.2218425781250002,1.3064179687500002,1.2580916015625,1.3128630859375001,1.079411328125,0.875659765625,0.8368826171875,1.3060068359375,0.9308779296875,0.6487951171875002,0.9011603515625001,0.93509765625,0.8771716796875,0.824276171875,0.0,0.20944648437500007,1.135444140625,1.17501328125,1.2632361328125001,1.3877791015625,1.3313875000000002,1.3341478515625,1.3330375,1.3291328125000001,1.3335509765625,1.3333859375000001,1.3349044921875,1.0016253906250001,1.2206597656250002,1.0948255859375,0.8688148437500001,0.9723185546875001,1.0817511718750001,1.3070833984375,1.2944531250000002,1.2819181640625001,1.313635546875,1.2746080078125002,1.3061546875000003,1.3114365234375,1.2761666015625002,1.2950763671875003,1.2861587890625001,1.3154130859375002,1.2779937500000003,1.2706681640625,1.2409212890625,1.0102064453125001,1.2648119140625003,0.9083033203125002,1.1047443359375002,1.3724658203125,1.1880107421875001,1.1037564453125002,1.1057511718750002,1.1052544921875,1.1066423828125003,1.2079537109375,1.198389453125,1.1972136718750002,1.0476611328125003,1.1603306640625002,1.1633009765625002,1.2417572265625,1.0605470703125,1.2475597656250001,1.0882878906250002,1.1186119140625,1.12308359375,1.153476953125,1.1859347656249999,1.2199501953125,1.292453515625,1.2653435546875,1.3205908203125,0.83670703125,1.3030115234375002,0.6473689453125,0.8683875,0.02230214843750005,1.1301486328125,1.1733658203125001,1.2675925781250001,1.3862339843750002,1.3333080078125001,1.328301171875,1.341984375,1.3387037109375002,1.3366431640625,1.3300876953125003,1.3250222656250004,1.2336447265625001,0.87061484375,1.0813556640625,1.3098470703125003,1.2994451171875,1.2813142578125,1.32823984375,1.2669263671875002,1.30539296875,1.3015238281250001,1.278062890625,1.29278671875,1.2833910156250004,1.3226587890625001,1.2862142578125002,1.278529296875,1.2466251953125,1.2613550781250003,0.9094841796875001,1.1041605468750002,1.10586640625,1.1045107421875,1.1044871093750002,1.1041560546875,1.2107261718750002,1.1991,1.1923529296875,1.1598755859375003,1.2402318359375,1.0631875000000002,1.242883203125,1.0878031250000002,1.1162595703125002,1.1139777343750001,1.15488984375,1.189672265625
emnist_digit_classification,1.2142230468750002,1.319580859375,1.2648560546875,1.3271392578125,1.0561746093750002,0.8520953125000001,0.8010099609375001,1.3125580078125,0.9248564453125001,0.6256349609375,0.9053365234375002,0.942715234375,0.8807396484375001,0.8257355468750001,0.20944648437500007,0.0,1.142834765625,1.1742972656250001,1.2745513671875,1.3939115234375001,1.3391007812500002,1.3423798828125002,1.341234375,1.336783203125,1.3408650390624999,1.3413929687500001,1.3425283203125,0.9809195312500001,1.2241140625,1.0565041015625,0.8298742187500001,0.9551787109375001,1.066219921875,1.3058115234375,1.2924515625,1.2807318359375,1.311347265625,1.2733716796875,1.3048937500000002,1.3081615234375001,1.2748341796875002,1.2943134765625002,1.2842017578125,1.3115724609375001,1.2759996093750001,1.2698939453125,1.2426087890625002,0.9885232421875001,1.2698048828125001,0.8916119140625001,1.0718244140625,1.3843974609375,1.2065955078125001,1.0709845703125,1.07288515625,1.0726740234375,1.0738576171875,1.2123373046875,1.2113234375000002,1.2107742187500001,1.0088146484375,1.1392783203125,1.1886056640625,1.2440564453125003,1.0678708984375,1.2717800781250002,1.0987324218749999,1.1357224609375,1.1394187500000001,1.147008984375,1.1533937500000002,1.2123490234375,1.3036183593750001,1.2720732421875,1.3354419921875,0.8011507812500002,1.3094220703125001,0.6243509765624999,0.87255234375,0.20689003906250003,1.1363693359375,1.1714029296875001,1.278371875,1.39114140625,1.3409556640625,1.3367828125,1.3505234375000001,1.3479337890625,1.3449451171875,1.3378994140625,1.332571484375,1.2384201171875,0.8318238281250001,1.0658591796875,1.3092505859375,1.2976111328125,1.2798623046875002,1.327058984375,1.2649501953125002,1.304205078125,1.2982718750000002,1.2756039062500002,1.2931863281250002,1.2810843750000003,1.3195751953125,1.2852736328125003,1.2770531250000001,1.2495849609375003,1.266023828125,0.8924693359375,1.071047265625,1.07302421875,1.0719802734375001,1.0719851562500002,1.0713494140625,1.2164203125,1.2117453125000002,1.2050572265625001,1.1853904296875002,1.2410669921875002,1.07077421875,1.2661707031250002,1.097324609375,1.1328849609375,1.131290625,1.1483472656250002,1.156742578125
