,lapgyn4_anatomical_structures,lapgyn4_surgical_actions,lapgyn4_instrument_count,lapgyn4_anatomical_actions,sklin2_skin_lesions,identify_nbi_infframes,laryngeal_tissues,nerthus_bowel_cleansing_quality,stanford_dogs_image_categorization,svhn,caltech101_object_classification,caltech256_object_classification,cifar10_object_classification,cifar100_object_classification,mnist_digit_classification,emnist_digit_classification,hyperkvasir_anatomical-landmarks,hyperkvasir_pathological-findings,hyperkvasir_quality-of-mucosal-views,hyperkvasir_therapeutic-interventions,cholec80_grasper_presence,cholec80_bipolar_presence,cholec80_hook_presence,cholec80_scissors_presence,cholec80_clipper_presence,cholec80_irrigator_presence,cholec80_specimenbag_presence,derm7pt_skin_lesions,idle_action_recognition,barretts_esophagus_diagnosis,brain_tumor_classification,mednode_melanoma_classification,brain_tumor_type_classification,chexpert_enlarged_cardiomediastinum,chexpert_cardiomegaly,chexpert_lung_opacity,chexpert_lung_lesion,chexpert_edema,chexpert_consolidation,chexpert_pneumonia,chexpert_atelectasis,chexpert_pneumothorax,chexpert_pleural_effusion,chexpert_pleural_other,chexpert_fracture,chexpert_support_devices,pneumonia_classification,ph2-melanocytic-lesions-classification,covid_xray_classification,isic20_melanoma_classification,deep_drid_dr_level,shenzen_chest_xray_tuberculosis,crawled_covid_ct_classification,deep_drid_quality,deep_drid_clarity,deep_drid_field,deep_drid_artifact,kvasir_capsule_anatomy,kvasir_capsule_content,kvasir_capsule_pathologies,breast_cancer_classification_v2,eye_condition_classification,mura_xr_wrist,mura_xr_shoulder,mura_xr_humerus,mura_xr_hand,mura_xr_forearm,mura_xr_finger,mura_xr_elbow,bean_plant_disease_classification,aptos19_blindness_detection,lapgyn4_anatomical_structures --shrink_train 800,lapgyn4_surgical_actions --shrink_train 800,lapgyn4_instrument_count --shrink_train 800,lapgyn4_anatomical_actions --shrink_train 800,laryngeal_tissues --shrink_train 800,nerthus_bowel_cleansing_quality --shrink_train 800,svhn --shrink_train 800,cifar10_object_classification --shrink_train 800,mnist_digit_classification --shrink_train 800,hyperkvasir_anatomical-landmarks --shrink_train 800,hyperkvasir_pathological-findings --shrink_train 800,hyperkvasir_quality-of-mucosal-views --shrink_train 800,hyperkvasir_therapeutic-interventions --shrink_train 800,cholec80_grasper_presence --shrink_train 800,cholec80_bipolar_presence --shrink_train 800,cholec80_hook_presence --shrink_train 800,cholec80_scissors_presence --shrink_train 800,cholec80_clipper_presence --shrink_train 800,cholec80_irrigator_presence --shrink_train 800,cholec80_specimenbag_presence --shrink_train 800,idle_action_recognition --shrink_train 800,brain_tumor_classification --shrink_train 800,brain_tumor_type_classification --shrink_train 800,chexpert_enlarged_cardiomediastinum --shrink_train 800,chexpert_cardiomegaly --shrink_train 800,chexpert_lung_opacity --shrink_train 800,chexpert_lung_lesion --shrink_train 800,chexpert_edema --shrink_train 800,chexpert_consolidation --shrink_train 800,chexpert_pneumonia --shrink_train 800,chexpert_atelectasis --shrink_train 800,chexpert_pneumothorax --shrink_train 800,chexpert_pleural_effusion --shrink_train 800,chexpert_pleural_other --shrink_train 800,chexpert_fracture --shrink_train 800,chexpert_support_devices --shrink_train 800,pneumonia_classification --shrink_train 800,covid_xray_classification --shrink_train 800,isic20_melanoma_classification --shrink_train 800,deep_drid_dr_level --shrink_train 800,deep_drid_quality --shrink_train 800,deep_drid_clarity --shrink_train 800,deep_drid_field --shrink_train 800,deep_drid_artifact --shrink_train 800,kvasir_capsule_anatomy --shrink_train 800,kvasir_capsule_content --shrink_train 800,kvasir_capsule_pathologies --shrink_train 800,mura_xr_wrist --shrink_train 800,mura_xr_shoulder --shrink_train 800,mura_xr_humerus --shrink_train 800,mura_xr_hand --shrink_train 800,mura_xr_forearm --shrink_train 800,mura_xr_finger --shrink_train 800,mura_xr_elbow --shrink_train 800,bean_plant_disease_classification --shrink_train 800,aptos19_blindness_detection --shrink_train 800
lapgyn4_anatomical_structures,0.0,0.1590489453726917,0.17323837893899438,0.2457521404664519,0.4070056345412405,0.4192027738932584,0.6026644168857656,0.3670858783236983,0.46207944829927267,0.5917783725954231,0.38399283748110336,0.38159058888418607,0.4620901154164074,0.43719206528782584,0.6115900405255298,0.6237890966368628,0.2665165980002976,0.2587411183788773,0.3239764540345167,0.3055927916986546,0.22303166988223283,0.22428611714577212,0.22365768876466327,0.22286505122290148,0.22225926520782377,0.2228946339314184,0.22258596061549332,0.41271965762535606,0.413957981112008,0.42852583194272387,0.5190850659781809,0.4716195577032635,0.556537582830096,0.4419013596875208,0.4444503526010573,0.4554274620901459,0.44024150805268103,0.45716538096495274,0.43906820121610257,0.43906226042879454,0.45889899928739364,0.4541934220163957,0.44880612771714845,0.43668992364287756,0.44031847385628053,0.4631085417013868,0.49029416036118145,0.4388516815880492,0.492090739976334,0.4587262523470746,0.5990933046477684,0.5259281995665022,0.4851149422037354,0.6000939561910522,0.6001717056424823,0.6013536282518326,0.6011490765271966,0.47298207548191884,0.46640395116674827,0.4648710448676444,0.5440846769850576,0.7006471345089442,0.528252565795533,0.4411561666045358,0.48614046432623226,0.49042258133488925,0.4894173798986777,0.47602180194807187,0.4995563012172274,0.4894075790805723,0.5573304053128101,,0.17831026150914064,0.1722445302215663,0.24817484621897382,0.6036092474843191,0.36740811278412366,0.5901827164505785,0.46414992684971823,0.6094326631340306,0.2644349142294204,0.2578180064423672,0.3262139773712436,0.303643816900278,0.22460082851914756,0.22330457504284085,0.22418981500444263,0.2278349607638786,0.22574933098067007,0.21864208311087394,0.22788993154950038,0.417278730552463,0.5202138168490158,0.554106752847162,0.4446321676935259,0.44597235302992627,0.4540401263780812,0.4416036749125059,0.45527573094767715,0.4396801286932676,0.43598979375364394,0.45634146848136964,0.45688329714479453,0.4498626423888218,0.4368966353109337,0.4414988698976624,0.46379420661540594,0.491179086159267,0.4920284489394468,0.455418409579526,0.5998571475559455,0.5998236115777291,0.6015736085438401,0.6006843532819989,0.5995861276143062,0.470989202467211,0.4684127837021226,0.46433447165702385,0.528578231324292,0.4399036637537622,0.48684123679806346,0.4881851865016849,0.48953342006281575,0.47819786022918465,0.4976369442284112,0.489999030497007,0.5556858965004869
lapgyn4_surgical_actions,0.1590489453726917,0.0,0.09441551824670161,0.13208358381064836,0.4437860518876119,0.45442314427117614,0.6329758106461765,0.37883671102714367,0.49081833221543075,0.6029061549250838,0.39726924009339337,0.39050417165754364,0.46550697034203214,0.44846574742596135,0.603932500661855,0.6241627257390241,0.30894412470032373,0.3071795920119751,0.33944633190682183,0.3122347128847047,0.19507779017693763,0.1964122146852062,0.19438999456735834,0.1949148261237051,0.19361502178521048,0.19484318887923352,0.19367096314808802,0.44005239610009556,0.3891346424554868,0.4584548545284995,0.545590154736593,0.5241471430835054,0.5617940386390423,0.445074709978311,0.443973112007501,0.4517184919444866,0.442869551544975,0.4532168778337993,0.4414816950309627,0.4412630347916641,0.45598417804563723,0.4519322631765902,0.4467748404440095,0.4384895064056099,0.44237307253161107,0.457881830304865,0.498017514837256,0.4665680552692206,0.4968357879584997,0.5091069189665907,0.6177445616977554,0.5125374726843496,0.48292369181209427,0.6187230326184221,0.6184170163845107,0.6194081871142804,0.6194149181134385,0.4667149981096393,0.46904181754361884,0.4694573848458805,0.5571450800478139,0.713396806891806,0.4960265973214676,0.4279379210202976,0.4754530646060493,0.46219691097024534,0.4610497577320303,0.4544125301724972,0.47387646936366057,0.5007956062599326,0.5711081261842754,0.16082522429004525,,0.0903402868018647,0.13335698318787556,0.6335068916435882,0.3787781949556911,0.6009041109992449,0.46764297049399384,0.601986773786225,0.3085332511340304,0.3056748657734682,0.3407731364867144,0.3116085268816277,0.1976018904022625,0.19496531711981366,0.19471121757570087,0.19851925380123053,0.1915174777904065,0.19186636839833424,0.2008945141536736,0.3894962037825339,0.546337566862886,0.5599700565204451,0.4462828127069256,0.44402688776610627,0.4501944795639624,0.4433097913594767,0.45246244776903666,0.44196847571447173,0.4391120450440932,0.45376410526412786,0.4531997591655078,0.44852248413375406,0.438743868395458,0.4425075383774655,0.45829795228659986,0.49754513283288054,0.49735158658610534,0.5054813120629629,0.6182107174347425,0.6181049578686233,0.6198939526431928,0.6189822046955209,0.6183713858776201,0.46494838780772696,0.47059965886942007,0.46905295774679445,0.49640650734408664,0.4255457860333206,0.4740302801373619,0.46039135865433617,0.4618261790688003,0.4571764034573521,0.4730457375096989,0.5010175941010242,0.5690949903041559
lapgyn4_instrument_count,0.17323837893899438,0.09441551824670161,0.0,0.11302825734937333,0.42763667425332363,0.4388965948754362,0.6203125850514528,0.38411504970680055,0.4704366678928129,0.5886934883310286,0.3787735599149648,0.3718308631611851,0.45414130716747914,0.4370549621609432,0.5928410849854537,0.6082739584934782,0.3004067380346007,0.298814321924202,0.3494617686653542,0.33586092396987605,0.17364302340499993,0.1759044978869473,0.17340185902056124,0.17361952426468225,0.17275935408327306,0.17392843107268813,0.17247445374546802,0.43246538453155275,0.41088439337669036,0.47016360527721957,0.5335381241443176,0.5019349293860926,0.5551510896031681,0.4561920027688403,0.45742675615562056,0.46679098867210056,0.45327509516503584,0.46881494470578966,0.45277975126701947,0.45222765392538533,0.4710372836202568,0.46581527066114237,0.4598875259704599,0.44852615874886126,0.45512359743808206,0.4735944134825487,0.5009688198246592,0.4597125100379801,0.5006811632350743,0.5013506148982603,0.5990310304578184,0.5268958363063025,0.49114598886992644,0.599830001494192,0.5993992330909363,0.6005560351345643,0.6005938413032306,0.4594847483398026,0.4666141412576371,0.4670869719940991,0.5614418874966819,0.6974720300621688,0.4920253563973024,0.43055648078569225,0.4592847030359164,0.4719732474835288,0.4496471324282039,0.4478153201177335,0.46204893357499915,0.5012109264729634,0.5541237600517683,0.17457730498567015,0.0991428360430571,,0.11782849042799945,0.6208686978007203,0.38384249282729244,0.5866607035841538,0.45642317252829684,0.5906720553266622,0.30000467714817824,0.2965793933242943,0.35104541220534874,0.3349126379688787,0.1766573389557522,0.17399588765160198,0.17516429874612116,0.17777843002371932,0.17104366187207426,0.16998579886100068,0.1782391101255673,0.4131167281699347,0.5346165778679037,0.553092420959285,0.4586586720042695,0.4573926252860679,0.46495833101686085,0.4545746429997789,0.46758710340719967,0.4532252829602903,0.44977144294601623,0.4685811889253851,0.468104989437358,0.46173467474739927,0.44820509962773525,0.4560599601794291,0.474049262516622,0.5008756254273183,0.5011595435907352,0.49797051804371517,0.5993946637675243,0.5991592101498919,0.6009522691545249,0.600223920270003,0.5997798059378509,0.45801110427114833,0.46762643079347493,0.4664037345612536,0.4924820197404811,0.42833761210733623,0.45811268289114354,0.46997652621953945,0.4499922631304861,0.4499209735924713,0.46077812083401487,0.5014080345146932,0.5524026199336793
lapgyn4_anatomical_actions,0.2457521404664519,0.13208358381064836,0.11302825734937333,0.0,0.4925049659269597,0.4977837411562668,0.6696639124379232,0.44063063033291433,0.5205234757613748,0.6332478989481407,0.4336094079588405,0.4282680095819342,0.5068309805043728,0.49293590326210146,0.6312400105873932,0.649700049698811,0.37738519396899595,0.37458458388272925,0.4062464942009808,0.3910576069297791,0.24872565233944588,0.25011482236108395,0.24763230304199318,0.2484682808769842,0.24734501897346234,0.2486174269975963,0.2471825803184385,0.4891778593226283,0.43438357275444,0.5276348305289472,0.593803034152004,0.5678325431817756,0.6006277145108231,0.49935915649339113,0.49988238045433353,0.506307324097053,0.49822546155851155,0.5079150470207567,0.4963466560047587,0.49754492205902584,0.5108533539529777,0.5054690112608258,0.5012145390403239,0.4941377417749283,0.49741454451477624,0.510810201400125,0.5452114204328004,0.5097985047297295,0.5444482672461289,0.5639122337753648,0.6537884905342537,0.5508517959237211,0.5393163985696454,0.6547681878629441,0.6544439967466857,0.6551854331851596,0.6553230838641009,0.5092473390930855,0.5215521280691308,0.5228518902969241,0.6091060903895992,0.7435362055038863,0.5279789564055473,0.4773409509610764,0.5103944508779337,0.49726166338672134,0.48576442495742644,0.481026573958846,0.5019511634443317,0.5389195975875112,0.6046634450387669,0.24674404660275237,0.13716890777542512,0.11126240921046954,,0.6703915899201524,0.4403531266751818,0.6312658499464462,0.5094122078546476,0.6285457789683855,0.3774417536069654,0.3732476227718946,0.40774590960051493,0.39075372244559087,0.25196880868164073,0.2494092230343534,0.24907204881386213,0.2510736785751553,0.24322485691025778,0.24581922665530598,0.2529743100351135,0.43484617133273085,0.5948684099962076,0.5990816356195071,0.5007339967634065,0.4989127061129134,0.5047090788987807,0.4985719431739051,0.507636616899515,0.4969166182350611,0.4952781444387934,0.5085668092398042,0.5063050405438996,0.502750528896384,0.49460770590629477,0.4973844657469507,0.5110668175668414,0.5447443828060117,0.5447073475446627,0.5610588979787479,0.6540272733179626,0.6542836836340475,0.6558973602813274,0.6548077570755075,0.6541503354036777,0.5075046381654308,0.5227751386670803,0.5219819831667006,0.528663912343045,0.47496433853609954,0.5086394765779163,0.49559467769487936,0.48637641105735985,0.48361694563217156,0.5014394799533025,0.5392339800413252,0.6031243669119817
sklin2_skin_lesions,0.4070056345412405,0.4437860518876119,0.42763667425332363,0.4925049659269597,0.0,0.41457520051651664,0.5418023113954191,0.44184878700809926,0.45051793640790594,0.5563591131908241,0.38521375667828883,0.38179651905659284,0.4590517270471902,0.4245333721524416,0.5879929122723848,0.5851826230296233,0.32075427173095844,0.3346414196560461,0.43170900165053583,0.43547019562265743,0.4030643076642437,0.4045282219938586,0.40503375729379437,0.40362459210757995,0.4037971922748981,0.4040733661710909,0.403770264407068,0.22215753543766015,0.4758200749060295,0.3925739142292428,0.4897883358717623,0.3242598110067982,0.5305270188180551,0.48969395757287876,0.49628598042195676,0.5060037876498388,0.48555985124410844,0.5087020684934982,0.48635001496421326,0.4838333782787423,0.5113449066212747,0.5071987254821332,0.49738030970019875,0.4745178003212426,0.4968169772817644,0.5133780085434754,0.5537328721707446,0.21789528718903184,0.5588068929356317,0.2801619695093357,0.46907380682409094,0.5921600038627894,0.49288099180853845,0.47043988633194844,0.4704450594598413,0.4713445518814812,0.4714648705136279,0.40105109927322047,0.38332308779479374,0.38455768529210427,0.49943763110687917,0.6001102688868434,0.5540582727980864,0.4756992782722709,0.5062712707559973,0.549614024749679,0.5188930416086434,0.5226579431139241,0.5098767793320027,0.468074045290923,0.435925936654027,0.40538348822106973,0.44274287901844833,0.43302472782792645,0.4958113376299978,0.5426521788829513,0.44047014360193215,0.5541930909178845,0.45915765069742176,0.5869399743720416,0.32141093141789245,0.33045298379515653,0.4322109464140107,0.4361893206654851,0.4015340694138327,0.4046244019615075,0.4073020369564373,0.4070690707945688,0.4087689159685162,0.4017840538078621,0.401230481173912,0.4827190061113067,0.49007775395670367,0.5277996904111523,0.49470821307101187,0.49898353641086307,0.5043594064830921,0.48710340366650323,0.5049724917762328,0.4868912189942404,0.47972497314863205,0.5087888919611179,0.5096534595203049,0.4993887239087553,0.4737884376494884,0.5004764714952687,0.5144279041120051,0.5556737820373044,0.5588336917343448,0.27897675823276613,0.4700222889540293,0.46971807937584986,0.4722528995805655,0.47035441022740754,0.4700965370429172,0.39852369788895203,0.38243254553345346,0.38547039555043194,0.5545629031527952,0.47340421643270814,0.5077786056316005,0.5474255491713509,0.5180849406816794,0.5227575192197362,0.5065116868022042,0.46785760560150214,0.43413956394462655
identify_nbi_infframes,0.4192027738932584,0.45442314427117614,0.4388965948754362,0.4977837411562668,0.41457520051651664,0.0,0.411137954673682,0.49747645297840587,0.40759153173253326,0.4226626218871588,0.35021100670057154,0.34796587763446213,0.4175698359733116,0.37168257085728573,0.5204569044959747,0.5235970279170636,0.376091642069993,0.3868781274378629,0.4635367203833084,0.47102325678811446,0.43040641560501414,0.4327292687228579,0.43207516743895813,0.4305109822796662,0.4317544684303267,0.4317009206096305,0.43270663652182983,0.37310548657599296,0.46758957647760013,0.3912337786645752,0.4349072061281619,0.4339371349290826,0.5568762093544479,0.5146535013700567,0.5061630240248067,0.5095255135357252,0.5140468495423127,0.5077017519231135,0.5109623737846939,0.5103868989878386,0.5102387958422038,0.5172663939543296,0.5073561071789215,0.5100777444305589,0.5039759323095285,0.5112586587039019,0.5418187811570258,0.3823811921486443,0.552808947668487,0.36893126361909756,0.5699491587166748,0.6240028914852527,0.5296792657691701,0.5706085493498361,0.5712672357013668,0.5719149062638565,0.5721326133346691,0.5244937490691256,0.5167407030936555,0.5163879981519783,0.41610633028113475,0.6792392091739676,0.550473079969212,0.4951621830562969,0.4924846805526425,0.5783984383401872,0.5061315928044304,0.510168275658702,0.5154260315336299,0.5007919700244003,0.5628889062333922,0.4177821979439895,0.44511063599006173,0.44270733321953804,0.5009548575588051,0.41124396868214663,0.4955735997640808,0.42346393046479563,0.41714682685289184,0.5179707279636644,0.37392620284331274,0.3810523249170362,0.46600481611273536,0.47087065346720014,0.42920418637784435,0.4296942126990226,0.4351817779777708,0.4368882715221948,0.43646073312021216,0.4306196212516459,0.42764068917967357,0.474704194143456,0.43706839630081773,0.554878308929345,0.5170917728882052,0.5085064380768289,0.508855228943007,0.5196669442488663,0.5026145010313852,0.509811989493935,0.5055404130551432,0.5088116563647384,0.5179722752066365,0.5080864223044241,0.5123291665145558,0.5077383267781062,0.5139890385745913,0.5452089376958711,0.5524856147601478,0.36691768657069773,0.5706776195981997,0.5707724054382879,0.5719320809961108,0.5711637184956839,0.5707072509713182,0.5238887136141591,0.5174481923136065,0.5147530006411755,0.5509320201313714,0.492641965259349,0.49446698273767486,0.5756824587990153,0.5060719478291152,0.5093172900729339,0.5126984046312847,0.5015504821384414,0.5618211056751272
laryngeal_tissues,0.6026644168857656,0.6329758106461765,0.6203125850514528,0.6696639124379232,0.5418023113954191,0.411137954673682,0.0,0.6442478274151142,0.5083557259844277,0.3965230430867336,0.4589950689856752,0.4705167116806165,0.44643264296920826,0.41147948953498686,0.5637436662658638,0.5571115793173599,0.575920794617621,0.5780405536643851,0.6221389928680933,0.6493722220750067,0.6314134795189478,0.63340813606334,0.632765208187267,0.6315698036994587,0.6322296428478182,0.6324560926325851,0.6332751327419207,0.49364999958277467,0.6214615486308188,0.5776210270667276,0.5835725668553919,0.5561518430312227,0.6996950711909872,0.6869205200117441,0.6865893402856986,0.686802095772961,0.6882579297450466,0.6865709397083817,0.6857356521318596,0.6870804821809375,0.6875088030864679,0.6900423959663713,0.6838148241899014,0.6847230083371497,0.6781166277320108,0.6865878298910166,0.7117119642816573,0.5354688539549723,0.7232202303274673,0.46313831365875974,0.6982067520856088,0.7866795914718352,0.7126485773263885,0.6987833693616425,0.698853804987609,0.6990569308516227,0.700003374337801,0.6482213623916845,0.6400618027304803,0.6406669842119881,0.5493827841819188,0.7908641414088973,0.6873592568797668,0.6575184890133461,0.6610192856043149,0.7133931327943704,0.667679271126348,0.6618930980161081,0.6615231278502023,0.6363819100359673,0.7044618957574209,0.6004973367354374,0.6471310524531377,0.6237188108388407,0.6721863069546485,,0.6428779405380914,0.40010606519550074,0.44574671130205,0.5607292696324239,0.5752533390678692,0.5752677697471289,0.6237970001245351,0.6494792343787322,0.6298427340832365,0.6309848336794096,0.6357914979047736,0.6373552553055597,0.6364655368632921,0.629847904865284,0.6293446175695292,0.6291523077584368,0.5847954354930018,0.6980451725636325,0.6895490846693407,0.6885848460458854,0.6852218781518173,0.6911358489785053,0.6828218252436007,0.6848860574006572,0.6833576969266782,0.6873643906047473,0.6906490907390062,0.6838402402961713,0.6870150870651062,0.6805324303831757,0.689488973800485,0.7147883006839584,0.7224940757815868,0.4636748888040504,0.6989115182653172,0.6988771053975069,0.6991745487734193,0.6983434611410483,0.6995726893629491,0.6475874707839788,0.6403022108352253,0.6405266023035648,0.6873693129164109,0.6555263439062763,0.6623526042144423,0.7120374719197433,0.6673695462574275,0.6624897395415313,0.6600312273977118,0.6375658415151344,0.7032642595875974
nerthus_bowel_cleansing_quality,0.3670858783236983,0.37883671102714367,0.38411504970680055,0.44063063033291433,0.44184878700809926,0.49747645297840587,0.6442478274151142,0.0,0.5408836888844337,0.5876272871705778,0.4369016203759643,0.42400886945250527,0.48389359589465875,0.4622670110893566,0.6027618766967344,0.6102028863992864,0.2584420459358624,0.23022326998129952,0.1290483022056912,0.22555776062932748,0.31845533661073666,0.31792398961241425,0.3181664464020513,0.3188540647659736,0.3184698788490121,0.3181987001218014,0.3189075937010231,0.4503808434765351,0.3395106361958594,0.4876416474927854,0.5590262968128071,0.547135806989643,0.5127677817981998,0.45006879645146225,0.44578897267833095,0.45625089857990375,0.44455495288560043,0.45717455217200276,0.44443421188531973,0.4415208514831854,0.459687103109594,0.4584327390884795,0.449586468751974,0.4383768781581107,0.4542609713013571,0.4639161663828915,0.5277409049680111,0.47688720123694694,0.5293654947172791,0.5195270912451473,0.5399385415018672,0.5488327646227239,0.4347080234569816,0.5404977152296662,0.5407738674198491,0.5416699103257014,0.5407387480763095,0.34975326123443384,0.3475148719325417,0.3445446829589621,0.5652827909122864,0.6283496322582043,0.5061458178151033,0.40731317345961215,0.4461153049941204,0.4771916662198293,0.4669745699201235,0.4482169860843278,0.45434287414501145,0.5622178682918396,0.4932146167846432,0.3665088919265715,0.38976696722936854,0.3849813657337907,0.4405409242071157,0.6454022388262407,,0.5837894798222283,0.48317597712350263,0.6027856449521108,0.2576529216886816,0.23601255445217778,0.12943750011300723,0.22407766530289935,0.31685888844772,0.3196635875668601,0.3195667358955564,0.32049713531969815,0.3209502861565183,0.3173932542241459,0.3186880327716263,0.34006006246938075,0.5606013447869502,0.5104786303528017,0.4535770660331949,0.44719556629159646,0.45472462513172607,0.4469809096424396,0.4557236124131089,0.444677219161253,0.4395849611505874,0.4572063557260456,0.4618117590926615,0.4517617030345037,0.43716779692132146,0.4545703803591279,0.4647386386418685,0.5272367366212181,0.5303048883259256,0.5170522321438573,0.5408629298013428,0.5400998806702445,0.5416809525698884,0.5416390381063391,0.5392171801474271,0.3480531316709642,0.3487042816746273,0.3434466907269854,0.5071476443585115,0.40462759197290854,0.44622567066075375,0.47577489343840906,0.4665127368790918,0.44991357931614906,0.45220848032160127,0.5628075417505646,0.49082466202057
stanford_dogs_image_categorization,0.46207944829927267,0.49081833221543075,0.4704366678928129,0.5205234757613748,0.45051793640790594,0.40759153173253326,0.5083557259844277,0.5408836888844337,0.0,0.495604028100056,0.24099463071819083,0.24321827365507803,0.3298757755628521,0.32691832111406594,0.5447857108516638,0.559378086471491,0.44031920592233914,0.45742956664722983,0.5071839178224755,0.5189854718926732,0.49483106782277386,0.49697204495974745,0.4965704644386309,0.4950308777441017,0.4953428808676242,0.49611869847569573,0.4962268172323092,0.41997390317614414,0.5406708761706636,0.4669545455368458,0.5111938585755302,0.4568849751419013,0.5632976355920685,0.5652337024593199,0.5606246560442296,0.5642172367159735,0.5652852058103477,0.5636760573467037,0.5625095560802067,0.562022759482997,0.5652178081768211,0.5682996657285644,0.561451703089355,0.5626476934424348,0.5560711975505208,0.566676124464366,0.6015812351939043,0.4572105598009863,0.6110854999389497,0.4604200957773819,0.5945280520529932,0.6543066070473762,0.542239487581547,0.5952078872801865,0.5959290487015696,0.5959736826874548,0.5966231100174647,0.5366314483266073,0.5235109298726869,0.5237568224143748,0.5044504714840863,0.6896518570917844,0.5557303298275355,0.5277134034197751,0.5084171701237676,0.5875492266045945,0.5024079714314424,0.5135103311564234,0.5177392576679565,0.481293299167253,0.5877126136478258,0.45917493767031514,0.4870512065217408,0.4750374600750838,0.5244425521472911,0.5083237651347964,0.5395691465379735,0.49422926905578846,0.3332414565532734,0.5428998559350137,0.4390133679560832,0.4539839521099788,0.5085939758432052,0.5190779649229111,0.4960197476527881,0.495750844506373,0.500258844242078,0.5001580721390559,0.49973298153551243,0.49460953269488006,0.49305566381923727,0.5474412963553934,0.5121821787392005,0.5617233637472681,0.5679178963445453,0.5625885355206195,0.5640724849763504,0.5691136823479801,0.5601638361447482,0.5630260631677414,0.5582559721227751,0.5642119000589233,0.5687154356817289,0.5622600374851829,0.5636650487681403,0.5575934813142926,0.5693323757061297,0.6043354863581725,0.6108027250029529,0.45941594442246536,0.595196458230234,0.5955728865407659,0.5961682308157313,0.5951233799711555,0.5955360375432535,0.5354795537104494,0.5248056659787597,0.5226454428333608,0.5559246653741927,0.524113078199201,0.5094052120240016,0.5849826241179218,0.5018571052850143,0.5136258423888903,0.5149073994188422,0.4815910743404894,0.5870561297582495
svhn,0.5917783725954231,0.6029061549250838,0.5886934883310286,0.6332478989481407,0.5563591131908241,0.4226626218871588,0.3965230430867336,0.5876272871705778,0.495604028100056,0.0,0.4245346018807741,0.4179499577658948,0.3117221768669,0.2759122362005286,0.4173296043476953,0.408937686706654,0.5376576397748702,0.5409925119174394,0.56645556050997,0.5849021254016159,0.5794317345083249,0.5815409810641874,0.5806066628964436,0.5796180911835234,0.5803268160817763,0.580391174218277,0.5817367463391377,0.5318026104832013,0.5818943988933558,0.5548400562542659,0.5618178958119119,0.6119517703657984,0.6503652209242234,0.6066131012295146,0.5966757583565405,0.5981817721445942,0.6054927687982511,0.5962612811430573,0.6024447371084405,0.602406226954153,0.5986431132754768,0.6047154094155507,0.5963475165359344,0.6017380672328401,0.5940138237686913,0.5984917175313493,0.643254664023882,0.5608947525975748,0.6525530063348131,0.5321456959970686,0.687905177211886,0.7128326335587889,0.632232234816089,0.6882520901047353,0.6887950289609859,0.689231287886207,0.6891483816847959,0.6013639978594384,0.5905861044008923,0.5913756713391526,0.5600133772820481,0.7692347090115377,0.5764056738692583,0.568084535628349,0.5596391857020361,0.6121367647260714,0.5587081662098683,0.533787083076261,0.5523110539517209,0.625839069146958,0.6819196250515625,0.5910113874849495,0.60071873178529,0.5918350206413144,0.6348322544196577,0.3975069949376771,0.5862498736029826,,0.3087545945339825,0.41578979305002345,0.5369207413249508,0.5375801733086931,0.5680226246782645,0.5859384266282728,0.5785042920774782,0.5794939249476709,0.5836937498415917,0.5857242350044056,0.5845580255459577,0.5803414525992493,0.5775863905387817,0.5881617754650534,0.5631728905798741,0.6492387369664314,0.6090459734151439,0.5990678545438066,0.5968784691784442,0.6101953329213465,0.5914128392056394,0.6014416321015301,0.5990470743640897,0.5981231664276158,0.6051613693392149,0.5977866516812964,0.6046837384005641,0.5965283110369822,0.6010721041262759,0.6456485310561091,0.6521253883671874,0.5322449938439968,0.6886198492090729,0.6884453385133046,0.6887210015370824,0.6882307857361156,0.6879697821278405,0.5999965319524004,0.5903441152296133,0.5905923056647453,0.5774207543222079,0.5663968153406261,0.5607495749547636,0.6110069947119452,0.5583938107239945,0.5334599502568578,0.5507606637360003,0.6266388464485595,0.6807705840841745
caltech101_object_classification,0.38399283748110336,0.39726924009339337,0.3787735599149648,0.4336094079588405,0.38521375667828883,0.35021100670057154,0.4589950689856752,0.4369016203759643,0.24099463071819083,0.4245346018807741,0.0,0.06868523852213124,0.2556311790665581,0.2234407529880392,0.4559016690557523,0.4696360525485184,0.3548888212405568,0.35746307439294267,0.40878684642597074,0.4187346529382574,0.39391192221243004,0.39597962820236937,0.3951297890804685,0.39383140780488324,0.39440112129744986,0.3951284996368568,0.39537165535268004,0.3520243860066713,0.42253688882635865,0.4117500542786766,0.4315706346798712,0.43256461009424835,0.4808822676122025,0.47389174573615794,0.4713203692502715,0.4772150164035562,0.4741334546904601,0.47682653609340636,0.4711464577801898,0.4716576470028832,0.4790071146157403,0.47939292016585044,0.47170184593571957,0.4709875334493951,0.4682497799720098,0.47972371287354065,0.5155729294791329,0.4005427340199999,0.52345565787027,0.39825162427747196,0.5157077498402343,0.5704175896789199,0.43988786692060244,0.5169146136797074,0.5169602326435618,0.5172155092809845,0.5180338524014739,0.42288275591946295,0.41155854744558207,0.4125752200196683,0.4520523343881183,0.6147049253819372,0.4524779551806484,0.4243810537094186,0.40965035778382297,0.4827049897279338,0.3983126873213037,0.40083170175296745,0.4124663329779959,0.4253126520478063,0.5017605305796289,0.38222962090869583,0.3994644350494921,0.3839078925301591,0.43655753942087605,0.4584291573416566,0.43576717630449663,0.4220095651118969,0.2572232558119303,0.4539488207135254,0.3542492227492341,0.35504656588781247,0.40968757956663754,0.4190580173541717,0.39401486038412137,0.3947095625830891,0.39990192084870435,0.3999403987159875,0.3982465504031477,0.39377919101787584,0.3922917272627305,0.4289961964691229,0.4331433722005176,0.4798122062179226,0.4772119648973693,0.47390418682900026,0.47619378254810224,0.4785079136138275,0.47396580175881076,0.4719118760095731,0.4678884396860121,0.47770367779541545,0.4803167572464957,0.4728756453657832,0.47255184188670013,0.46991363352733906,0.48270792329419565,0.5177615505613407,0.5237665542122468,0.396853096005202,0.5165526753148733,0.5166493553955955,0.5175911948421947,0.5166552725314042,0.5170561528589483,0.4216441037046027,0.4125870939622013,0.41141927165241854,0.45328460814163957,0.4199822227623474,0.41028244064120045,0.480168606445952,0.3980393272569215,0.40157793446262446,0.40904860544052485,0.4258698117220332,0.5013516624104204
caltech256_object_classification,0.38159058888418607,0.39050417165754364,0.3718308631611851,0.4282680095819342,0.38179651905659284,0.34796587763446213,0.4705167116806165,0.42400886945250527,0.24321827365507803,0.4179499577658948,0.06868523852213124,0.0,0.2488233233940752,0.21576191677801498,0.45537776129262625,0.46996566106200377,0.3418793680072293,0.3456289246361465,0.39918941986709056,0.404877096863437,0.3785770202273644,0.3805138378326878,0.37967577525875384,0.3785232813484342,0.3791467183774524,0.37986783029254956,0.380103671281427,0.34974689092838696,0.4092921253347773,0.4091394698287154,0.4296597812434833,0.43430158541623165,0.47029350328783737,0.4591378437593428,0.4574290479872981,0.4645284110787078,0.4593601276864093,0.4642913157239868,0.45641075163062395,0.45676657571191825,0.4666530677463971,0.4663600241504991,0.4585182011586367,0.4560590444975544,0.4549446042164166,0.4678389618288501,0.5017705767371069,0.39902877414050597,0.5092511325445589,0.3990426018360157,0.49905919193412823,0.5555392582252535,0.4228609778169867,0.5002425089501852,0.5003753264797239,0.5004709883263274,0.5014282203360483,0.4108605078291109,0.4000486437163664,0.40129002568356903,0.4457353739352121,0.5964450960560029,0.43097578128955205,0.4001609571904112,0.38611602906919973,0.46490607609143664,0.3735455979839223,0.3773940424180595,0.3885522647498536,0.421791667317718,0.4853387174231326,0.3803349873903009,0.38688472558357295,0.3769669551527885,0.43102462096714794,0.4700784017011046,0.4230831996724612,0.41528370618864674,0.2500250957045425,0.4536512864982559,0.341487008068467,0.3432906270631404,0.39997589974924064,0.4056077326486873,0.37871692617105146,0.37944386702436184,0.3840876410529177,0.3848696005832314,0.38316326009118756,0.3787145278281487,0.37648847914058586,0.4160067598650957,0.4312613597569131,0.4688786479129404,0.4631144170498227,0.4602055466747492,0.4633278669948693,0.46363534218884295,0.46154025625477685,0.45724646303097116,0.45305859517081937,0.4651617012894017,0.4675279598730251,0.4600036617015196,0.457290595426442,0.4566204509752889,0.47062476920844554,0.5040329568769789,0.5095400704737019,0.3976980042990152,0.5000426748784588,0.500231976214785,0.5007689940579565,0.5000192351689162,0.5004223728655398,0.40922652495429945,0.40097825292665107,0.400152378039186,0.4319200954019339,0.3956390196876612,0.3864023730239655,0.462554093881011,0.37314876401647623,0.37830090962331153,0.38528960502365384,0.4224012706662664,0.4849690315416066
cifar10_object_classification,0.4620901154164074,0.46550697034203214,0.45414130716747914,0.5068309805043728,0.4590517270471902,0.4175698359733116,0.44643264296920826,0.48389359589465875,0.3298757755628521,0.3117221768669,0.2556311790665581,0.2488233233940752,0.0,0.09276557231135212,0.4335348243948181,0.44431426491365444,0.42231590500005534,0.4251614098016002,0.45935185927424044,0.4615576940737792,0.45198988541867435,0.45369008902189,0.45296122323065147,0.4523940013496817,0.45251832639122863,0.45300560231098996,0.453565388142539,0.423447837310041,0.4756177168165348,0.437816180836353,0.5054723567457541,0.5130678454420114,0.5732674885114935,0.5116924792960533,0.506575059324923,0.5125667596423441,0.510032539577782,0.5123662377070243,0.5078153566917176,0.5064743892357082,0.5156010592015132,0.5166032917130632,0.5086484648181042,0.5070039861061516,0.5042076774406569,0.5175840370648991,0.5692469585260866,0.46081956371503097,0.5762878032303678,0.49205348593749365,0.6002267424839665,0.6160718813292589,0.5081282043789229,0.6012209697531365,0.6008834082918434,0.601547942992682,0.6020652044469619,0.4903669533817209,0.48359770636083854,0.4842330684698906,0.4825869733874397,0.690945601817256,0.5216642584787123,0.48130735239394057,0.48593737492175115,0.535224433516045,0.48098399340227627,0.47191562302178736,0.48206454038503727,0.5072007311377442,0.5768029097317189,0.45982252946559177,0.46855323434967033,0.4577585663576081,0.5088634358677571,0.44674832899576866,0.4823544040710645,0.308474837359611,,0.4322342521435104,0.4215765246016465,0.4222690634681586,0.4603337733436951,0.462301134034198,0.4514573947997229,0.45250853509932387,0.4563696216912885,0.4572133465234983,0.4558222961836959,0.45232905089436376,0.450343432902259,0.480904524924656,0.5062926684537379,0.5720938338866832,0.5143207290122946,0.5079936181980078,0.5122023390694062,0.5136108462504398,0.5095714996808884,0.5082229436930596,0.5041474686499676,0.5138712220617566,0.5179475010154421,0.5100174591914942,0.5078211358305943,0.5049244156357791,0.5202324700120768,0.5710117310386735,0.5762238552867812,0.49054744155956065,0.6012413611618944,0.6009764022773623,0.601512410467125,0.6011866155137273,0.6016520012752589,0.4889350879375046,0.4839946428585913,0.48295051127019917,0.5225987706452674,0.47787365931300185,0.4858403602067639,0.5337422056032328,0.4808865299757825,0.4722266555841354,0.4801654640144794,0.5078338104171763,0.5753654473380251
cifar100_object_classification,0.43719206528782584,0.44846574742596135,0.4370549621609432,0.49293590326210146,0.4245333721524416,0.37168257085728573,0.41147948953498686,0.4622670110893566,0.32691832111406594,0.2759122362005286,0.2234407529880392,0.21576191677801498,0.09276557231135212,0.0,0.4083889710439465,0.4166612838825496,0.3950548195340478,0.3976868421640402,0.4365393598106336,0.4458697257381333,0.4320611315307652,0.4340113640803715,0.4332144666289495,0.4325452301099868,0.4327488054018217,0.4332530436442312,0.43379459294057654,0.3864519702555266,0.4545106398008894,0.4140003749165838,0.45955960004826946,0.4820902325560947,0.5445298977719214,0.4885739514309602,0.48324404251609543,0.4889965936514064,0.4875485196264374,0.4884756695589104,0.48481654420969833,0.48400675273435545,0.49136242535236185,0.4936034300217636,0.485393427497518,0.4842868069240004,0.47951234929806363,0.4936669614502698,0.542407574077637,0.42707411634532333,0.549594399619282,0.45217133292849315,0.5666872410794914,0.5989427006224917,0.48505481717763516,0.5677497893280844,0.5674997834539312,0.5682644166764762,0.5688457051959581,0.4660181031168169,0.457827443619499,0.4583910480566753,0.45979522525318123,0.6674619750724323,0.4977657895934831,0.4621276806736815,0.4688536818163732,0.5201968022985328,0.46202654734633886,0.45354635950132605,0.4639295997670883,0.48106068561612236,0.5486928168703129,0.4354278315767466,0.4504790562549061,0.44059911727391476,0.49526688821731657,0.41182085108176714,0.460844632425994,0.27293925130624924,0.09473618994689856,0.40677505466811215,0.394353682886008,0.3949245227663267,0.43750776745308384,0.4467641977964887,0.4317100905900515,0.4326474911714175,0.43680688451294786,0.43806942560416084,0.4367294758336875,0.43240529980508946,0.430172577446804,0.46088464744636154,0.4606215152727178,0.5429898092080807,0.4913069283933407,0.48547914635490874,0.48855386435239,0.491540426654588,0.4850558120845407,0.4852936197846085,0.480894582106015,0.4899642329939652,0.4949346254883827,0.4863998749553992,0.4855776499016189,0.4809325025507011,0.4965215775344367,0.5444184045285186,0.5494483279690934,0.4502458142946959,0.5678289474378782,0.5673771930487979,0.5681953460136904,0.5679254497690862,0.5680544851758476,0.464785313946688,0.45810597085505433,0.45713548425298617,0.498790531974056,0.459048281867677,0.4692740276291193,0.5182687719257872,0.4619846904445566,0.45428337508445926,0.46181826532642467,0.4817897275651868,0.5475679893590586
