,lapgyn4_anatomical_structures,lapgyn4_surgical_actions,lapgyn4_instrument_count,lapgyn4_anatomical_actions,sklin2_skin_lesions,identify_nbi_infframes,laryngeal_tissues,nerthus_bowel_cleansing_quality,stanford_dogs_image_categorization,svhn,caltech101_object_classification,caltech256_object_classification,cifar10_object_classification,cifar100_object_classification,mnist_digit_classification,emnist_digit_classification,hyperkvasir_anatomical-landmarks,hyperkvasir_pathological-findings,hyperkvasir_quality-of-mucosal-views,hyperkvasir_therapeutic-interventions,cholec80_grasper_presence,cholec80_bipolar_presence,cholec80_hook_presence,cholec80_scissors_presence,cholec80_clipper_presence,cholec80_irrigator_presence,cholec80_specimenbag_presence,derm7pt_skin_lesions,idle_action_recognition,barretts_esophagus_diagnosis,brain_tumor_classification,mednode_melanoma_classification,brain_tumor_type_classification,chexpert_enlarged_cardiomediastinum,chexpert_cardiomegaly,chexpert_lung_opacity,chexpert_lung_lesion,chexpert_edema,chexpert_consolidation,chexpert_pneumonia,chexpert_atelectasis,chexpert_pneumothorax,chexpert_pleural_effusion,chexpert_pleural_other,chexpert_fracture,chexpert_support_devices,pneumonia_classification,ph2-melanocytic-lesions-classification,covid_xray_classification,isic20_melanoma_classification,deep_drid_dr_level,shenzen_chest_xray_tuberculosis,crawled_covid_ct_classification,deep_drid_quality,deep_drid_clarity,deep_drid_field,deep_drid_artifact,kvasir_capsule_anatomy,kvasir_capsule_content,kvasir_capsule_pathologies,breast_cancer_classification_v2,eye_condition_classification,mura_xr_wrist,mura_xr_shoulder,mura_xr_humerus,mura_xr_hand,mura_xr_forearm,mura_xr_finger,mura_xr_elbow,bean_plant_disease_classification,aptos19_blindness_detection,lapgyn4_anatomical_structures --shrink_train 800,lapgyn4_surgical_actions --shrink_train 800,lapgyn4_instrument_count --shrink_train 800,lapgyn4_anatomical_actions --shrink_train 800,laryngeal_tissues --shrink_train 800,nerthus_bowel_cleansing_quality --shrink_train 800,svhn --shrink_train 800,cifar10_object_classification --shrink_train 800,mnist_digit_classification --shrink_train 800,hyperkvasir_anatomical-landmarks --shrink_train 800,hyperkvasir_pathological-findings --shrink_train 800,hyperkvasir_quality-of-mucosal-views --shrink_train 800,hyperkvasir_therapeutic-interventions --shrink_train 800,cholec80_grasper_presence --shrink_train 800,cholec80_bipolar_presence --shrink_train 800,cholec80_hook_presence --shrink_train 800,cholec80_scissors_presence --shrink_train 800,cholec80_clipper_presence --shrink_train 800,cholec80_irrigator_presence --shrink_train 800,cholec80_specimenbag_presence --shrink_train 800,idle_action_recognition --shrink_train 800,brain_tumor_classification --shrink_train 800,brain_tumor_type_classification --shrink_train 800,chexpert_enlarged_cardiomediastinum --shrink_train 800,chexpert_cardiomegaly --shrink_train 800,chexpert_lung_opacity --shrink_train 800,chexpert_lung_lesion --shrink_train 800,chexpert_edema --shrink_train 800,chexpert_consolidation --shrink_train 800,chexpert_pneumonia --shrink_train 800,chexpert_atelectasis --shrink_train 800,chexpert_pneumothorax --shrink_train 800,chexpert_pleural_effusion --shrink_train 800,chexpert_pleural_other --shrink_train 800,chexpert_fracture --shrink_train 800,chexpert_support_devices --shrink_train 800,pneumonia_classification --shrink_train 800,covid_xray_classification --shrink_train 800,isic20_melanoma_classification --shrink_train 800,deep_drid_dr_level --shrink_train 800,deep_drid_quality --shrink_train 800,deep_drid_clarity --shrink_train 800,deep_drid_field --shrink_train 800,deep_drid_artifact --shrink_train 800,kvasir_capsule_anatomy --shrink_train 800,kvasir_capsule_content --shrink_train 800,kvasir_capsule_pathologies --shrink_train 800,mura_xr_wrist --shrink_train 800,mura_xr_shoulder --shrink_train 800,mura_xr_humerus --shrink_train 800,mura_xr_hand --shrink_train 800,mura_xr_forearm --shrink_train 800,mura_xr_finger --shrink_train 800,mura_xr_elbow --shrink_train 800,bean_plant_disease_classification --shrink_train 800,aptos19_blindness_detection --shrink_train 800
lapgyn4_anatomical_structures,0.0,0.0001649862396224587,0.0001790297578364682,0.00025655926165411104,0.00042535324836259807,0.00044919543472050905,0.0006539194265521046,0.00037923439773176115,0.0004989904810453326,0.0006373531445063663,0.0004017475749261806,0.00039787782672473396,0.000483799447105715,0.00045500677675557874,0.0006603272531496033,0.0006789401143267852,0.0002746768199790394,0.0002659014446764751,0.00033377350321297904,0.0003170911109064003,0.00022902326824031653,0.00023032232675465622,0.00022967370177123794,0.00022883964764585589,0.00022825433251981453,0.00022888097180354821,0.0002285682175692653,0.0004324897510940555,0.00043380133902490953,0.00045967991960192277,0.0005719585270320843,0.0005195123262230174,0.0006218613315959545,0.00047937947447652783,0.00048163593265949673,0.0004948504649725715,0.00047647988731144765,0.0004971851647176305,0.00047526718240642376,0.00047454058268591234,0.000499439899486104,0.0004941808243028561,0.0004865413498672572,0.00047086706439280004,0.0004774382939920302,0.0005046021859719877,0.0005588056324058933,0.00046195394205338406,0.0005612786372183336,0.0004898226025581472,0.0006648434585162458,0.0005906303951730127,0.0005200669018549497,0.0006662720861649127,0.0006662887778809549,0.0006678749422972679,0.0006676195618872944,0.0005044418709281074,0.0004967257128471952,0.0004949637422760343,0.0005978394111876208,0.0008137156884085173,0.0005780593202268979,0.00046912559953022606,0.0005227392765690057,0.0005312855686777035,0.00052623072052799,0.0005085966023959124,0.0005367056351435721,0.0005380383001648639,0.0006111182948135899,,0.00018523023387296392,0.0001782093648689835,0.00025931686837209363,0.0006551297538556251,0.00037947435589705627,0.0006349915149355957,0.00048609770241740647,0.0006577469188976527,0.0002725046800915954,0.0002648668504439723,0.00033614513991921834,0.0003150911416881408,0.00023064779759935226,0.00022927848040221583,0.00023018880221364714,0.0002340370471009579,0.00023180557387006791,0.00022457070827425245,0.00023395140935293998,0.0004375815906536207,0.0005736853041803408,0.0006183542822461498,0.000482914097496568,0.0004831699621517829,0.0004931326141331702,0.000478097444919926,0.0004947717226590868,0.0004758519041189375,0.0004710972160719796,0.0004963000469058576,0.0004978438643416478,0.0004885774510509449,0.0004708348695575753,0.00047901888959732907,0.0005055097488922451,0.0005600642429978676,0.0005612210410549218,0.0004857123297318123,0.0006660216624608799,0.0006657668705109009,0.0006679449743819169,0.0006670927657810322,0.0006656327173477527,0.0005022181311301124,0.0004990762604491598,0.0004946121921982958,0.0005785081227847916,0.0004673669308769892,0.0005234040465019109,0.0005284206395912655,0.0005264493421572975,0.0005106992354041828,0.0005343447850760159,0.0005387657428003302,0.0006086648971568482
lapgyn4_surgical_actions,0.0001649862396224587,0.0,9.824982870049667e-05,0.00013979184179927688,0.0004629330787939164,0.0004874024361940707,0.0006875226780071501,0.00039113852225083684,0.0005310296213995295,0.000648505139829176,0.0004164922046751284,0.00040776751332320703,0.0004868462551788078,0.0004663794757447829,0.0006512502672733172,0.0006776705255814302,0.0003174792940896906,0.0003149047945818316,0.0003489288528675276,0.00032313664470590045,0.00020070144103172824,0.00020203752504567354,0.00020000299359021747,0.00020053015840973567,0.0001992160513579632,0.0002004447582291336,0.0001992484295348986,0.00046091300111946343,0.0004081880586315675,0.0004905532009809084,0.0006019946280810169,0.0005760591990747015,0.0006270514107432996,0.0004818453605435056,0.00048038279892264403,0.0004902905364788733,0.0004784702044398631,0.0004923412235960515,0.00047699443781218983,0.00047609902159569454,0.0004956611841801198,0.0004910279168592764,0.000483712383261437,0.00047210786902586406,0.00047870116559533714,0.0004984438715077328,0.0005651998603352803,0.0004904317204346533,0.0005646390090615992,0.0005434382052627569,0.0006857477781998566,0.0005757547182234715,0.0005180333748072485,0.0006871434501462857,0.0006867457304256411,0.0006881728345953944,0.0006880891025006097,0.0004981707979563545,0.0004994777366425194,0.0004997354489116273,0.0006109920459105249,0.000830047123374983,0.0005447024473805558,0.00045551502360359296,0.0005117683273488432,0.0005021733405846391,0.0004969741683136984,0.00048629709363318645,0.0005102448875036049,0.0005496486532653101,0.0006262395227933468,0.00016680308442326366,,9.411840099162288e-05,0.00014132471745466078,0.0006882615051722225,0.0003909896864562825,0.000645689483797477,0.000489208169688299,0.000648907007988549,0.0003169964273545936,0.0003133097727772132,0.00035034924253780843,0.000322434366468944,0.00020325630009533462,0.00020057769994876297,0.00020026606990442293,0.0002042639678450788,0.00019704241348414124,0.00019737405018188843,0.0002066570377305369,0.00040901331187198305,0.0006033008834981388,0.0006241258046275878,0.00048383141855029305,0.00048042740372762003,0.0004884008754855073,0.0004791358596631743,0.0004910811394367189,0.00047750137389315127,0.0004735740247658335,0.0004928667565657525,0.0004931859163370194,0.0004864231045312922,0.00047217342464015707,0.0004792137824007648,0.000499087614576403,0.000565116446545703,0.0005651640169934537,0.0005388565604898385,0.0006866534835302104,0.0006862548911163958,0.0006884885989995925,0.0006876560354477809,0.0006866639685073684,0.0004961595329201775,0.0005013869682627181,0.0004995392659532018,0.0005451707556532459,0.0004525592929392966,0.0005102828900229314,0.0004997693902919268,0.0004978373453533326,0.0004890038812376896,0.0005089972215700212,0.0005500294174178722,0.000623333760289584
lapgyn4_instrument_count,0.0001790297578364682,9.824982870049667e-05,0.0,0.0001192851364591672,0.00044634715970626307,0.00047149289448623346,0.0006742964739483263,0.0003962191161216701,0.0005102237438094782,0.0006335950300131888,0.0003971894986783884,0.0003883051324216042,0.00047508774949344594,0.0004544913763927851,0.0006392258137603474,0.0006610745914056018,0.00030870668695022,0.0003063034447965598,0.0003589790944026144,0.0003470917997179494,0.00017850081675019623,0.00018078985434562627,0.0001782509601454072,0.00017844689941968615,0.00017758097334289423,0.00017875417935501504,0.00017728264724097256,0.0004532025741779862,0.00043033681447521483,0.0005027153775505881,0.0005886985206755801,0.0005530086866619879,0.0006191392288089925,0.0004931712401411608,0.0004940538410468311,0.0005056027932856708,0.0004890096626154494,0.0005081978559938066,0.0004884930315831727,0.00048723555505469994,0.0005109593946308824,0.0005051172630868419,0.0004970568695034745,0.00048230175917572486,0.0004917170541750348,0.0005144295333437319,0.0005681603979340031,0.00048366306836618517,0.0005684757052474552,0.000535308967731641,0.0006662395825692202,0.0005901659975326152,0.0005268053018520601,0.0006674691226573964,0.000666946344904088,0.0006684999232620429,0.0006684591367358896,0.0004910800373910531,0.0004973208290514066,0.0004976319844211436,0.0006160872640455814,0.0008123125425844963,0.0005412989122373323,0.0004585631699661144,0.0004960675895929243,0.0005132024085394498,0.0004860250361330562,0.0004801840792700338,0.00049890660959716,0.0005510439492761854,0.0006090070877630923,0.000180450361208233,0.00010331565096433269,,0.00012452573808978287,0.0006750728575863861,0.0003958465340064438,0.0006307401636512708,0.0004776354788455671,0.0006367095637646299,0.00030822067833014856,0.0003039857669737611,0.00036072647176301213,0.00034608363956754656,0.00018157757245683312,0.0001788256365548165,0.0001799896765829679,0.00018276708136086194,0.00017577975546375903,0.0001747247227955974,0.00018323426059770281,0.00043299846736088836,0.0005903049936708078,0.0006159604232515872,0.0004964301794310794,0.0004940063534984549,0.0005033998527079345,0.0004905464959374425,0.000506502681555817,0.0004889531915787493,0.0004843986292802061,0.0005079374044088898,0.0005082994462853304,0.0004998509506210229,0.0004817889107052752,0.0004930395986240197,0.0005151048462130226,0.0005684707248255561,0.0005689444194687491,0.0005309137058111693,0.0006670382850969392,0.0006665206649626441,0.0006687672827795685,0.0006681046214394208,0.0006672891767839453,0.000489372179719645,0.0004986721150544071,0.0004971420242648045,0.0005418627897362553,0.00045580630130161864,0.0004948428269065477,0.0005106059401054315,0.0004864556864246088,0.00048218805406855886,0.000497247754421131,0.0005514107683145465,0.0006064231709900598
lapgyn4_anatomical_actions,0.00025655926165411104,0.00013979184179927688,0.0001192851364591672,0.0,0.0005155396600723644,0.0005350477250306862,0.0007286369944946522,0.00045655445772600973,0.0005637655240238995,0.0006818745999293914,0.00045576200714522643,0.0004485623402617801,0.0005314128243344282,0.0005141183785083404,0.0006815667351133324,0.0007060851641290749,0.00038976891307625477,0.0003861492020650153,0.0004196475927990401,0.0004059276936516713,0.0002581638779526742,0.0002595704013445303,0.0002570400596553849,0.0002578873642627801,0.00025674477802441024,0.0002580327795489198,0.00025657188503347026,0.0005138747199622466,0.0004564992963761416,0.0005638889449743447,0.0006548244136061992,0.0006239460282079218,0.0006683774027818082,0.0005395990422528922,0.0005398277692940193,0.0005483790076995591,0.0005372890566238543,0.0005505521795876086,0.0005353484777951376,0.0005358712337442179,0.0005540430550854462,0.000548071313932325,0.0005416703613377503,0.0005312407518237589,0.0005372924363463828,0.0005548708222867997,0.0006156200829201339,0.0005372049403557736,0.0006154658155815588,0.0006025067808604063,0.0007248323154554165,0.0006165741146261633,0.0005782077133562652,0.0007262379641439983,0.0007258038492202053,0.0007269655949692633,0.0007270023650983149,0.0005441321011345089,0.0005557004652639742,0.0005568581662308638,0.000667247642058174,0.0008623447252506344,0.0005802243405152072,0.00050872897815708,0.0005506940200164198,0.000541270985056175,0.0005248864774041097,0.000516222655521198,0.0005417950314910447,0.0005918800046535757,0.0006631025603393324,0.00025752269511116984,0.00014497019780908356,0.00011739022623365246,,0.000729588100121008,0.00045618160962248807,0.0006790861627046953,0.0005342397287396082,0.0006784819085030121,0.0003897525575908008,0.00038473706011743177,0.0004212746012300203,0.0004056052093661546,0.00026149019139506285,0.0002588574150320766,0.0002584759917495334,0.0002606175138244839,0.00025250041444062885,0.00025514796434171515,0.00026250456858618995,0.00045738908080907373,0.0006563826667253254,0.0006657069519738748,0.0005417518066450303,0.0005388449694515905,0.0005464235112114758,0.0005378612476854037,0.0005498090920205143,0.0005359496784287626,0.0005332143258677785,0.0005511739022582046,0.0005497595945103111,0.0005441064355390218,0.0005315151465540485,0.0005376234438318852,0.0005553499406265785,0.0006155481508256633,0.0006157071619459172,0.0005987274945412911,0.0007255100081850911,0.0007254604740560182,0.0007275466957772704,0.0007265179478475079,0.0007254827432466637,0.0005421501600020105,0.0005572545664441989,0.0005562238037383671,0.0005810318074805601,0.0005057899753451877,0.00054881350538612,0.0005390835374908243,0.0005255842435587608,0.0005187147229342441,0.0005409249473412761,0.0005923859947416092,0.0006606793407283153
sklin2_skin_lesions,0.00042535324836259807,0.0004629330787939164,0.00044634715970626307,0.0005155396600723644,0.0,0.00045004565461452637,0.0006037069818681914,0.0004636908788444744,0.0004961838004069924,0.0006136145075342927,0.00041159939187114075,0.00040709639863404864,0.0004934032854624309,0.00045494600018236965,0.0006466160212289498,0.0006504401261142347,0.0003368582087592912,0.0003504669248750871,0.00045112751738781646,0.00045634207809208964,0.00041931600429305623,0.0004208151943415121,0.00042131287714366295,0.0004198915243203443,0.00042009265925097467,0.0004203479561363015,0.0004200354164325585,0.00024179286784927165,0.0005053065460465544,0.0004295746584964098,0.0005500927025169455,0.00037277630898188225,0.0006038635648178256,0.0005346254202954139,0.0005414162771209326,0.0005533030880730697,0.0005290986654707813,0.0005567704496221705,0.0005300722406707066,0.0005267175149840503,0.0005599214840095498,0.0005550483705418472,0.0005429779413003794,0.0005157376706690279,0.000542243721547952,0.0005628689728329031,0.0006292855817495751,0.00023993608290101098,0.0006350736531295683,0.00030591849858978276,0.0005392022369020479,0.0006620788716704242,0.0005371011593534782,0.0005410552840640337,0.0005410945213742448,0.00054236019347919,0.0005423889543712047,0.0004401718486189066,0.0004205604972080442,0.0004216360102598616,0.0005604510795601714,0.0007169168397214131,0.0006149455129768964,0.000512110342050612,0.0005533694275160267,0.000600974861834054,0.0005664596882794996,0.0005666137480077509,0.0005577136796511932,0.0005263245664476774,0.0004937875545888037,0.0004237871332530859,0.0004622812508173484,0.00045191684688013683,0.0005190795867739092,0.0006046558762709719,0.00046217915630686736,0.0006105847179394398,0.0004936549598202776,0.0006452795593904693,0.0003374430738827547,0.00034613411980866896,0.00045177327505422136,0.0004570458605117908,0.000417788817366095,0.0004208968468325244,0.00042357648943428926,0.0004235050556673135,0.0004251684170872842,0.00041799739955416767,0.0004175740719674398,0.0005127072149164952,0.0005511080146239463,0.0005999769525324775,0.0005404768939733006,0.0005440210755913438,0.0005513818524615804,0.0005307069029139997,0.000552605549791303,0.0005305585980122306,0.0005222882914805005,0.0005567668274862071,0.0005584472722684826,0.0005460056927644975,0.0005147622649781184,0.0005462665666860215,0.0005640968859731785,0.000631613928926018,0.0006351114394422753,0.0003043514289673124,0.0005405038536451222,0.0005401431144140715,0.0005431974809986073,0.0005411536306554948,0.0005405601443510709,0.00043733213495586915,0.0004199860342240029,0.0004228468960225321,0.0006156490147453044,0.0005094080169050596,0.0005547713968769969,0.0005981754571427246,0.0005657771491824364,0.0005666191116674656,0.0005539296616462921,0.0005262301110277026,0.0004910178810818064
identify_nbi_infframes,0.00044919543472050905,0.0004874024361940707,0.00047149289448623346,0.0005350477250306862,0.00045004565461452637,0.0,0.00045563972537490384,0.0005331125334111082,0.00045745081073240724,0.00047133104459017364,0.0003840563593738872,0.00038156499507103906,0.00046113973863659184,0.0004100177135775902,0.0005791048624439624,0.000588145307267849,0.0004060027894890724,0.0004162992237762867,0.0004959857720263658,0.0005064022967050229,0.00046059681358108295,0.00046298533166716846,0.00046234108303664094,0.0004607217426169111,0.0004620051726202059,0.00046191051044493247,0.00046298494421773855,0.0004061659486429662,0.0005077492044003693,0.0004339147055991541,0.000494997141242289,0.0004925983374785856,0.0006389720099658118,0.0005716815027107564,0.0005621034555629407,0.0005671284967095597,0.0005695686001134898,0.0005658223123077229,0.0005666068037002991,0.0005651085491509098,0.0005688599918816904,0.0005758884302844332,0.0005636008902983442,0.0005636545895104646,0.0005602820913795744,0.000570704318261918,0.0006254993014286421,0.0004181484197716505,0.0006376484037546289,0.0004026462067458186,0.0006507987563891692,0.0007063832534925854,0.0005877929487221986,0.0006518325479152895,0.0006524315311979875,0.0006535679829252386,0.000653775409380689,0.0005764970468826766,0.0005673140719660956,0.0005666410658457646,0.00047710045583584395,0.0008061451211680858,0.000620227569068864,0.0005424379672070415,0.0005479617021059505,0.0006416687770721276,0.000563850109117129,0.000563448856501325,0.0005736043341415517,0.0005639635100773111,0.000632738858954251,0.00044770553771343526,0.000478400198282597,0.00047553223563988686,0.000538535070839402,0.00045586646852083414,0.0005310254851502391,0.0004719191183423584,0.0004607806460384427,0.0005763580912250983,0.0004035950235016638,0.0004104008507288688,0.0004986373528630869,0.000506155319376269,0.00045940818954322694,0.000459798504708617,0.0004654206443326938,0.0004673121250371161,0.00046687044883042203,0.0004607701917776789,0.0004578669232627925,0.0005154093133211992,0.0004980687227768809,0.0006359013501773879,0.0005748834352033086,0.000564415981436908,0.0005660787582218007,0.0005756541317080987,0.0005601169688384739,0.0005651830268656044,0.0005598816193423515,0.000567093498989274,0.0005774696613944124,0.0005653293435368862,0.000565771315604298,0.0005645498650958283,0.0005736957337310728,0.0006294761233951201,0.0006372670811413995,0.0004002747940118601,0.0006519094097354487,0.0006518129910407556,0.0006533258663014061,0.0006525890440645728,0.0006519127399700808,0.0005757004476255856,0.000568341097736808,0.0005652249890072292,0.0006207237473168238,0.0005394402622891236,0.0005500456541554076,0.0006383925873493059,0.000563915898625658,0.0005623354330987782,0.0005704332894886265,0.0005649221323715619,0.0006310731014327069
laryngeal_tissues,0.0006539194265521046,0.0006875226780071501,0.0006742964739483263,0.0007286369944946522,0.0006037069818681914,0.00045563972537490384,0.0,0.0007007613031468026,0.0005801990934798716,0.00044700982695171734,0.000512306571871336,0.0005255478213280409,0.0005013541992413308,0.0004603348211605705,0.000636415496986713,0.0006304498141917008,0.0006319703188254558,0.0006321484850750935,0.0006775929201351704,0.0007073569632792153,0.0006842969543282274,0.0006863508417355166,0.0006857069700800456,0.0006845127692291341,0.000685123260387187,0.0006853948814627799,0.0006861635364347727,0.0005516392659330116,0.0006876340657023534,0.0006534183968344951,0.0006672568834510983,0.0006439672065174319,0.0008044505794187186,0.0007738418654790503,0.000774394707442879,0.0007769531847490693,0.00077399173927228,0.0007771438686641966,0.0007714640054304391,0.0007724132007775505,0.0007780203535759713,0.0007795271042689157,0.0007718812940411589,0.0007688811080228584,0.0007636600683919956,0.0007785946141525744,0.0008270086015872873,0.0006046320772979994,0.0008390781171741698,0.000524717224950642,0.0008048485765610485,0.0009050314413064302,0.0007966762189286449,0.0008060279850239465,0.0008059127729495317,0.000806704589986172,0.0008074858339172322,0.0007238257132465994,0.0007140993048052168,0.0007145215673564232,0.0006424640073816506,0.0009374903699059971,0.0007818348400834406,0.0007330430127355276,0.0007456686945053502,0.0007983991173432239,0.000750617995779658,0.0007374323074824991,0.0007428780509492407,0.0007220111045739072,0.0008055790336560951,0.0006517395060998693,0.0007044035965925711,0.0006778426223983776,0.0007315433236856925,,0.0006991972880669078,0.00045085807386347095,0.0005004014469972133,0.0006329323819829838,0.0006312904563633717,0.0006291900806025631,0.0006794111069486572,0.0007073740381323499,0.0006827107306441435,0.0006837756500979364,0.0006887867869961623,0.0006905174839735212,0.000689519900852135,0.0006825161591734806,0.0006823115222920973,0.0006960183277060095,0.0006692121639982694,0.0008018181377950728,0.0007771673790617344,0.0007761461748868332,0.0007745115025403248,0.0007769133244218713,0.0007733373411836567,0.000770945779792618,0.0007678462809126833,0.0007776544744097909,0.0007814226995228374,0.0007727791825640102,0.0007710321922468731,0.0007665820248249869,0.0007814820385437171,0.0008305793767566535,0.0008382116578735804,0.0005247183979803215,0.0008060463078066758,0.0008057998642512843,0.0008065584303651649,0.0008057639282118905,0.0008066488320887146,0.0007230389555618904,0.00071459070805365,0.000714639441461632,0.0007820596659801119,0.0007307584374408553,0.000747202095536246,0.0007965492195560094,0.0007503417363585167,0.0007376957668473071,0.0007411671238568891,0.0007234352016168242,0.0008037766958345529
nerthus_bowel_cleansing_quality,0.00037923439773176115,0.00039113852225083684,0.0003962191161216701,0.00045655445772600973,0.0004636908788444744,0.0005331125334111082,0.0007007613031468026,0.0,0.0005828126587885774,0.0006331092246100884,0.0004573665654969355,0.0004426791247157837,0.0005060406722263496,0.00048138417117477977,0.0006501419649561622,0.0006643070722644999,0.00026927213263393956,0.00024023464168745277,0.00013701412632545045,0.00023780825580076138,0.000328566537610004,0.0003280339552037269,0.00032827612021394536,0.0003289780911098684,0.0003285766624612288,0.00032828663163305316,0.0003289918832776154,0.00047387134267556425,0.00036048181086967637,0.0005214717038208075,0.0006181542674400459,0.0006028056151120753,0.000579984604699594,0.00048817216151501077,0.00048275080420394123,0.0004951348303020534,0.00048135989493547013,0.0004966722312446534,0.0004810620978440738,0.0004773786852113325,0.0004995671866674209,0.000498195151126123,0.00048704597099250826,0.0004732171177914285,0.0004922183335359026,0.0005049056974703053,0.0005986589414878182,0.0005039675425960795,0.0006010367825391952,0.0005548761999919501,0.0006065173264495568,0.000614766034318823,0.0004699542014485081,0.0006076384660990521,0.0006077905458381275,0.0006090800896861365,0.0006080677860046135,0.0003838035649975589,0.00038012293968051725,0.00037708248160222326,0.0006204281421093615,0.0007410935800664571,0.0005564539229919302,0.0004360128933137642,0.000482778787815596,0.0005193263579256997,0.000504656860061104,0.0004827011659880966,0.000492220404899041,0.0006160735773239123,0.0005499381749954378,0.00037867733875892825,0.0004026731367507955,0.00039719519472794843,0.00045661358388703163,0.0007021696678975523,,0.0006283910462538158,0.0005055076272724005,0.0006498858093085309,0.0002683627255054696,0.0002461215276012445,0.00013745639039233472,0.00023626360419227703,0.00032699175413298355,0.00032979002990164675,0.00032966222835341093,0.00033074104135770704,0.0003310937673883563,0.0003274199943981752,0.0003288883520879297,0.0003615039482424326,0.0006202959875646079,0.0005765890954513361,0.0004922423901149676,0.00048418605517377007,0.0004932543655140878,0.00048412582674024047,0.0004948320031218091,0.000481260939331228,0.0004750054214886398,0.0004965148648899049,0.000502404722247788,0.0004899760099491803,0.00047186189143043594,0.0004927855070221602,0.0005058892463597283,0.0005985139525927798,0.0006019466796926483,0.000551404358143726,0.0006080530119704711,0.00060689939677453,0.0006090258383406006,0.0006089421944124806,0.0006060394052087415,0.0003819922490590846,0.000381255974781237,0.00037629359126720884,0.0005576402717332586,0.0004328719821826266,0.00048299333361389966,0.0005173587895380744,0.0005043208780265531,0.0004842827352745744,0.0004896401341668804,0.0006168731004921694,0.0005465982635339601
stanford_dogs_image_categorization,0.0004989904810453326,0.0005310296213995295,0.0005102237438094782,0.0005637655240238995,0.0004961838004069924,0.00045745081073240724,0.0005801990934798716,0.0005828126587885774,0.0,0.0005574145714784704,0.0002709684335134184,0.00027378567808651654,0.0003689229093067981,0.0003640577465590242,0.0006080092867554517,0.0006286420738483184,0.00047849305437895205,0.0004949539133407216,0.000546852375535976,0.0005619926983269682,0.0005339388180039792,0.000536110348071047,0.0005357217576734902,0.0005341145111817866,0.0005344829872064793,0.0005352331693133766,0.0005353693374424043,0.0004648017605929887,0.0005910566086018737,0.0005241027072060815,0.0005865615084774593,0.0005277684360281921,0.0006485267369005156,0.0006297462103437623,0.0006246002576228746,0.0006297661456977612,0.0006285389906623582,0.0006296545029529284,0.0006258120975564228,0.000624592986153075,0.0006317198280897421,0.0006344883677310195,0.0006257815413139751,0.0006241898482073267,0.0006196315856920139,0.0006340176706596853,0.0006948342259458836,0.000505734339850262,0.0007052132136299639,0.0005150730864996742,0.0006829621133083341,0.0007425402255504246,0.0006049663247730394,0.0006841480618620756,0.0006848169268202861,0.000685138189630411,0.0006857701807773906,0.000593827193849016,0.0005794523280421006,0.0005795003770927765,0.0005800335686421655,0.0008233609604756998,0.0006326056792269219,0.0005827750566688223,0.0005696814023850023,0.0006570729431918865,0.0005642273165319912,0.0005724766097834555,0.0005814473383440497,0.0005517506160044984,0.0006675618464750072,0.0004958981500679134,0.0005281316935653442,0.000515022544938522,0.0005680379600224401,0.0005803354585707902,0.0005813639119032659,0.0005553417501265041,0.00037233153516252974,0.0006056469800801807,0.000477064515309333,0.0004914675914126503,0.0005483269745961957,0.0005619812455050399,0.000535110984689684,0.000534803427889746,0.0005394329788963547,0.0005394779954495898,0.0005389292905916439,0.0005335964344804786,0.0005321631092557441,0.0005984278377871887,0.000588148539524363,0.0006458512429097417,0.0006330910164186008,0.0006263382081564547,0.0006293353428262925,0.0006326275271253234,0.0006257641510280682,0.0006265066619629335,0.000620350477170351,0.0006303288821839067,0.0006356419751744282,0.0006273834991134229,0.0006251305582343039,0.0006214046585400748,0.0006369600525949522,0.0006981167328303035,0.0007047716113396092,0.0005131926125024296,0.0006840319103019661,0.0006842622225562232,0.0006852922970099592,0.000684239993077627,0.0006843059836210256,0.0005925354595679277,0.000581066310202304,0.000578446819536218,0.000632843047676006,0.0005787389800011517,0.0005706172289523075,0.0006538884794309279,0.000563764446385201,0.0005724247027551625,0.0005781173686824604,0.0005522873120705396,0.0006661469547163731
svhn,0.0006373531445063663,0.000648505139829176,0.0006335950300131888,0.0006818745999293914,0.0006136145075342927,0.00047133104459017364,0.00044700982695171734,0.0006331092246100884,0.0005574145714784704,0.0,0.00046663982813251035,0.00045935331417725324,0.0003454144062889956,0.00030552481717300623,0.00046146044230229523,0.0004555828318705428,0.0005844086476547754,0.0005855853682116237,0.0006098759461158255,0.0006319486688077345,0.0006225010751419197,0.0006246725783862429,0.0006237284449898324,0.0006227827160606042,0.0006234488758578175,0.000623556707089621,0.0006248137214355043,0.0005845451838861705,0.0006346435673086103,0.0006246033408063253,0.0006380377028015565,0.0006989095094145715,0.0007435144329945991,0.0006874463816211599,0.0006776623263840154,0.0006817950359281411,0.0006852519708594494,0.0006800365318604322,0.0006818844533635008,0.0006814474342829246,0.0006826435294817401,0.0006880399524997706,0.0006778945222384268,0.0006798498425154364,0.0006730911461908303,0.0006840738917590793,0.0007519812550620321,0.0006245198635835052,0.0007614339126173059,0.0005956751219727112,0.0007877306852332337,0.0008259599924785106,0.0007016662791538456,0.0007886129332023235,0.0007889885895251471,0.0007899499614666627,0.0007897530025502669,0.0006632589875745058,0.0006513355884598616,0.0006520065165524461,0.00065291169394054,0.0009116032486079766,0.0006578962638392398,0.0006343208970013928,0.0006351556107353077,0.0006832442913295101,0.0006305048430503261,0.0005951122686423131,0.0006247763441750832,0.0007064224208537453,0.0007765491515187813,0.000636605647712777,0.0006485465890823518,0.0006368772017432077,0.0006836522090858757,0.0004479428804608048,0.0006315875532641759,,0.00034205068671378674,0.00045986600674030077,0.0005837215130065294,0.0005821013665840325,0.0006115220892760031,0.0006329896910079172,0.0006215999672170529,0.0006225085815497853,0.0006270235256474445,0.0006289631714820848,0.0006277803238302609,0.0006232597808439127,0.000620701308338483,0.0006416732583426582,0.0006401916440808642,0.0007413952018694146,0.0006907062512093106,0.0006799533871123302,0.0006797278400766393,0.0006900910841407868,0.0006750802003613855,0.000681295325468045,0.0006773117555869362,0.000681949360904795,0.0006898110925873627,0.0006803469495640176,0.0006827773367452804,0.0006761758513239746,0.0006867444530388159,0.0007546317012166447,0.000760867461058715,0.0005948890500221761,0.0007890840982155631,0.0007885242837578645,0.0007891229024708626,0.0007886344005013998,0.0007882892329512097,0.0006616918100663497,0.0006513875964499956,0.0006514488403767929,0.0006589936165431844,0.0006322098097389336,0.0006364824104599257,0.0006817333385320966,0.0006301996491883836,0.0005946593964346097,0.0006227983051421482,0.0007074152017659491,0.000774777956341283
caltech101_object_classification,0.0004017475749261806,0.0004164922046751284,0.0003971894986783884,0.00045576200714522643,0.00041159939187114075,0.0003840563593738872,0.000512306571871336,0.0004573665654969355,0.0002709684335134184,0.00046663982813251035,0.0,7.478672575095537e-05,0.000276183453191531,0.0002398737918160721,0.0004970816909620505,0.0005163143505500744,0.00037227462949940667,0.0003738776187736265,0.0004269515140100282,0.00044008137028393117,0.00041105897096111685,0.00041317430634436127,0.0004122973273351071,0.0004109642101533415,0.0004115777256615731,0.00041229055013730306,0.00041254973429724503,0.000377989474927823,0.0004498903665199403,0.0004519684796444997,0.000489375181254169,0.00048805411232258637,0.0005469143401920799,0.0005196978627865959,0.0005165793728212747,0.000524551257205369,0.000518745611302022,0.0005244988342372157,0.0005156668860890321,0.0005155705664854421,0.0005272117615189375,0.0005273865704832489,0.0005174899481250549,0.0005137696997221927,0.0005133755021345858,0.0005289330746591055,0.00059146888712053,0.000431016166833976,0.0006002073671572583,0.000434737097942847,0.0005861055258545816,0.0006442071533991939,0.00048193105780802226,0.0005877936797304983,0.0005877733919384259,0.0005883345866211183,0.0005891442548971243,0.00046058695736674336,0.0004479134078144699,0.00044870891429796305,0.0005094983484331122,0.0007289336694500078,0.0005091563721549316,0.0004599230835668183,0.000452128597382152,0.0005313305505173366,0.0004413580004752806,0.0004394075495098485,0.00045660196993113693,0.0004804216276778799,0.0005631944699865106,0.00039992528895724466,0.0004196207684927136,0.00040251149470248073,0.0004589853808813789,0.0005119396248662768,0.0004560847759610356,0.00046339522294543925,0.00027789673678451504,0.0004947951742183331,0.00037149928116419784,0.00037147860629790366,0.00042799822523819535,0.00044031653190690654,0.0004111966503547354,0.00041180609366264987,0.00041717548101617133,0.0004172791337083341,0.0004154431094964455,0.0004108654153244359,0.0004094566884765594,0.0004569458985379931,0.0004915606721766017,0.0005448748751200909,0.0005237882496253781,0.0005190792823282062,0.0005231736374009039,0.0005235136504429745,0.000521151066838562,0.0005165578585528005,0.0005111869208718643,0.0005254302003190695,0.0005291651487766913,0.0005195441590453501,0.0005152269245562273,0.0005153863669343729,0.0005322194795215316,0.0005940939166999069,0.0006004100516120577,0.0004325271279546962,0.0005873940251207177,0.0005873019995588306,0.0005885858555331765,0.0005876713943332168,0.0005877994565185287,0.0004591410595467576,0.0004493301738100257,0.00044768122228149124,0.0005100504570366176,0.0004550306545536082,0.00045278518422986914,0.000528146131515211,0.00044120566794032747,0.00044000904734409847,0.0004526793306341533,0.00048114777148683657,0.0005620497031219518
caltech256_object_classification,0.00039787782672473396,0.00040776751332320703,0.0003883051324216042,0.0004485623402617801,0.00040709639863404864,0.00038156499507103906,0.0005255478213280409,0.0004426791247157837,0.00027378567808651654,0.00045935331417725324,7.478672575095537e-05,0.0,0.0002677334281384814,0.00023088115367732385,0.0004959169920547171,0.0005162944256091054,0.00035727614581455126,0.0003603489804343009,0.0004154933387867095,0.00042403958193414174,0.00039349928020201107,0.0003954553124893887,0.00039460633702383997,0.00039341241657266644,0.0003940868022450335,0.0003948018900737905,0.00039504317639198054,0.0003746151113811071,0.0004347699794315858,0.00044819084858659737,0.00048769318513661815,0.000489872945072437,0.0005349628571339729,0.0005028288718776419,0.0005006076016785608,0.0005098607893732501,0.0005018440418706634,0.000509981380060143,0.0004988032717699782,0.0004985181270988253,0.0005129155646334236,0.0005123085074252991,0.0005022351504291297,0.0004966777943835509,0.0004981037188851725,0.0005150299608186173,0.0005752936860588241,0.0004286896810822118,0.0005836071168298358,0.000435609262188226,0.0005684996207439058,0.0006264363525982245,0.00046276068189721593,0.0005701544888947298,0.0005702289273460576,0.0005706002441377599,0.0005715204535916161,0.0004466385759547544,0.0004344766586564001,0.00043553580856362444,0.0005029158783528384,0.0007106032107375721,0.00048481433978224777,0.00043283258675025295,0.00042564414986834487,0.0005109416513665273,0.0004135247841575479,0.00041305312921049585,0.00042959650957137964,0.000476172429676602,0.0005452053473430644,0.0003965901626360434,0.0004047501089150743,0.00039362629230406187,0.0004516301085023181,0.0005253355954369984,0.00044161338063652706,0.0004559090173186063,0.00026903506971858956,0.0004938964867468828,0.0003567863283652472,0.0003580051342237365,0.00041638921357633053,0.0004247140550391996,0.0003936794325965576,0.0003943210927855854,0.0003990956232622466,0.0003999751339706849,0.00039811245371581584,0.00039357378164223464,0.00039137395575996605,0.00044208163949683503,0.0004898787814762572,0.0005325957379952054,0.0005076076586580786,0.0005033344990966462,0.0005082638405506346,0.0005064764736897051,0.0005067624656702333,0.0004997490328582895,0.000494240750532809,0.0005109184529038393,0.0005143346291983939,0.0005046472810201711,0.0004977909322629469,0.0005001375900006398,0.0005180934330554937,0.0005779843928818853,0.0005838037962613944,0.00043335779672022386,0.0005699562051158692,0.0005699493967947591,0.0005707292206373515,0.0005700524584110994,0.0005701965406999498,0.0004448068180925493,0.00043579314607237053,0.00043452090193845305,0.00048587611632118803,0.00042777072909500264,0.0004259219297875522,0.0005080037986921985,0.00041322887714756825,0.00041385461796536303,0.00042578704408820076,0.000476955248850519,0.0005440675448451877
