,lapgyn4_anatomical_structures,lapgyn4_surgical_actions,lapgyn4_instrument_count,lapgyn4_anatomical_actions,sklin2_skin_lesions,identify_nbi_infframes,laryngeal_tissues,nerthus_bowel_cleansing_quality,stanford_dogs_image_categorization,svhn,caltech101_object_classification,caltech256_object_classification,cifar10_object_classification,cifar100_object_classification,mnist_digit_classification,emnist_digit_classification,hyperkvasir_anatomical-landmarks,hyperkvasir_pathological-findings,hyperkvasir_quality-of-mucosal-views,hyperkvasir_therapeutic-interventions,cholec80_grasper_presence,cholec80_bipolar_presence,cholec80_hook_presence,cholec80_scissors_presence,cholec80_clipper_presence,cholec80_irrigator_presence,cholec80_specimenbag_presence,derm7pt_skin_lesions,idle_action_recognition,barretts_esophagus_diagnosis,brain_tumor_classification,mednode_melanoma_classification,brain_tumor_type_classification,chexpert_enlarged_cardiomediastinum,chexpert_cardiomegaly,chexpert_lung_opacity,chexpert_lung_lesion,chexpert_edema,chexpert_consolidation,chexpert_pneumonia,chexpert_atelectasis,chexpert_pneumothorax,chexpert_pleural_effusion,chexpert_pleural_other,chexpert_fracture,chexpert_support_devices,pneumonia_classification,ph2-melanocytic-lesions-classification,covid_xray_classification,isic20_melanoma_classification,deep_drid_dr_level,shenzen_chest_xray_tuberculosis,crawled_covid_ct_classification,deep_drid_quality,deep_drid_clarity,deep_drid_field,deep_drid_artifact,kvasir_capsule_anatomy,kvasir_capsule_content,kvasir_capsule_pathologies,breast_cancer_classification_v2,eye_condition_classification,mura_xr_wrist,mura_xr_shoulder,mura_xr_humerus,mura_xr_hand,mura_xr_forearm,mura_xr_finger,mura_xr_elbow,bean_plant_disease_classification,aptos19_blindness_detection,lapgyn4_anatomical_structures --shrink_train 800,lapgyn4_surgical_actions --shrink_train 800,lapgyn4_instrument_count --shrink_train 800,lapgyn4_anatomical_actions --shrink_train 800,laryngeal_tissues --shrink_train 800,nerthus_bowel_cleansing_quality --shrink_train 800,svhn --shrink_train 800,cifar10_object_classification --shrink_train 800,mnist_digit_classification --shrink_train 800,hyperkvasir_anatomical-landmarks --shrink_train 800,hyperkvasir_pathological-findings --shrink_train 800,hyperkvasir_quality-of-mucosal-views --shrink_train 800,hyperkvasir_therapeutic-interventions --shrink_train 800,cholec80_grasper_presence --shrink_train 800,cholec80_bipolar_presence --shrink_train 800,cholec80_hook_presence --shrink_train 800,cholec80_scissors_presence --shrink_train 800,cholec80_clipper_presence --shrink_train 800,cholec80_irrigator_presence --shrink_train 800,cholec80_specimenbag_presence --shrink_train 800,idle_action_recognition --shrink_train 800,brain_tumor_classification --shrink_train 800,brain_tumor_type_classification --shrink_train 800,chexpert_enlarged_cardiomediastinum --shrink_train 800,chexpert_cardiomegaly --shrink_train 800,chexpert_lung_opacity --shrink_train 800,chexpert_lung_lesion --shrink_train 800,chexpert_edema --shrink_train 800,chexpert_consolidation --shrink_train 800,chexpert_pneumonia --shrink_train 800,chexpert_atelectasis --shrink_train 800,chexpert_pneumothorax --shrink_train 800,chexpert_pleural_effusion --shrink_train 800,chexpert_pleural_other --shrink_train 800,chexpert_fracture --shrink_train 800,chexpert_support_devices --shrink_train 800,pneumonia_classification --shrink_train 800,covid_xray_classification --shrink_train 800,isic20_melanoma_classification --shrink_train 800,deep_drid_dr_level --shrink_train 800,deep_drid_quality --shrink_train 800,deep_drid_clarity --shrink_train 800,deep_drid_field --shrink_train 800,deep_drid_artifact --shrink_train 800,kvasir_capsule_anatomy --shrink_train 800,kvasir_capsule_content --shrink_train 800,kvasir_capsule_pathologies --shrink_train 800,mura_xr_wrist --shrink_train 800,mura_xr_shoulder --shrink_train 800,mura_xr_humerus --shrink_train 800,mura_xr_hand --shrink_train 800,mura_xr_forearm --shrink_train 800,mura_xr_finger --shrink_train 800,mura_xr_elbow --shrink_train 800,bean_plant_disease_classification --shrink_train 800,aptos19_blindness_detection --shrink_train 800
lapgyn4_anatomical_structures,0.0,0.00016405329683213932,0.00017003187666692998,0.00023568054252123998,0.0003723775173045771,0.00039683645286212385,0.0005818176039859312,0.00034927501445331346,0.00040601226791558363,0.0005655179350336552,0.0003455307089824838,0.00034196874347229133,0.0004310326083163506,0.000403729473127562,0.0006047309352705891,0.0006073538603737585,0.00024948824294408116,0.00024668205329730436,0.0003126328490008996,0.00030497130255375355,0.00022467372578929994,0.00022615232319281564,0.00022586263249695367,0.0002246843858049717,0.00022438020655716963,0.00022483051171843637,0.0002246287693356361,0.00037747430305282484,0.00038083750408569487,0.000395936816959607,0.0005021217283568847,0.00044050755054727663,0.0005088891146856917,0.00039682071942068,0.00040019070276148803,0.0004083411815168732,0.0003959382529434314,0.0004100189232729562,0.0003946632219164682,0.00039504710760697356,0.0004112629441735585,0.0004072773981525431,0.0004026272404696554,0.0003931272065012957,0.00039509002638762414,0.00041441325819400045,0.0004350961619925726,0.0004046659781032163,0.0004380003574739217,0.00043631405977507653,0.0005468077342524367,0.0004773342248692783,0.0004440659007962354,0.0005474278585304277,0.0005476912869527088,0.0005486023174723229,0.0005484903984319372,0.0004365564675487864,0.00042939097602100423,0.0004277596403211331,0.0004937798915139455,0.0006465051816721634,0.0004724030971254029,0.0003960553459338035,0.00043096666303617086,0.00045034140814696104,0.00043456890500449255,0.00042798031857039126,0.00044846670401396796,0.0004379534448121583,0.0005046283326626965,1.4167171222352501e-05,0.00017831410270600036,0.0001699962349801812,0.0002378134910073348,0.0005831316484165279,0.00034983536247089103,0.0005639028684531277,0.00043347875876940034,0.0006029160069682302,0.00024783590303476645,0.0002450802059158389,0.00031452273994785984,0.0003033413255954353,0.00022640565813979066,0.0002247135785516244,0.00022709409829731745,0.00022937588013984163,0.00022759705181362783,0.00022103636580387266,0.00022808683481827024,0.0003847036871640668,0.0005027330578052194,0.0005068572398433595,0.0003991323640393868,0.0004019356985957626,0.0004074814462838488,0.0003980530476365321,0.0004078169993361999,0.00039558537243765895,0.0003918779056877532,0.0004087092147500536,0.0004093768702484909,0.000403117534400923,0.0003936858369896698,0.00039629895997488193,0.0004151617111976723,0.00043667404177349933,0.0004374791566569954,0.0004325753854782777,0.0005476113592773901,0.000546975508880733,0.0005491185062885292,0.0005481781187536621,0.0005474962776214578,0.0004350983123720639,0.0004313214666531889,0.0004269120636167421,0.00047253389508181446,0.0003952964731598141,0.00043162212689643563,0.0004485642152003127,0.0004340592999656265,0.00042921883140759347,0.00044665281365094194,0.0004384985694092131,0.0005033197806025526
lapgyn4_surgical_actions,0.00016405329683213932,0.0,9.150180481900844e-05,0.00012391093094901227,0.00043610712355466696,0.0004634634417467515,0.0006550352877417436,0.0003628169350022945,0.0004521756663771145,0.0006054421762515998,0.00036761373864605955,0.00035472598168798726,0.00044030774964351656,0.0004228436807163971,0.0006331517208928695,0.000645000797642145,0.00029046868358415835,0.00029494215566034943,0.00032787194538334505,0.00030379278876727274,0.00018851152618499115,0.00019010598816939528,0.0001878964101434959,0.00018819977441961595,0.00018723921724793835,0.00018875009543721852,0.00018739812266192177,0.00043286580992936657,0.00035836114537071223,0.00044083603493944446,0.0005607754027725921,0.0005274775362135388,0.0005412800134738111,0.00039998831649400683,0.0004007136458604833,0.00040723366021027876,0.0003979904792297098,0.0004090721200282482,0.00039689723572688073,0.000396844438109414,0.0004116574368870251,0.0004067599704115232,0.0004026184439366908,0.00039470643784849367,0.0003985459806872244,0.0004130797694999002,0.00045435795317543763,0.00046039318940943445,0.0004530450112277128,0.0005189001977860385,0.0006031526374444082,0.00046463948073651904,0.0004449329723820417,0.0006038444034981892,0.0006036287064753675,0.0006043881245587869,0.0006045160318107036,0.00044239772148447153,0.0004439398401390776,0.0004438544595337325,0.0005348140742365028,0.0006964122915367812,0.00044832589201440273,0.00038673935156326313,0.00043339169526887176,0.0004271577461889526,0.00041624764288715986,0.0004125654404921122,0.0004309212893326632,0.00046593772206150426,0.0005481796258207474,0.00016670552215288472,5.7457757964443646e-05,8.824631113781481e-05,0.00012366789319997245,0.0006563110072014741,0.0003632615843518357,0.0006021862773036451,0.00044295953105215335,0.0006314832504101729,0.0002901677117721139,0.00029329148115223356,0.0003289675038969423,0.00030325755952505696,0.00019133377208140496,0.00018868707299910426,0.00018876592052691194,0.00019178197255562317,0.00018499880766597972,0.00018624238720260032,0.00019370413273966225,0.0003590923523220292,0.0005608762565603091,0.000539629003400982,0.00040103278977997477,0.0004008710759071277,0.00040605159454020824,0.0003985562763334534,0.0004083066065550764,0.00039799686936019583,0.00039506673754868143,0.0004090966959036016,0.00040771392261951294,0.0004041670569693519,0.00039520250194508976,0.00039815619603435725,0.00041319229440759384,0.0004542207282724998,0.000453609980627522,0.0005148205586235349,0.000603803804211609,0.0006028652368274988,0.000605251053021345,0.0006043041309987366,0.0006039536862448536,0.0004410336612491754,0.0004454399215755864,0.00044314350015611304,0.00044870360801667743,0.0003846570993662116,0.000432219254850098,0.00042593262978547953,0.00041671113837305683,0.0004152409754940299,0.0004303984698435974,0.00046611508651668316,0.0005463463455065704
lapgyn4_instrument_count,0.00017003187666692998,9.150180481900844e-05,0.0,0.00010502182289768612,0.0004161081803571128,0.000439022869241057,0.0006279317832031468,0.0003690538792530232,0.00042782554475395555,0.0005807032362004171,0.00035132034650370015,0.00033946611568383,0.0004303728651834614,0.00041088619868612816,0.0006121261758553125,0.0006206893369451054,0.0002824749249331044,0.00028697037183041444,0.0003364847524824699,0.0003298191453201883,0.00016884954487047903,0.00017119316017033678,0.00016868182995733306,0.00016875841637036757,0.00016815113962967524,0.000169441222378348,0.00016797866628223544,0.00041569874166991054,0.00038201780113578023,0.00044765630347541943,0.0005389160546919008,0.0004953969776144535,0.0005282611281675166,0.00041306443279483576,0.00041629674279377335,0.0004237281397337098,0.00041125548297776696,0.00042578242688747446,0.0004105733853915014,0.0004105135804772333,0.0004280010442434333,0.0004224667016127487,0.0004174758689860301,0.00040733765082140926,0.0004127416500566214,0.00042950238184383423,0.00045574540525103154,0.0004459701091442732,0.00045638075436722867,0.0004991303021204014,0.0005767728720612333,0.0004794458471760807,0.0004542496491602379,0.0005773211346645388,0.0005769699890510053,0.0005778549387613855,0.0005779738901370293,0.0004324758536130649,0.00044059290369791914,0.00044066835107909664,0.0005292230694147082,0.0006715381437480358,0.0004403750753154568,0.0003897618036798774,0.0004139266926184666,0.0004328818004842883,0.0004037018928931157,0.0004060328129235039,0.0004175062307279312,0.0004619888428704629,0.000528424214692293,0.00017245258944269747,9.308134364190615e-05,1.4364378477466759e-05,0.0001089745613936965,0.0006290834732428826,0.00036938864827812157,0.0005779126065184513,0.00043280870951038276,0.0006101535376131916,0.00028203846358950167,0.0002845033270560044,0.00033831373481483704,0.0003289197092913621,0.00017212410026278278,0.00016920991399506846,0.00017125834700992406,0.00017230259318116244,0.00016656614560789796,0.00016530865512341252,0.00017251311617448803,0.00038429397657292915,0.0005393308961656116,0.0005261892670733936,0.0004152102272731602,0.00041664605826594834,0.0004223975677204211,0.0004127975782383961,0.0004244265174542329,0.0004114355296013776,0.00040815024025592597,0.00042493126448716326,0.00042419990994162324,0.000419016465652078,0.00040749706907570733,0.00041307245577496714,0.00042989160170564414,0.0004565376744776725,0.00045675147458196854,0.0004954390086530347,0.0005774193735666361,0.0005763985963770039,0.0005786136487828806,0.000577958645690981,0.0005774278591749083,0.0004317161511794029,0.00044146518033519994,0.00043975764827489274,0.0004407986525243282,0.000387850819527849,0.00041303395914038424,0.00043137377834666054,0.00040398971932478035,0.00040810064363033154,0.00041672451559940555,0.0004622683839657201,0.0005267964683368214
lapgyn4_anatomical_actions,0.00023568054252123998,0.00012391093094901227,0.00010502182289768612,0.0,0.0004744351482625765,0.0004833033785928274,0.0006666690550835648,0.0004217228988058484,0.0004675655157862737,0.0006163392686616146,0.0003974371749968547,0.00038667636002049033,0.0004757788230400361,0.0004599841979253193,0.0006414029320469851,0.0006530535796104763,0.00035296586921868423,0.00035828281733088794,0.0003890072408749994,0.00038017939363878115,0.00024097517462541622,0.00024246576644682512,0.00023996936949419173,0.0002403979247769641,0.0002398754279715709,0.0002411273389357768,0.00023987300274351314,0.0004672369152166557,0.00040373370339751144,0.0004945713635876602,0.00059213793707825,0.0005490932596502944,0.0005672295835856733,0.0004504787290351338,0.0004525183161193468,0.0004569993027040629,0.0004505458041748565,0.0004588497825364149,0.0004482356650538671,0.00045017136877574954,0.000461518733703874,0.00045579616301612595,0.00045263359655734554,0.0004471340989400035,0.0004486929954835668,0.00046036546076996674,0.0004941538913762903,0.0004900355467793946,0.0004947877337062374,0.0005517954753609387,0.0006276036258119674,0.0004985833914797489,0.0004964422903168317,0.000628325803914176,0.000627984140854924,0.0006285460686499631,0.0006289337614179292,0.00048133199208518656,0.0004922793061829182,0.0004934336646842542,0.0005694440557679145,0.0007145233426242889,0.0004704597552213377,0.00043380471549021464,0.0004596560863506598,0.0004532632577776615,0.00043593733265616066,0.0004369996503954998,0.0004531134329946098,0.0004931862834977228,0.0005794723323611547,0.00023767147773159404,0.0001241748882838212,0.0001037423038743697,1.770001586557084e-05,0.0006678755645790969,0.00042185373788552024,0.0006141403599180472,0.00047828529989923035,0.0006389762437369665,0.00035303181881901277,0.00035690953296571505,0.00039057176376776153,0.000379708922812906,0.00024400023777380024,0.0002415621458227485,0.00024204598438014763,0.00024354326612172642,0.00023609898666653565,0.00023857651267726666,0.0002442054489051387,0.0004047111074390595,0.0005922916747168783,0.0005659787125621274,0.0004516404941264232,0.00045198270190011753,0.00045577414299424724,0.00045100679263809914,0.000458183387984683,0.0004492357132224521,0.000447850264301171,0.0004587775082648171,0.00045631157512516704,0.0004537458776502865,0.0004482110100110123,0.0004483158263031327,0.0004607910558652999,0.0004946917036436494,0.0004950344805406663,0.0005485080691403467,0.0006280300333436972,0.0006274688219994174,0.0006296201742370456,0.000628382181039541,0.0006283633054984004,0.0004803762921604339,0.0004934362032591896,0.0004922435842905688,0.000471178052554392,0.00043174469966815254,0.0004585371910331895,0.0004520218237137496,0.00043636033787513694,0.00043942067894095016,0.00045293912130262015,0.0004935749258686139,0.0005781517803649734
sklin2_skin_lesions,0.0003723775173045771,0.00043610712355466696,0.0004161081803571128,0.0004744351482625765,0.0,0.00036508693148447086,0.00047911991483066973,0.00042170016039462364,0.00038446667877423655,0.000497625281688874,0.00035748290235776046,0.00036039096620878793,0.0004294035950458749,0.0003933797510408809,0.0005459177001130027,0.0005392022862401061,0.0003071460979720544,0.00032083696500766353,0.0004171409095627401,0.0004384592059139432,0.0004083597443336851,0.00041002138345913765,0.0004108303392780281,0.00040882872123275003,0.00040938413401672637,0.00040917212437016,0.00040922662660091346,0.00020410408046866858,0.00045552400706602616,0.0003469760461827814,0.00044434255849007474,0.0002856208224738059,0.00047663458292185356,0.0004534531348473781,0.0004584326077824236,0.00046557624477918584,0.0004510815091768956,0.0004669717174491244,0.0004514512139685031,0.0004501030840606122,0.0004686552114745825,0.0004677099383026771,0.00045906825274203236,0.00044266360468057285,0.0004568652657184004,0.00047037338679933465,0.0004952424006758591,0.00019531545051653033,0.0005028764688425941,0.0002588840694281114,0.00041498950633329234,0.0005449983202727536,0.00046536242690609336,0.0004158242553113674,0.000416349633630986,0.00041691883132063544,0.0004170650172132482,0.00036189722530542224,0.0003470367851307955,0.00034780184517073403,0.0004154638543753037,0.0005304851591489349,0.0005145863529007897,0.0004541896836433198,0.00046478987192100085,0.0005183465546898169,0.0004810851367285138,0.0004895088040411423,0.00048105377572119773,0.00041038639430443605,0.0003855946450468183,0.00037036886157914715,0.00043555507235260656,0.0004206554725962624,0.0004780192264371314,0.0004804118340242232,0.0004201964161172604,0.0004960653331996158,0.0004283876897606746,0.0005450984435592312,0.0003072751809557937,0.000317301250092686,0.00041768792379006856,0.0004390981773036511,0.00040756572032622757,0.00040863233010763207,0.00041300234426322403,0.0004124856620657098,0.0004140153734006899,0.000406564393997518,0.0004064577466588894,0.00046211647309629276,0.0004442912484450503,0.00047438217087976853,0.00045802966758995667,0.00046132496761617104,0.00046523450727825014,0.0004545166201748222,0.0004623592240556169,0.000451641508272173,0.00044557141551757257,0.0004665520455360443,0.00046924291097924373,0.000459947101742707,0.00044296385232495014,0.0004606094159018661,0.00047218369717107823,0.0004983266415346866,0.0005019637870563674,0.0002568350805513005,0.0004160151384904876,0.00041517853137171555,0.0004175105371298516,0.0004162646486668956,0.000416009871040781,0.0003603030766187558,0.0003463277008494926,0.0003483014755017908,0.0005145369746726845,0.00045270979693924493,0.0004664112734627627,0.0005162257764286586,0.00048006217573571354,0.0004883012767304053,0.0004770905144909144,0.0004103573472943378,0.00038461909927022176
identify_nbi_infframes,0.00039683645286212385,0.0004634634417467515,0.000439022869241057,0.0004833033785928274,0.00036508693148447086,0.0,0.0003281130260988315,0.0004944610255720788,0.0003544881230463575,0.00036863833144429683,0.0003501735551711659,0.0003577458956624339,0.0004180580148412497,0.00037374897055004417,0.0004537227926049615,0.00044606268815142994,0.00037204242848913594,0.00038796641030780456,0.00046864076157939984,0.0004965239346108335,0.00045602270407930093,0.00045822892264951433,0.00045789969060535405,0.00045559196720836845,0.00045744322199249034,0.00045722066910508995,0.00045828137054648884,0.00032919795310467655,0.0004513270201967753,0.0003398229772178882,0.0003675113507683939,0.00035125764578008685,0.0004690858920193875,0.000490216738631713,0.00048224471002660755,0.00048114654426962585,0.0004917182580999047,0.00047757385445053714,0.0004884572463925128,0.0004894861207000703,0.0004789784195578937,0.0004892384442232737,0.0004809558059183602,0.0004890320190145639,0.0004762786342823593,0.0004775143479720502,0.0004719704702271445,0.0003264841722881607,0.000486214659579228,0.00030256905502653626,0.0004741961444708269,0.0005786595106686987,0.0005035521083001119,0.0004742242635206403,0.00047522976418889465,0.00047575440335256966,0.0004760256615433075,0.0004862566807949439,0.0004850022633133676,0.0004843412221829601,0.0003261667074933008,0.0005664494431302362,0.0005115570278422728,0.00048039425274489737,0.00044594008379004367,0.0005491412877942103,0.0004700340820467702,0.00048521038452051647,0.0004795233268686885,0.0004229204348355257,0.0004736666436170151,0.00039440277465777095,0.0004527080043865058,0.00044300740677817395,0.0004885205053918715,0.0003285493606311762,0.0004927807813823327,0.000370269039898442,0.00041663894998282157,0.00045118866997409757,0.00036911861551097605,0.00038341632209165123,0.00047130753408483334,0.0004956881971071069,0.0004557502165205825,0.00045382631316120845,0.0004609358769082515,0.0004611202149437609,0.00046110070001274285,0.00045443610612612895,0.000452517461703283,0.0004583580435603544,0.0003690824054349166,0.00046750765923078534,0.0004917821013717023,0.0004852536467255529,0.0004810087676259398,0.0004988202929185917,0.00047084744805548896,0.0004867231341403966,0.00048387721206107103,0.0004780373642178636,0.0004887818405138575,0.00047973187970852196,0.000492999250812536,0.00048121861133154387,0.00048108389077860213,0.00047637409912302056,0.00048479082591426886,0.00029987751165912885,0.0004746397321290643,0.000474714930261888,0.00047542677474483424,0.0004752574217341423,0.0004750494757482214,0.00048750962949037813,0.00048617306401115424,0.00048192678770503714,0.000510899596497595,0.0004799541468062238,0.00044824964238947734,0.0005463465166481561,0.0004696169479559085,0.0004825378898488724,0.0004759932388813987,0.0004236677590719127,0.0004738471964229086
laryngeal_tissues,0.0005818176039859312,0.0006550352877417436,0.0006279317832031468,0.0006666690550835648,0.00047911991483066973,0.0003281130260988315,0.0,0.0006669582591979504,0.00044047718801654124,0.0003277880119943329,0.00045885886790346267,0.0004807154510596194,0.000475533518485786,0.0004392963330563695,0.00044020018711658803,0.00042397140336968356,0.0005707555104588016,0.0005807900590520066,0.0006480572718435277,0.0007007495165429909,0.0006633330375434957,0.0006655284625716831,0.0006651777781104102,0.0006630770374001778,0.0006642153409446661,0.0006643002756182241,0.0006652442719290328,0.0004377093379899834,0.0006297537281481714,0.0005126354153538362,0.00045504603352951984,0.00041641974528316245,0.0005794591772108618,0.0006758539322564011,0.0006722347038584826,0.000667476796942577,0.0006786755985078107,0.0006645062352295325,0.0006759443159209609,0.0006781549178590048,0.0006648850624554899,0.0006742200425807459,0.0006674692712874105,0.0006764674172019302,0.000661665100391501,0.0006616618012298746,0.0006428755618405238,0.00044756956574875154,0.0006593392679019822,0.00035514486919631497,0.0005489779473774024,0.0007474225511216617,0.0006859830663807658,0.0005491817600170546,0.0005500805948146757,0.0005498239420055799,0.0005509653947769775,0.0006206734490233111,0.0006187830245951451,0.0006194556971867379,0.0004381528538819487,0.0006094427086467161,0.0006463171789263759,0.000654107084684424,0.0006055012315128541,0.0006982183009140745,0.0006312278925765088,0.0006432244740580434,0.0006347251508134987,0.0005460743885831139,0.0005841641119802621,0.000579138413828022,0.0006562927573338152,0.0006317884217466491,0.0006717748645621171,6.388955580289116e-06,0.0006653356993537692,0.00033285394829581647,0.0004730353361542474,0.0004378620252638247,0.0005680571398034649,0.0005783612668802399,0.0006500221768343281,0.0006999037434951512,0.0006629909723827486,0.0006616804195480755,0.0006682085687994199,0.0006685380737593208,0.0006678380741993094,0.0006611688042606722,0.0006603449834577588,0.000638347265673312,0.00045681333048957134,0.000578857168743172,0.0006771993348685454,0.0006754576790828038,0.0006668939368407985,0.0006850479323678304,0.0006583852273819753,0.0006739507677406298,0.0006729022702390107,0.0006655463162550325,0.0006733678607995789,0.0006656113754545956,0.000680896129428012,0.0006660030222837481,0.0006663191640841207,0.0006479906192021633,0.0006571973291967008,0.00035654299157147977,0.0005492373173372546,0.0005500747483138248,0.0005493688025675944,0.0005492788197305099,0.0005502093512018565,0.0006222337042095512,0.0006189060113735084,0.000618004162523245,0.0006454208132751575,0.0006536133863123767,0.0006077367481804618,0.0006960976420325308,0.000631066657781437,0.0006407020706864533,0.0006319711941086168,0.0005475100043259818,0.0005856809056464439
nerthus_bowel_cleansing_quality,0.00034927501445331346,0.0003628169350022945,0.0003690538792530232,0.0004217228988058484,0.00042170016039462364,0.0004944610255720788,0.0006669582591979504,0.0,0.0004923320482878717,0.0005854419653089095,0.00039707921110721526,0.0003814953923336067,0.00044488785719453593,0.00042361887411862455,0.0006315228464430463,0.0006393520863363658,0.00024366735990244065,0.00021999741382046746,0.00012104297880370116,0.00021427994947824418,0.00031162713995616415,0.0003111406542155625,0.00031133985760447967,0.0003119181015085144,0.0003116449419168794,0.00031134757699083446,0.00031215093807792943,0.0004379620266676073,0.00032411414938709814,0.0004709967244848966,0.0005703701970700373,0.00054486882096361,0.0005019934971087507,0.00042085619930015716,0.00041516953375879824,0.0004235688358539335,0.0004153183029027864,0.00042390249147230955,0.00041487313287641203,0.00041183775402050193,0.0004273508499055633,0.0004276354264094696,0.0004186694695777966,0.0004101723920003499,0.000424016828335106,0.00043070415767233305,0.0004962462894223865,0.0004587448537614431,0.0004977036082330309,0.00052523606730699,0.0005459522520506627,0.0005262668836333725,0.00040287134993916376,0.0005462429073253123,0.0005465385876647418,0.0005473769671315686,0.0005466255593813871,0.0003325352113742351,0.00032625876937518146,0.00032306429856063495,0.0005439040180043556,0.0006358865233027996,0.00047321264927372667,0.0003794963637286182,0.0004214656748540476,0.00044799006539132506,0.00043454057352924577,0.000412518394220798,0.0004220067750931875,0.0005190487304315721,0.00048301093991615427,0.0003487106039523261,0.0003727947207486517,0.0003698591071030072,0.0004214716153752137,0.0006685016725013911,1.1774285132465047e-05,0.0005809776463962532,0.0004447537538168077,0.0006312810279968111,0.00024260104946147718,0.00022498284778305294,0.0001213618421222316,0.00021303725955604562,0.00030952244225183694,0.00031282630163430845,0.00031294799888496394,0.000313024547344105,0.0003140281652336095,0.00031058032647168906,0.0003114413398317663,0.0003247186997088899,0.0005712958383768798,0.0005002868414965816,0.0004242946859015402,0.00041727153917018244,0.0004231038005891809,0.00041807496726800847,0.0004227817607645934,0.000415746564873326,0.0004101272825859175,0.00042515761729496136,0.00043044063224933023,0.00042063497612580814,0.0004089713086454537,0.0004238013261874076,0.0004316698292698681,0.0004963003935748368,0.000498418988077296,0.0005225574098062018,0.0005470434868218263,0.0005456444948633214,0.0005476275185943251,0.0005476389987245713,0.0005455182240945791,0.0003309876263273612,0.0003277553939407318,0.00032152190269685646,0.0004744884703218402,0.00037745434271013983,0.00042132242272771255,0.00044677515276951037,0.00043375978714049073,0.0004147487224353085,0.00042037937442408524,0.0005196376683290161,0.0004802756968239581
stanford_dogs_image_categorization,0.00040601226791558363,0.0004521756663771145,0.00042782554475395555,0.0004675655157862737,0.00038446667877423655,0.0003544881230463575,0.00044047718801654124,0.0004923320482878717,0.0,0.00042677662616811033,0.00021230563951475282,0.00022233554355997954,0.0002953525972792686,0.0002864950441895408,0.0004707684798873313,0.00047187079632140735,0.0003953883501694851,0.0004129170638926239,0.00046341022304568027,0.0004931836740005234,0.0004682672757763847,0.00047032049660847774,0.0004700943912249322,0.0004683625131894229,0.000468950905100756,0.00046973601759801344,0.0004697055494555264,0.00035020522771396343,0.0004807197806672764,0.00040051427116388294,0.0004438240855902841,0.0003900710148531968,0.0004717351998517955,0.0005020998962693075,0.00049663610507206,0.0004965517538681177,0.0005036424189364977,0.0004946868644602488,0.0005003324006784703,0.0005010202731875856,0.0004960284236893268,0.0005020464280799184,0.0004956316922142149,0.0005022069205277732,0.0004906204682955761,0.0004959588802194467,0.0005150858245178244,0.0003760741829922415,0.0005273935442041041,0.0003893118685428753,0.0005016005780427734,0.0005809400730056285,0.0004777308721880906,0.0005019500446819432,0.0005027176169486618,0.0005026419315722403,0.0005033443900094279,0.00046535158040408804,0.0004569483452022616,0.00045742590709208365,0.0004134742312006457,0.0005855275957129872,0.00048198740625185184,0.0004757631322640867,0.00043779012553564174,0.0005232846668974004,0.00043633302692865355,0.0004527552366348678,0.0004539481380141458,0.00041465290282904395,0.0004964338572854574,0.00040386068247434583,0.00044651825006538406,0.0004315185692421987,0.00047175421133437514,0.00044126901320095226,0.0004910677764355318,0.00042559746651589156,0.0002979546362645774,0.0004690354509198749,0.0003935073922078867,0.00040995802502630946,0.00046485817021938136,0.0004930167055763854,0.0004693911579296094,0.00046842318249532076,0.00047400241485959536,0.0004731268478493616,0.0004727644744746488,0.0004673333344879006,0.00046563229447912983,0.00048734804602223493,0.00044458431972695263,0.00047130497707283445,0.000504346621428838,0.0004991361224601233,0.0004969342587992995,0.0005090256011608071,0.0004900011286877312,0.000500917139448736,0.0004964563700746436,0.0004952470025886793,0.0005021221895807092,0.0004952604730591138,0.0005041343491527763,0.0004928045915108929,0.0004994567095737264,0.0005189719164922621,0.0005264503643212618,0.0003870857463974417,0.0005022355113995323,0.0005021152558851131,0.000503216388991275,0.0005020626022548122,0.0005024667654153453,0.0004650625333209458,0.00045783265094427383,0.00045584460455449453,0.0004811634327586227,0.0004734213784935525,0.0004390487239368715,0.0005207932472904759,0.00043567857203131056,0.00045142686205178927,0.0004512477779871992,0.0004150951887045151,0.0004971081580506982
svhn,0.0005655179350336552,0.0006054421762515998,0.0005807032362004171,0.0006163392686616146,0.000497625281688874,0.00036863833144429683,0.0003277880119943329,0.0005854419653089095,0.00042677662616811033,0.0,0.00039935972933602426,0.0004071491827890049,0.00032267515786029875,0.00028811362548247495,0.00033101201735525037,0.00032155394156673216,0.0005263920110574161,0.0005355686833713026,0.0005694984994675772,0.0006072566393296431,0.000594635304456157,0.0005965331224551031,0.0005958578107176063,0.0005942649189622053,0.0005953867412095129,0.0005955373914995672,0.0005965169380060012,0.0004702275993082915,0.0005629343039221247,0.0004923079415498762,0.0004639342281608448,0.0004936622485343006,0.0005569971426371229,0.0005882666082868708,0.000577393343008826,0.0005739199686909933,0.0005888491058996509,0.0005700248569691,0.0005856493887676181,0.0005865385981453179,0.000571863785506628,0.000582442288124093,0.0005749543358734838,0.0005867162371776017,0.00057099286578529,0.0005698954943602846,0.0005824030376881593,0.0004832815445972717,0.0005947030862394452,0.00043998525181887125,0.0005763383626977056,0.0006753202088069133,0.0005955734545384751,0.0005762011065921979,0.0005770571423521679,0.0005775208339649376,0.0005775569583801019,0.0005656282209233991,0.0005608468409813961,0.0005618814300368606,0.00046453957057853183,0.0006392483450937288,0.0005379943111617554,0.0005615654053503754,0.0005161708321937149,0.0005928587876656373,0.0005262248196648931,0.0005188031195340124,0.0005285221354066254,0.0005417683268875483,0.0005903722178926414,0.0005645213429254956,0.0006013661161790092,0.0005836888223314355,0.0006199630806512295,0.00032867407337652474,0.0005838405019382822,1.3859589676130533e-05,0.0003188873484610174,0.0003299256588013197,0.0005242039626628182,0.0005331274892950406,0.000571160033432595,0.0006071672478500195,0.0005941770321872984,0.0005934163013017287,0.0005989732181427815,0.0005993810935126401,0.0005986796352925128,0.0005940436071613384,0.000591856275553012,0.0005701140514101857,0.00046445563531535497,0.0005564137416720485,0.0005899436362178892,0.0005802542757358879,0.0005730582011302212,0.0005954278790683729,0.0005643450470606729,0.0005843368037323227,0.0005822181834534878,0.000572349036306707,0.0005819523225438294,0.0005746840156030748,0.0005912301637172855,0.0005743883952284783,0.0005732688152934269,0.0005862607269222953,0.0005931677497463914,0.0004398875957411006,0.0005767901076698571,0.0005766853283438972,0.000576450521038634,0.0005767209811783332,0.000576532896334006,0.0005660819957732566,0.000560361277811678,0.0005601327887818353,0.0005378971183302892,0.0005610461791984471,0.0005178562754161147,0.000591100310776275,0.0005262591278335257,0.0005166314470698507,0.0005260126351668553,0.0005427649262223612,0.0005907446073212956
caltech101_object_classification,0.0003455307089824838,0.00036761373864605955,0.00035132034650370015,0.0003974371749968547,0.00035748290235776046,0.0003501735551711659,0.00045885886790346267,0.00039707921110721526,0.00021230563951475282,0.00039935972933602426,0.0,6.746435795325564e-05,0.00023378505152090007,0.00020513104457926394,0.00044320181989956236,0.0004504490027869767,0.00032006420920527496,0.00033067641468713404,0.0003735669894136649,0.0003981902368688289,0.0003752699520861685,0.00037725958707968745,0.0003764151281452343,0.0003749738996273863,0.0003758803088331882,0.00037648378590977193,0.0003768077185481968,0.00032880592507377674,0.00038323760278754723,0.00038619741696482336,0.00042574361261431173,0.0004147287550940675,0.0004278236149302593,0.0004268552179455354,0.000423411272223502,0.00042616706163861205,0.00042793849820730277,0.00042511847924301955,0.0004245161985452414,0.0004257680258785909,0.00042717208226449065,0.00042960114910311315,0.0004225309821303759,0.0004258615664400699,0.00042001998112398874,0.0004267364221636371,0.0004493184789563047,0.00036895890369431416,0.0004585428315837464,0.00038667062125838223,0.0004721048140410132,0.0005148823743376654,0.00038956933967535103,0.00047280888222963686,0.0004730710910030222,0.0004732826841864216,0.0004739663601338466,0.0003765490606221106,0.00036730411793113246,0.0003681829957440806,0.00041273662054106545,0.0005633482405047563,0.00038983851005399187,0.0003808587422304997,0.0003546895815241388,0.00042469646533686465,0.00034232602721959567,0.00034677251757150857,0.0003587153762534018,0.0003749788056888315,0.0004511983290931565,0.00034415012540553127,0.0003672520122158843,0.00035543056684361247,0.0004000307176138774,0.00045965681850591037,0.0003960563932686126,0.0003962353074261784,0.00023493084526551546,0.0004417407183709825,0.0003195018567801578,0.00032877037105262194,0.0003742809968188557,0.0003981990637322083,0.0003755265843391073,0.0003756936876447001,0.00038128763506141113,0.0003806337293499768,0.000378801273350617,0.00037521005048911886,0.0003734241353881527,0.00038906154058870987,0.00042655373874041436,0.000427436638686194,0.0004301579832456738,0.00042639856357628496,0.00042540735373958975,0.0004330385525632886,0.00042181487037400297,0.0004251437235264559,0.0004219265998984743,0.00042618582341940746,0.00043008992381838337,0.0004232151181737885,0.00042820107071595725,0.0004217541422471782,0.0004299439328704967,0.0004520774668213619,0.0004585128509938754,0.000384287378198267,0.0004729496412373981,0.0004724141156160355,0.00047392659683144104,0.0004727662859583365,0.00047305907909747896,0.00037605234587250206,0.0003682795967169051,0.0003671300191118933,0.00038968845398019546,0.00037721994861318945,0.00035506431090070686,0.000422474998680048,0.00034228480618330066,0.000347110747637099,0.00035559128669157715,0.00037582253798623715,0.00045178707907233303
caltech256_object_classification,0.00034196874347229133,0.00035472598168798726,0.00033946611568383,0.00038667636002049033,0.00036039096620878793,0.0003577458956624339,0.0004807154510596194,0.0003814953923336067,0.00022233554355997954,0.0004071491827890049,6.746435795325564e-05,0.0,0.00023083939066173624,0.00020359953988069538,0.00045646503717569327,0.0004649751963529146,0.0003073970792970434,0.00031968506072778695,0.00036115846704013957,0.0003794519354288327,0.0003554168613973106,0.00035732867483485246,0.00035639661654238413,0.00035523916449033024,0.00035588678519455784,0.00035662588505714856,0.0003567519946929176,0.0003313901042795845,0.000366444401171779,0.0003888170791903209,0.0004334857761273627,0.0004236357639804346,0.0004257415827395789,0.000413148692266862,0.00041055372502110817,0.0004149278764451932,0.00041431049872576726,0.00041412054440420826,0.0004107738659644697,0.0004119685347965311,0.00041669780198722744,0.0004177837772293456,0.0004107745135980029,0.00041197263867383575,0.00040811101755222764,0.0004166027499607742,0.0004408708881285136,0.0003742017977047125,0.00044885943793722925,0.0003972353531059284,0.0004663756642723666,0.000503706495410078,0.0003738386710524142,0.00046712131064712285,0.000467239888021469,0.0004674613092037593,0.0004683399405781915,0.00036484982126978714,0.0003574958908502849,0.0003586389720427414,0.0004166483572288316,0.000558259205417808,0.00037383185767407285,0.0003585551090742878,0.00033554819732986574,0.000410116355121409,0.0003215103509432698,0.0003270502947698594,0.00033913350134859706,0.00037591501889635073,0.0004424550583815274,0.00034125685923889424,0.00035177110039028904,0.0003429857890400824,0.0003890965070919796,0.00048137146324445817,0.0003804887541471083,0.0004034609773129796,0.00023211220713861572,0.00045510575799343855,0.00030720921625714914,0.00031781454848882297,0.00036186979363083955,0.0003796614667729365,0.0003555643219980522,0.0003561451423697287,0.0003609609888480294,0.0003608957133339511,0.0003593651779382435,0.0003556118359570407,0.0003535240953873696,0.0003720025075175939,0.0004344876021589747,0.00042501744371052446,0.00041688780241849093,0.00041361023671518534,0.0004140522347214771,0.00041907181913585943,0.000411253616277584,0.00041154010821589464,0.00040818182128482994,0.0004155252767806541,0.0004183739126622593,0.00041180996218622996,0.00041384316947476105,0.0004095529880648977,0.0004194917934662362,0.0004434408422051123,0.0004490044531351209,0.00039467069646670653,0.00046741745634637315,0.00046685420505222926,0.0004679515765770704,0.00046712027900851455,0.00046760130163909803,0.0003639056019665024,0.00035857889320737446,0.0003575156419849128,0.000374057876565357,0.00035488822701348346,0.0003354398642262524,0.00040813914892560857,0.00032117585863400676,0.0003279418873346624,0.000336096410602371,0.0003767748920527644,0.0004428427873667018
